33
[-1, 0, 0, 238, 30, 0, 249, 100, 0, 498, 0, 381, 0, 0, 0, 320, 43, 441, 97, 108, 0, 0, 415, 220, 0, 0, 19, 196, 160, 0, 186, 0, 23, 
0, -1, 0, 0, 0, 390, 275, 406, 9, 0, 22, 0, 16, 103, 0, 312, 419, 50, 145, 0, 186, 0, 0, 0, 0, 334, 243, 0, 0, 0, 91, 0, 0, 
0, 0, -1, 0, 291, 0, 303, 63, 180, 0, 0, 125, 386, 0, 0, 0, 0, 0, 452, 409, 0, 0, 281, 0, 0, 95, 53, 495, 0, 0, 225, 0, 0, 
238, 0, 0, -1, 70, 200, 43, 69, 485, 151, 374, 278, 46, 383, 4, 0, 0, 394, 181, 0, 0, 114, 489, 0, 0, 0, 0, 0, 447, 21, 0, 428, 173, 
30, 0, 291, 70, -1, 0, 0, 405, 0, 387, 0, 0, 69, 0, 0, 390, 329, 0, 388, 491, 93, 0, 71, 0, 0, 0, 46, 0, 448, 0, 0, 473, 150, 
0, 390, 0, 200, 0, -1, 1, 391, 59, 0, 135, 485, 0, 0, 0, 0, 0, 0, 448, 331, 7, 0, 272, 127, 0, 222, 295, 42, 0, 55, 0, 11, 311, 
249, 275, 303, 43, 0, 1, -1, 9, 0, 0, 0, 144, 0, 157, 0, 16, 0, 467, 0, 499, 172, 0, 70, 0, 0, 345, 0, 0, 242, 70, 36, 0, 0, 
100, 406, 63, 69, 405, 391, 9, -1, 203, 0, 456, 0, 450, 0, 0, 0, 0, 0, 0, 0, 0, 0, 408, 494, 0, 0, 90, 0, 418, 256, 0, 328, 477, 
0, 9, 180, 485, 0, 59, 0, 203, -1, 37, 151, 0, 19, 270, 98, 267, 0, 174, 0, 0, 10, 0, 0, 187, 142, 0, 417, 325, 25, 0, 0, 0, 0, 
498, 0, 0, 151, 387, 0, 0, 0, 37, -1, 129, 0, 206, 0, 213, 156, 406, 0, 0, 0, 0, 245, 80, 463, 0, 169, 0, 0, 0, 32, 0, 175, 419, 
0, 22, 0, 374, 0, 135, 0, 456, 151, 129, -1, 0, 164, 0, 0, 0, 133, 0, 0, 206, 0, 285, 0, 0, 27, 336, 0, 0, 0, 0, 287, 0, 0, 
381, 0, 125, 278, 0, 485, 144, 0, 0, 0, 0, -1, 0, 470, 6, 75, 0, 0, 94, 0, 405, 0, 108, 153, 429, 0, 0, 0, 26, 222, 0, 0, 6, 
0, 16, 386, 46, 69, 0, 0, 450, 19, 206, 164, 0, -1, 284, 443, 443, 329, 0, 214, 302, 0, 354, 67, 126, 0, 0, 0, 46, 429, 104, 443, 0, 400, 
0, 103, 0, 383, 0, 0, 157, 0, 270, 0, 0, 470, 284, -1, 0, 0, 98, 494, 152, 0, 46, 279, 316, 193, 463, 0, 0, 97, 0, 0, 0, 252, 200, 
0, 0, 0, 4, 0, 0, 0, 0, 98, 213, 0, 6, 443, 0, -1, 0, 0, 0, 0, 55, 448, 0, 346, 466, 0, 236, 0, 428, 167, 0, 356, 0, 47, 
320, 312, 0, 0, 390, 0, 16, 0, 267, 156, 0, 75, 443, 0, 0, -1, 48, 157, 68, 0, 372, 172, 167, 65, 80, 0, 429, 333, 340, 45, 0, 310, 91, 
43, 419, 0, 0, 329, 0, 0, 0, 0, 406, 133, 0, 329, 98, 0, 48, -1, 0, 310, 0, 273, 0, 0, 0, 0, 0, 10, 197, 0, 0, 145, 0, 469, 
441, 50, 0, 394, 0, 0, 467, 0, 174, 0, 0, 0, 0, 494, 0, 157, 0, -1, 96, 206, 373, 12, 385, 0, 473, 0, 0, 209, 0, 0, 57, 365, 11, 
97, 145, 452, 181, 388, 448, 0, 0, 0, 0, 0, 94, 214, 152, 0, 68, 310, 96, -1, 36, 348, 0, 471, 484, 3, 0, 261, 294, 341, 413, 0, 336, 318, 
108, 0, 409, 0, 491, 331, 499, 0, 0, 0, 206, 0, 302, 0, 55, 0, 0, 206, 36, -1, 286, 0, 432, 0, 70, 0, 0, 76, 394, 403, 80, 150, 0, 
0, 186, 0, 0, 93, 7, 172, 0, 10, 0, 0, 405, 0, 46, 448, 372, 273, 373, 348, 286, -1, 20, 426, 224, 0, 0, 0, 33, 392, 0, 109, 0, 0, 
0, 0, 0, 114, 0, 0, 0, 0, 0, 245, 285, 0, 354, 279, 0, 172, 0, 12, 0, 0, 20, -1, 25, 0, 0, 0, 0, 0, 399, 283, 3, 276, 442, 
415, 0, 281, 489, 71, 272, 70, 408, 0, 80, 0, 108, 67, 316, 346, 167, 0, 385, 471, 432, 426, 25, -1, 0, 0, 302, 0, 33, 0, 106, 474, 0, 268, 
220, 0, 0, 0, 0, 127, 0, 494, 187, 463, 0, 153, 126, 193, 466, 65, 0, 0, 484, 0, 224, 0, 0, -1, 498, 9, 0, 0, 183, 75, 325, 0, 17, 
0, 0, 0, 0, 0, 0, 0, 0, 142, 0, 27, 429, 0, 463, 0, 80, 0, 473, 3, 70, 0, 0, 0, 498, -1, 331, 0, 0, 0, 77, 403, 4, 0, 
0, 334, 95, 0, 0, 222, 345, 0, 0, 169, 336, 0, 0, 0, 236, 0, 0, 0, 0, 0, 0, 0, 302, 9, 331, -1, 153, 0, 78, 275, 0, 0, 0, 
19, 243, 53, 0, 46, 295, 0, 90, 417, 0, 0, 0, 0, 0, 0, 429, 10, 0, 261, 0, 0, 0, 0, 0, 0, 153, -1, 324, 0, 0, 0, 0, 121, 
196, 0, 495, 0, 0, 42, 0, 0, 325, 0, 0, 0, 46, 97, 428, 333, 197, 209, 294, 76, 33, 0, 33, 0, 0, 0, 324, -1, 431, 33, 405, 396, 0, 
160, 0, 0, 447, 448, 0, 242, 418, 25, 0, 0, 26, 429, 0, 167, 340, 0, 0, 341, 394, 392, 399, 0, 183, 0, 78, 0, 431, -1, 0, 0, 397, 0, 
0, 0, 0, 21, 0, 55, 70, 256, 0, 32, 0, 222, 104, 0, 0, 45, 0, 0, 413, 403, 0, 283, 106, 75, 77, 275, 0, 33, 0, -1, 0, 269, 0, 
186, 91, 225, 0, 0, 0, 36, 0, 0, 0, 287, 0, 443, 0, 356, 0, 145, 57, 0, 80, 109, 3, 474, 325, 403, 0, 0, 405, 0, 0, -1, 0, 383, 
0, 0, 0, 428, 473, 11, 0, 328, 0, 175, 0, 0, 0, 252, 0, 310, 0, 365, 336, 150, 0, 276, 0, 0, 4, 0, 0, 396, 397, 269, 0, -1, 352, 
23, 0, 0, 173, 150, 311, 0, 477, 0, 419, 0, 6, 400, 200, 47, 91, 469, 11, 318, 0, 0, 442, 268, 17, 0, 0, 121, 0, 0, 0, 383, 352, -1]