18
[-1, 0, 178, 68, 0, 163, 0, 0, 0, 0, 131, 0, 68, 0, 0, 411, 0, 384, 
0, -1, 60, 40, 0, 0, 63, 0, 60, 45, 138, 301, 0, 184, 341, 50, 463, 0, 
178, 60, -1, 0, 286, 310, 0, 150, 0, 13, 0, 0, 431, 286, 0, 0, 134, 0, 
68, 40, 0, -1, 157, 0, 0, 321, 288, 335, 0, 0, 0, 0, 0, 0, 0, 30, 
0, 0, 286, 157, -1, 0, 0, 223, 40, 0, 484, 50, 267, 0, 286, 0, 0, 53, 
163, 0, 310, 0, 0, -1, 259, 161, 0, 181, 127, 0, 37, 0, 63, 479, 0, 394, 
0, 63, 0, 0, 0, 259, -1, 5, 0, 205, 21, 261, 0, 0, 368, 0, 0, 0, 
0, 0, 150, 321, 223, 161, 5, -1, 136, 225, 0, 66, 0, 378, 41, 212, 0, 0, 
0, 60, 0, 288, 40, 0, 0, 136, -1, 71, 0, 0, 0, 350, 348, 344, 0, 170, 
0, 45, 13, 335, 0, 181, 205, 225, 71, -1, 0, 338, 431, 0, 0, 0, 214, 499, 
131, 138, 0, 0, 484, 127, 21, 0, 0, 0, -1, 0, 153, 15, 0, 0, 0, 78, 
0, 301, 0, 0, 50, 0, 261, 66, 0, 338, 0, -1, 327, 0, 135, 472, 26, 148, 
68, 0, 431, 0, 267, 37, 0, 0, 0, 431, 153, 327, -1, 0, 184, 0, 0, 0, 
0, 184, 286, 0, 0, 0, 0, 378, 350, 0, 15, 0, 0, -1, 0, 0, 37, 286, 
0, 341, 0, 0, 286, 63, 368, 41, 348, 0, 0, 135, 184, 0, -1, 412, 0, 0, 
411, 50, 0, 0, 0, 479, 0, 212, 344, 0, 0, 472, 0, 0, 412, -1, 281, 49, 
0, 463, 134, 0, 0, 0, 0, 0, 0, 214, 0, 26, 0, 37, 0, 281, -1, 331, 
384, 0, 0, 30, 53, 394, 0, 0, 170, 499, 78, 148, 0, 286, 0, 49, 331, -1]