34
[-1, 59, 138, 266, 0, 68, 207, 0, 440, 0, 0, 0, 0, 0, 0, 350, 0, 0, 317, 89, 0, 0, 316, 320, 406, 302, 0, 0, 376, 0, 0, 0, 152, 0, 
59, -1, 0, 496, 290, 0, 52, 81, 430, 0, 129, 174, 453, 0, 498, 338, 0, 0, 0, 0, 348, 92, 0, 0, 0, 114, 0, 94, 332, 179, 55, 0, 47, 0, 
138, 0, -1, 0, 0, 267, 404, 0, 343, 191, 75, 38, 0, 302, 0, 392, 262, 0, 97, 200, 0, 202, 0, 65, 0, 0, 352, 0, 0, 0, 362, 0, 232, 0, 
266, 496, 0, -1, 0, 102, 0, 0, 313, 0, 485, 0, 31, 0, 0, 379, 39, 403, 352, 271, 6, 0, 185, 199, 0, 59, 0, 283, 0, 0, 0, 0, 0, 0, 
0, 290, 0, 0, -1, 133, 0, 21, 0, 0, 0, 0, 100, 391, 0, 0, 0, 85, 58, 0, 0, 188, 0, 108, 0, 4, 0, 294, 233, 0, 259, 292, 0, 0, 
68, 0, 267, 102, 133, -1, 0, 0, 356, 0, 0, 102, 188, 236, 408, 0, 0, 0, 124, 196, 364, 460, 0, 0, 0, 0, 0, 267, 0, 0, 0, 0, 9, 31, 
207, 52, 404, 0, 0, 0, -1, 0, 248, 0, 354, 0, 51, 142, 0, 483, 0, 80, 0, 0, 0, 431, 447, 386, 71, 0, 0, 302, 32, 191, 328, 346, 8, 374, 
0, 81, 0, 0, 21, 0, 0, -1, 4, 0, 0, 0, 264, 0, 469, 196, 0, 0, 183, 354, 0, 57, 22, 433, 0, 118, 0, 124, 0, 139, 0, 468, 325, 494, 
440, 430, 343, 313, 0, 356, 248, 4, -1, 0, 0, 0, 353, 0, 0, 439, 0, 190, 0, 247, 53, 16, 0, 0, 134, 330, 11, 242, 95, 300, 0, 0, 0, 0, 
0, 0, 191, 0, 0, 0, 0, 0, 0, -1, 120, 0, 458, 48, 83, 0, 67, 0, 0, 21, 0, 351, 240, 237, 0, 370, 0, 0, 208, 367, 0, 267, 0, 495, 
0, 129, 75, 485, 0, 0, 354, 0, 0, 120, -1, 112, 0, 0, 0, 201, 428, 448, 264, 0, 31, 458, 0, 363, 66, 0, 0, 0, 0, 0, 0, 0, 0, 0, 
0, 174, 38, 0, 0, 102, 0, 0, 0, 0, 112, -1, 0, 0, 0, 80, 308, 404, 0, 230, 0, 403, 0, 191, 18, 281, 0, 0, 331, 0, 202, 468, 0, 0, 
0, 453, 0, 31, 100, 188, 51, 264, 353, 458, 0, 0, -1, 0, 0, 0, 170, 246, 442, 142, 0, 0, 475, 0, 0, 77, 0, 497, 74, 0, 0, 79, 0, 254, 
0, 0, 302, 0, 391, 236, 142, 0, 0, 48, 0, 0, 0, -1, 348, 144, 444, 354, 0, 320, 0, 225, 4, 373, 0, 0, 0, 1, 423, 0, 0, 285, 0, 0, 
0, 498, 0, 0, 0, 408, 0, 469, 0, 83, 0, 0, 0, 348, -1, 0, 0, 0, 242, 0, 180, 350, 51, 0, 98, 487, 92, 457, 0, 0, 169, 0, 382, 284, 
350, 338, 392, 379, 0, 0, 483, 196, 439, 0, 201, 80, 0, 144, 0, -1, 0, 0, 493, 0, 0, 7, 185, 51, 0, 0, 10, 411, 0, 412, 482, 135, 261, 277, 
0, 0, 262, 39, 0, 0, 0, 0, 0, 67, 428, 308, 170, 444, 0, 0, -1, 0, 26, 182, 0, 253, 0, 376, 75, 0, 0, 0, 416, 140, 62, 0, 55, 0, 
0, 0, 0, 403, 85, 0, 80, 0, 190, 0, 448, 404, 246, 354, 0, 0, 0, -1, 477, 292, 0, 207, 58, 404, 326, 0, 0, 103, 0, 438, 0, 69, 229, 336, 
317, 0, 97, 352, 58, 124, 0, 183, 0, 0, 264, 0, 442, 0, 242, 493, 26, 477, -1, 26, 252, 345, 0, 0, 418, 383, 0, 342, 407, 0, 172, 0, 75, 421, 
89, 0, 200, 271, 0, 196, 0, 354, 247, 21, 0, 230, 142, 320, 0, 0, 182, 292, 26, -1, 415, 17, 12, 466, 0, 497, 200, 98, 0, 398, 0, 0, 0, 0, 
0, 348, 0, 6, 0, 364, 0, 0, 53, 0, 31, 0, 0, 0, 180, 0, 0, 0, 252, 415, -1, 370, 0, 22, 484, 239, 170, 0, 0, 49, 0, 269, 0, 6, 
0, 92, 202, 0, 188, 460, 431, 57, 16, 351, 458, 403, 0, 225, 350, 7, 253, 207, 345, 17, 370, -1, 159, 429, 0, 279, 0, 0, 262, 18, 115, 180, 476, 2, 
316, 0, 0, 185, 0, 0, 447, 22, 0, 240, 0, 0, 475, 4, 51, 185, 0, 58, 0, 12, 0, 159, -1, 154, 380, 0, 463, 257, 12, 0, 437, 470, 0, 335, 
320, 0, 65, 199, 108, 0, 386, 433, 0, 237, 363, 191, 0, 373, 0, 51, 376, 404, 0, 466, 22, 429, 154, -1, 380, 291, 0, 0, 278, 81, 0, 0, 0, 0, 
406, 0, 0, 0, 0, 0, 71, 0, 134, 0, 66, 18, 0, 0, 98, 0, 75, 326, 418, 0, 484, 0, 380, 380, -1, 357, 0, 0, 448, 486, 0, 0, 79, 0, 
302, 114, 0, 59, 4, 0, 0, 118, 330, 370, 0, 281, 77, 0, 487, 0, 0, 0, 383, 497, 239, 279, 0, 291, 357, -1, 0, 18, 305, 0, 29, 310, 189, 65, 
0, 0, 352, 0, 0, 0, 0, 0, 11, 0, 0, 0, 0, 0, 92, 10, 0, 0, 0, 200, 170, 0, 463, 0, 0, 0, -1, 0, 6, 324, 138, 214, 196, 0, 
0, 94, 0, 283, 294, 267, 302, 124, 242, 0, 0, 0, 497, 1, 457, 411, 0, 103, 342, 98, 0, 0, 257, 0, 0, 18, 0, -1, 477, 0, 0, 35, 72, 92, 
376, 332, 0, 0, 233, 0, 32, 0, 95, 208, 0, 331, 74, 423, 0, 0, 416, 0, 407, 0, 0, 262, 12, 278, 448, 305, 6, 477, -1, 447, 498, 35, 7, 206, 
0, 179, 0, 0, 0, 0, 191, 139, 300, 367, 0, 0, 0, 0, 0, 412, 140, 438, 0, 398, 49, 18, 0, 81, 486, 0, 324, 0, 447, -1, 19, 0, 0, 0, 
0, 55, 362, 0, 259, 0, 328, 0, 0, 0, 0, 202, 0, 0, 169, 482, 62, 0, 172, 0, 0, 115, 437, 0, 0, 29, 138, 0, 498, 19, -1, 263, 0, 0, 
0, 0, 0, 0, 292, 0, 346, 468, 0, 267, 0, 468, 79, 285, 0, 135, 0, 69, 0, 0, 269, 180, 470, 0, 0, 310, 214, 35, 35, 0, 263, -1, 384, 0, 
152, 47, 232, 0, 0, 9, 8, 325, 0, 0, 0, 0, 0, 0, 382, 261, 55, 229, 75, 0, 0, 476, 0, 0, 79, 189, 196, 72, 7, 0, 0, 384, -1, 0, 
0, 0, 0, 0, 0, 31, 374, 494, 0, 495, 0, 0, 254, 0, 284, 277, 0, 336, 421, 0, 6, 2, 335, 0, 0, 65, 0, 92, 206, 0, 0, 0, 0, -1]