23
[-1, 0, 290, 480, 2, 49, 0, 464, 0, 0, 455, 0, 21, 200, 106, 0, 321, 0, 0, 0, 445, 100, 0, 
0, -1, 0, 456, 402, 0, 66, 5, 0, 497, 0, 460, 125, 138, 0, 187, 458, 290, 450, 176, 220, 0, 0, 
290, 0, -1, 120, 0, 206, 408, 447, 142, 0, 98, 0, 495, 204, 79, 62, 13, 488, 157, 63, 170, 0, 0, 
480, 456, 120, -1, 78, 113, 30, 430, 183, 0, 206, 487, 0, 86, 0, 335, 0, 0, 137, 175, 14, 0, 361, 
2, 402, 0, 78, -1, 0, 0, 100, 286, 174, 0, 0, 458, 395, 0, 229, 0, 168, 478, 0, 0, 0, 0, 
49, 0, 206, 113, 0, -1, 288, 0, 0, 0, 418, 0, 0, 74, 0, 188, 22, 0, 399, 178, 63, 0, 387, 
0, 66, 408, 30, 0, 288, -1, 360, 481, 0, 0, 60, 179, 0, 0, 217, 0, 262, 378, 0, 0, 0, 0, 
464, 5, 447, 430, 100, 0, 360, -1, 367, 265, 0, 0, 0, 0, 0, 0, 0, 332, 471, 467, 16, 145, 0, 
0, 0, 142, 183, 286, 0, 481, 367, -1, 483, 96, 55, 0, 0, 35, 0, 0, 0, 0, 15, 257, 410, 26, 
0, 497, 0, 0, 174, 0, 0, 265, 483, -1, 0, 0, 0, 0, 33, 391, 0, 51, 46, 180, 0, 0, 0, 
455, 0, 98, 206, 0, 418, 0, 0, 96, 0, -1, 160, 0, 0, 273, 22, 0, 54, 0, 0, 162, 0, 0, 
0, 460, 0, 487, 0, 0, 60, 0, 55, 0, 160, -1, 209, 147, 0, 0, 0, 0, 61, 95, 244, 498, 402, 
21, 125, 495, 0, 458, 0, 179, 0, 0, 0, 0, 209, -1, 493, 15, 0, 0, 67, 0, 0, 380, 339, 268, 
200, 138, 204, 86, 395, 74, 0, 0, 0, 0, 0, 147, 493, -1, 0, 0, 440, 0, 213, 0, 0, 0, 0, 
106, 0, 79, 0, 0, 0, 0, 0, 35, 33, 273, 0, 15, 0, -1, 170, 0, 0, 0, 42, 217, 0, 414, 
0, 187, 62, 335, 229, 188, 217, 0, 0, 391, 22, 0, 0, 0, 170, -1, 450, 0, 398, 416, 0, 414, 0, 
321, 458, 13, 0, 0, 22, 0, 0, 0, 0, 0, 0, 0, 440, 0, 450, -1, 0, 0, 424, 0, 0, 46, 
0, 290, 488, 0, 168, 0, 262, 332, 0, 51, 54, 0, 67, 0, 0, 0, 0, -1, 293, 0, 62, 306, 0, 
0, 450, 157, 137, 478, 399, 378, 471, 0, 46, 0, 61, 0, 213, 0, 398, 0, 293, -1, 0, 42, 24, 74, 
0, 176, 63, 175, 0, 178, 0, 467, 15, 180, 0, 95, 0, 0, 42, 416, 424, 0, 0, -1, 434, 0, 350, 
445, 220, 170, 14, 0, 63, 0, 16, 257, 0, 162, 244, 380, 0, 217, 0, 0, 62, 42, 434, -1, 438, 184, 
100, 0, 0, 0, 0, 0, 0, 145, 410, 0, 0, 498, 339, 0, 0, 414, 0, 306, 24, 0, 438, -1, 0, 
0, 0, 0, 361, 0, 387, 0, 0, 26, 0, 0, 402, 268, 0, 414, 0, 46, 0, 74, 350, 184, 0, -1]