19
[-1, 0, 224, 310, 0, 0, 74, 174, 429, 11, 256, 0, 20, 0, 0, 389, 311, 480, 0, 
0, -1, 455, 10, 185, 131, 92, 158, 307, 0, 385, 429, 187, 47, 0, 44, 288, 0, 0, 
224, 455, -1, 0, 303, 65, 0, 0, 99, 0, 0, 0, 0, 0, 81, 320, 355, 187, 4, 
310, 10, 0, -1, 0, 0, 59, 0, 0, 0, 0, 84, 179, 0, 56, 54, 0, 117, 0, 
0, 185, 303, 0, -1, 385, 424, 0, 136, 0, 7, 92, 217, 161, 0, 0, 0, 66, 28, 
0, 131, 65, 0, 385, -1, 321, 292, 171, 0, 0, 335, 140, 25, 379, 46, 141, 0, 420, 
74, 92, 0, 59, 424, 321, -1, 0, 0, 145, 0, 0, 0, 0, 340, 365, 170, 99, 0, 
174, 158, 0, 0, 0, 292, 0, -1, 4, 342, 366, 0, 317, 0, 0, 33, 0, 381, 19, 
429, 307, 99, 0, 136, 171, 0, 4, -1, 50, 0, 101, 0, 415, 0, 256, 206, 427, 227, 
11, 0, 0, 0, 0, 0, 145, 342, 50, -1, 0, 304, 413, 117, 305, 482, 47, 0, 0, 
256, 385, 0, 0, 7, 0, 0, 366, 0, 0, -1, 0, 2, 293, 94, 266, 0, 41, 0, 
0, 429, 0, 84, 92, 335, 0, 0, 101, 304, 0, -1, 328, 428, 0, 259, 326, 16, 416, 
20, 187, 0, 179, 217, 140, 0, 317, 0, 413, 2, 328, -1, 0, 0, 0, 215, 8, 92, 
0, 47, 0, 0, 161, 25, 0, 0, 415, 117, 293, 428, 0, -1, 0, 0, 0, 90, 107, 
0, 0, 81, 56, 0, 379, 340, 0, 0, 305, 94, 0, 0, 0, -1, 0, 0, 93, 0, 
389, 44, 320, 54, 0, 46, 365, 33, 256, 482, 266, 259, 0, 0, 0, -1, 58, 100, 0, 
311, 288, 355, 0, 0, 141, 170, 0, 206, 47, 0, 326, 215, 0, 0, 58, -1, 198, 0, 
480, 0, 187, 117, 66, 0, 99, 381, 427, 0, 41, 16, 8, 90, 93, 100, 198, -1, 488, 
0, 0, 4, 0, 28, 420, 0, 19, 227, 0, 0, 416, 92, 107, 0, 0, 0, 488, -1]