13
[-1, 0, 474, 0, 0, 0, 0, 84, 0, 0, 57, 0, 66, 
0, -1, 0, 328, 436, 447, 112, 33, 29, 219, 70, 422, 0, 
474, 0, -1, 80, 63, 15, 224, 0, 44, 312, 214, 0, 387, 
0, 328, 80, -1, 0, 0, 451, 249, 0, 82, 144, 447, 47, 
0, 436, 63, 0, -1, 14, 408, 209, 221, 91, 0, 0, 149, 
0, 447, 15, 0, 14, -1, 0, 40, 91, 0, 15, 48, 347, 
0, 112, 224, 451, 408, 0, -1, 0, 198, 0, 90, 40, 0, 
84, 33, 0, 249, 209, 40, 0, -1, 209, 0, 358, 0, 0, 
0, 29, 44, 0, 221, 91, 198, 209, -1, 204, 46, 458, 0, 
0, 219, 312, 82, 91, 0, 0, 0, 204, -1, 118, 4, 80, 
57, 70, 214, 144, 0, 15, 90, 358, 46, 118, -1, 303, 0, 
0, 422, 0, 447, 0, 48, 40, 0, 458, 4, 303, -1, 54, 
66, 0, 387, 47, 149, 347, 0, 0, 0, 80, 0, 54, -1]