20
[-1, 0, 280, 0, 0, 7, 0, 0, 405, 0, 80, 142, 74, 0, 248, 0, 0, 0, 125, 0, 
0, -1, 445, 0, 466, 0, 493, 420, 0, 240, 206, 0, 174, 0, 78, 0, 0, 0, 79, 0, 
280, 445, -1, 90, 127, 81, 0, 295, 241, 0, 386, 46, 436, 0, 0, 0, 0, 28, 179, 229, 
0, 0, 90, -1, 0, 442, 227, 184, 0, 373, 404, 30, 64, 0, 0, 0, 294, 330, 144, 89, 
0, 466, 127, 0, -1, 0, 0, 6, 466, 229, 0, 0, 162, 410, 0, 0, 19, 173, 0, 0, 
7, 0, 81, 442, 0, -1, 0, 335, 273, 393, 0, 0, 0, 0, 77, 154, 61, 0, 331, 35, 
0, 493, 0, 227, 0, 0, -1, 0, 14, 0, 70, 0, 27, 438, 337, 386, 372, 44, 44, 0, 
0, 420, 295, 184, 6, 335, 0, -1, 444, 344, 0, 0, 195, 64, 0, 0, 323, 0, 484, 142, 
405, 0, 241, 0, 466, 273, 14, 444, -1, 437, 96, 0, 347, 0, 255, 382, 0, 350, 0, 0, 
0, 240, 0, 373, 229, 393, 0, 344, 437, -1, 0, 313, 0, 0, 47, 25, 0, 0, 414, 127, 
80, 206, 386, 404, 0, 0, 70, 0, 96, 0, -1, 29, 0, 0, 187, 158, 44, 212, 350, 0, 
142, 0, 46, 30, 0, 0, 0, 0, 0, 313, 29, -1, 389, 490, 0, 0, 0, 0, 0, 1, 
74, 174, 436, 64, 162, 0, 27, 195, 347, 0, 0, 389, -1, 0, 133, 11, 0, 0, 25, 0, 
0, 0, 0, 0, 410, 0, 438, 64, 0, 0, 0, 490, 0, -1, 0, 0, 0, 117, 71, 29, 
248, 78, 0, 0, 0, 77, 337, 0, 255, 47, 187, 0, 133, 0, -1, 0, 434, 450, 0, 0, 
0, 0, 0, 0, 0, 154, 386, 0, 382, 25, 158, 0, 11, 0, 0, -1, 173, 0, 33, 62, 
0, 0, 0, 294, 19, 61, 372, 323, 0, 0, 44, 0, 0, 0, 434, 173, -1, 0, 252, 0, 
0, 0, 28, 330, 173, 0, 44, 0, 350, 0, 212, 0, 0, 117, 450, 0, 0, -1, 187, 176, 
125, 79, 179, 144, 0, 331, 44, 484, 0, 414, 350, 0, 25, 71, 0, 33, 252, 187, -1, 0, 
0, 0, 229, 89, 0, 35, 0, 142, 0, 127, 0, 1, 0, 29, 0, 62, 0, 176, 0, -1]