16
[-1, 0, 0, 0, 424, 0, 0, 0, 0, 0, 286, 35, 0, 50, 78, 0, 
0, -1, 250, 0, 13, 0, 0, 0, 0, 0, 0, 101, 31, 67, 197, 406, 
0, 250, -1, 0, 0, 333, 0, 68, 99, 0, 0, 136, 119, 0, 176, 0, 
0, 0, 0, -1, 0, 0, 193, 0, 337, 0, 8, 80, 0, 192, 163, 427, 
424, 13, 0, 0, -1, 489, 458, 22, 76, 209, 400, 72, 125, 383, 32, 0, 
0, 0, 333, 0, 489, -1, 0, 90, 377, 0, 0, 33, 89, 48, 0, 160, 
0, 0, 0, 193, 458, 0, -1, 0, 0, 440, 2, 215, 0, 416, 0, 296, 
0, 0, 68, 0, 22, 90, 0, -1, 50, 0, 0, 0, 369, 140, 398, 0, 
0, 0, 99, 337, 76, 377, 0, 50, -1, 0, 153, 277, 0, 69, 44, 220, 
0, 0, 0, 0, 209, 0, 440, 0, 0, -1, 392, 376, 78, 0, 0, 83, 
286, 0, 0, 8, 400, 0, 2, 0, 153, 392, -1, 0, 0, 0, 0, 226, 
35, 101, 136, 80, 72, 33, 215, 0, 277, 376, 0, -1, 0, 127, 33, 341, 
0, 31, 119, 0, 125, 89, 0, 369, 0, 78, 0, 0, -1, 373, 0, 460, 
50, 67, 0, 192, 383, 48, 416, 140, 69, 0, 0, 127, 373, -1, 0, 259, 
78, 197, 176, 163, 32, 0, 0, 398, 44, 0, 0, 33, 0, 0, -1, 0, 
0, 406, 0, 427, 0, 160, 296, 0, 220, 83, 226, 341, 460, 259, 0, -1]