28
[-1, 0, 0, 107, 77, 67, 298, 0, 0, 445, 0, 71, 256, 406, 33, 227, 134, 0, 0, 160, 0, 84, 0, 90, 86, 0, 0, 211, 
0, -1, 0, 0, 236, 0, 0, 291, 0, 0, 0, 427, 476, 0, 466, 355, 49, 0, 24, 84, 24, 397, 117, 334, 0, 252, 0, 0, 
0, 0, -1, 170, 209, 25, 496, 0, 106, 32, 128, 497, 171, 0, 264, 12, 192, 0, 335, 385, 0, 8, 0, 0, 36, 332, 494, 399, 
107, 0, 170, -1, 0, 8, 0, 0, 0, 334, 389, 390, 0, 0, 413, 0, 0, 11, 0, 0, 0, 65, 227, 325, 94, 175, 0, 209, 
77, 236, 209, 0, -1, 349, 232, 4, 127, 341, 0, 0, 58, 447, 0, 161, 0, 220, 347, 5, 80, 0, 0, 417, 342, 0, 0, 0, 
67, 0, 25, 8, 349, -1, 0, 325, 0, 186, 172, 0, 0, 0, 0, 0, 0, 208, 0, 0, 0, 0, 0, 316, 220, 81, 0, 120, 
298, 0, 496, 0, 232, 0, -1, 222, 82, 0, 0, 0, 234, 157, 0, 257, 267, 132, 50, 157, 0, 0, 170, 362, 0, 0, 0, 258, 
0, 291, 0, 0, 4, 325, 222, -1, 81, 114, 0, 115, 214, 243, 73, 0, 0, 13, 152, 0, 0, 0, 49, 0, 117, 0, 0, 88, 
0, 0, 106, 0, 127, 0, 82, 81, -1, 22, 373, 43, 0, 0, 0, 0, 0, 448, 89, 150, 0, 95, 463, 17, 97, 64, 0, 244, 
445, 0, 32, 334, 341, 186, 0, 114, 22, -1, 0, 228, 211, 0, 399, 452, 419, 0, 0, 0, 83, 293, 0, 0, 68, 0, 81, 0, 
0, 0, 128, 389, 0, 172, 0, 0, 373, 0, -1, 0, 0, 0, 0, 26, 0, 0, 382, 64, 0, 254, 0, 73, 389, 0, 0, 363, 
71, 427, 497, 390, 0, 0, 0, 115, 43, 228, 0, -1, 6, 286, 415, 0, 168, 92, 0, 61, 363, 329, 4, 0, 279, 0, 0, 0, 
256, 476, 171, 0, 58, 0, 234, 214, 0, 211, 0, 6, -1, 367, 42, 61, 0, 205, 230, 396, 429, 370, 0, 18, 330, 239, 0, 116, 
406, 0, 0, 0, 447, 0, 157, 243, 0, 0, 0, 286, 367, -1, 0, 345, 0, 95, 41, 0, 423, 0, 0, 0, 0, 0, 0, 303, 
33, 466, 264, 413, 0, 0, 0, 73, 0, 399, 0, 415, 42, 0, -1, 0, 0, 0, 99, 0, 459, 291, 498, 182, 21, 240, 0, 68, 
227, 355, 12, 0, 161, 0, 257, 0, 0, 452, 26, 0, 61, 345, 0, -1, 0, 0, 0, 0, 0, 333, 0, 274, 311, 29, 53, 0, 
134, 49, 192, 0, 0, 0, 267, 0, 0, 419, 0, 168, 0, 0, 0, 0, -1, 161, 0, 0, 52, 0, 399, 63, 0, 0, 129, 166, 
0, 0, 0, 11, 220, 208, 132, 13, 448, 0, 0, 92, 205, 95, 0, 0, 161, -1, 62, 314, 468, 0, 0, 0, 0, 0, 0, 0, 
0, 24, 335, 0, 347, 0, 50, 152, 89, 0, 382, 0, 230, 41, 99, 0, 0, 62, -1, 204, 198, 274, 161, 0, 0, 0, 0, 0, 
160, 84, 385, 0, 5, 0, 157, 0, 150, 0, 64, 61, 396, 0, 0, 0, 0, 314, 204, -1, 457, 257, 0, 464, 199, 0, 4, 395, 
0, 24, 0, 0, 80, 0, 0, 0, 0, 83, 0, 363, 429, 423, 459, 0, 52, 468, 198, 457, -1, 0, 135, 0, 0, 12, 426, 0, 
84, 397, 8, 65, 0, 0, 0, 0, 95, 293, 254, 329, 370, 0, 291, 333, 0, 0, 274, 257, 0, -1, 132, 432, 240, 0, 0, 378, 
0, 117, 0, 227, 0, 0, 170, 49, 463, 0, 0, 4, 0, 0, 498, 0, 399, 0, 161, 0, 135, 132, -1, 93, 47, 357, 0, 480, 
90, 334, 0, 325, 417, 316, 362, 0, 17, 0, 73, 0, 18, 0, 182, 274, 63, 0, 0, 464, 0, 432, 93, -1, 305, 0, 0, 431, 
86, 0, 36, 94, 342, 220, 0, 117, 97, 68, 389, 279, 330, 0, 21, 311, 0, 0, 0, 199, 0, 240, 47, 305, -1, 0, 84, 0, 
0, 252, 332, 175, 0, 81, 0, 0, 64, 0, 0, 0, 239, 0, 240, 29, 0, 0, 0, 0, 12, 0, 357, 0, 0, -1, 0, 403, 
0, 0, 494, 0, 0, 0, 0, 0, 0, 81, 0, 0, 0, 0, 0, 53, 129, 0, 0, 4, 426, 0, 0, 0, 84, 0, -1, 220, 
211, 0, 399, 209, 0, 120, 258, 88, 244, 0, 363, 0, 116, 303, 68, 0, 166, 0, 0, 395, 0, 378, 480, 431, 0, 403, 220, -1]