85
[[-1, 1493601720, 1984899594, 1945827284, 0, 962912435, 681183913, 522128010, 0, 2073559443, 319999325, 1009299024, 1813838727, 76488361, 1730534185, 0, 0, 0, 225810, 503844930, 618969203, 1955481255, 1168795048, 309107995, 815608181, 687671258, 1361652569, 1608046732, 187052952, 2081784367, 0, 2139167546, 0, 0, 0, 0, 1217635012, 2032737611, 1535124068, 0, 1329854144, 22238753, 1289068437, 1080065510, 569926909, 0, 1605145501, 1082621938, 788815412, 0, 2135297946, 1897760442, 39145807, 0, 0, 0, 559704032, 34250413, 0, 1021446401, 494734963, 786845145, 924202766, 1139302118, 1829566274, 503951958, 707777682, 1084310042, 0, 802929441, 955657407, 0, 0, 0, 105257646, 0, 2115845948, 1012525716, 1177073843, 0, 1912325277, 856811454, 1147074906, 933362429, 0],[1493601720, -1, 639524982, 44284634, 881757718, 1902182594, 0, 1228541469, 300151670, 767059152, 0, 410784985, 530977665, 0, 0, 1071705460, 996232555, 2103110387, 717934774, 0, 0, 0, 1095614139, 1954161957, 1047094102, 1009488149, 621107838, 832704687, 805631806, 92464158, 1560320723, 768943512, 1223406005, 1089871179, 1658639044, 959868969, 638058653, 130997231, 1579537829, 0, 540670639, 1186311364, 0, 0, 1948744603, 717931226, 697658864, 0, 0, 0, 0, 1197416468, 1788701707, 1307989489, 1715326234, 1772195066, 1078565902, 1788063703, 463072835, 1743185138, 1133727724, 2058948710, 1018207659, 1736503925, 0, 762761812, 1922832029, 1228908785, 1089218969, 0, 1796105029, 698897303, 1862605276, 0, 0, 445370768, 2126589202, 2093434739, 0, 1593595569, 0, 111851031, 1392141335, 1680767313, 0],[1984899594, 639524982, -1, 0, 159448061, 348613533, 0, 449279510, 1237226858, 1477100602, 0, 472591671, 0, 0, 0, 156689867, 346193732, 639894269, 847352403, 1865887684, 0, 1686489955, 0, 0, 1724771677, 1345949999, 1218879822, 1395991027, 2130239928, 0, 0, 1096084411, 258747644, 0, 0, 479214253, 93753344, 1804129954, 772479238, 708691939, 2051215604, 1973224344, 1045352480, 1745528226, 2044321517, 145678551, 1298770198, 1207119527, 804872677, 235676438, 0, 1268368542, 0, 0, 1433369838, 1676670399, 862604093, 630803285, 0, 0, 1397387374, 0, 1495718782, 0, 0, 654823238, 361983327, 1777930938, 0, 283063401, 1370610549, 0, 0, 0, 1624934471, 0, 1723032961, 1152534558, 1375294930, 894330539, 316737640, 1118402652, 750571919, 895157577, 0],[1945827284, 44284634, 0, -1, 800970251, 1179638769, 1085736184, 1036413583, 0, 0, 0, 0, 2061478393, 578498864, 1350441541, 0, 638260118, 310559827, 0, 1324707380, 1166932925, 1705264391, 507400545, 1369459264, 695788576, 1300705606, 0, 0, 1348032989, 406153562, 896228086, 171588123, 1681981226, 0, 791455333, 1661106091, 1901402991, 321787684, 1792458181, 1128532846, 0, 1616991538, 0, 0, 494301877, 827138537, 1225528117, 1023058736, 1193744314, 439571993, 1867445546, 1136514995, 0, 0, 0, 0, 1590584789, 0, 1846507264, 0, 1217545859, 0, 1329589984, 0, 454095110, 801269725, 0, 1547034934, 207776000, 565525325, 0, 1575928660, 1013914399, 0, 0, 0, 0, 2131133149, 1402485774, 1803035454, 0, 1486773105, 595096804, 803083596, 974896154],[0, 881757718, 159448061, 800970251, -1, 1828336667, 1559773573, 58492469, 0, 0, 15520276, 675569323, 1707008379, 2052732688, 0, 1819464741, 1313611156, 1172270577, 2035488026, 2031689289, 622753064, 1237247533, 0, 284583341, 6596591, 1752739076, 1183620154, 1434979344, 155308367, 810753705, 0, 407983103, 1720681516, 869360471, 0, 0, 295414356, 0, 0, 1596974316, 0, 1750414974, 0, 1712414906, 1847649097, 0, 0, 744098300, 1127415392, 1263130897, 1331049194, 0, 0, 231006004, 0, 830682725, 0, 0, 2002355091, 1811352525, 291251174, 0, 87795229, 0, 1557295547, 0, 537205591, 0, 1223817838, 0, 0, 0, 1076556865, 0, 187466850, 0, 765698230, 1497897293, 3517365, 0, 0, 0, 0, 0, 0],[962912435, 1902182594, 348613533, 1179638769, 1828336667, -1, 1524604181, 1710391349, 602928989, 1519420260, 0, 489257351, 478917155, 0, 665307998, 0, 1840968615, 0, 1066724470, 1128197759, 0, 0, 1621681026, 1848141815, 1994135228, 0, 0, 0, 0, 591869740, 0, 786695947, 0, 0, 723942060, 0, 1615471435, 0, 0, 1693097379, 645963264, 990142694, 0, 1584423877, 0, 0, 878638329, 2136750899, 478983587, 1454233489, 1130464300, 0, 0, 1158665993, 1432645442, 0, 0, 1527007940, 2077477049, 798965310, 1668505403, 1865429515, 0, 0, 68083317, 1631772697, 0, 357079993, 207249685, 0, 30515846, 235488690, 366318020, 1263831927, 0, 1043022823, 41098669, 947820606, 1668232912, 407378603, 0, 0, 1490286412, 0, 0],[681183913, 0, 0, 1085736184, 1559773573, 1524604181, -1, 0, 1009468266, 0, 962015798, 0, 0, 0, 427667859, 2091940491, 0, 257813594, 982689273, 677276814, 0, 515220911, 0, 0, 653257111, 1505331335, 383994615, 1614064744, 0, 0, 366558355, 303742428, 929667628, 1005823255, 736331293, 1293676963, 1506905580, 0, 692301359, 636429497, 363594738, 478994763, 1041606546, 1650994179, 2091547089, 1058719629, 1256916179, 1711869797, 2124616241, 563565748, 0, 0, 210900037, 761403470, 0, 553471957, 836174232, 1567016090, 0, 0, 120616056, 755319681, 0, 0, 2009298887, 0, 1486682527, 308532020, 0, 1873617831, 834348254, 1683812891, 1607308937, 0, 1694279525, 0, 0, 927194421, 0, 423379682, 0, 0, 1355386941, 2077007652, 0],[522128010, 1228541469, 449279510, 1036413583, 58492469, 1710391349, 0, -1, 895512532, 1581296632, 0, 1034461248, 1577712189, 1748728525, 0, 1894139178, 1926063427, 1946801233, 310100565, 0, 0, 383955982, 497102626, 0, 546422110, 0, 0, 0, 1367709200, 0, 1383516789, 469848599, 1754467316, 572956662, 1604424099, 0, 847636601, 205975885, 26879421, 1884161051, 0, 448714854, 305425882, 937791752, 251680470, 0, 1095111511, 19690201, 930448259, 0, 1395793252, 2147404467, 309873976, 0, 740417427, 0, 1488549046, 1238353376, 2025627417, 1429045772, 889402219, 0, 1467094545, 731328443, 843257975, 1354128318, 0, 0, 244423110, 1607839924, 99413915, 267307027, 913036084, 1037595284, 1887498813, 1716661517, 1385954841, 1673226293, 713013301, 93922293, 1103398948, 133510772, 771060965, 53638407, 0],[0, 300151670, 1237226858, 0, 0, 602928989, 1009468266, 895512532, -1, 1224981373, 1878484568, 1080634370, 760722961, 2113798853, 2038927545, 0, 220306792, 636134315, 321904310, 1648267179, 0, 1513001906, 0, 929708605, 1158638144, 0, 846335835, 626745992, 553025240, 0, 0, 1027047605, 0, 0, 1914737196, 232552989, 0, 0, 853634246, 390177406, 1263154332, 0, 785916321, 729696726, 0, 0, 1819508416, 502077552, 1967066977, 0, 863066868, 2062096481, 0, 1606264400, 1320660599, 971438477, 81010588, 0, 1646396914, 0, 1239779518, 1929201797, 1813642109, 300216628, 119126278, 391854033, 457732873, 1795218039, 2013110697, 312658986, 0, 1914475518, 0, 0, 666741278, 1832037425, 585403781, 416979129, 151229504, 0, 745077050, 1322753604, 0, 1498554275, 969142265],[2073559443, 767059152, 1477100602, 0, 0, 1519420260, 0, 1581296632, 1224981373, -1, 1430006787, 0, 0, 1703366905, 685123328, 1714927001, 0, 675157596, 0, 652005966, 1915549940, 417749417, 5404191, 1812615720, 0, 1619471843, 462035052, 1485559670, 0, 2009995535, 0, 313590412, 399284063, 1785191016, 1595943498, 2077656963, 2027390009, 2114666398, 621790540, 0, 1570953495, 1102084106, 508919750, 891745364, 0, 553123797, 0, 647418740, 1611277787, 1147623989, 1446102018, 1523266658, 488463320, 0, 785443720, 0, 0, 1306508946, 0, 1230187054, 1963956001, 0, 1349848510, 0, 513062708, 1825292917, 0, 1563751867, 1660339534, 1208127485, 0, 0, 14248290, 1356303744, 754269415, 1260343018, 0, 623933410, 1069805063, 1042978965, 2064072574, 0, 57373266, 1734841309, 93899317],[319999325, 0, 0, 0, 15520276, 0, 962015798, 0, 1878484568, 1430006787, -1, 103851220, 0, 874569735, 838077558, 1730106223, 1688309353, 1844585828, 1645025065, 0, 2043992454, 417319356, 247454704, 178870999, 1048914807, 876032526, 1294425971, 0, 1651845711, 0, 69895682, 0, 0, 0, 1459733908, 1633440391, 243006579, 312158239, 1198105180, 1072041595, 871220965, 776354778, 0, 966762398, 0, 729713323, 1114565078, 0, 997109435, 201817383, 440633869, 0, 884406529, 215262841, 0, 0, 0, 970906602, 2049602616, 859687712, 685699682, 1131044513, 0, 223992661, 1657134847, 1335228022, 415805430, 1891284415, 1297021855, 1658885443, 516997341, 1733993976, 352051715, 1422018974, 1813098460, 0, 375091531, 0, 540469924, 0, 1566681331, 0, 2032630334, 835929037, 2094779432],[1009299024, 410784985, 472591671, 0, 675569323, 489257351, 0, 1034461248, 1080634370, 0, 103851220, -1, 0, 0, 1437563115, 1265549073, 1724730377, 0, 0, 1993731543, 0, 0, 0, 0, 25147362, 60264220, 1425150160, 529790839, 0, 475625225, 0, 1020401204, 867074157, 1565105879, 1406984852, 1509979716, 189763679, 1479181713, 874961169, 2036404556, 2043744811, 0, 380774194, 1387151243, 1999069478, 882636692, 0, 280638252, 472896555, 399483561, 1514122993, 734089002, 0, 794979487, 1871588654, 1885046975, 1729603203, 0, 1126132819, 1052216991, 0, 1212239064, 214047755, 0, 435510470, 1753532185, 1356506262, 2002627145, 1980558530, 0, 1745434604, 398790951, 0, 338977409, 631883696, 634877748, 458184775, 298663729, 0, 2145579073, 0, 22342149, 273716486, 887797474, 0],[1813838727, 530977665, 0, 2061478393, 1707008379, 478917155, 0, 1577712189, 760722961, 0, 0, 0, -1, 1214098101, 0, 1051936986, 0, 2122279315, 0, 2064588392, 1147861900, 121883375, 2031073614, 1259582851, 1340340566, 1397284247, 417032246, 636234079, 1006620481, 1798216021, 0, 1372127353, 328839523, 870748314, 400786105, 1537220105, 0, 0, 1492117502, 0, 248931727, 83093971, 877650675, 814107936, 738450435, 0, 1031423211, 0, 738536021, 1235816890, 166683477, 1596811660, 1077263373, 48581218, 0, 1019177371, 0, 1398934967, 1600603025, 0, 0, 0, 1863148475, 1645728022, 441898190, 0, 308068678, 650032760, 1944562911, 0, 506597865, 0, 1758055456, 585246631, 0, 1791031835, 651024986, 220394559, 1381452601, 740569779, 2034142952, 1826742122, 1470690557, 1346295017, 0],[76488361, 0, 0, 578498864, 2052732688, 0, 0, 1748728525, 2113798853, 1703366905, 874569735, 0, 1214098101, -1, 0, 27702442, 0, 1672364952, 369880880, 0, 1812984358, 1910907003, 1175964676, 483098311, 206477104, 0, 1189285519, 0, 1391381395, 0, 0, 0, 454896747, 859453771, 1352780982, 0, 0, 794416013, 0, 1352703909, 0, 358383134, 0, 0, 0, 990461381, 1397122245, 0, 62060461, 0, 0, 1521727286, 0, 0, 34875371, 1493281779, 233044027, 769916021, 0, 1881672045, 0, 800936940, 0, 1472788148, 1553467134, 1132005149, 1625933737, 327237613, 1105002244, 0, 0, 507939946, 1880049688, 507585234, 1959234458, 68243948, 1912665702, 0, 1892824508, 0, 209681185, 0, 794453480, 0, 0],[1730534185, 0, 0, 1350441541, 0, 665307998, 427667859, 0, 2038927545, 685123328, 838077558, 1437563115, 0, 0, -1, 1652963887, 1769922937, 780705162, 0, 1217110294, 1092608454, 0, 0, 404769302, 0, 749778013, 0, 1873785354, 0, 0, 1687839200, 1402926485, 0, 1568871717, 117643205, 307618856, 732098009, 1033901953, 0, 1585617619, 0, 695181906, 0, 1517242827, 913675891, 0, 0, 1812969714, 1120894852, 1157257549, 85954290, 0, 0, 535936395, 0, 212874710, 796541264, 373570378, 1131730873, 559918542, 0, 985984555, 0, 0, 849575240, 0, 1633308610, 2049067756, 725386080, 1445300765, 2086642248, 132068190, 0, 0, 673367301, 0, 682627821, 1106211722, 2135732697, 0, 1398254529, 625828284, 0, 535523008, 1979830132],[0, 1071705460, 156689867, 0, 1819464741, 0, 2091940491, 1894139178, 0, 1714927001, 1730106223, 1265549073, 1051936986, 27702442, 1652963887, -1, 1361516432, 1751845280, 0, 0, 1407619525, 1146360715, 99316025, 1007737683, 0, 875932935, 2110627918, 0, 1284168521, 152677939, 271532484, 15646298, 0, 1173237120, 53981098, 0, 779508640, 1550333963, 2108841486, 0, 0, 732531722, 513335704, 0, 0, 1494328533, 1789413322, 241200276, 0, 0, 0, 0, 0, 0, 0, 0, 0, 1081582234, 0, 0, 1583333464, 973985519, 1348530059, 555490589, 735570329, 980545633, 1942292612, 131666218, 0, 543600100, 1756088832, 934725846, 1318266711, 147008594, 1251860064, 317262405, 1339596655, 1961375957, 535263334, 0, 0, 0, 1158827671, 0, 1862077319],[0, 996232555, 346193732, 638260118, 1313611156, 1840968615, 0, 1926063427, 220306792, 0, 1688309353, 1724730377, 0, 0, 1769922937, 1361516432, -1, 0, 1511226584, 1156055091, 1622428882, 0, 1734660886, 2113439757, 1963690875, 1402163331, 0, 81803221, 150352428, 1468298095, 479638504, 1754773134, 1245121731, 2022653762, 0, 0, 0, 0, 1269002384, 872272722, 201066325, 0, 0, 118728204, 0, 1295483945, 0, 1332251377, 1190371031, 1557766923, 166953050, 2018599323, 0, 1216084759, 1631282286, 0, 1705025650, 1729398669, 0, 0, 1990131943, 1273484572, 1352730442, 539889988, 404550141, 994353544, 1273858270, 185059834, 0, 0, 1188784355, 469528675, 1962740700, 1325188541, 662346108, 0, 448508554, 0, 0, 561504749, 808538592, 596246717, 0, 1294600310, 0],[0, 2103110387, 639894269, 310559827, 1172270577, 0, 257813594, 1946801233, 636134315, 675157596, 1844585828, 0, 2122279315, 1672364952, 780705162, 1751845280, 0, -1, 1012706210, 615150365, 0, 0, 0, 953353022, 1005561736, 816966373, 0, 1837761816, 0, 0, 1314385594, 0, 0, 590756422, 1645134777, 1968392598, 1952792236, 0, 546228751, 989868183, 1363121298, 1445835632, 1963780644, 789709032, 894750818, 0, 2086486440, 0, 1570984066, 506220569, 509863180, 599415097, 1490900684, 1136540815, 1224661714, 37877766, 0, 0, 1056289678, 0, 961982052, 1555696492, 0, 19795796, 1774735604, 0, 1214620705, 0, 0, 1196000765, 1183936456, 518575616, 701818675, 21516059, 816703561, 0, 1296771222, 1955034173, 0, 704846732, 1478518238, 0, 1273429514, 1000095034, 773127865],[225810, 717934774, 847352403, 0, 2035488026, 1066724470, 982689273, 310100565, 321904310, 0, 1645025065, 0, 0, 369880880, 0, 0, 1511226584, 1012706210, -1, 543402417, 1068003150, 379847871, 253074406, 1447620798, 1318270140, 1076224443, 1619796912, 729333918, 1697469128, 0, 678421105, 820808664, 1771429231, 0, 1339113913, 498430028, 0, 244352982, 1533707460, 0, 828822315, 79526033, 0, 9935420, 501260401, 0, 1971418813, 172075356, 1273393839, 0, 585941857, 597191765, 1957649693, 926903781, 1692130617, 2098090587, 687943854, 498689871, 0, 1688962006, 1286136870, 107853377, 0, 0, 793921701, 2133973905, 0, 1523826484, 1420949097, 0, 1015179398, 0, 1374321331, 878817943, 29461966, 2053924245, 1101125002, 641970945, 0, 1996193427, 1971343306, 1155628928, 0, 1990278587, 11315159],[503844930, 0, 1865887684, 1324707380, 2031689289, 1128197759, 677276814, 0, 1648267179, 652005966, 0, 1993731543, 2064588392, 0, 1217110294, 0, 1156055091, 615150365, 543402417, -1, 800112325, 0, 1737715198, 885133479, 672395027, 0, 1281593728, 325839453, 1565331671, 1515129463, 83818741, 1112001327, 2015688179, 0, 1082071553, 485367521, 0, 1774448246, 0, 0, 0, 0, 1339427898, 0, 2123688646, 1539473329, 1188728091, 68090699, 612187016, 1862834074, 0, 0, 0, 298321106, 0, 1426610189, 1430468582, 0, 0, 0, 1916309008, 0, 0, 693780565, 0, 677983429, 0, 1570959243, 1156633276, 0, 0, 0, 109398868, 0, 449825051, 511088359, 903690039, 0, 823073969, 0, 0, 1144492749, 0, 901537928, 180679112],[618969203, 0, 0, 1166932925, 622753064, 0, 0, 0, 0, 1915549940, 2043992454, 0, 1147861900, 1812984358, 1092608454, 1407619525, 1622428882, 0, 1068003150, 800112325, -1, 0, 0, 0, 0, 0, 1401855676, 0, 0, 1287657587, 0, 1259527636, 1803896538, 1468223944, 1784438792, 0, 1672256818, 0, 0, 1908492707, 2042006549, 0, 467777605, 0, 112647063, 0, 1062363901, 1844658057, 400690685, 2141342092, 206053982, 860124342, 1569862895, 0, 456526121, 1503947553, 282491691, 0, 0, 634345224, 0, 1963528214, 1867639560, 1517925405, 488036280, 1369108942, 0, 0, 0, 1168739763, 1138074262, 154712663, 1392116155, 128772936, 477858695, 0, 1665778695, 467983652, 0, 1667994938, 496772063, 656171710, 0, 842687932, 0],[1955481255, 0, 1686489955, 1705264391, 1237247533, 0, 515220911, 383955982, 1513001906, 417749417, 417319356, 0, 121883375, 1910907003, 0, 1146360715, 0, 0, 379847871, 0, 0, -1, 0, 0, 1070195887, 0, 1230525084, 0, 0, 293481426, 1004521214, 0, 1996404932, 0, 1776293058, 122513625, 1596243929, 679239835, 328579889, 1944984882, 1787194261, 2099126691, 568769937, 1471211682, 407478507, 0, 1032544532, 967142851, 1548886788, 1650838228, 0, 0, 0, 1533082226, 866060282, 1777667015, 1722396237, 0, 1349225968, 417045851, 542941113, 0, 0, 1140754247, 359658684, 0, 750953354, 1225388184, 21710197, 0, 1867573620, 0, 0, 1259390357, 1110302441, 20621381, 2137710024, 2051540786, 1397575418, 0, 0, 0, 0, 1571746290, 1079347636],[1168795048, 1095614139, 0, 507400545, 0, 1621681026, 0, 497102626, 0, 5404191, 247454704, 0, 2031073614, 1175964676, 0, 99316025, 1734660886, 0, 253074406, 1737715198, 0, 0, -1, 1302602660, 1417405047, 279404758, 0, 1852105906, 181380880, 0, 739296991, 204008717, 1138460318, 0, 1273694829, 84288368, 1941866514, 2012877111, 751911504, 0, 224291006, 0, 793977265, 1662370848, 441523562, 415199200, 0, 862787497, 761836464, 0, 0, 2012866606, 0, 330252138, 1396344599, 1146082422, 0, 2141823100, 479238605, 1308029713, 493911101, 287555870, 1868771744, 0, 1983668931, 0, 0, 636831864, 1665638641, 1423176329, 1570043625, 2090930773, 1094454791, 0, 0, 1770254699, 442900494, 0, 0, 656716302, 293876225, 1158685102, 681553598, 1486619466, 0],[309107995, 1954161957, 0, 1369459264, 284583341, 1848141815, 0, 0, 929708605, 1812615720, 178870999, 0, 1259582851, 483098311, 404769302, 1007737683, 2113439757, 953353022, 1447620798, 885133479, 0, 0, 1302602660, -1, 92165146, 815791741, 0, 0, 533824861, 0, 86358253, 1411424664, 1182885240, 1134107502, 1389749440, 1476554879, 2105826123, 1921426848, 0, 657338654, 1387737784, 0, 0, 196671987, 1787736883, 574386267, 1168108387, 1584959100, 442715722, 1376250716, 2056017827, 0, 1248588059, 0, 1503786011, 544262041, 0, 0, 845564140, 1342764856, 1506198235, 0, 1842639686, 1097865900, 451903556, 34538090, 0, 0, 552123264, 193187122, 447160193, 283537586, 28426921, 0, 665814217, 0, 0, 1718637836, 0, 808417826, 0, 0, 1128791345, 404204941, 0],[815608181, 1047094102, 1724771677, 695788576, 6596591, 1994135228, 653257111, 546422110, 1158638144, 0, 1048914807, 25147362, 1340340566, 206477104, 0, 0, 1963690875, 1005561736, 1318270140, 672395027, 0, 1070195887, 1417405047, 92165146, -1, 702872242, 664085322, 481756133, 0, 0, 0, 1979569363, 1122438167, 0, 750245641, 270852877, 53850624, 931045490, 0, 0, 0, 420515049, 1567332286, 0, 327920740, 0, 79462563, 84420460, 0, 1646350879, 919715794, 1308682889, 950683109, 617160498, 1996106592, 1838931993, 1190130183, 1407405959, 0, 0, 631424537, 875783143, 1224230413, 0, 644902966, 1942022804, 732500467, 1050764691, 0, 868522574, 17944732, 0, 866532655, 646335555, 1584007220, 40797153, 610150732, 0, 0, 0, 0, 1465656729, 165842148, 2029490772, 2053494543],[687671258, 1009488149, 1345949999, 1300705606, 1752739076, 0, 1505331335, 0, 0, 1619471843, 876032526, 60264220, 1397284247, 0, 749778013, 875932935, 1402163331, 816966373, 1076224443, 0, 0, 0, 279404758, 815791741, 702872242, -1, 0, 1282660585, 391060220, 0, 1642018689, 508998162, 0, 0, 1249894979, 0, 0, 0, 0, 0, 799359283, 0, 206819275, 0, 0, 667178694, 88837632, 1567514644, 1698572444, 0, 1143796816, 0, 0, 1388165226, 0, 956954190, 1633196029, 0, 0, 1285617151, 1701796403, 0, 0, 613134452, 1438928715, 0, 0, 1698449606, 1303564357, 651430351, 1763155492, 0, 0, 365702817, 1983787132, 678282297, 1106490263, 0, 0, 1230445806, 1537431768, 1201434048, 1698705510, 1120839091, 367453175],[1361652569, 621107838, 1218879822, 0, 1183620154, 0, 383994615, 0, 846335835, 462035052, 1294425971, 1425150160, 417032246, 1189285519, 0, 2110627918, 0, 0, 1619796912, 1281593728, 1401855676, 1230525084, 0, 0, 664085322, 0, -1, 0, 0, 1424002971, 0, 0, 0, 448167551, 0, 1771874590, 2028715483, 83329749, 0, 2033052139, 0, 742859734, 0, 0, 0, 0, 756466288, 1977533521, 1428869493, 458906558, 94264313, 0, 2049540616, 1997327092, 994235900, 929902010, 1712880742, 1180431112, 1375950090, 84770228, 480168626, 0, 327106829, 0, 606431315, 0, 0, 902808178, 1893099440, 1208508091, 1438923254, 0, 1165002851, 1280941961, 1873661934, 0, 860336612, 1376294033, 1935000237, 0, 0, 1944702406, 373580343, 1140912973, 474796298],[1608046732, 832704687, 1395991027, 0, 1434979344, 0, 1614064744, 0, 626745992, 1485559670, 0, 529790839, 636234079, 0, 1873785354, 0, 81803221, 1837761816, 729333918, 325839453, 0, 0, 1852105906, 0, 481756133, 1282660585, 0, -1, 0, 0, 1287166250, 1162075847, 0, 642491564, 1176742152, 0, 928817002, 0, 1604313720, 0, 528019122, 0, 1811318650, 1031692805, 1983077822, 54859280, 842741399, 1266784531, 1372166757, 0, 1018958345, 2055003816, 1616282929, 0, 0, 2007644598, 0, 603050880, 218276303, 759953483, 400925033, 0, 590421514, 0, 58997149, 0, 0, 1812750742, 403043894, 1492673593, 1220330640, 0, 0, 200370328, 0, 334305144, 0, 1762294617, 1984429569, 1476830846, 1164605536, 187693388, 0, 242837897, 0],[187052952, 805631806, 2130239928, 1348032989, 155308367, 0, 0, 1367709200, 553025240, 0, 1651845711, 0, 1006620481, 1391381395, 0, 1284168521, 150352428, 0, 1697469128, 1565331671, 0, 0, 181380880, 533824861, 0, 391060220, 0, 0, -1, 0, 436351340, 0, 44955732, 0, 720382901, 331834682, 0, 0, 228481969, 0, 1893238573, 670691728, 348151583, 1716753659, 0, 1304357245, 1516804865, 1533046020, 1114836204, 0, 2129295770, 0, 993638145, 1408203541, 1162063625, 539422519, 1223285093, 236508254, 0, 269450012, 0, 894338898, 0, 1185798297, 103431455, 1194366685, 1047437687, 0, 1127445303, 1036175858, 890637691, 1271886277, 1985809446, 1306932988, 604797074, 1963848014, 1899349062, 243814459, 259081284, 1172123193, 0, 1077106441, 923115370, 1733238951, 1105343872],[2081784367, 92464158, 0, 406153562, 810753705, 591869740, 0, 0, 0, 2009995535, 0, 475625225, 1798216021, 0, 0, 152677939, 1468298095, 0, 0, 1515129463, 1287657587, 293481426, 0, 0, 0, 0, 1424002971, 0, 0, -1, 0, 0, 1600730091, 0, 23619089, 1359407212, 1875906991, 1848168176, 1110520604, 0, 964857002, 902953082, 1039515539, 1129871819, 0, 1854632176, 878426581, 899666287, 0, 2083871156, 1153889947, 317076645, 981693554, 2077066772, 1265979087, 274969211, 0, 0, 0, 590219093, 797570005, 2086880218, 1866005514, 0, 2088994275, 408950357, 1853580150, 853872264, 2084071300, 0, 1443786927, 88017937, 0, 649096497, 0, 1788034083, 460456939, 2079313834, 1186858537, 1871028124, 42571166, 550051277, 0, 0, 668111332],[0, 1560320723, 0, 896228086, 0, 0, 366558355, 1383516789, 0, 0, 69895682, 0, 0, 0, 1687839200, 271532484, 479638504, 1314385594, 678421105, 83818741, 0, 1004521214, 739296991, 86358253, 0, 1642018689, 0, 1287166250, 436351340, 0, -1, 0, 1370042153, 1470813881, 959553177, 474080257, 336979866, 0, 1572593733, 1424724377, 192810236, 41374452, 813624072, 0, 0, 1705699500, 0, 524065921, 372955645, 2017584398, 1168786669, 1409788874, 212957051, 1660368113, 980436604, 0, 0, 823077671, 319105035, 894796505, 877494019, 1884077633, 0, 0, 0, 1692182759, 1763429120, 0, 1418145001, 0, 1500653107, 0, 0, 0, 705934740, 181644029, 1044547877, 0, 2052027281, 0, 2083402163, 0, 0, 1142844653, 1646777031],[2139167546, 768943512, 1096084411, 171588123, 407983103, 786695947, 303742428, 469848599, 1027047605, 313590412, 0, 1020401204, 1372127353, 0, 1402926485, 15646298, 1754773134, 0, 820808664, 1112001327, 1259527636, 0, 204008717, 1411424664, 1979569363, 508998162, 0, 1162075847, 0, 0, 0, -1, 1397967306, 1333878857, 73375661, 0, 2103485768, 295275780, 2061064111, 1974841956, 939939190, 1558363973, 91023092, 1169626882, 1036286653, 0, 0, 407320877, 1361521707, 0, 751631208, 2019186025, 1595089910, 0, 504662343, 353445827, 2070839461, 1112215695, 0, 0, 0, 1441827187, 0, 0, 282952167, 0, 1156645687, 0, 1624200285, 0, 701232165, 637948649, 1631450659, 500098660, 1469321808, 1328633066, 1208253838, 0, 0, 0, 0, 0, 1213958100, 714959020, 1758319729],[0, 1223406005, 258747644, 1681981226, 1720681516, 0, 929667628, 1754467316, 0, 399284063, 0, 867074157, 328839523, 454896747, 0, 0, 1245121731, 0, 1771429231, 2015688179, 1803896538, 1996404932, 1138460318, 1182885240, 1122438167, 0, 0, 0, 44955732, 1600730091, 1370042153, 1397967306, -1, 1732521120, 839360205, 0, 0, 1945066199, 0, 926528054, 0, 0, 1522834433, 1038029839, 0, 453577846, 0, 1249747865, 0, 2011087824, 309325123, 1285960007, 997359883, 0, 1024765511, 915000965, 0, 990264102, 50223778, 0, 1591047455, 1231551972, 0, 1851047959, 1651954190, 92356689, 779968120, 0, 1106570718, 76322790, 622194130, 0, 1051116234, 1836950880, 0, 0, 572715731, 850274100, 0, 0, 1605387835, 0, 0, 1428300943, 1935392911],[0, 1089871179, 0, 0, 869360471, 0, 1005823255, 572956662, 0, 1785191016, 0, 1565105879, 870748314, 859453771, 1568871717, 1173237120, 2022653762, 590756422, 0, 0, 1468223944, 0, 0, 1134107502, 0, 0, 448167551, 642491564, 0, 0, 1470813881, 1333878857, 1732521120, -1, 1398959230, 0, 0, 2029507892, 1524647347, 988502272, 0, 588303711, 0, 203716799, 556938976, 465539528, 1261227524, 0, 0, 1510000125, 580075152, 1530842898, 789348272, 1811061040, 190412195, 0, 1333675350, 1409093063, 650701722, 215246964, 686982876, 401264632, 670631062, 1803198648, 0, 1610522302, 1547898114, 2028632723, 0, 963359613, 0, 655359156, 2036829738, 607553221, 0, 934896386, 0, 2066275337, 826428834, 1803628587, 733360718, 1425889375, 0, 187604128, 589459065],[0, 1658639044, 0, 791455333, 0, 723942060, 736331293, 1604424099, 1914737196, 1595943498, 1459733908, 1406984852, 400786105, 1352780982, 117643205, 53981098, 0, 1645134777, 1339113913, 1082071553, 1784438792, 1776293058, 1273694829, 1389749440, 750245641, 1249894979, 0, 1176742152, 720382901, 23619089, 959553177, 73375661, 839360205, 1398959230, -1, 837425277, 1318858732, 0, 186244656, 0, 125560283, 651879811, 0, 1921274709, 0, 1700632215, 610326246, 938852161, 1380152134, 0, 258087294, 301365894, 0, 1755834267, 1553508515, 1590914044, 1130762450, 0, 2068160867, 0, 2924296, 161468991, 617617091, 0, 0, 0, 1844117553, 468144606, 0, 915377862, 0, 0, 0, 202092151, 0, 793049625, 1605122763, 1130170563, 1723178856, 1367424695, 0, 1327283840, 500519965, 2079807777, 0],[0, 959868969, 479214253, 1661106091, 0, 0, 1293676963, 0, 232552989, 2077656963, 1633440391, 1509979716, 1537220105, 0, 307618856, 0, 0, 1968392598, 498430028, 485367521, 0, 122513625, 84288368, 1476554879, 270852877, 0, 1771874590, 0, 331834682, 1359407212, 474080257, 0, 0, 0, 837425277, -1, 1155444738, 85630733, 1033011626, 0, 1604630496, 0, 0, 0, 0, 458169537, 874672253, 398086846, 0, 1406306966, 2091260582, 0, 0, 0, 1179047354, 2124407221, 54143374, 1798943472, 1498007193, 601425141, 231596897, 636852347, 1739696785, 0, 1932461255, 1722328784, 288730041, 760907799, 1414684377, 1624723108, 1201552675, 0, 1303251173, 880031269, 103425109, 0, 0, 447511934, 1549124213, 0, 681365843, 0, 471720354, 2054374372, 1079375270],[1217635012, 638058653, 93753344, 1901402991, 295414356, 1615471435, 1506905580, 847636601, 0, 2027390009, 243006579, 189763679, 0, 0, 732098009, 779508640, 0, 1952792236, 0, 0, 1672256818, 1596243929, 1941866514, 2105826123, 53850624, 0, 2028715483, 928817002, 0, 1875906991, 336979866, 2103485768, 0, 0, 1318858732, 1155444738, -1, 0, 0, 1151270754, 1302625069, 825781324, 0, 0, 0, 701133146, 0, 556024070, 0, 781252304, 1383375792, 0, 98547115, 1180903684, 331451038, 0, 0, 813822752, 50706603, 681207519, 0, 0, 165031672, 841707658, 1104902869, 984578537, 1822456189, 0, 376851508, 1830942901, 2061415960, 2136749756, 1006265589, 1016178644, 1569928259, 432463203, 0, 0, 113058279, 1577472359, 0, 318025412, 0, 2063340638, 1643002832],[2032737611, 130997231, 1804129954, 321787684, 0, 0, 0, 205975885, 0, 2114666398, 312158239, 1479181713, 0, 794416013, 1033901953, 1550333963, 0, 0, 244352982, 1774448246, 0, 679239835, 2012877111, 1921426848, 931045490, 0, 83329749, 0, 0, 1848168176, 0, 295275780, 1945066199, 2029507892, 0, 85630733, 0, -1, 162460787, 1790515936, 0, 899031133, 1317018099, 258675919, 1754109773, 1442161801, 1017864727, 0, 0, 0, 16344804, 1805325341, 1736585065, 613875018, 0, 471586271, 1847302241, 1749971073, 879860031, 1376313378, 1651908544, 1470329723, 644135475, 1711101090, 0, 0, 0, 1122777742, 0, 1543804092, 2133575086, 181800964, 700650923, 765726928, 1953618405, 0, 0, 0, 928942753, 0, 0, 1040782285, 61306418, 1086231138, 2111373429],[1535124068, 1579537829, 772479238, 1792458181, 0, 0, 692301359, 26879421, 853634246, 621790540, 1198105180, 874961169, 1492117502, 0, 0, 2108841486, 1269002384, 546228751, 1533707460, 0, 0, 328579889, 751911504, 0, 0, 0, 0, 1604313720, 228481969, 1110520604, 1572593733, 2061064111, 0, 1524647347, 186244656, 1033011626, 0, 162460787, -1, 1554642710, 2111764309, 335110655, 1820376935, 1247841523, 0, 148036267, 0, 0, 850956688, 79106905, 1357160063, 1631976892, 1559453857, 0, 1392017837, 1099952780, 1323008295, 0, 670970403, 1876295365, 0, 434267527, 1407857154, 618335978, 109636001, 375807325, 0, 1880949255, 2053165865, 0, 1341232555, 0, 1932793108, 240452134, 1916856082, 1450188392, 1157067773, 0, 0, 642598548, 1372007200, 0, 1902841469, 1588336151, 1450973342],[0, 0, 708691939, 1128532846, 1596974316, 1693097379, 636429497, 1884161051, 390177406, 0, 1072041595, 2036404556, 0, 1352703909, 1585617619, 0, 872272722, 989868183, 0, 0, 1908492707, 1944984882, 0, 657338654, 0, 0, 2033052139, 0, 0, 0, 1424724377, 1974841956, 926528054, 988502272, 0, 0, 1151270754, 1790515936, 1554642710, -1, 82318881, 0, 150030936, 0, 1057159819, 0, 1246833646, 1174452374, 1718558158, 0, 1476944404, 852542458, 0, 0, 1440504248, 792537957, 0, 1660171330, 1365464237, 1009432359, 1334574791, 0, 38199570, 2044625920, 0, 2073584909, 0, 2105857339, 2132961400, 1072909318, 1585643572, 0, 1844723867, 244923568, 1984209356, 831282784, 0, 752727609, 1514121420, 0, 1001999113, 120327312, 1752881195, 370327441, 0],[1329854144, 540670639, 2051215604, 0, 0, 645963264, 363594738, 0, 1263154332, 1570953495, 871220965, 2043744811, 248931727, 0, 0, 0, 201066325, 1363121298, 828822315, 0, 2042006549, 1787194261, 224291006, 1387737784, 0, 799359283, 0, 528019122, 1893238573, 964857002, 192810236, 939939190, 0, 0, 125560283, 1604630496, 1302625069, 0, 2111764309, 82318881, -1, 0, 2034973398, 1961052573, 708841575, 968710972, 827158596, 1710950826, 1092403701, 0, 639148132, 193602476, 0, 1622963412, 264991812, 0, 0, 463083243, 628560026, 630115217, 755945694, 1881867831, 1813584334, 0, 515069207, 0, 447685693, 1557724536, 1425387613, 1683387589, 0, 279884970, 1718650309, 97861588, 520035110, 2080811209, 764057404, 0, 0, 1331717855, 1482383261, 503216228, 408978395, 43520077, 1379699447],[22238753, 1186311364, 1973224344, 1616991538, 1750414974, 990142694, 478994763, 448714854, 0, 1102084106, 776354778, 0, 83093971, 358383134, 695181906, 732531722, 0, 1445835632, 79526033, 0, 0, 2099126691, 0, 0, 420515049, 0, 742859734, 0, 670691728, 902953082, 41374452, 1558363973, 0, 588303711, 651879811, 0, 825781324, 899031133, 335110655, 0, 0, -1, 0, 0, 0, 91495902, 139313364, 2068223619, 0, 0, 1953961887, 1563916202, 1767160406, 1925141001, 1601930222, 1935673358, 369899135, 0, 0, 1254315222, 45062412, 889985044, 154380695, 252302639, 1666222539, 0, 760721913, 1616791328, 1088276358, 1872591961, 0, 0, 175032129, 1279289455, 2098697902, 591448376, 0, 1840857128, 392735748, 263134939, 5835180, 506218644, 1027731190, 2015994735, 651558869],[1289068437, 0, 1045352480, 0, 0, 0, 1041606546, 305425882, 785916321, 508919750, 0, 380774194, 877650675, 0, 0, 513335704, 0, 1963780644, 0, 1339427898, 467777605, 568769937, 793977265, 0, 1567332286, 206819275, 0, 1811318650, 348151583, 1039515539, 813624072, 91023092, 1522834433, 0, 0, 0, 0, 1317018099, 1820376935, 150030936, 2034973398, 0, -1, 1526668650, 2004895360, 921065372, 1090459095, 0, 0, 1535699774, 1260804249, 0, 1075240671, 730937995, 421106755, 1230293675, 1897320251, 966738126, 1041616949, 1714310252, 1974771261, 1614969951, 446234180, 597672403, 743628884, 664089442, 0, 539819662, 0, 0, 1940928685, 1019450545, 284557232, 0, 0, 121565740, 488416944, 831884048, 220767209, 1061674399, 0, 0, 748638925, 1840375753, 1743679967],[1080065510, 0, 1745528226, 0, 1712414906, 1584423877, 1650994179, 937791752, 729696726, 891745364, 966762398, 1387151243, 814107936, 0, 1517242827, 0, 118728204, 789709032, 9935420, 0, 0, 1471211682, 1662370848, 196671987, 0, 0, 0, 1031692805, 1716753659, 1129871819, 0, 1169626882, 1038029839, 203716799, 1921274709, 0, 0, 258675919, 1247841523, 0, 1961052573, 0, 1526668650, -1, 0, 1490532139, 952758904, 1494708040, 0, 588579456, 1494469949, 2018387039, 1642321247, 637385869, 2028106659, 1495903369, 591831449, 966140131, 0, 791747424, 1149066217, 944882911, 0, 908353124, 0, 0, 0, 303909639, 632635082, 0, 1550535156, 173653992, 1269776562, 0, 0, 498011944, 1715010361, 0, 1080379002, 395914002, 0, 0, 170197181, 991616582, 1257308660],[569926909, 1948744603, 2044321517, 494301877, 1847649097, 0, 2091547089, 251680470, 0, 0, 0, 1999069478, 738450435, 0, 913675891, 0, 0, 894750818, 501260401, 2123688646, 112647063, 407478507, 441523562, 1787736883, 327920740, 0, 0, 1983077822, 0, 0, 0, 1036286653, 0, 556938976, 0, 0, 0, 1754109773, 0, 1057159819, 708841575, 0, 2004895360, 0, -1, 1755253936, 56733284, 623051705, 801964710, 1426285590, 1667132054, 1966994809, 859095879, 1152014596, 179549269, 2073359876, 1322891124, 447590774, 1554185238, 0, 2071366197, 925918863, 0, 0, 0, 0, 201005593, 1611517546, 0, 0, 174843905, 1961154309, 0, 536596693, 0, 0, 0, 0, 1388989379, 693347234, 1277429855, 0, 1634107772, 1753677587, 0],[0, 717931226, 145678551, 827138537, 0, 0, 1058719629, 0, 0, 553123797, 729713323, 882636692, 0, 990461381, 0, 1494328533, 1295483945, 0, 0, 1539473329, 0, 0, 415199200, 574386267, 0, 667178694, 0, 54859280, 1304357245, 1854632176, 1705699500, 0, 453577846, 465539528, 1700632215, 458169537, 701133146, 1442161801, 148036267, 0, 968710972, 91495902, 921065372, 1490532139, 1755253936, -1, 0, 0, 1423377692, 0, 0, 584778885, 0, 1544580374, 1215412625, 235214527, 0, 1404117424, 1863517259, 918649112, 0, 638131717, 0, 0, 940526875, 8789082, 652494653, 506627827, 0, 1729877978, 0, 1765724507, 0, 1937351478, 90102257, 789950767, 0, 0, 692635995, 0, 0, 1055199261, 0, 667452889, 664073679],[1605145501, 697658864, 1298770198, 1225528117, 0, 878638329, 1256916179, 1095111511, 1819508416, 0, 1114565078, 0, 1031423211, 1397122245, 0, 1789413322, 0, 2086486440, 1971418813, 1188728091, 1062363901, 1032544532, 0, 1168108387, 79462563, 88837632, 756466288, 842741399, 1516804865, 878426581, 0, 0, 0, 1261227524, 610326246, 874672253, 0, 1017864727, 0, 1246833646, 827158596, 139313364, 1090459095, 952758904, 56733284, 0, -1, 94910280, 1846375180, 1082875643, 765318427, 674163013, 947162471, 0, 892625399, 410941163, 415411806, 0, 1788648687, 1900653812, 842290685, 0, 1933806837, 0, 702877208, 990269154, 928590569, 0, 664762138, 1479891506, 0, 1737581790, 749919948, 1889652670, 1633630657, 0, 0, 293720555, 1147689454, 1365958424, 292704074, 0, 0, 169969853, 1652015447],[1082621938, 0, 1207119527, 1023058736, 744098300, 2136750899, 1711869797, 19690201, 502077552, 647418740, 0, 280638252, 0, 0, 1812969714, 241200276, 1332251377, 0, 172075356, 68090699, 1844658057, 967142851, 862787497, 1584959100, 84420460, 1567514644, 1977533521, 1266784531, 1533046020, 899666287, 524065921, 407320877, 1249747865, 0, 938852161, 398086846, 556024070, 0, 0, 1174452374, 1710950826, 2068223619, 0, 1494708040, 623051705, 0, 94910280, -1, 1565991622, 471220683, 0, 2074037856, 0, 0, 0, 1647724768, 0, 1224796191, 920977588, 0, 1516966468, 0, 932409857, 1459658868, 1017366875, 1511834608, 1839771728, 0, 1087537640, 26112781, 0, 392420539, 1489175804, 253451714, 223372729, 841514580, 1962925919, 0, 0, 350376567, 35796560, 0, 1821916485, 351569519, 0],[788815412, 0, 804872677, 1193744314, 1127415392, 478983587, 2124616241, 930448259, 1967066977, 1611277787, 997109435, 472896555, 738536021, 62060461, 1120894852, 0, 1190371031, 1570984066, 1273393839, 612187016, 400690685, 1548886788, 761836464, 442715722, 0, 1698572444, 1428869493, 1372166757, 1114836204, 0, 372955645, 1361521707, 0, 0, 1380152134, 0, 0, 0, 850956688, 1718558158, 1092403701, 0, 0, 0, 801964710, 1423377692, 1846375180, 1565991622, -1, 115410749, 0, 917896286, 1988062835, 976796571, 1442254965, 1680410502, 0, 309913907, 795141418, 203243756, 1197572726, 0, 0, 1287588276, 0, 0, 1691467246, 2103949967, 0, 1781989534, 0, 1674209474, 0, 1155985770, 971655654, 0, 0, 1989319499, 1195623667, 0, 1844332218, 312484748, 0, 1986650385, 1949244525],[0, 0, 235676438, 439571993, 1263130897, 1454233489, 563565748, 0, 0, 1147623989, 201817383, 399483561, 1235816890, 0, 1157257549, 0, 1557766923, 506220569, 0, 1862834074, 2141342092, 1650838228, 0, 1376250716, 1646350879, 0, 458906558, 0, 0, 2083871156, 2017584398, 0, 2011087824, 1510000125, 0, 1406306966, 781252304, 0, 79106905, 0, 0, 0, 1535699774, 588579456, 1426285590, 0, 1082875643, 471220683, 115410749, -1, 88031986, 1180038809, 281773496, 0, 1462346542, 1491367606, 1635369339, 0, 1773518396, 1536722099, 0, 1044942998, 0, 0, 0, 888489310, 0, 1966750037, 0, 604858722, 1397330258, 1061247307, 222459205, 1215533608, 0, 469271155, 0, 1255416663, 0, 607081758, 664107888, 723825149, 565553123, 1352393134, 619185944],[2135297946, 0, 0, 1867445546, 1331049194, 1130464300, 0, 1395793252, 863066868, 1446102018, 440633869, 1514122993, 166683477, 0, 85954290, 0, 166953050, 509863180, 585941857, 0, 206053982, 0, 0, 2056017827, 919715794, 1143796816, 94264313, 1018958345, 2129295770, 1153889947, 1168786669, 751631208, 309325123, 580075152, 258087294, 2091260582, 1383375792, 16344804, 1357160063, 1476944404, 639148132, 1953961887, 1260804249, 1494469949, 1667132054, 0, 765318427, 0, 0, 88031986, -1, 0, 0, 0, 0, 1797789424, 0, 1373263909, 1593742859, 425402981, 563311970, 0, 1108599893, 2033721161, 0, 193732798, 1264657730, 0, 1455976899, 850787885, 0, 0, 1764660302, 1578931283, 1019277612, 1146785506, 0, 1266243701, 1314160564, 267572659, 961388504, 249782114, 0, 0, 253067443],[1897760442, 1197416468, 1268368542, 1136514995, 0, 0, 0, 2147404467, 2062096481, 1523266658, 0, 734089002, 1596811660, 1521727286, 0, 0, 2018599323, 599415097, 597191765, 0, 860124342, 0, 2012866606, 0, 1308682889, 0, 0, 2055003816, 0, 317076645, 1409788874, 2019186025, 1285960007, 1530842898, 301365894, 0, 0, 1805325341, 1631976892, 852542458, 193602476, 1563916202, 0, 2018387039, 1966994809, 584778885, 674163013, 2074037856, 917896286, 1180038809, 0, -1, 1021531303, 901261668, 962030991, 0, 2016360102, 2020250272, 1203722760, 357229339, 1050812850, 1914874221, 0, 0, 0, 0, 0, 1806548520, 0, 493708941, 0, 0, 1867470077, 0, 661845979, 0, 685351109, 1039003872, 1732300146, 0, 792220119, 1501862901, 0, 1652593874, 1351424790],[39145807, 1788701707, 0, 0, 0, 0, 210900037, 309873976, 0, 488463320, 884406529, 0, 1077263373, 0, 0, 0, 0, 1490900684, 1957649693, 0, 1569862895, 0, 0, 1248588059, 950683109, 0, 2049540616, 1616282929, 993638145, 981693554, 212957051, 1595089910, 997359883, 789348272, 0, 0, 98547115, 1736585065, 1559453857, 0, 0, 1767160406, 1075240671, 1642321247, 859095879, 0, 947162471, 0, 1988062835, 281773496, 0, 1021531303, -1, 0, 1630273556, 1502909905, 1379479397, 0, 1560966353, 426522339, 0, 0, 0, 1667144995, 0, 0, 70189476, 1785240274, 979634585, 1812441977, 0, 978634479, 1253003898, 1488960024, 759341603, 1877035176, 395438011, 533693545, 891680534, 660394854, 0, 1679884110, 177279278, 1261770298, 2020281057],[0, 1307989489, 0, 0, 231006004, 1158665993, 761403470, 0, 1606264400, 0, 215262841, 794979487, 48581218, 0, 535936395, 0, 1216084759, 1136540815, 926903781, 298321106, 0, 1533082226, 330252138, 0, 617160498, 1388165226, 1997327092, 0, 1408203541, 2077066772, 1660368113, 0, 0, 1811061040, 1755834267, 0, 1180903684, 613875018, 0, 0, 1622963412, 1925141001, 730937995, 637385869, 1152014596, 1544580374, 0, 0, 976796571, 0, 0, 901261668, 0, -1, 1322223723, 1372966992, 522792461, 0, 0, 2026693677, 1526974073, 0, 1508302179, 1548666934, 1056448718, 0, 1633264024, 0, 306046962, 0, 0, 0, 1043404595, 1054857683, 612125690, 2104879414, 0, 1199419659, 0, 855444887, 0, 1871525691, 0, 457597544, 0],[0, 1715326234, 1433369838, 0, 0, 1432645442, 0, 740417427, 1320660599, 785443720, 0, 1871588654, 0, 34875371, 0, 0, 1631282286, 1224661714, 1692130617, 0, 456526121, 8