14
[-1, 0, 0, 0, 0, 100, 0, 0, 0, 41, 35, 24, 0, 65, 
0, -1, 35, 99, 0, 11, 15, 93, 77, 35, 59, 75, 8, 0, 
0, 35, -1, 81, 88, 44, 51, 48, 0, 78, 0, 15, 49, 0, 
0, 99, 81, -1, 0, 46, 41, 66, 0, 0, 0, 63, 50, 68, 
0, 0, 88, 0, -1, 0, 6, 37, 37, 13, 57, 0, 50, 0, 
100, 11, 44, 46, 0, -1, 20, 33, 96, 0, 27, 0, 4, 0, 
0, 15, 51, 41, 6, 20, -1, 0, 0, 3, 18, 99, 36, 46, 
0, 93, 48, 66, 37, 33, 0, -1, 0, 37, 1, 0, 92, 0, 
0, 77, 0, 0, 37, 96, 0, 0, -1, 0, 7, 98, 50, 10, 
41, 35, 78, 0, 13, 0, 3, 37, 0, -1, 86, 72, 0, 43, 
35, 59, 0, 0, 57, 27, 18, 1, 7, 86, -1, 65, 98, 0, 
24, 75, 15, 63, 0, 0, 99, 0, 98, 72, 65, -1, 0, 74, 
0, 8, 49, 50, 50, 4, 36, 92, 50, 0, 98, 0, -1, 53, 
65, 0, 0, 68, 0, 0, 46, 0, 10, 43, 0, 74, 53, -1]