43
[[-1, 10175310, 2014627703, 341695711, 0, 1693711459, 0, 0, 0, 1744194713, 766219688, 959952652, 0, 1131470941, 0, 0, 255597951, 2066415022, 1650283171, 1269193855, 843458742, 0, 291144221, 0, 1997337165, 204391695, 864595763, 841182302, 1343043078, 564074641, 1837120886, 163622804, 1611901367, 0, 1815557920, 1516362818, 0, 496221203, 1663569300, 900410056, 849629837, 1404281843, 334665931],[10175310, -1, 1742524850, 1143124479, 0, 0, 1631171712, 725985520, 0, 0, 1396161083, 1149222326, 0, 1281982108, 2028850219, 0, 2137110499, 0, 0, 1625063648, 0, 0, 897989594, 561888452, 620030588, 0, 1126394706, 901547712, 0, 0, 0, 658048109, 1588597585, 0, 0, 1851095133, 2667822, 1163207201, 1392582839, 855550897, 123536698, 1537737018, 0],[2014627703, 1742524850, -1, 0, 631696573, 1357099067, 0, 1751220677, 0, 693023597, 1665646132, 0, 1791104140, 993918192, 0, 0, 1141119577, 1416833066, 1421590692, 819212134, 0, 0, 615333022, 1754989932, 898966642, 128338917, 917248061, 1338460871, 0, 0, 1017320793, 0, 530726375, 0, 1088212477, 718016253, 365340356, 0, 2090809299, 0, 0, 0, 0],[341695711, 1143124479, 0, -1, 1511245879, 1739264918, 1325268439, 0, 2005335603, 159459455, 0, 1269369015, 1227832649, 1695150390, 0, 916144987, 0, 1896829930, 1919822553, 186922770, 1041457486, 594168721, 0, 827153844, 1390413669, 224469456, 0, 0, 1030202729, 78050295, 826179707, 853519292, 0, 1290318274, 1922538243, 1362996575, 539646711, 313108200, 0, 540506348, 0, 0, 2111640780],[0, 0, 631696573, 1511245879, -1, 868639866, 2144464553, 2145525470, 372372417, 0, 0, 0, 1794168664, 1158065527, 974686563, 0, 0, 2142044891, 1670803890, 723342830, 1152500440, 927387854, 586345372, 38117914, 0, 426574958, 1758839515, 0, 1609800364, 1544460370, 2142967422, 293711555, 356902218, 160550535, 874604256, 2015693043, 1569024957, 1258169070, 1184807204, 1257013749, 2096520362, 631334907, 555199262],[1693711459, 0, 1357099067, 1739264918, 868639866, -1, 0, 0, 0, 1024856801, 0, 1738169063, 1830266173, 1306119264, 1148156299, 2037065483, 957297267, 481531787, 508339312, 276913341, 227653386, 1455078923, 0, 0, 579127464, 1938495877, 45921314, 0, 0, 0, 1635255479, 0, 0, 0, 0, 1489906255, 876024734, 1485291053, 2052375255, 714162130, 0, 2012137916, 1471867104],[0, 1631171712, 0, 1325268439, 2144464553, 0, -1, 0, 1123177585, 837929575, 0, 1678740970, 1007310004, 0, 1325127922, 0, 1206090224, 0, 507519657, 0, 1962048082, 160502702, 407266638, 608248940, 1422535833, 0, 44600125, 0, 1409119012, 0, 605932807, 0, 0, 0, 1222831135, 664811776, 0, 2077860349, 1471249728, 438094327, 295474592, 572705874, 0],[0, 725985520, 1751220677, 0, 2145525470, 0, 0, -1, 1124141309, 2126024229, 0, 1163911042, 1853473526, 2058344717, 0, 617261754, 0, 589329876, 1519736666, 1296922088, 1068620471, 638778688, 484809500, 2103280074, 0, 1827018781, 2089095732, 1523227555, 705341566, 695326847, 0, 1288639511, 1565027669, 0, 718888677, 151597522, 683800812, 0, 1726776548, 1073230426, 1356581877, 206204715, 0],[0, 0, 0, 2005335603, 372372417, 0, 1123177585, 1124141309, -1, 0, 0, 289600819, 0, 152364011, 0, 0, 1806990833, 882486243, 886109713, 1955521990, 365841740, 858300345, 1374379077, 1059104692, 548695262, 1535082991, 0, 1113246223, 814113923, 0, 0, 0, 486671969, 758116573, 1262212035, 731916151, 10471772, 1643666097, 1478238869, 1938103145, 0, 0, 11959451],[1744194713, 0, 693023597, 159459455, 0, 1024856801, 837929575, 2126024229, 0, -1, 1309053860, 1620353015, 1432887325, 0, 0, 1006135896, 1216260036, 1289499646, 11478509, 2017252951, 0, 566127070, 64805625, 0, 409609994, 1237893393, 0, 1787465826, 906572874, 1671914891, 0, 0, 699411542, 1597470101, 0, 267011759, 19767804, 0, 1947657668, 1032096323, 1077334045, 1486659670, 443631006],[766219688, 1396161083, 1665646132, 0, 0, 0, 0, 0, 0, 1309053860, -1, 313488793, 1475877750, 0, 1327366163, 147799704, 1295902210, 0, 0, 357053039, 177819571, 0, 1274621424, 0, 1959499434, 79511943, 0, 0, 1448164139, 0, 235035943, 0, 498237817, 620953730, 0, 737091046, 1633733780, 923454435, 0, 221353648, 0, 694401655, 147158689],[959952652, 1149222326, 0, 1269369015, 0, 1738169063, 1678740970, 1163911042, 289600819, 1620353015, 313488793, -1, 0, 0, 0, 250579224, 0, 0, 0, 199763879, 0, 982781889, 0, 1268916924, 0, 1668214265, 830227080, 0, 1171829705, 1511684049, 1886636734, 513163375, 0, 1925299137, 253907086, 0, 1160556053, 1801079711, 0, 976993026, 0, 0, 0],[0, 0, 1791104140, 1227832649, 1794168664, 1830266173, 1007310004, 1853473526, 0, 1432887325, 1475877750, 0, -1, 666533273, 0, 904644323, 2120352015, 1622645673, 0, 0, 616326891, 774116023, 0, 158616461, 1677532609, 0, 354824835, 2061364185, 0, 0, 872873983, 1003739299, 0, 267855452, 0, 1849098164, 1741964575, 0, 663226723, 59156293, 412336495, 1354984903, 381354975],[1131470941, 1281982108, 993918192, 1695150390, 1158065527, 1306119264, 0, 2058344717, 152364011, 0, 0, 0, 666533273, -1, 167745789, 288407387, 0, 479661410, 0, 1707158127, 1474179559, 0, 0, 0, 1349936776, 1973200358, 819018087, 1504085710, 523871183, 1206568523, 1645121291, 0, 0, 810987392, 0, 614083825, 477167214, 107522342, 638543161, 0, 313497299, 1743574863, 703142020],[0, 2028850219, 0, 0, 974686563, 1148156299, 1325127922, 0, 0, 0, 1327366163, 0, 0, 167745789, -1, 803450979, 0, 345791165, 0, 1873998929, 840518013, 0, 233866277, 0, 0, 0, 650882098, 1742168677, 1263346887, 0, 0, 0, 1352353422, 2063559239, 0, 0, 0, 1359190839, 505279432, 390968363, 1367400954, 1613261451, 0],[0, 0, 0, 916144987, 0, 2037065483, 0, 617261754, 0, 1006135896, 147799704, 250579224, 904644323, 288407387, 803450979, -1, 17922611, 0, 320855395, 164052112, 816775145, 0, 1540938261, 1572570413, 1697229424, 410638814, 974694423, 0, 0, 0, 178895291, 163615914, 2114810959, 258999311, 1305411558, 52953352, 0, 0, 1580406812, 13513724, 894879891, 660331973, 1879714122],[255597951, 2137110499, 1141119577, 0, 0, 957297267, 1206090224, 0, 1806990833, 1216260036, 1295902210, 0, 2120352015, 0, 0, 17922611, -1, 1287301582, 0, 375017651, 1768625725, 1117256246, 1721004058, 385491898, 2090751914, 1250127899, 1432877312, 0, 644180837, 1067860838, 0, 735187992, 0, 0, 0, 1010352730, 1586962038, 0, 849683769, 9744921, 2053034964, 0, 2100119086],[2066415022, 0, 1416833066, 1896829930, 2142044891, 481531787, 0, 589329876, 882486243, 1289499646, 0, 0, 1622645673, 479661410, 345791165, 0, 1287301582, -1, 1245188800, 583344928, 0, 1363400829, 681688748, 0, 48009241, 1012702898, 0, 0, 65932618, 0, 1379606433, 1728178388, 2013625307, 453109725, 1673650460, 1166545648, 2429798, 2116232961, 1743233189, 0, 1808338920, 1835929790, 1590457169],[1650283171, 0, 1421590692, 1919822553, 1670803890, 508339312, 507519657, 1519736666, 886109713, 11478509, 0, 0, 0, 0, 0, 320855395, 0, 1245188800, -1, 0, 1077611682, 121598499, 657277463, 1426926395, 227977911, 1992023578, 0, 813739699, 1348985143, 0, 531669136, 351331028, 0, 1030344117, 0, 1069748544, 2090080986, 479528623, 0, 956376780, 414157342, 0, 968885551],[1269193855, 1625063648, 819212134, 186922770, 723342830, 276913341, 0, 1296922088, 1955521990, 2017252951, 357053039, 199763879, 0, 1707158127, 1873998929, 164052112, 375017651, 583344928, 0, -1, 278025519, 171739956, 1255665377, 542632501, 1660041033, 0, 0, 795334151, 1911135213, 0, 0, 0, 0, 334006700, 1409033060, 1739917204, 0, 0, 572871712, 1747837654, 155819124, 1961937136, 0],[843458742, 0, 0, 1041457486, 1152500440, 227653386, 1962048082, 1068620471, 365841740, 0, 177819571, 0, 616326891, 1474179559, 840518013, 816775145, 1768625725, 0, 1077611682, 278025519, -1, 0, 731120012, 181257094, 0, 1485281720, 0, 0, 0, 721703622, 1951904569, 938746862, 1395073634, 271535596, 804216373, 0, 2061243517, 658817183, 1097436096, 1263596888, 122545362, 1357046924, 222412056],[0, 0, 0, 594168721, 927387854, 1455078923, 160502702, 638778688, 858300345, 566127070, 0, 982781889, 774116023, 0, 0, 0, 1117256246, 1363400829, 121598499, 171739956, 0, -1, 932719193, 0, 147047603, 498874957, 1942499607, 0, 2114971508, 1812003567, 1397668025, 2053829228, 0, 0, 720260105, 0, 0, 0, 0, 130202056, 917469356, 552820988, 0],[291144221, 897989594, 615333022, 0, 586345372, 0, 407266638, 484809500, 1374379077, 64805625, 1274621424, 0, 0, 0, 233866277, 1540938261, 1721004058, 681688748, 657277463, 1255665377, 731120012, 932719193, -1, 522772246, 0, 0, 0, 1597890615, 108086268, 1526881386, 0, 621059304, 0, 1956250685, 0, 722217600, 0, 0, 0, 618469133, 1100548239, 543931225, 0],[0, 561888452, 1754989932, 827153844, 38117914, 0, 608248940, 2103280074, 1059104692, 0, 0, 1268916924, 158616461, 0, 0, 1572570413, 385491898, 0, 1426926395, 542632501, 181257094, 0, 522772246, -1, 1775987720, 590963517, 0, 287748938, 0, 1580484244, 1131081371, 516722570, 1287565600, 0, 1944328306, 270111749, 790962970, 1130036440, 1607447171, 0, 1086440532, 1625672941, 0],[1997337165, 620030588, 898966642, 1390413669, 0, 579127464, 1422535833, 0, 548695262, 409609994, 1959499434, 0, 1677532609, 1349936776, 0, 1697229424, 2090751914, 48009241, 227977911, 1660041033, 0, 147047603, 0, 1775987720, -1, 1151201093, 0, 44016559, 1308216504, 1379196143, 0, 272434773, 0, 0, 808565938, 2058201424, 964551388, 1410707086, 2048306745, 1266498675, 98759285, 192076624, 1864864498],[204391695, 0, 128338917, 224469456, 426574958, 1938495877, 0, 1827018781, 1535082991, 1237893393, 79511943, 1668214265, 0, 1973200358, 0, 410638814, 1250127899, 1012702898, 1992023578, 0, 1485281720, 498874957, 0, 590963517, 1151201093, -1, 1710759089, 0, 940459692, 437333547, 1314505877, 1212258644, 0, 1396026500, 1236340941, 0, 1811043794, 0, 0, 0, 0, 0, 1838865865],[864595763, 1126394706, 917248061, 0, 1758839515, 45921314, 44600125, 2089095732, 0, 0, 0, 830227080, 354824835, 819018087, 650882098, 974694423, 1432877312, 0, 0, 0, 0, 1942499607, 0, 0, 0, 1710759089, -1, 1332731170, 0, 704864608, 0, 2082694202, 0, 914102639, 1015897785, 0, 0, 0, 0, 0, 1305043628, 3957281, 553734821],[841182302, 901547712, 1338460871, 0, 0, 0, 0, 1523227555, 1113246223, 1787465826, 0, 0, 2061364185, 1504085710, 1742168677, 0, 0, 0, 813739699, 795334151, 0, 0, 1597890615, 287748938, 44016559, 0, 1332731170, -1, 1656782342, 0, 1417512480, 0, 591723707, 1583058956, 1654502979, 1522554690, 0, 291137884, 0, 1729600382, 0, 0, 923404186],[1343043078, 0, 0, 1030202729, 1609800364, 0, 1409119012, 705341566, 814113923, 906572874, 1448164139, 1171829705, 0, 523871183, 1263346887, 0, 644180837, 65932618, 1348985143, 1911135213, 0, 2114971508, 108086268, 0, 1308216504, 940459692, 0, 1656782342, -1, 1825945732, 1112309702, 2078248310, 0, 765190144, 798767338, 0, 0, 0, 642658985, 0, 259714364, 1473614061, 327714240],[564074641, 0, 0, 78050295, 1544460370, 0, 0, 695326847, 0, 1671914891, 0, 1511684049, 0, 1206568523, 0, 0, 1067860838, 0, 0, 0, 721703622, 1812003567, 1526881386, 1580484244, 1379196143, 437333547, 704864608, 0, 1825945732, -1, 2141564378, 0, 1815140249, 2115403946, 0, 0, 1941095747, 0, 854769439, 633664269, 261601343, 1355945688, 0],[1837120886, 0, 1017320793, 826179707, 2142967422, 1635255479, 605932807, 0, 0, 0, 235035943, 1886636734, 872873983, 1645121291, 0, 178895291, 0, 1379606433, 531669136, 0, 1951904569, 1397668025, 0, 1131081371, 0, 1314505877, 0, 1417512480, 1112309702, 2141564378, -1, 0, 1812275281, 0, 1515603277, 1951513080, 737755146, 1565109451, 770144879, 0, 76461777, 1965225864, 501778995],[163622804, 658048109, 0, 853519292, 293711555, 0, 0, 1288639511, 0, 0, 0, 513163375, 1003739299, 0, 0, 163615914, 735187992, 1728178388, 351331028, 0, 938746862, 2053829228, 621059304, 516722570, 272434773, 1212258644, 2082694202, 0, 2078248310, 0, 0, -1, 328798404, 1839252905, 924277267, 195672549, 0, 1012537667, 0, 0, 67956434, 0, 1211835603],[1611901367, 1588597585, 530726375, 0, 356902218, 0, 0, 1565027669, 486671969, 699411542, 498237817, 0, 0, 0, 1352353422, 2114810959, 0, 2013625307, 0, 0, 1395073634, 0, 0, 1287565600, 0, 0, 0, 591723707, 0, 1815140249, 1812275281, 328798404, -1, 2009760497, 0, 1242782987, 1733046422, 554871916, 489160203, 1856871736, 0, 1289625684, 959148700],[0, 0, 0, 1290318274, 160550535, 0, 0, 0, 758116573, 1597470101, 620953730, 1925299137, 267855452, 810987392, 2063559239, 258999311, 0, 453109725, 1030344117, 334006700, 271535596, 0, 1956250685, 0, 0, 1396026500, 914102639, 1583058956, 765190144, 2115403946, 0, 1839252905, 2009760497, -1, 0, 1536025464, 264704050, 0, 0, 535468207, 0, 152402176, 532574778],[1815557920, 0, 1088212477, 1922538243, 874604256, 0, 1222831135, 718888677, 1262212035, 0, 0, 253907086, 0, 0, 0, 1305411558, 0, 1673650460, 0, 1409033060, 804216373, 720260105, 0, 1944328306, 808565938, 1236340941, 1015897785, 1654502979, 798767338, 0, 1515603277, 924277267, 0, 0, -1, 0, 0, 0, 0, 0, 845529340, 0, 1907146888],[1516362818, 1851095133, 718016253, 1362996575, 2015693043, 1489906255, 664811776, 151597522, 731916151, 267011759, 737091046, 0, 1849098164, 614083825, 0, 52953352, 1010352730, 1166545648, 1069748544, 1739917204, 0, 0, 722217600, 270111749, 2058201424, 0, 0, 1522554690, 0, 0, 1951513080, 195672549, 1242782987, 1536025464, 0, -1, 0, 989555049, 0, 969379771, 1595638306, 1929895656, 1281546783],[0, 2667822, 365340356, 539646711, 1569024957, 876024734, 0, 683800812, 10471772, 19767804, 1633733780, 1160556053, 1741964575, 477167214, 0, 0, 1586962038, 2429798, 2090080986, 0, 2061243517, 0, 0, 790962970, 964551388, 1811043794, 0, 0, 0, 1941095747, 737755146, 0, 1733046422, 264704050, 0, 0, -1, 0, 0, 878220014, 0, 177523863, 0],[496221203, 1163207201, 0, 313108200, 1258169070, 1485291053, 2077860349, 0, 1643666097, 0, 923454435, 1801079711, 0, 107522342, 1359190839, 0, 0, 2116232961, 479528623, 0, 658817183, 0, 0, 1130036440, 1410707086, 0, 0, 291137884, 0, 0, 1565109451, 1012537667, 554871916, 0, 0, 989555049, 0, -1, 0, 156891345, 263905402, 0, 0],[1663569300, 1392582839, 2090809299, 0, 1184807204, 2052375255, 1471249728, 1726776548, 1478238869, 1947657668, 0, 0, 663226723, 638543161, 505279432, 1580406812, 849683769, 1743233189, 0, 572871712, 1097436096, 0, 0, 1607447171, 2048306745, 0, 0, 0, 642658985, 854769439, 770144879, 0, 489160203, 0, 0, 0, 0, 0, -1, 490331655, 0, 1237929591, 0],[900410056, 855550897, 0, 540506348, 1257013749, 714162130, 438094327, 1073230426, 1938103145, 1032096323, 221353648, 976993026, 59156293, 0, 390968363, 13513724, 9744921, 0, 956376780, 1747837654, 1263596888, 130202056, 618469133, 0, 1266498675, 0, 0, 1729600382, 0, 633664269, 0, 0, 1856871736, 535468207, 0, 969379771, 878220014, 156891345, 490331655, -1, 1792568831, 1739905088, 977052082],[849629837, 123536698, 0, 0, 2096520362, 0, 295474592, 1356581877, 0, 1077334045, 0, 0, 412336495, 313497299, 1367400954, 894879891, 2053034964, 1808338920, 414157342, 155819124, 122545362, 917469356, 1100548239, 1086440532, 98759285, 0, 1305043628, 0, 259714364, 261601343, 76461777, 67956434, 0, 0, 845529340, 1595638306, 0, 263905402, 0, 1792568831, -1, 283481116, 1428170828],[1404281843, 1537737018, 0, 0, 631334907, 2012137916, 572705874, 206204715, 0, 1486659670, 694401655, 0, 1354984903, 1743574863, 1613261451, 660331973, 0, 1835929790, 0, 1961937136, 1357046924, 552820988, 543931225, 1625672941, 192076624, 0, 3957281, 0, 1473614061, 1355945688, 1965225864, 0, 1289625684, 152402176, 0, 1929895656, 177523863, 0, 1237929591, 1739905088, 283481116, -1, 560288835],[334665931, 0, 0, 2111640780, 555199262, 1471867104, 0, 0, 11959451, 443631006, 147158689, 0, 381354975, 703142020, 0, 1879714122, 2100119086, 1590457169, 968885551, 0, 222412056, 0, 0, 0, 1864864498, 1838865865, 553734821, 923404186, 327714240, 0, 501778995, 1211835603, 959148700, 532574778, 1907146888, 1281546783, 0, 0, 0, 977052082, 1428170828, 560288835, -1]]