13
[-1, 86, 92, 8, 96, 0, 0, 7, 11, 22, 0, 22, 48, 
86, -1, 53, 0, 47, 9, 0, 71, 40, 43, 100, 79, 0, 
92, 53, -1, 17, 0, 94, 0, 0, 0, 0, 0, 29, 0, 
8, 0, 17, -1, 19, 8, 0, 0, 41, 18, 0, 0, 23, 
96, 47, 0, 19, -1, 43, 0, 0, 0, 82, 91, 0, 2, 
0, 9, 94, 8, 43, -1, 44, 0, 0, 59, 32, 63, 14, 
0, 0, 0, 0, 0, 44, -1, 12, 0, 0, 99, 0, 89, 
7, 71, 0, 0, 0, 0, 12, -1, 65, 10, 6, 0, 46, 
11, 40, 0, 41, 0, 0, 0, 65, -1, 0, 0, 50, 94, 
22, 43, 0, 18, 82, 59, 0, 10, 0, -1, 0, 15, 44, 
0, 100, 0, 0, 91, 32, 99, 6, 0, 0, -1, 54, 73, 
22, 79, 29, 0, 0, 63, 0, 0, 50, 15, 54, -1, 31, 
48, 0, 0, 23, 2, 14, 89, 46, 94, 44, 73, 31, -1]