86
[[-1, 0, 1894837982, 0, 1492186729, 1130925146, 1229814007, 1568703025, 0, 0, 880914149, 0, 1388551676, 353637633, 983392010, 1290783681, 0, 1260639142, 0, 0, 1552307526, 1412384642, 300302824, 0, 29746012, 926959228, 402653491, 0, 0, 1533604147, 0, 1989400277, 551339509, 981119792, 2071830172, 2094298004, 1263449510, 0, 0, 874497743, 1323096788, 1036824107, 220461641, 0, 9498202, 0, 1497386828, 0, 0, 0, 765578764, 0, 0, 1991946721, 1634122326, 1381762739, 0, 2125154068, 0, 643697850, 249266467, 369025249, 2111114357, 0, 2034801300, 0, 1492763897, 0, 599870075, 0, 1704810122, 0, 1313401775, 1586878366, 0, 835547665, 2061110160, 0, 1160482413, 1844029793, 0, 0, 0, 222089821, 736359561, 0],[0, -1, 1384046547, 2057330287, 272258384, 776886175, 1947840435, 203379281, 0, 1539010497, 0, 0, 1382645320, 1057206674, 1145521980, 2073207902, 1862746913, 221465072, 858073619, 2102232283, 1425583140, 1493978924, 822181219, 94705839, 1136497271, 740447844, 185216156, 0, 0, 92943263, 1083758552, 1747410539, 724256423, 279458033, 1466055421, 366203901, 1621528826, 0, 1371343105, 0, 1051441500, 627474161, 337162266, 1618387889, 0, 2022439130, 6546216, 0, 978209560, 0, 1946966552, 768387893, 1276907327, 0, 1832379809, 617855675, 0, 1684593835, 572526885, 0, 985069551, 0, 0, 0, 0, 887462525, 800674097, 0, 785184550, 901007707, 1488218318, 0, 0, 1558383586, 1643673021, 0, 0, 2084122023, 676623252, 1547922813, 0, 0, 0, 2085487539, 1494708188, 978614169],[1894837982, 1384046547, -1, 1513606622, 0, 768143067, 412063422, 737993376, 0, 0, 0, 1721827986, 0, 0, 1948643909, 0, 1147697859, 0, 317872189, 1114723904, 1684246275, 418501923, 0, 0, 0, 22766682, 2025741100, 0, 0, 302152450, 540444320, 292846199, 0, 110787701, 0, 765135347, 1025743484, 2084302827, 1629500185, 0, 926238056, 449286563, 0, 71881597, 940371071, 0, 1136378257, 1706729332, 1001026233, 1185335601, 1387593427, 640063228, 0, 234949218, 0, 0, 1129542636, 0, 1334465065, 0, 2125650115, 1635424487, 0, 963455830, 0, 1212306736, 1530857735, 1476226785, 86403861, 0, 1646288279, 1630975503, 187384462, 1296993456, 417588876, 2130611231, 2062221629, 687456170, 805510473, 1183384430, 0, 516435861, 1542496607, 0, 2048864033, 714963647],[0, 2057330287, 1513606622, -1, 0, 895711865, 0, 0, 2103077724, 1292814954, 1062758523, 0, 1140755430, 0, 2090985097, 0, 1798891003, 1287636013, 981609573, 808930203, 0, 436753226, 910650776, 0, 0, 1694699394, 15194011, 0, 772051075, 0, 329903693, 848588134, 0, 1758715539, 0, 507436357, 1713720921, 1000662666, 922696559, 1119516629, 0, 314625000, 0, 1036468875, 0, 1884563691, 0, 660608548, 1220551338, 1861333413, 0, 566876529, 1703374295, 667898151, 1888529544, 97257514, 0, 806923862, 200016356, 213440112, 123396453, 0, 1028883557, 407510393, 1080011739, 1405973133, 1500597453, 847531567, 0, 1887647255, 193607659, 1787361055, 219365029, 1878177460, 701301750, 776659548, 0, 0, 0, 1719463145, 0, 882236606, 1241241952, 603591907, 0, 0],[1492186729, 272258384, 0, 0, -1, 0, 655974393, 1574583922, 1075527679, 0, 1236407261, 356522104, 2060708897, 1688629293, 0, 1822486820, 0, 1615834919, 980778490, 1507917118, 1414390087, 0, 0, 0, 1147542367, 753321561, 574901142, 37773513, 1153414953, 560340457, 0, 0, 119935461, 704197110, 2048531193, 1575744125, 0, 0, 512653959, 1380556122, 510450660, 2135314220, 77781657, 1281234559, 1447411732, 1953892462, 667881366, 0, 0, 1372784643, 0, 837733454, 0, 699423231, 48005061, 1011270596, 0, 0, 0, 2051878783, 660375498, 19655057, 0, 0, 7947925, 2122120112, 742516432, 803537342, 699237504, 1181752069, 141636196, 420020399, 0, 0, 1244239485, 1617700360, 1707229621, 582860997, 354997811, 1793961463, 1712837092, 0, 1801946201, 1689428066, 1051909437, 641588277],[1130925146, 776886175, 768143067, 895711865, 0, -1, 0, 1032321197, 370046338, 0, 1935097937, 1137590500, 1262502414, 548591859, 0, 1498899944, 1001756747, 495927394, 1730312245, 1533205160, 0, 1600647070, 1130202206, 1126460185, 1471171782, 1135956529, 1131885046, 1973537558, 1953470710, 1916777772, 1501755795, 0, 855233749, 683250258, 0, 699842266, 0, 1922848879, 102788413, 683904401, 980335979, 1719559974, 948121324, 1666596646, 517117264, 2016357561, 210601254, 1129165774, 768536264, 191930630, 0, 454446424, 1833015473, 0, 0, 1654945067, 1795424530, 0, 1144343134, 153967344, 1939868483, 1238743282, 290351632, 0, 1782206877, 1823996397, 2109426389, 0, 776362435, 408523739, 1330698247, 640964137, 1008947773, 1966807613, 2065163843, 867496919, 422852199, 1289904069, 0, 1427280597, 163641881, 969482185, 0, 0, 1960835291, 1060328013],[1229814007, 1947840435, 412063422, 0, 655974393, 0, -1, 0, 1868193036, 2118036601, 1879406428, 827911130, 0, 603342112, 1997081446, 0, 0, 734076441, 1321057434, 1585974057, 433108919, 549219454, 1246070555, 1069470092, 824762614, 643787298, 1644689201, 1674651396, 0, 1591443675, 2037359029, 0, 885324743, 0, 0, 1432651400, 1922843016, 0, 1914501917, 291531148, 1463044474, 0, 1160491132, 2105385502, 1483112761, 374481027, 708331051, 0, 196956463, 1200946961, 0, 0, 346820022, 9685010, 404802417, 1217142642, 0, 0, 1693732313, 0, 1439982271, 1015459553, 1516883152, 303628450, 1961392464, 2043955559, 388457942, 0, 960527248, 957565652, 0, 0, 515802464, 779070563, 0, 606958470, 1686353815, 1632096951, 0, 0, 0, 1796814017, 0, 611008761, 0, 1998837579],[1568703025, 203379281, 737993376, 0, 1574583922, 1032321197, 0, -1, 705043326, 1952148747, 1706442200, 127469416, 0, 0, 886327852, 530629117, 0, 1949797630, 1873629300, 1119354532, 0, 624326743, 1609209396, 0, 0, 0, 1693560220, 1082884485, 13261879, 0, 2050334195, 0, 364421291, 0, 0, 1891502805, 0, 486514164, 0, 1757187808, 1255305393, 228857884, 1854916846, 1819468456, 0, 1079058418, 0, 2051700358, 0, 866256044, 512488478, 1258810632, 0, 0, 521265731, 0, 1041874249, 0, 1814489724, 1857528350, 2116729239, 1880223487, 1940054258, 2083984275, 2058833323, 0, 0, 0, 0, 2091378250, 1450473741, 1534194521, 1387580353, 0, 0, 1003941948, 1762616453, 121091053, 0, 1786546345, 1159887966, 1563965228, 511972150, 1705999847, 1453923349, 1733177407],[0, 0, 0, 2103077724, 1075527679, 370046338, 1868193036, 705043326, -1, 0, 0, 0, 1566146443, 1192743631, 0, 573010541, 76297957, 1304047687, 44047756, 928289225, 0, 1845636860, 672549844, 0, 0, 0, 1318540196, 0, 15865057, 303160624, 0, 519228935, 1620375813, 1584766180, 0, 2401855, 1410034286, 1770037337, 119412241, 1399916910, 578204683, 1191622621, 0, 1245603973, 843838771, 2059187252, 741766124, 941698716, 494375361, 0, 1955126553, 219107980, 0, 1358121798, 1583991129, 0, 0, 1635045, 1439753009, 1698993555, 1188515325, 637946695, 0, 0, 0, 397259018, 800023307, 721142977, 157873283, 1914126463, 920828439, 0, 40865020, 1743466541, 160424295, 755759336, 0, 1860702174, 1424786142, 0, 1973362177, 596638440, 868195401, 110480138, 1444032127, 61203457],[0, 1539010497, 0, 1292814954, 0, 0, 2118036601, 1952148747, 0, -1, 1782036449, 1974756447, 1768819869, 0, 0, 1286474369, 0, 0, 732881504, 234079398, 157409681, 1453603005, 0, 1356636615, 0, 0, 1826476796, 26131499, 0, 0, 0, 0, 1234045006, 0, 0, 0, 0, 828534261, 432239677, 2039605424, 1097540622, 1318250241, 0, 697984358, 0, 0, 1933490130, 0, 0, 29183626, 0, 580699639, 1350792564, 0, 1040899184, 237770340, 2098249101, 0, 506262869, 0, 1983423086, 0, 0, 2068092575, 462590216, 1125988879, 249867230, 905628539, 1299732941, 0, 0, 504176707, 367518404, 1290828655, 0, 19430655, 1970702991, 936921085, 193016446, 0, 546525550, 181267299, 1976447491, 376781270, 0, 241560499],[880914149, 0, 0, 1062758523, 1236407261, 1935097937, 1879406428, 1706442200, 0, 1782036449, -1, 1948218493, 851785264, 115390474, 2032155530, 945039241, 638182550, 0, 33003737, 329656637, 305981867, 752296373, 1853196665, 0, 1462320987, 1581254897, 366802177, 534506113, 0, 964818416, 0, 899227886, 789834710, 191967956, 0, 771515312, 682185786, 1597411794, 109564937, 1227162807, 0, 357055300, 0, 0, 691092170, 0, 2040064808, 641983768, 2133408732, 1019019559, 284932918, 806998741, 793567242, 1847654518, 388800875, 717425133, 1274355035, 0, 1650543215, 0, 744690867, 0, 1560926283, 1739134373, 1254966327, 0, 1260888764, 352229482, 1403018915, 1703876865, 1640517627, 161842243, 1333398297, 2001321776, 0, 1343287988, 694141942, 1643566337, 369333198, 857952395, 0, 0, 1592631882, 0, 1975592371, 0],[0, 0, 1721827986, 0, 356522104, 1137590500, 827911130, 127469416, 0, 1974756447, 1948218493, -1, 1453321876, 1197437803, 2103296471, 1908614822, 440255215, 1955488275, 468873285, 1194018869, 0, 0, 77774505, 574541542, 199797182, 356173849, 0, 1180012974, 0, 681887456, 1715355226, 2054226255, 0, 0, 0, 442481934, 1212248289, 670368900, 1135977476, 1936308424, 0, 1421027484, 1122689745, 1544063770, 0, 0, 564687060, 98835737, 713393526, 1870147730, 2021591192, 835322177, 735761569, 1922750536, 0, 0, 1701377287, 1666649680, 890538412, 171413882, 895355643, 1111487772, 1598827323, 1708328795, 0, 149808879, 382767357, 1210271485, 1642913276, 0, 1106727005, 0, 1903455520, 0, 1091792780, 1991818212, 1103835220, 1815747153, 0, 1437233231, 1251969746, 916024744, 2012754017, 1438548910, 1939795079, 2085338472],[1388551676, 1382645320, 0, 1140755430, 2060708897, 1262502414, 0, 0, 1566146443, 1768819869, 851785264, 1453321876, -1, 852521292, 0, 1870152599, 0, 1051675940, 2018485015, 260530748, 1115933724, 1088307715, 0, 25200652, 1486700809, 657110710, 2069826516, 0, 933398192, 0, 915378659, 1156895520, 0, 0, 0, 992533328, 966172968, 0, 1783901395, 1130842951, 439589992, 632528107, 0, 1674082638, 1386758302, 0, 0, 1617842197, 0, 437809750, 0, 1226317522, 0, 2070389820, 0, 1552029385, 1035122134, 0, 1379434105, 0, 1270942377, 1988921461, 0, 0, 256894723, 1500012873, 1102895785, 492645269, 0, 0, 0, 496469704, 1026835695, 0, 257486035, 929339444, 0, 683195274, 1461447456, 0, 1196433021, 1692854342, 1110059994, 2020343987, 1623815898, 539963857],[353637633, 1057206674, 0, 0, 1688629293, 548591859, 603342112, 0, 1192743631, 0, 115390474, 1197437803, 852521292, -1, 1509463394, 0, 0, 597738526, 1503625975, 1996622375, 508543749, 1864956801, 768542111, 48052173, 1452108193, 1800677444, 1406180255, 0, 1965280624, 0, 0, 1544224288, 502670841, 1034020368, 1768606538, 1100904572, 0, 262438976, 1722773864, 1697485087, 762575992, 0, 1863349393, 923762484, 2111947297, 0, 2063489347, 489837596, 347762760, 1716310773, 182697753, 1451503332, 52632500, 670827338, 564912331, 0, 179170689, 264801461, 0, 1298124066, 0, 1420075390, 543883613, 1809394095, 0, 1703926264, 0, 989327386, 1403378644, 783441525, 413846846, 1157160011, 913384359, 990223511, 2076916882, 228830417, 1878728717, 0, 2015544842, 1389807933, 580485096, 611455616, 0, 623188869, 1378075079, 0],[983392010, 1145521980, 1948643909, 2090985097, 0, 0, 1997081446, 886327852, 0, 0, 2032155530, 2103296471, 0, 1509463394, -1, 37743974, 410827114, 0, 712655866, 1347109092, 2061361968, 0, 646067333, 1033082529, 1993367141, 372083639, 1125697141, 1102887077, 0, 0, 1307134689, 1332767144, 1325745367, 0, 1746808213, 1695136729, 0, 1318912664, 2124201739, 790266205, 1670867006, 1277210900, 546041142, 1975142083, 0, 21110076, 328743468, 1260499369, 1261721804, 1437605213, 877870451, 237004128, 1616092973, 1914475856, 1584443265, 517948103, 1166548663, 1714726142, 2109407498, 6558197, 1653505276, 343350779, 0, 161853632, 1533654347, 219612523, 1599013324, 0, 1287608795, 752856469, 197884540, 304642297, 0, 0, 511573163, 1867923700, 383681270, 854044946, 1526291789, 699358498, 1951115251, 1026729039, 350296455, 0, 0, 0],[1290783681, 2073207902, 0, 0, 1822486820, 1498899944, 0, 530629117, 573010541, 1286474369, 945039241, 1908614822, 1870152599, 0, 37743974, -1, 0, 1634233368, 242426919, 0, 836219311, 287117121, 0, 0, 286895659, 1818767638, 0, 1387602894, 863250591, 0, 2004475007, 0, 0, 390839017, 1158055671, 0, 896475991, 681893772, 0, 1538296070, 0, 0, 1885773691, 0, 2037299590, 1801540259, 1217777894, 291482387, 0, 802417172, 1886727942, 1641000618, 944958865, 0, 226235681, 0, 0, 2079887877, 778778703, 2072236924, 1014568152, 1869579351, 1544440508, 1101848158, 1219171756, 1812766478, 0, 0, 0, 864644570, 1245096084, 1669933534, 0, 1494211324, 487058004, 1399633692, 104804487, 0, 878437339, 495560235, 922225533, 1573810853, 1396902428, 1099823558, 0, 1020513640],[0, 1862746913, 1147697859, 1798891003, 0, 1001756747, 0, 0, 76297957, 0, 638182550, 440255215, 0, 0, 410827114, 0, -1, 430639216, 0, 739007227, 916918299, 0, 1591100418, 129698620, 1188393476, 0, 2118614801, 253912771, 248791789, 0, 130922860, 1321669903, 655293549, 1691214520, 0, 1793493597, 1173696917, 0, 0, 104108887, 0, 1579382845, 0, 1110310122, 1857105883, 0, 0, 1480036103, 826486331, 0, 1646629709, 0, 0, 1688553508, 0, 1788545434, 641199072, 2064222749, 0, 0, 1540282511, 1689898784, 1611397788, 0, 548951358, 965857910, 702060365, 0, 1867499736, 385119031, 408939186, 0, 0, 1577384532, 0, 749593165, 1646566448, 0, 0, 1321659275, 0, 0, 1751362425, 1040884243, 2099908511, 0],[1260639142, 221465072, 0, 1287636013, 1615834919, 495927394, 734076441, 1949797630, 1304047687, 0, 0, 1955488275, 1051675940, 597738526, 0, 1634233368, 430639216, -1, 616377479, 389702083, 144960304, 1211400018, 481681587, 1070611234, 0, 0, 0, 408659248, 0, 0, 1675785543, 412912338, 0, 1740816835, 340469097, 1595452797, 9241701, 0, 194965064, 1535628639, 544208744, 756167507, 1291743896, 0, 237525522, 1030571621, 165444401, 0, 118615599, 1892663082, 15666895, 410482338, 0, 1615387551, 1805724766, 338700891, 101306337, 127617794, 594979452, 543329095, 1016001589, 1816942782, 0, 1868871828, 1519040574, 0, 0, 838337097, 0, 515516862, 1253083583, 1610639907, 0, 1257736430, 418861306, 885418523, 91745897, 2005281040, 0, 563729187, 325819875, 1094494999, 557702316, 246968521, 1545852109, 0],[0, 858073619, 317872189, 981609573, 980778490, 1730312245, 1321057434, 1873629300, 44047756, 732881504, 33003737, 468873285, 2018485015, 1503625975, 712655866, 242426919, 0, 616377479, -1, 0, 524622133, 772515655, 0, 0, 932131536, 1550935965, 631673529, 11738789, 307831538, 459766089, 66002025, 145910639, 1846026155, 1552106301, 0, 1349940225, 1079030838, 0, 0, 849384059, 357933365, 1843053479, 0, 1676886296, 955113835, 1440400214, 0, 0, 0, 0, 1080078265, 0, 310385171, 1181600313, 228452510, 0, 0, 402851996, 1893357976, 1223076932, 1604099813, 0, 297670335, 0, 1278061286, 0, 310346063, 0, 473031262, 0, 1375328368, 1836786026, 1987015823, 1098704893, 1864713536, 0, 1915957339, 840297403, 1582986690, 252254944, 514254817, 1035183975, 1672072971, 0, 112062918, 323421481],[0, 2102232283, 1114723904, 808930203, 1507917118, 1533205160, 1585974057, 1119354532, 928289225, 234079398, 329656637, 1194018869, 260530748, 1996622375, 1347109092, 0, 739007227, 389702083, 0, -1, 0, 0, 1158848031, 0, 928493914, 610209961, 0, 0, 874658281, 0, 170291139, 0, 728812447, 368565399, 0, 1034089646, 1219963729, 1863677184, 304430547, 0, 0, 163682543, 674051572, 356761564, 0, 0, 847812093, 1925826463, 0, 0, 1404889804, 108414327, 1803564274, 1573891868, 60106541, 0, 2115733777, 500881335, 0, 2108795850, 1682713082, 2053434208, 165789901, 852381290, 854260309, 465604655, 1414474133, 117925250, 0, 142453187, 1297577552, 0, 2074216032, 710188798, 1100013715, 257965817, 2103232053, 0, 1608918356, 1498228758, 43366498, 0, 280765669, 0, 1994051146, 1040766960],[1552307526, 1425583140, 1684246275, 0, 1414390087, 0, 433108919, 0, 0, 157409681, 305981867, 0, 1115933724, 508543749, 2061361968, 836219311, 916918299, 144960304, 524622133, 0, -1, 782565766, 0, 889027857, 772368069, 1335607384, 115946616, 1474958821, 1651323402, 1960796075, 1669233981, 0, 821605937, 0, 74607821, 1088873918, 0, 152012257, 1614643852, 493077108, 3949373, 1817901230, 312295561, 317943545, 0, 747784745, 1252517968, 423335327, 0, 1643927446, 0, 0, 133107199, 1222688491, 1292753372, 1853115879, 0, 1025141850, 0, 1493908475, 0, 1092668226, 736197223, 1929546614, 0, 618029777, 504676612, 1265946198, 853394716, 508347493, 2076005441, 1071218983, 367454484, 0, 587136584, 1023160369, 0, 66109349, 800373559, 1009495952, 1047565795, 1835357826, 468762549, 0, 2143712094, 1147462390],[1412384642, 1493978924, 418501923, 436753226, 0, 1600647070, 549219454, 624326743, 1845636860, 1453603005, 752296373, 0, 1088307715, 1864956801, 0, 287117121, 0, 1211400018, 772515655, 0, 782565766, -1, 17866219, 1174712365, 1823120120, 0, 1326791182, 1636773695, 478702288, 0, 54779339, 0, 1612756590, 1385641620, 0, 0, 0, 0, 514234505, 0, 135993552, 220169048, 212247522, 0, 0, 0, 1310299524, 0, 0, 0, 341310208, 0, 1703141902, 1430623175, 184002928, 141660162, 0, 1259673992, 2093482476, 0, 2129756206, 311115007, 1245109843, 1653572320, 559343256, 665130223, 1366746345, 1471993701, 547596994, 0, 1444441150, 963551555, 1408925624, 217203073, 0, 623186679, 1635753261, 1684376598, 470341977, 0, 1003311528, 632156925, 0, 0, 0, 0],[300302824, 822181219, 0, 910650776, 0, 1130202206, 1246070555, 1609209396, 672549844, 0, 1853196665, 77774505, 0, 768542111, 646067333, 0, 1591100418, 481681587, 0, 1158848031, 0, 17866219, -1, 306378781, 0, 0, 533194888, 0, 0, 0, 1103744293, 147785987, 2114867733, 0, 381685979, 42127727, 1494034394, 769295612, 676513729, 0, 0, 0, 262984629, 0, 1443877568, 0, 0, 0, 349916786, 0, 0, 0, 0, 167770840, 168756723, 0, 992692395, 286926749, 566524299, 336188419, 1591672033, 0, 0, 84303511, 0, 856442533, 0, 487505873, 1703239981, 772926700, 1965440211, 0, 1017921327, 0, 1942613090, 0, 0, 100001260, 1531903026, 0, 454015533, 149422708, 0, 2058617621, 0, 1597432735],[0, 94705839, 0, 0, 0, 1126460185, 1069470092, 0, 0, 1356636615, 0, 574541542, 25200652, 48052173, 1033082529, 0, 129698620, 1070611234, 0, 0, 889027857, 1174712365, 306378781, -1, 0, 0, 0, 0, 363398197, 1277356132, 224165960, 396384530, 1411934299, 0, 0, 426391463, 1350220617, 1100061659, 0, 1965622633, 595155235, 610091677, 432179851, 0, 121944958, 1749769147, 89288983, 245217448, 1445200563, 0, 358181594, 2095215572, 926115805, 0, 1359283181, 822698898, 0, 1274261455, 1753098183, 2005074454, 892475834, 0, 0, 2022701346, 930055429, 1444788174, 0, 1208725946, 2007253370, 360507325, 320224816, 0, 0, 914545195, 348463898, 378361115, 628200185, 1109176372, 1146737900, 0, 0, 317142980, 932659512, 512005489, 1148424317, 1849863475],[29746012, 1136497271, 0, 0, 1147542367, 1471171782, 824762614, 0, 0, 0, 1462320987, 199797182, 1486700809, 1452108193, 1993367141, 286895659, 1188393476, 0, 932131536, 928493914, 772368069, 1823120120, 0, 0, -1, 1042377546, 288043464, 0, 2104468855, 0, 875002687, 978046765, 237633753, 531754959, 687020370, 0, 1483499433, 462346985, 1925322806, 0, 0, 1211895177, 0, 560862289, 895731345, 2088503505, 1566170735, 0, 626497930, 251134337, 1850425570, 0, 0, 1202141772, 0, 43767909, 802958012, 0, 0, 0, 2119895989, 631343088, 792086469, 1604320036, 0, 1773792134, 2015981900, 361695741, 1639356478, 1106468446, 835296790, 0, 0, 1532659313, 1878866647, 0, 720344821, 1577418771, 0, 1898746482, 694297328, 557740601, 0, 0, 0, 1892573236],[926959228, 740447844, 22766682, 1694699394, 753321561, 1135956529, 643787298, 0, 0, 0, 1581254897, 356173849, 657110710, 1800677444, 372083639, 1818767638, 0, 0, 1550935965, 610209961, 1335607384, 0, 0, 0, 1042377546, -1, 1027149423, 0, 0, 757831175, 1205586351, 654287960, 1838567082, 1013721091, 273148861, 1100204700, 490599859, 449005720, 964260004, 1786109390, 1445565550, 216737770, 2122051612, 1028153478, 699552086, 0, 1627961680, 2147362423, 0, 0, 0, 0, 297753924, 1765702528, 1631944640, 521111348, 169235145, 552935016, 0, 0, 801929583, 927973017, 0, 2016206040, 536695251, 858508073, 591823533, 274397682, 0, 2017715724, 1580775402, 1075624236, 0, 227471853, 907941205, 1913820137, 784777770, 0, 1383096357, 937533447, 963722411, 0, 1481942567, 455245884, 136381269, 0],[402653491, 185216156, 2025741100, 15194011, 574901142, 1131885046, 1644689201, 1693560220, 1318540196, 1826476796, 366802177, 0, 2069826516, 1406180255, 1125697141, 0, 2118614801, 0, 631673529, 0, 115946616, 1326791182, 533194888, 0, 288043464, 1027149423, -1, 1256429633, 179603130, 550364301, 696130474, 213270974, 0, 11997088, 0, 619585358, 0, 0, 7830323, 1389814491, 900759677, 1007716708, 0, 1181032036, 1079599074, 432512725, 0, 0, 603071129, 1228324503, 0, 1330548584, 1884831696, 0, 0, 1813135373, 0, 0, 0, 1872413625, 998665639, 749736618, 925656276, 603988558, 0, 494995422, 2148011, 222303750, 0, 473983039, 0, 0, 0, 1698955587, 0, 0, 585711134, 606934831, 1681154223, 469620322, 0, 1631256376, 2014113245, 0, 1974396872, 1904297380],[0, 0, 0, 0, 37773513, 1973537558, 1674651396, 1082884485, 0, 26131499, 534506113, 1180012974, 0, 0, 1102887077, 1387602894, 253912771, 408659248, 11738789, 0, 1474958821, 1636773695, 0, 0, 0, 0, 1256429633, -1, 1131732815, 696057698, 0, 1533914321, 2026749332, 1889580538, 672738217, 0, 1031221846, 0, 0, 0, 20574561, 816803128, 1087384172, 0, 1622034486, 0, 0, 2136937700, 1525795340, 0, 1116609156, 1062753676, 0, 1540844746, 1769467515, 48620356, 0, 1017051249, 1301571546, 1928625651, 843042954, 2057184949, 1241631156, 576012811, 0, 1714888402, 0, 216892582, 0, 0, 1554142348, 1943356936, 0, 0, 0, 441753029, 1598855742, 0, 0, 0, 0, 576978442, 1479228210, 0, 0, 5808007],[0, 0, 0, 772051075, 1153414953, 1953470710, 0, 13261879, 15865057, 0, 0, 0, 933398192, 1965280624, 0, 863250591, 248791789, 0, 307831538, 874658281, 1651323402, 478702288, 0, 363398197, 2104468855, 0, 179603130, 1131732815, -1, 1941198373, 0, 374142864, 54322792, 1486703587, 0, 1747468544, 388147412, 239419250, 0, 804985227, 966914437, 522313539, 2069274295, 364679261, 1875283160, 90424431, 1753065351, 0, 1645759822, 417855645, 737969286, 0, 0, 0, 414782974, 1448519065, 994669995, 1071574207, 0, 1449052566, 50173626, 2101128023, 19622395, 179489246, 51654605, 405865193, 640832374, 713071938, 978340343, 0, 842807, 1159896716, 395975324, 1824843140, 0, 1699853824, 0, 0, 57520027, 0, 880158254, 0, 421867160, 0, 1953467320, 949767444],[1533604147, 92943263, 302152450, 0, 560340457, 1916777772, 1591443675, 0, 303160624, 0, 964818416, 681887456, 0, 0, 0, 0, 0, 0, 459766089, 0, 1960796075, 0, 0, 1277356132, 0, 757831175, 550364301, 696057698, 1941198373, -1, 1298060963, 1677649904, 313004156, 0, 381540052, 788624256, 1063062825, 1601650673, 0, 0, 0, 1098636037, 1207379812, 545599681, 0, 2025785119, 1043194193, 71420969, 1614635423, 265113515, 0, 0, 1373069510, 1730941696, 1810453110, 1933634446, 0, 1837506038, 398598384, 0, 1063778879, 44696699, 671819604, 449867990, 0, 1139247631, 2099445150, 1061546589, 1269293480, 1348918301, 17878375, 1733949757, 1387637647, 1843262941, 1380139085, 1426546059, 0, 726046379, 2015822672, 0, 1948523971, 1308338993, 553665538, 371638073, 0, 881706264],[0, 1083758552, 540444320, 329903693, 0, 1501755795, 2037359029, 2050334195, 0, 0, 0, 1715355226, 915378659, 0, 1307134689, 2004475007, 130922860, 1675785543, 66002025, 170291139, 1669233981, 54779339, 1103744293, 224165960, 875002687, 1205586351, 696130474, 0, 0, 1298060963, -1, 0, 929465460, 747107235, 1025280091, 1199805177, 183544925, 0, 1536447392, 0, 0, 1418577964, 825651179, 0, 0, 0, 2103734585, 0, 0, 0, 150681662, 1931697447, 77878260, 0, 0, 1861840230, 412528950, 0, 0, 1871179695, 664874800, 602887521, 933809386, 1318448359, 0, 337457966, 1830075959, 1275765127, 2096472412, 0, 1773690790, 778590799, 0, 2055845301, 0, 2003860995, 291998009, 700720004, 0, 1007734311, 0, 1342654981, 0, 2052273251, 1816910826, 232188404],[1989400277, 1747410539, 292846199, 848588134, 0, 0, 0, 0, 519228935, 0, 899227886, 2054226255, 1156895520, 1544224288, 1332767144, 0, 1321669903, 412912338, 145910639, 0, 0, 0, 147785987, 396384530, 978046765, 654287960, 213270974, 1533914321, 374142864, 1677649904, 0, -1, 0, 944754902, 875742290, 156232439, 1743739583, 0, 0, 759032969, 0, 638012700, 681947244, 0, 0, 605447588, 0, 1448261821, 861117227, 0, 715978321, 1824656232, 0, 1798210678, 0, 1810794932, 0, 0, 884861118, 0, 0, 1106532477, 712307616, 619280817, 0, 1934458430, 0, 503104105, 0, 1224862090, 1549973072, 0, 1024237990, 1490686320, 0, 0, 0, 751282899, 0, 2132284557, 0, 0, 306958878, 2002491318, 0, 21052266],[551339509, 724256423, 0, 0, 119935461, 855233749, 885324743, 364421291, 1620375813, 1234045006, 789834710, 0, 0, 502670841, 1325745367, 0, 655293549, 0, 1846026155, 728812447, 821605937, 1612756590, 2114867733, 1411934299, 237633753, 1838567082, 0, 2026749332, 54322792, 313004156, 929465460, 0, -1, 1251750248, 884022710, 0, 1876362569, 250965233, 853948593, 452159356, 1804577972, 0, 0, 0, 0, 933734453, 1491602845, 1497606840, 995904705, 0, 2049811843, 2143727329, 1565493130, 1985068896, 376865142, 318284843, 1390194860, 404464474, 365234137, 0, 0, 1262911705, 1857130534, 457319590, 1208161605, 1545914991, 0, 0, 822594223, 2114723641, 15691926, 0, 0, 1606713311, 0, 1351154889, 948770545, 1573992278, 1906861274, 1230379045, 987374426, 733078462, 0, 0, 0, 479936569],[981119792, 279458033, 110787701, 1758715539, 704197110, 683250258, 0, 0, 1584766180, 0, 191967956, 0, 0, 1034020368, 0, 390839017, 1691214520, 1740816835, 1552106301, 368565399, 0, 1385641620, 0, 0, 531754959, 1013721091, 11997088, 1889580538, 1486703587, 0, 747107235, 944754902, 1251750248, -1, 119445115, 2104207927, 723801973, 1479401785, 0, 0, 0, 1256737815, 1877336811, 0, 0, 1943759883, 0, 635933745, 2014872594, 0, 749197731, 56573754, 0, 0, 1013493695, 927609695, 0, 1252754426, 485913192, 1983689516, 2096693476, 916983061, 1259264445, 870388170, 0, 1311940739, 248737494, 1260041919, 372136899, 0, 1238043049, 1519965584, 1132054690, 0, 0, 2050286244, 249398947, 1375837635, 1426670908, 680592329, 1516569478, 591949102, 1151212, 1576121879, 0, 0],[2071830172, 1466055421, 0, 0, 2048531193, 0, 0, 0, 0, 0, 0, 0, 0, 1768606538, 1746808213, 1158055671, 0, 340469097, 0, 0, 74607821, 0, 381685979, 0, 687020370, 273148861, 0, 672738217, 0, 381540052, 1025280091, 875742290, 884022710, 119445115, -1, 914676448, 2108218957, 0, 726214858, 320312492, 0, 1430141927, 1040935441, 0, 0, 109822485, 0, 0, 908676114, 539667552, 1577894884, 132604968, 225059035, 1733331322, 510498378, 1578646781, 971641259, 180281148, 0, 658872245, 1331575857, 0, 460172393, 5638035, 0, 0, 0, 1322286358, 470728238, 1511998179, 1223083920, 1925575447, 728679773, 1606997095, 1869308298, 1411819903, 2031792087, 1481034866, 785567790, 0, 0, 0, 1405553822, 0, 679341902, 1060975412],[2094298004, 366203901, 765135347, 507436357, 1575744125, 699842266, 1432651400, 1891502805, 2401855, 0, 771515312, 442481934, 992533328, 1100904572, 1695136729, 0, 1793493597, 1595452797, 1349940225, 1034089646, 1088873918, 0, 42127727, 426391463, 0, 1100204700, 619585358, 0, 1747468544, 788624256, 1199805177, 156232439, 0, 2104207927, 914676448, -1, 799942216, 652232944, 623882024, 0, 185122733, 1961616597, 1788799196, 1548427071, 2060300757, 1112564576, 0, 2104972072, 0, 2005623323, 925825763, 256870765, 1966618384, 1027179666, 1559986392, 2090739243, 529471482, 1539010066, 1889783895, 0, 334506773, 1457970924, 745054037, 0, 1039355487, 1681096997, 1917560361, 21246407, 462852144, 1402440594, 592518263, 0, 944744641, 0, 0, 1917903046, 831292127, 724621015, 1223443426, 885749089, 1682309865, 0, 1119454112, 407936760, 0, 562816204],[1263449510, 1621528826, 1025743484, 1713720921, 0, 0, 1922843016, 0, 1410034286, 0, 682185786, 1212248289, 966172968, 0, 0, 896475991, 1173696917, 9241701, 1079030838, 1219963729, 0, 0, 1494034394, 1350220617, 1483499433, 490599859, 0, 1031221846, 388147412, 1063062825, 183544925, 1743739583, 1876362569, 723801973, 2108218957, 799942216, -1, 416549608, 1399238839, 1335344067, 222306622, 0, 1803395391, 1354025863, 0, 0, 1596713161, 0, 740899803, 1648448398, 0, 0, 1891906339, 0, 0, 0, 0, 0, 204636988, 1912391796, 1599745461, 1845021460, 0, 1082234672, 1263335923, 1147951688, 497370097, 648573417, 0, 635619667, 357530680, 0, 40724982, 32931119, 891919333, 0, 1737564733, 1084911722, 1690021206, 0, 0, 1219290363, 0, 0, 1751795372, 1816961354],[0, 0, 2084302827, 1000662666, 0, 1922848879, 0, 486514164, 1770037337, 828534261, 1597411794, 670368900, 0, 262438976, 1318912664, 681893772, 0, 0, 0, 1863677184, 152012257, 0, 769295612, 1100061659, 462346985, 449005720, 0, 0, 239419250, 1601650673, 0, 0, 250965233, 1479401785, 0, 652232944, 416549608, -1, 0, 1354994037, 365027067, 1194306228, 0, 78114426, 1901065353, 0, 875366090, 0, 0, 1179584173, 669483382, 2141099508, 1283365079, 1037883930, 356885308, 399705780, 440838587, 1008923722, 883513363, 1495840736, 1087086209, 2119912138, 1058925032, 665324958, 457335794, 0, 0, 1487969581, 0, 1131053639, 1856555061, 983273854, 1488358540, 2125942783, 0, 0, 0, 1971890720, 2117781771, 0, 683121834, 1364519092, 0, 1588084199, 273271306, 732433600],[0, 1371343105, 1629500185, 922696559, 512653959, 102788413, 1914501917, 0, 119412241, 432239677, 109564937, 1135977476, 1783901395, 1722773864, 2124201739, 0, 0, 194965064, 0, 304430547, 1614643852, 514234505, 676513729, 0, 1925322806, 964260004, 7830323, 0, 0, 0, 1536447392, 0, 853948593, 0, 726214858, 623882024, 1399238839, 0, -1, 1243301627, 0, 792455017, 854949724, 0, 174329663, 0, 1893347930, 116678613, 874980736, 289702477, 670492442, 0, 0, 682436063, 0, 0, 0, 0, 0, 0, 0, 1210007068, 0, 0, 0, 19062647, 1496268093, 730256437, 0, 1943355476, 1063228066, 1257335875, 1363360321, 728046053, 1102404881, 0, 0, 1158734064, 979480727, 1820476279, 1105432287, 558048757, 1079942886, 1855265574, 921810225, 1122905184],[874497743, 0, 0, 1119516629, 1380556122, 683904401, 291531148, 1757187808, 1399916910, 2039605424, 1227162807, 1936308424, 1130842951, 1697485087, 790266205, 1538296070, 104108887, 1535628639, 849384059, 0, 493077108, 0, 0, 1965622633, 0, 1786109390, 1389814491, 0, 804985227, 0, 0, 759032969, 452159356, 0, 320312492, 0, 1335344067, 1354994037, 1243301627, -1, 1547020767, 1265164745, 2005810782, 1899790941, 885621487, 0, 1092191166, 1355155638, 1988001950, 1917157871, 1863368874, 217663768, 370288401, 0, 16618810, 0, 465028988, 413624261, 72114504, 1520892353, 0, 528984615, 1968641096, 1911347241, 1186085674, 397646037, 2109868696, 916770904, 1885099936, 0, 1116577072, 1008470475, 512180000, 1931829117, 86583487, 0, 1717448450, 0, 958403397, 1733010772, 1620353257, 0, 133910201, 999158586, 1482914004, 1718120260],[1323096788, 1051441500, 926238056, 0, 510450660, 980335979, 1463044474, 1255305393, 578204683, 1097540622, 0, 0, 439589992, 762575992, 1670867006, 0, 0, 544208744, 357933365, 0, 3949373, 135993552, 0, 595155235, 0, 1445565550, 900759677, 20574561, 966914437, 0, 0, 0, 1804577972, 0, 0, 185122733, 222306622, 365027067, 0, 1547020767, -1, 1509977499, 1152821835, 1738183082, 1059832199, 0, 0, 0, 0, 1311552544, 0, 1851422220, 1732719540, 111387646, 0, 0, 598783088, 1631977789, 1359189647, 1516870342, 744219143, 0, 0, 0, 0, 1605969883, 1406921445, 0, 0, 1401750531, 1230874871, 1193904456, 414190464, 0, 1089670275, 0, 367737949, 796766172, 958736626, 1140661754, 286504961, 2076680129, 0, 1841179257, 0, 59238433],[1036824107, 627474161, 449286563, 314625000, 2135314220, 1719559974, 0, 228857884, 1191622621, 1318250241, 357055300, 1421027484, 632528107, 0, 1277210900, 0, 1579382845, 756167507, 1843053479, 163682543, 1817901230, 220169048, 0, 610091677, 1211895177, 216737770, 1007716708, 816803128, 522313539, 1098636037, 1418577964, 638012700, 0, 1256737815, 1430141927, 1961616597, 0, 1194306228, 792455017, 1265164745, 1509977499, -1, 0, 1364456945, 1535572702, 575550479, 1781345967, 0, 125499793, 1285335115, 1779238013, 372717201, 2107739791, 0, 1634428545, 0, 0, 518540217, 21878514, 888596040, 785362453, 1017001793, 1653703034, 117822082, 1738273687, 1083922690, 0, 781543151, 0, 1085849113, 0, 1979848828, 28639186, 2013555389, 21266122, 2025606729, 714079417, 0, 1714797810, 0, 170912333, 1825394654, 1489693045, 848200905, 0, 1485740237],[220461641, 337162266, 0, 0, 77781657, 948121324, 1160491132, 1854916846, 0, 0, 0, 1122689745, 0, 1863349393, 546041142, 1885773691, 0, 1291743896, 0, 674051572, 312295561, 212247522, 262984629, 432179851, 0, 2122051612, 0, 1087384172, 2069274295, 1207379812, 825651179, 681947244, 0, 1877336811, 1040935441, 1788799196, 1803395391, 0, 854949724, 2005810782, 1152821835, 0, -1, 64336831, 2009796919, 992894919, 392839280, 1875804287, 474829325, 234302262, 310987407, 2011324158, 0, 337196109, 635406968, 0, 1079154100, 294680068, 1229131568, 1157589291, 0, 0, 0, 1788546485, 1268641185, 1659789827, 0, 1746081010, 1568533180, 1460310089, 0, 0, 0, 1507668518, 1532860476, 0, 371763274, 75919073, 0, 1866002256, 19978147, 516678764, 2137447879, 1691202667, 44815880, 1553912036],[0, 1618387889, 71881597, 1036468875, 1281234559, 1666596646, 2105385502, 1819468456, 1245603973, 697984358, 0, 1544063770, 1674082638, 923762484, 1975142083, 0, 1110310122, 0, 1676886296, 356761564, 317943545, 0, 0, 0, 560862289, 1028153478, 1181032036, 0, 364679261, 545599681, 0, 0, 0, 0, 0, 1548427071, 1354025863, 78114426, 0, 1899790941, 1738183082, 1364456945, 64336831, -1, 0, 0, 1772139719, 0, 2059169081, 61069481, 2050701960, 432401327, 0, 570807267, 635282144, 0, 1848274343, 1674016180, 547895927, 1495714887, 0, 308736526, 0, 0, 0, 0, 526071516, 0, 0, 1650896108, 1735606933, 0, 0, 0, 1011325583, 381571937, 1101639451, 0, 0, 1021008906, 1788012081, 1130125053, 0, 0, 879805708, 898221228],[9498202, 0, 940371071, 0, 1447411732, 517117264, 1483112761, 0, 843838771, 0, 691092170, 0, 1386758302, 2111947297, 0, 2037299590, 1857105883, 237525522, 955113835, 0, 0, 0, 1443877568, 121944958, 895731345, 699552086, 1079599074, 1622034486, 1875283160, 0, 0, 0, 0, 0, 0, 2060300757, 0, 1901065353, 174329663, 885621487, 1059832199, 1535572702, 2009796919, 0, -1, 707188268, 2002495206, 979973409, 0, 921417108, 443350521, 1430781606, 631561343, 1231084842, 810526757, 520700975, 801879707, 907477576, 513418121, 0, 487286867, 0, 1883543720, 0, 1604792916, 0, 1390855781, 2133468880, 1125149481, 0, 1684908756, 74409899, 0, 572393144, 705214587, 1442937492, 0, 1186103009, 0, 0, 0, 1590232650, 1612416703, 915543979, 2080933021, 0],[0, 2022439130, 0, 1884563691, 1953892462, 2016357561, 374481027, 1079058418, 2059187252, 0, 0, 0, 0, 0, 21110076, 1801540259, 0, 1030571621, 1440400214, 0, 747784745, 0, 0, 1749769147, 2088503505, 0, 432512725, 0, 90424431, 2025785119, 0, 605447588, 933734453, 1943759883, 109822485, 1112564576, 0, 0, 0, 0, 0, 575550479, 992894919, 0, 707188268, -1, 0, 982414222, 845745871, 0, 0, 1740424849, 95575851, 825812051, 0, 123253343, 0, 0, 131855298, 987999158, 1804104696, 1657164350, 917755121, 1457686111, 0, 1584552528, 1773455377, 1555479780, 1648486784, 0, 0, 303601415, 1799546793, 0, 0, 0, 477555144, 0, 1815254363, 450573408, 459911892, 1347730788, 366045317, 1084504653, 431580470, 1842160803],[1497386828, 6546216, 1136378257, 0, 667881366, 210601254, 708331051, 0, 741766124, 1933490130, 2040064808, 564687060, 0, 2063489347, 328743468, 1217777894, 0, 165444401, 0, 847812093, 1252517968, 1310299524, 0, 89288983, 1566170735, 1627961680, 0, 0, 1753065351, 1043194193, 2103734585, 0, 1491602845, 0, 0, 0, 1596713161, 875366090, 1893347930, 1092191166, 0, 1781345967, 392839280, 1772139719, 2002495206, 0, -1, 0, 239591629, 0, 782473516, 557236208, 0, 1478368667, 0, 0, 0, 887314067, 1359237720, 52781840, 1566172713, 0, 0, 1703015640, 1683663394, 0, 2021703955, 268288553, 1912524389, 0, 1983952227, 922051689, 0, 0, 0, 1748911478, 0, 475574124, 0, 434003079, 1165425334, 0, 1143025758, 1248993191, 408056548, 311950172],[0, 0, 1706729332, 660608548, 0, 1129165774, 0, 2051700358, 941698716, 0, 641983768, 98835737, 1617842197, 489837596, 1260499369, 291482387, 1480036103, 0, 0, 1925826463, 423335327, 0, 0, 245217448, 0, 2147362423, 0, 2136937700, 0, 71420969, 0, 1448261821, 1497606840, 635933745, 0, 2104972072, 0, 0, 116678613, 1355155638, 0, 0, 1875804287, 0, 979973409, 982414222, 0, -1, 2084195582, 0, 195394073, 476833027, 776810607, 0, 13373515, 0, 0, 1084732319, 0, 20423018, 0, 0, 0, 0, 1309545621, 880912108, 523584801, 1460760451, 156168173, 1106172102, 1321627345, 1613767859, 0, 0, 0, 1611971834, 1093760014, 197621356, 239982041, 0, 0, 0, 1259053725, 2023362186, 733803930, 744570537],[0, 978209560, 1001026233, 1220551338, 0, 768536264, 196956463, 0, 494375361, 0, 2133408732, 713393526, 0, 347762760, 1261721804, 0, 826486331, 118615599, 0, 0, 0, 0, 349916786, 1445200563, 626497930, 0, 603071129, 1525795340, 1645759822, 1614635423, 0, 861117227, 995904705, 2014872594, 908676114, 0, 740899803, 0, 874980736, 1988001950, 0, 125499793, 474829325, 2059169081, 0, 845745871, 239591629, 2084195582, -1, 0, 1748604999, 1987935256, 2074294655, 1787016888, 110416525, 573904331, 101900432, 0, 0, 855726656, 1224830368, 0, 746006280, 182572689, 0, 643418586, 0, 0, 1836043313, 211466880, 0, 0, 0, 1108440341, 0, 1788153720, 925519386, 1110414138, 734315782, 0, 1746609117, 0, 532145777, 60330418, 0, 0],[0, 0, 1185335601, 1861333413, 1372784643, 191930630, 1200946961, 866256044, 0, 29183626, 1019019559, 1870147730, 437809750, 1716310773, 1437605213, 802417172, 0, 1892663082, 0, 0, 1643927446, 0, 0, 0, 251134337, 0, 1228324503, 0, 417855645, 265113515, 0, 0, 0, 0, 539667552, 2005623323, 1648448398, 1179584173, 289702477, 1917157871, 1311552544, 1285335115, 234302262, 61069481, 921417108, 0, 0, 0, 0, -1, 546518898, 0, 1989278181, 1458178641, 1141161518, 0, 1299076269, 0, 0, 44586430, 1035785725, 1351025402, 1180230581, 568456446, 0, 1118673020, 781891228, 1702586950, 0, 412064810, 846592483, 802490800, 1883679710, 2144264791, 0, 1924263986, 1051564864, 1163508589, 387368523, 1795855854, 2051777093, 283358709, 679714375, 0, 1635166293, 1615967739],[765578764, 1946966552, 1387593427, 0, 0, 0, 0, 512488478, 1955126553, 0, 284932918, 2021591192, 0, 182697753, 877870451, 1886727942, 1646629709, 15666895, 1080078265, 1404889804, 0, 341310208, 0, 358181594, 1850425570, 0, 0, 1116609156, 737969286, 0, 150681662, 715978321, 2049811843, 749197731, 1577894884, 925825763, 0, 669483382, 670492442, 1863368874, 0, 1779238013, 310987407, 2050701960, 443350521, 0, 782473516, 195394073, 1748604999, 546518898, -1, 1505557688, 353182640, 567382951, 1096189506, 88561900, 1097273765, 0, 758378825, 1273405414, 1868877309, 282055979, 1417366511, 494260899, 1163140168, 537780000, 0, 1080719696, 698843769, 275629004, 0, 1533237719, 0, 0, 2008351989, 0, 826720431, 0, 0, 1897434521, 173745196, 1970719889, 0, 894324758, 775314632, 82541191],[0, 768387893, 640063228, 566876529, 837733454, 454446424, 0, 1258810632, 219107980, 580699639, 806998741, 835322177, 1226317522, 1451503332, 237004128, 1641000618, 0, 410482338, 0, 108414327, 0, 0, 0, 2095215572, 0, 0, 1330548584, 1062753676, 0, 0, 1931697447, 1824656232, 2143727329, 56573754, 132604968, 256870765, 0, 2141099508, 0, 217663768, 1851422220, 372717201, 2011324158, 432401327, 1430781606, 1740424849, 557236208, 476833027, 1987935256, 0, 1505557688, -1, 0, 0, 0, 234684986, 503014528, 0, 560314503, 279592561, 1286398139, 1664356451, 2144393484, 680603124, 353433782, 712353515, 1800761852, 721829492, 0, 1144659106, 0, 1653451149, 169509134, 1944214639, 0, 0, 1730792146, 0, 0, 256469780, 0, 688468777, 18694408, 0, 341832298, 1182511507],[0, 1276907327, 0, 1703374295, 0, 1833015473, 346820022, 0, 0, 1350792564, 793567242, 735761569, 0, 52632500, 1616092973, 944958865, 0, 0, 310385171, 1803564274, 133107199, 1703141902, 0, 926115805, 0, 297753924, 1884831696, 0, 0, 1373069510, 77878260, 0, 1565493130, 0, 225059035, 1966618384, 1891906339, 1283365079, 0, 370288401, 1732719540, 2107739791, 0, 0, 631561343, 95575851, 0, 776810607, 2074294655, 1989278181, 353182640, 0, -1, 1723144518, 1927200082, 0, 657745934, 0, 0, 0, 1731204513, 72367747, 0, 1862876908, 0, 2106272947, 1280914967, 0, 0, 750241748, 0, 992958038, 1847008857, 0, 2080675961, 1140006115, 1523305447, 835431506, 0, 110244022, 921807436, 0, 1735296664, 0, 141778927, 2105142430],[1991946721, 0, 234949218, 667898151, 699423231, 0, 9685010, 0, 1358121798, 0, 1847654518, 1922750536, 2070389820, 670827338, 1914475856, 0, 1688553508, 1615387551, 1181600313, 15