32
[-1, 5, 89, 0, 67, 0, 41, 56, 67, 40, 3, 0, 0, 71, 0, 0, 56, 36, 0, 0, 70, 0, 0, 31, 87, 7, 6, 0, 51, 19, 0, 23, 
5, -1, 63, 0, 0, 0, 98, 0, 55, 1, 0, 0, 0, 0, 0, 17, 91, 32, 0, 85, 0, 63, 0, 22, 25, 98, 30, 0, 0, 0, 0, 87, 
89, 63, -1, 87, 56, 34, 24, 0, 74, 64, 90, 4, 15, 95, 71, 0, 32, 0, 0, 93, 26, 48, 0, 0, 64, 42, 44, 0, 83, 0, 55, 70, 
0, 0, 87, -1, 0, 27, 23, 0, 69, 58, 0, 0, 0, 0, 0, 0, 36, 0, 45, 0, 56, 0, 38, 98, 29, 41, 0, 0, 0, 76, 0, 27, 
67, 0, 56, 0, -1, 0, 0, 0, 0, 0, 83, 80, 0, 94, 39, 0, 82, 0, 90, 0, 16, 31, 0, 0, 0, 16, 0, 64, 95, 0, 83, 56, 
0, 0, 34, 27, 0, -1, 0, 0, 88, 0, 72, 0, 1, 91, 0, 93, 0, 0, 0, 8, 0, 0, 0, 64, 0, 73, 77, 0, 57, 19, 0, 97, 
41, 98, 24, 23, 0, 0, -1, 0, 95, 40, 33, 0, 0, 63, 30, 0, 0, 0, 46, 16, 43, 0, 0, 0, 0, 0, 0, 8, 0, 11, 20, 89, 
56, 0, 0, 0, 0, 0, 0, -1, 0, 90, 0, 97, 24, 18, 61, 31, 0, 0, 0, 49, 20, 3, 93, 0, 25, 0, 70, 65, 81, 57, 89, 21, 
67, 55, 74, 69, 0, 88, 95, 0, -1, 0, 0, 25, 47, 0, 0, 0, 34, 31, 47, 81, 32, 67, 52, 75, 0, 0, 0, 29, 43, 68, 0, 69, 
40, 1, 64, 58, 0, 0, 40, 90, 0, -1, 12, 31, 0, 41, 67, 0, 0, 13, 0, 52, 45, 0, 17, 59, 0, 27, 0, 6, 57, 48, 72, 83, 
3, 0, 90, 0, 83, 72, 33, 0, 0, 12, -1, 19, 0, 0, 51, 0, 23, 0, 0, 0, 0, 0, 0, 98, 31, 0, 64, 0, 0, 0, 0, 66, 
0, 0, 4, 0, 80, 0, 0, 97, 25, 31, 19, -1, 76, 0, 0, 21, 33, 0, 21, 39, 23, 42, 0, 78, 55, 9, 68, 91, 0, 97, 0, 0, 
0, 0, 15, 0, 0, 1, 0, 24, 47, 0, 0, 76, -1, 0, 14, 96, 0, 0, 0, 0, 0, 0, 23, 0, 0, 55, 0, 36, 0, 58, 0, 40, 
71, 0, 95, 0, 94, 91, 63, 18, 0, 41, 0, 0, 0, -1, 47, 0, 44, 78, 0, 96, 0, 60, 61, 90, 50, 0, 39, 67, 0, 44, 0, 0, 
0, 0, 71, 0, 39, 0, 30, 61, 0, 67, 51, 0, 14, 47, -1, 88, 0, 0, 0, 73, 36, 28, 89, 41, 87, 0, 95, 0, 0, 88, 67, 47, 
0, 17, 0, 0, 0, 93, 0, 31, 0, 0, 0, 21, 96, 0, 88, -1, 0, 0, 43, 0, 59, 0, 68, 0, 0, 95, 0, 24, 63, 0, 37, 50, 
56, 91, 32, 36, 82, 0, 0, 0, 34, 0, 23, 33, 0, 44, 0, 0, -1, 0, 46, 14, 0, 24, 31, 0, 0, 28, 94, 0, 0, 0, 0, 73, 
36, 32, 0, 0, 0, 0, 0, 0, 31, 13, 0, 0, 0, 78, 0, 0, 0, -1, 28, 55, 0, 25, 27, 0, 83, 0, 99, 83, 3, 22, 10, 15, 
0, 0, 0, 45, 90, 0, 46, 0, 47, 0, 0, 21, 0, 0, 0, 43, 46, 28, -1, 0, 28, 16, 90, 0, 0, 15, 38, 67, 57, 0, 0, 0, 
0, 85, 93, 0, 0, 8, 16, 49, 81, 52, 0, 39, 0, 96, 73, 0, 14, 55, 0, -1, 90, 31, 26, 0, 0, 94, 0, 0, 66, 0, 0, 24, 
70, 0, 26, 56, 16, 0, 43, 20, 32, 45, 0, 23, 0, 0, 36, 59, 0, 0, 28, 90, -1, 0, 0, 58, 26, 36, 21, 79, 61, 0, 0, 20, 
0, 63, 48, 0, 31, 0, 0, 3, 67, 0, 0, 42, 0, 60, 28, 0, 24, 25, 16, 31, 0, -1, 0, 6, 0, 66, 50, 88, 70, 0, 0, 11, 
0, 0, 0, 38, 0, 0, 0, 93, 52, 17, 0, 0, 23, 61, 89, 68, 31, 27, 90, 26, 0, 0, -1, 38, 98, 86, 0, 0, 0, 1, 12, 74, 
31, 22, 0, 98, 0, 64, 0, 0, 75, 59, 98, 78, 0, 90, 41, 0, 0, 0, 0, 0, 58, 6, 38, -1, 41, 28, 11, 83, 18, 52, 0, 40, 
87, 25, 64, 29, 0, 0, 0, 25, 0, 0, 31, 55, 0, 50, 87, 0, 0, 83, 0, 0, 26, 0, 98, 41, -1, 0, 0, 53, 23, 20, 0, 13, 
7, 98, 42, 41, 16, 73, 0, 0, 0, 27, 0, 9, 55, 0, 0, 95, 28, 0, 15, 94, 36, 66, 86, 28, 0, -1, 0, 30, 49, 0, 35, 0, 
6, 30, 44, 0, 0, 77, 0, 70, 0, 0, 64, 68, 0, 39, 95, 0, 94, 99, 38, 0, 21, 50, 0, 11, 0, 0, -1, 68, 0, 1, 0, 18, 
0, 0, 0, 0, 64, 0, 8, 65, 29, 6, 0, 91, 36, 67, 0, 24, 0, 83, 67, 0, 79, 88, 0, 83, 53, 30, 68, -1, 0, 100, 78, 60, 
51, 0, 83, 0, 95, 57, 0, 81, 43, 57, 0, 0, 0, 0, 0, 63, 0, 3, 57, 66, 61, 70, 0, 18, 23, 49, 0, 0, -1, 0, 0, 63, 
19, 0, 0, 76, 0, 19, 11, 57, 68, 48, 0, 97, 58, 44, 88, 0, 0, 22, 0, 0, 0, 0, 1, 52, 20, 0, 1, 100, 0, -1, 47, 0, 
0, 0, 55, 0, 83, 0, 20, 89, 0, 72, 0, 0, 0, 0, 67, 37, 0, 10, 0, 0, 0, 0, 12, 0, 0, 35, 0, 78, 0, 47, -1, 3, 
23, 87, 70, 27, 56, 97, 89, 21, 69, 83, 66, 0, 40, 0, 47, 50, 73, 15, 0, 24, 20, 11, 74, 40, 13, 0, 18, 60, 63, 0, 3, -1]