6
[-1, 64, 41, 41, 27, 32, 
64, -1, 0, 11, 43, 49, 
41, 0, -1, 80, 56, 48, 
41, 11, 80, -1, 0, 14, 
27, 43, 56, 0, -1, 33, 
32, 49, 48, 14, 33, -1]