32
[[-1, 0, 0, 0, 0, 0, 0, 37848, 0, 0, 0, 0, 43977, 0, 0, 0, 0, 0, 39996, 0, 0, 0, 0, 35201, 20392, 0, 0, 38574, 0, 0, 0, 0],[0, -1, 0, 0, 0, 0, 0, 24141, 0, 0, 0, 0, 0, 0, 44346, 0, 0, 41889, 31519, 0, 0, 31985, 0, 34082, 5114, 0, 0, 0, 0, 0, 0, 0],[0, 0, -1, 0, 0, 0, 0, 0, 28394, 0, 0, 0, 0, 43347, 0, 8578, 0, 9838, 0, 28782, 0, 0, 0, 41505, 7636, 0, 0, 15225, 0, 27791, 15831, 0],[0, 0, 0, -1, 0, 0, 0, 0, 0, 35739, 0, 45867, 0, 0, 0, 0, 0, 0, 0, 40339, 0, 0, 0, 18904, 40128, 25639, 0, 0, 33292, 30240, 0, 0],[0, 0, 0, 0, -1, 0, 0, 0, 0, 0, 0, 0, 18825, 0, 31215, 0, 0, 0, 0, 0, 0, 41167, 24785, 0, 0, 0, 0, 0, 0, 0, 0, 0],[0, 0, 0, 0, 0, -1, 17374, 39757, 0, 0, 42558, 28060, 0, 0, 0, 32611, 0, 0, 0, 9343, 44814, 0, 35690, 0, 0, 0, 0, 22588, 29277, 0, 0, 0],[0, 0, 0, 0, 0, 17374, -1, 0, 28707, 0, 44706, 0, 0, 0, 16585, 30206, 0, 0, 0, 30915, 0, 0, 23997, 0, 27538, 0, 0, 0, 0, 0, 0, 39585],[37848, 24141, 0, 0, 0, 39757, 0, -1, 0, 0, 0, 0, 0, 0, 0, 0, 0, 35877, 0, 0, 0, 38616, 41862, 0, 0, 20446, 0, 0, 0, 0, 0, 45824],[0, 0, 28394, 0, 0, 0, 28707, 0, -1, 0, 38832, 0, 0, 0, 0, 0, 43510, 0, 0, 0, 0, 0, 0, 0, 0, 42109, 0, 27637, 0, 0, 0, 0],[0, 0, 0, 35739, 0, 0, 0, 0, 0, -1, 0, 0, 32648, 0, 0, 44712, 26146, 0, 0, 43904, 36016, 42143, 0, 33500, 19554, 0, 0, 13681, 1907870227, 0, 0, 0],[0, 0, 0, 0, 0, 42558, 44706, 0, 38832, 0, -1, 16798, 37119, 0, 0, 0, 21939, 0, 0, 0, 0, 0, 0, 0, 0, 0, 32521, 22337, 0, 0, 32600, 0],[0, 0, 0, 45867, 0, 28060, 0, 0, 0, 0, 16798, -1, 0, 36188, 0, 0, 0, 0, 0, 0, 0, 0, 0, 0, 25892, 19196, 0, 0, 0, 0, 0, 0],[43977, 0, 0, 0, 18825, 0, 0, 0, 0, 32648, 37119, 0, -1, 0, 42786, 0, 3319, 0, 0, 22560, 0, 0, 0, 0, 0, 0, 37830, 40238, 0, 0, 40959, 0],[0, 0, 43347, 0, 0, 0, 0, 0, 0, 0, 0, 36188, 0, -1, 39650, 0, 0, 512986991, 0, 27646, 0, 0, 0, 0, 0, 0, 0, 25794, 0, 19886, 0, 0],[0, 44346, 0, 0, 31215, 0, 16585, 0, 0, 0, 0, 0, 42786, 39650, -1, 0, 0, 0, 0, 36873, 0, 45541, 0, 0, 0, 0, 0, 0, 0, 0, 0, 0],[0, 0, 8578, 0, 0, 32611, 30206, 0, 0, 44712, 0, 0, 0, 0, 0, -1, 40731, 0, 0, 0, 0, 0, 0, 41748, 0, 0, 8792, 0, 0, 0, 36385, 0],[0, 0, 0, 0, 0, 0, 0, 0, 43510, 26146, 21939, 0, 3319, 0, 0, 40731, -1, 0, 0, 0, 0, 0, 44350, 0, 0, 0, 45153, 0, 41926, 0, 0, 0],[0, 41889, 9838, 0, 0, 0, 0, 35877, 0, 0, 0, 0, 0, 512986991, 0, 0, 0, -1, 11508, 28357, 0, 0, 21413, 0, 36842, 0, 43327, 0, 0, 0, 15714, 38106],[39996, 31519, 0, 0, 0, 0, 0, 0, 0, 0, 0, 0, 0, 0, 0, 0, 0, 11508, -1, 0, 0, 0, 33110, 0, 0, 0, 0, 0, 0, 0, 0, 0],[0, 0, 28782, 40339, 0, 9343, 30915, 0, 0, 43904, 0, 0, 22560, 27646, 36873, 0, 0, 28357, 0, -1, 0, 6962, 29451, 0, 36349, 0, 0, 0, 0, 0, 44987, 0],[0, 0, 0, 0, 0, 44814, 0, 0, 0, 36016, 0, 0, 0, 0, 0, 0, 0, 0, 0, 0, -1, 31794, 0, 0, 33376, 0, 0, 4006, 0, 0, 0, 0],[0, 31985, 0, 0, 41167, 0, 0, 38616, 0, 42143, 0, 0, 0, 0, 45541, 0, 0, 0, 0, 6962, 31794, -1, 0, 7391, 34509, 32060, 0, 41808, 40482, 0, 0, 26159],[0, 0, 0, 0, 24785, 35690, 23997, 41862, 0, 0, 0, 0, 0, 0, 0, 0, 44350, 21413, 33110, 29451, 0, 0, -1, 0, 38882, 0, 45062, 36821, 14365, 0, 0, 0],[35201, 34082, 41505, 18904, 0, 0, 0, 0, 0, 33500, 0, 0, 0, 0, 0, 41748, 0, 0, 0, 0, 0, 7391, 0, -1, 0, 18307, 0, 0, 23837, 41986, 0, 0],[20392, 5114, 7636, 40128, 0, 0, 27538, 0, 0, 19554, 0, 25892, 0, 0, 0, 0, 0, 36842, 0, 36349, 33376, 34509, 38882, 0, -1, 0, 45493, 0, 0, 39431, 0, 0],[0, 0, 0, 25639, 0, 0, 0, 20446, 42109, 0, 0, 19196, 0, 0, 0, 0, 0, 0, 0, 0, 0, 32060, 0, 18307, 0, -1, 0, 0, 0, 0, 0, 45565],[0, 0, 0, 0, 0, 0, 0, 0, 0, 0, 32521, 0, 37830, 0, 0, 8792, 45153, 43327, 0, 0, 0, 0, 45062, 0, 45493, 0, -1, 0, 45010, 43631, 0, 20408],[38574, 0, 15225, 0, 0, 22588, 0, 0, 27637, 13681, 22337, 0, 40238, 25794, 0, 0, 0, 0, 0, 0, 4006, 41808, 36821, 0, 0, 0, 0, -1, 0, 0, 0, 0],[0, 0, 0, 33292, 0, 29277, 0, 0, 0, 1907870227, 0, 0, 0, 0, 0, 0, 41926, 0, 0, 0, 0, 40482, 14365, 23837, 0, 0, 45010, 0, -1, 0, 36272, 45534],[0, 0, 27791, 30240, 0, 0, 0, 0, 0, 0, 0, 0, 0, 19886, 0, 0, 0, 0, 0, 0, 0, 0, 0, 41986, 39431, 0, 43631, 0, 0, -1, 0, 0],[0, 0, 15831, 0, 0, 0, 0, 0, 0, 0, 32600, 0, 40959, 0, 0, 36385, 0, 15714, 0, 44987, 0, 0, 0, 0, 0, 0, 0, 0, 36272, 0, -1, 0],[0, 0, 0, 0, 0, 0, 39585, 45824, 0, 0, 0, 0, 0, 0, 0, 0, 0, 38106, 0, 0, 0, 26159, 0, 0, 0, 45565, 20408, 0, 45534, 0, 0, -1]]