97
[[-1, 18744, 829563197, 0, 1058575705, 46011, 0, 0, -1884301299, 12759, 2075613120, 1465034138, 1706881676, 0, 0, -1717232718, 27329, 0, 0, 0, -367540872, -1027024001, 17920, 0, 19718, 26055, -1095717902, 0, 0, -1222916209, -1457369975, 1794521362, -1389740096, 0, -1633141509, 2124051571, 39022, 34124, -484766172, 1897061763, 0, 43038, 34056, 42806, -988349057, 17271, 42792, 23598, 39304, 1262627621, 0, 24227, 0, 44199, 19279, 0, 0, -1285721514, 23700, -1166169649, -1819612088, 2107484485, 0, 0, -2040960196, -1939115493, -1995763747, 0, 30950, 0, 37991, 0, 0, 0, 41012, 26649, 0, 15342, 0, 33361, 33645, 19570, 0, 0, 0, 38749, 0, 14229, 0, 36252, 34601, 0, 0, 40347, 36132, 16076, 28942],[18744, -1, -1358794942, 25394, -1376787714, 0, 39190, 40409, 1608335387, 0, -461867896, -779234010, -703168248, 27410, 37296, 1543225378, 0, 13390, 30751, 0, 1906535743, 1977305011, 0, 24322, 0, 0, 1893237540, 0, 34519, 1324347099, 1608330998, -1125980360, 1602939270, 0, 821230854, -926248974, 0, 0, 1833967794, -1054172364, 39174, 0, 0, 0, 1576560176, 0, 0, 0, 0, -1620950077, 43835, 0, 0, 0, 0, 23071, 5246, 1257150030, 0, 1089423343, 1787316984, -507084983, 19508, 35131, 636003969, 1421443899, 969844047, 0, 0, 19994, 2055065107, 0, 20744, 33803, 1720053910, 1137328012, 0, 0, 0, 1473763937, 1498284189, 2135420838, 28003, 44560, 0, 105603851, 37289, 406251546, 16872, 492222346, 818757286, 0, 45814, 468159193, 464346967, 0, 0],[829563197, -1358794942, -1, 707362366, -1990394186, -1322052682, 39219, 0, -1442501396, -1978472372, -303575504, -1273096925, -1237617764, 0, 34469, 1400944595, -1618417923, 26956, 29079, 41654, -1715555071, 848214450, -2140774482, 38221, -1633583889, -1327460623, 1954604474, 0, 1946664505, 0, -1569269158, -1643625767, 0, 29862, -1388402111, -1645014344, 0, -2089560278, -1968859548, -1751662299, 38888, -1943977665, -2053368048, -1910760737, -2084482591, 0, 0, 0, -1706000875, 0, 43978, -1575006244, 19609, -1935814245, 0, 5930, 31854, -1694517440, -1851098076, -1937329170, -1430641969, -1801376596, 0, 0, -1509457319, 0, -1695960242, 18927, -1376293592, 0, 0, 24100, 19936, 29619, -1406754714, 1409417985, 0, -1349244757, 0, 8681, 0, 0, 0, 26464, 0, 43968, 510915518, 39505, 2103220911, 0, 0, 0, 31406, 6347, 0, -2057216955, -1402862529],[0, 25394, 707362366, -1, 1207239055, 45979, 0, 0, -1311306539, 0, 27250, 18943, 0, 0, 923563649, -766571564, 32672, 0, 1569634620, -1528140065, -609691815, -1284822238, 39504, 1502547483, 35263, 34918, -1860833218, 0, 602649512, -2014295028, 0, 35541, -1569127486, -2095013929, -2067739073, 40215, 45282, 0, 0, 0, 0, 43434, 0, 34594, -920749341, 7653, 26888, 0, 0, 41602, 158033840, 45723, -1471463662, 0, 23580, 1300728488, 259518463, 0, 46005, -1546910589, 0, 0, 0, 2073110071, 0, 0, 0, -1851462299, 41797, 1551593362, 33135, 0, 586760929, 0, 40106, 0, 43672, 13338, 39039, 17483, 0, 39515, 0, 2052816575, 0, 8895, 611554912, 27859, 0, 46046, 24083, 33611, 712614329, 6271, 21647, 16880, 40360],[1058575705, -1376787714, -1990394186, 1207239055, -1, -2117280247, 0, 1552107510, -1664564940, 0, 0, -1750740060, 0, 1352945129, 35824, 0, 0, 1980384003, 38263, 8567, 0, -1687459332, 0, 0, -1257449143, -2136330952, 1065021468, 28514, 7527, 0, 44946, 0, 1914034796, 0, 0, 0, -2123557180, 0, -1343915876, -1573963634, 667737215, 0, -1950227215, -1485061886, -2105323023, -1475375906, 0, -1390562550, -1847364368, 0, 37901, -1979616327, 0, -2114217587, -1120629058, 29833, 22082, -1728788979, -1615674888, -1738786698, -1634769051, 0, 810525249, 0, -1168062196, -1375485925, 0, 0, -1358980292, 34529, 0, 1315805267, 38673, 0, -1247509085, -1255882385, 0, 0, 0, -1620121766, -1858760684, -2104543643, 1845824854, 44938, 0, 2037082706, 0, 21171, 332015877, 46220, 7471, -1024947474, 0, 0, 43823, -1857882747, 0],[46011, 0, -1322052682, 45979, -2117280247, -1, 37278, 33562, 1256552163, 885617539, -661428287, -2091511324, -1431945340, 13095, 0, 36740, 1949396065, 14659, 14026, 13047, 0, 0, 1672511695, 0, 0, 2066848365, 0, 33065, 45435, 32186, 34291, -971430740, 0, 43498, 14544, -1908409027, 0, 1065778339, 15314, -913969904, 0, 0, 1104544419, 0, 35172, 1969896487, 1218399213, 1991639308, 0, 0, 44781, 1448586430, -1603737715, 283305022, 1961319252, 34984, 15729, 0, 11256458, 45966, 14990, -1671966605, 0, 0, 23600, 38469, 0, 0, 14235074, 2846, 31630, 13723, 41311, 42233, 0, 0, 1991687014, 0, 941633286, 18584, 39742, 0, 22102, 0, 0, 30159, 25064, 32548, 0, 0, 37195, 919280445, 44116, 0, 0, 1706142950, 1204342566],[0, 39190, 39219, 0, 0, 37278, -1, 0, -1110430919, 42440, -130646177, 0, -947171322, 0, 0, 0, 0, 0, 0, 0, -1817027591, -664880336, 39486, 442445459, 30291, 31727, -891407548, 25542, 46225, 0, -1983433683, 28294, 0, 1382868698, 0, 22115, 0, 32327, -1214638082, 0, 936962195, 46199, 45134, 19565, -883789762, 45910, 34344, 25651, 19135, 0, 18253, 36233, 24780971, 32682, 31757, 30786, 44127, -1894760532, 0, -1681289060, 0, 42022, 662004081, 0, 0, -1884160777, 1092193676, 787155956, 0, 22847, 42905, 404266264, 34529, 0, 0, 39504, 27450, 28597, 0, 15155, 37611, 0, 449312577, 14218, 0, 0, 17644, 25256, 0, 16580, 36989, 0, 22175, 0, 0, 42932, 43827],[0, 40409, 0, 0, 1552107510, 33562, 0, -1, -1440143664, 45879, -557321443, 1275114063, 0, 232626009, 17158, -921318908, 39850, 1904663590, 39896, 0, 0, -1490747719, 45058, 22910, 45268, 43551, 0, 0, 40088, -1867307049, -2011205446, 25316, -1817854128, 37292, -2092168477, 29061, 0, 14190, -1136238371, 0, 31457, 32460, 39699, 40095, 0, 15485, 0, 0, 0, 25776, 28856, 16632, 21792, 0, 12073, 26935, 43327, 0, 0, -1390582549, -439474870, 15439, 26033, 0, 1859424195, 27153, 0, 34062, 38339, 32535, 43598, 0, 41711, 970667514, 0, 36630, 0, 0, 0, 0, 0, 0, 0, 43163, 0, 23369, 45224, 37834, 0, 33032, 0, 25636, 0, 11963, 17217, 20515, 27273],[-1884301299, 1608335387, -1442501396, -1311306539, -1664564940, 1256552163, -1110430919, -1440143664, -1, 39881, -313308335, -1582867917, 45960, 0, -1817422270, -960915576, 40979, 0, -891647600, 454015475, -1309873189, -1929301872, 0, -1440025980, 0, 0, 0, 18451, 0, -236895191, -1795199615, 0, -710715759, 42039, -1459617885, 0, 0, 0, 0, -1028864565, 0, 42654, 0, 3535, -1583058227, 21929, 0, 35519, 0, -1207503260, 0, 32685, 0, 0, 33655, -1459184806, -1526338519, -1999398486, 44276, -706411335, 0, -529511956, 0, -1471421856, -927105842, -278300862, 0, 39307, 0, -1045369526, 0, 0, -1607518947, -1349741480, 0, -986296405, 32829, 1477146640, 30225, 0, -1845027030, 0, 1682742318, 43266, 23421, 0, 26845, 0, -2000593902, 33668, 0, 24955, 19502, 16862, 17669, 0, 0],[12759, 0, -1978472372, 0, 0, 885617539, 42440, 45879, 39881, -1, -1991314858, -1034279375, -1417797460, 0, 26084, 33295, 0, 9137, 37767, 0, 32912, 36513, 0, 10435, 0, 39891, 21938, 0, 32164, 35539, 35810, -373317240, 0, 0, 19160, -1713890354, 0, 24669, 14844, -1502826448, 37743, 1050259072, 0, 0, 40576, 0, 0, 0, 0, -1234895507, 0, 0, 37503, 0, 44455, 25274, 36967, 0, 40018, 38985, 0, 0, 0, 36855, 44632, 40586, 37327, 43213, 0, 29709, 13609, 13905, 0, 15331, 31197, 37489, 22712, 324461220, 13204, 33769, 0, 15367, 0, 27976, 0, 0, 0, 25973, 40609, 39676, 23355, 0, 41504, 3627, 36531, 0, 42038],[2075613120, -461867896, -303575504, 27250, 0, -661428287, -130646177, -557321443, -313308335, -1991314858, -1, -646389166, -66681671, 25861, 0, 16940, 0, 35107, 39887, 0, 35693, 45833, -631938844, 41722, 0, -330436334, 0, 0, 45751, 0, 29165, -85072554, 0, 43900, 0, 0, -2042800467, -2134776348, -1614272391, -806451928, 38312, 0, 0, -854869479, -1669162896, 0, -617265055, 0, -235982010, -2111621870, 27765, -1363417626, 45183, 0, -1793858435, 8998, 42470, -873913025, -933546101, 0, 0, 0, 0, 36006, 0, -514596868, -165058363, 42635, 0, 0, -272615752, 12661, 23598, 35317, -535408622, 0, 20490, -1508743488, 0, 0, 0, -805774477, 19237, 0, 269142580, -1389058885, 41738, 0, 28500, -220491246, 0, 0, 0, -1946630074, -799688018, -1613651895, -146626593],[1465034138, -779234010, -1273096925, 18943, -1750740060, -2091511324, 0, 1275114063, -1582867917, -1034279375, -646389166, -1, -1075415261, 40857, 30661, 12531, 0, 25552, 11541, 1292268903, 17491, 15092, 0, 18242, -1288876791, -1091959447, 28900, 594821295, 0, 0, 10186, -120654541, 13668, 30719, 0, -60153537, -1132126705, 0, 43920, -219173415, 0, -1463513367, -1962462272, -1279811851, 35337, -990590939, -2141879468, -1588541642, -1135400512, -20472504, 0, -884735627, 0, -822056801, 0, 0, 0, 0, -1181211461, 10496, -1160259730, -1977158310, 17147, 11050, -2069303300, -1996494427, 0, 43848, 0, 0, -1131468804, 0, 29095, 37749, -1319850681, 1896935593, 42029, 45319, 27744, 25128, 41534, 0, 7668, 31852, 25252, 35031, 0, 36539, 1102061994, 0, 30454, 0, 13785, 0, 38907, 40029, 17369],[1706881676, -703168248, -1237617764, 0, 0, -1431945340, -947171322, 0, 45960, -1417797460, -66681671, -1075415261, -1, 0, 16877, 0, -732111380, 3890, 0, 39737, 0, 0, -1568464137, 27751, -1937194639, -2069442062, 19500, 31345, 0, 38311, 0, -58250648, 29093, 7882, 42434, -9959345, -2044067780, -1732168197, 0, 0, 28845, -1753294795, 0, -1146821357, 0, 0, -1751299658, -1626048625, 0, -816966537, 35664, -1936600612, 41516, -1744103953, -754686396, 46052, 0, 27625, 0, 35059, 27017, -349307268, 15549, 43129, 0, 34871, 0, 27895, 32465, 24140, 0, 0, 15949, 45819, 43868, 23950, 21945, 24487, 0, 36754, 14130, 0, 5614, 21603, 375249652, 0, 35931, 43633, 0, 33412, 0, 0, 25912, 9875, 0, 43669, 32549],[0, 27410, 0, 0, 1352945129, 13095, 0, 232626009, 0, 0, 25861, 40857, 0, -1, 0, 0, 22684, 19686, 36847, 31926, 0, -1211046363, 41619, 0, 0, 44635, -409963318, -1604989389, 40719, -1637599784, -1492479033, 40886, 0, 28574, -1398457219, 39984, 0, 41248, -2081370764, 40658, 30531, 17292, 0, 37631, -704450816, 0, 23625, 37088, 0, 45992, 32549, 0, 26013, 0, 32443, 31796, 43245, -1372077727, 45298, -2008504268, 2025638945, 0, 16310, 0, 0, 33398, 0, 0, 25051, 0, 0, 38622, 22154, 40660, 19765, 10282, 21834, 28410, 43019, 43197, 34931, 0, 21422, 33430, 9199, 0, 0, 44510, 0, 0, 0, 24908, 0, 44144, 22529, 19195, 42292],[0, 37296, 34469, 923563649, 35824, 0, 0, 17158, -1817422270, 26084, 0, 30661, 16877, 0, -1, -1143701976, 0, 35323, 0, 1364500022, 0, -1893341399, 41235, 35578, 46329, 0, -1994305830, 0, 32005, -1512951614, -860284236, 44887, 0, 0, -1743964487, 26833, 32957, 7549, 0, 45664, 16333, 26032, 44713, 41406, -815494728, 25096, 0, 44590, 41131, 0, 40994, 16917, 44773, 27122, 0, 6108, 0, -1763352036, 27118, 0, 18556, 34303, 41665, 0, 26538, 36165, 7866, 26537, 0, 0, 0, 42310, 36748, 42767, 27443, 0, 0, 39064, 20528, 0, 0, 16295, 0, 33784, 21319, 23434, 10910, 21970, 0, 0, 18557, 29505, 34911, 39708, 43737, 18572, 31817],[-1717232718, 1543225378, 1400944595, -766571564, 0, 36740, 0, -921318908, -960915576, 33295, 16940, 12531, 0, 0, -1143701976, -1, 0, 0, -1906669500, 0, 0, -54720975, 4343, -1562768059, 38290, 24439, -270677486, 0, -1313467085, -932080094, -829058941, 0, 0, 33513, -720128149, 31166, 39040, 45983, -505153074, 42272, 0, 41517, 0, 29123, -1114879425, 36091, 0, 32545, 25613, 0, -743127004, 0, 42569, 3046, 39506, -1880811345, -1929755312, 0, 0, -486542492, -546524413, -763148324, 0, 0, -146034636, -219848676, 0, 0, 18814, 45456, 40417, 45781, 41043, 4272, 0, 24734, 38050, 11654, 19879, 14256, 27406, 0, 43130, 37714, 35855, 17254, 0, 34453, -1616223471, 45580, 9972, 37919, 41050, 32020, 17153, 29027, 19048],[27329, 0, -1618417923, 32672, 0, 1949396065, 0, 39850, 40979, 0, 0, 0, -732111380, 22684, 0, 0, -1, 32199, 45220, 0, 31129, 33071, 0, 0, 0, 39531, 0, 41447, 0, 20717, 7959, -1592172809, 0, 0, 0, -1799325317, 0, 0, 16698, -346082629, 44648, 33568, 22832, 391746579, 0, 20195, 0, 13768, 0, 0, 44936, 0, 0, 0, 0, 40790, 35387, 31862, 31440, 0, 0, 43566, 5781, 0, 0, 42208, 22030, 0, 43952, 9650, 0, 0, 21003, 0, 41965, 37748, 33836, 0, 18656, 0, 0, 20774, 19130, 44935, 0, 39734, 40132, 28197, 25630, 0, 42191, 38584, 19829, 38803, 14728, 29578, 0],[0, 13390, 26956, 0, 1980384003, 14659, 0, 1904663590, 0, 9137, 35107, 25552, 3890, 19686, 35323, 0, 32199, -1, 37715, 0, -857893109, 0, 40542, 45274, 43484, 41582, -827873776, -1876339350, 32009, -1370833158, -1377102490, 39515, -1059016385, 0, -1733410931, 39599, 0, 0, -1346302924, 0, 27231, 43768, 37739, 0, -2061829955, 0, 44552, 0, 0, 36173, 36025, 33250, 32283, 26115, 0, 0, 39790, 0, 0, -1598230711, 45006, 31487, 36244, 33766, 38543, 42790, 0, 0, 46208, 45823, 39658, 23841, 20773, 39617, 39918, 0, 39936, 14165, 28183, 44864, 11549, 0, 37285, 17061, 26976, 24911, 11624, 0, 917059240, 42139, 11346, 39856, 0, 45821, 17876, 22548, 36555],[0, 30751, 29079, 1569634620, 38263, 14026, 0, 39896, -891647600, 37767, 39887, 11541, 0, 36847, 0, -1906669500, 45220, 37715, -1, 23963, 0, 0, 32658, 0, 45281, 0, 0, 548362244, 0, 0, -1759208885, 0, 0, 41239, -1845585126, 45446, 16595, 37435, -675066769, 41498, 0, 0, 0, 0, -1779612869, 29838, 43649, 0, 39998, 39187, 0, 30743, 17009, 37256, 28884, 0, 8726, -1476473901, 0, 0, 39270, 38722, 43127, 26099, 27613, 0, 11643, 0, 45571, 40692, 42455, 0, 0, 43787, 26350, 45484, 31058, 34367, 0, 0, 27002, 9382, 39459, 38186, 23556, 0, 0, 14866, 32118, 17061, 41180, 0, 36769, 45207, 38322, 25659, 34985],[0, 0, 41654, -1528140065, 8567, 13047, 0, 0, 454015475, 0, 0, 1292268903, 39737, 31926, 1364500022, 0, 0, 0, 23963, -1, 0, 0, 21277, 14657, 38530, 12499, 45495, 42715, 26561, 35857, 11982, 25454, 0, 0, 0, 18265, 45438, 42419, 0, 42536, 38437, 0, 0, 0, 39657, 43554, 44537, 37326, 31075, 0, 0, 21790, 40456, 28039, 0, 17191, 21333, 40562, 41260, 37500, 0, 35245, 45827, 39602, 28877, 27155, 0, 0, 25020, 43118, 0, 16619, 15876, 10563, 24250, 24764, 32152, 20414, 21853, 20507, 0, 0, 45740, 4832, 24598, 26653, 0, 0, 0, 36632, 0, 0, 29316, 43030, 35551, 45250, 28008],[-367540872, 1906535743, -1715555071, -609691815, 0, 0, -1817027591, 0, -1309873189, 32912, 35693, 17491, 0, 0, 0, 0, 31129, -857893109, 0, 0, -1, -127574764, 42337, -1108087687, 38838, 38889, -210735286, 0, -2053304605, -292884981, -67229092, 0, 0, 43527, -69985044, 0, 835551238, 43081, -110013869, 0, -2088627207, 34436, 23696, 40556, -154780859, 27513, 0, 36545, 99803177, 0, -1595399917, 0, 31169, 7597, 0, -1569960067, -1093036838, -120374920, 8024, -432012409, -568087978, 26041, -849167043, 0, 8471, 0, 29835, 44337, 41055, 45634, 28747, 0, 0, 18137, 40633, 37264, 32015, 44095, 0, 44992, 0, 0, 31020, 0, 38834, 0, 0, 34011, 24591, 0, 37659, 29704, 17982, 44963, 40181, 46301, 19597],[-1027024001, 1977305011, 848214450, -1284822238, -1687459332, 0, -664880336, -1490747719, -1929301872, 36513, 45833, 15092, 0, -1211046363, -1893341399, -54720975, 33071, 0, 0, 0, -127574764, -1, 9909, 0, 31871, 21797, -145177797, 0, 0, -58312393, 0, 28884, 0, 37515, -1194182620, 0, 0, 44073, 0, -606865454, -1923284310, 28559, 0, 31396, -772335497, 0, 0, 9728, 0, -422075767, 0, 0, 33368, 18310, 13373, -998333556, -1189714133, 0, 41848, 0, -1664153382, -846027206, -198243299, -790350467, 0, 0, -350465625, 24607, 14632, -223195877, 0, 6541, -1677219612, -570599618, -265031204, -935649274, 39597, 46279, 39855, -519081328, -244380775, -201255188, 0, -284043067, 16269, -74635698, -367688355, -1735547775, -890853459, 19380, 26796, 13332, 42874, 0, 31418, 0, 22654],[17920, 0, -2140774482, 39504, 0, 1672511695, 39486, 45058, 0, 0, -631938844, 0, -1568464137, 41619, 41235, 4343, 0, 40542, 32658, 21277, 42337, 9909, -1, 44959, 738429255, 0, 15938, 0, 38991, 0, 41063, 0, 28069, 27194, 34640, -2107297088, 943643945, 10686, 6818, 0, 32102, 42678, 35989, 35595, 22313, 21904, 0, 14617, 1293285798, -1195365262, 0, 29034, 40883, 0, 0, 43578, 25888, 28695, 6886, 33677, 0, 0, 0, 0, 36631, 42180, 0, 21545, 10345, 25974, 0, 43825, 0, 33121, 37399, 28963, 0, 0, 0, 0, 0, 0, 18829, 0, 38841, 0, 25437, 26877, 26965, 18875, 29340, 0, 38073, 24694, 43335, 22127, 10899],[0, 24322, 38221, 1502547483, 0, 0, 442445459, 22910, -1440025980, 10435, 41722, 18242, 27751, 0, 35578, -1562768059, 0, 45274, 0, 14657, -1108087687, 0, 44959, -1, 33258, 44284, -368218634, 0, 36442, 0, 0, 15396, -2035221689, 0, -2071482733, 24717, 9112, 0, -2126819793, 0, 16842, 16906, 0, 31751, -1590580761, 0, 12348, 0, 46207, 0, 20784, 31253, 32141, 0, 0, 0, 13942, -1924835989, 0, -1566238515, 0, 26701, 40120, 38329, 42367, 42074, 13960, 31534, 0, 41045, 33988, 42385, 0, 37106, 0, 33783, 27020, 39406, 41753, 0, 0, 26483, 0, 0, 0, 16769, 45314, 33363, 0, 0, 45227, 0, 35520, 0, 23795, 0, 0],[19718, 0, -1633583889, 35263, -1257449143, 0, 30291, 45268, 0, 0, 0, -1288876791, -1937194639, 0, 46329, 38290, 0, 43484, 45281, 38530, 38838, 31871, 738429255, 33258, -1, 0, 0, 17049, 36777, 42207, 31701, -624171358, 25200, 0, 0, 0, 0, 40362, 0, -1925453792, 0, 22347, 32793, 11412, 24749, 37303, 25130, 38337, 0, -950965971, 32981, 21244, 20333, 5101, 0, 0, 0, 32766, 3142, 0, 0, 0, 0, 0, 0, 21288, 0, 46268, 0, 43773, 0, 0, 26597, 40412, 35643, 0, 26727, 19942, 0, 31951, 0, 46308, 32930, 17110, 21539, 27146, 0, 0, 14196, 37143, 0, 36091, 27640, 42024, 31419, 0, 40689],[26055, 0, -1327460623, 34918, -2136330952, 2066848365, 31727, 43551, 0, 39891, -330436334, -1091959447, -2069442062, 44635, 0, 24439, 39531, 41582, 0, 12499, 38889, 21797, 0, 44284, 0, -1, 34618, 0, 0, 0, 41886, 0, 32997, 22927, 0, 0, 3908, 33670, 10261, -1076590510, 32153, 0, 35879, 23104, 34372, 0, 30112, 0, 17135, -1062901692, 13671, 0, 38862, 38393, 0, 22759, 42865, 22178, 0, 0, 35627, 0, 37561, 39888, 0, 37736, 19608, 0, 0, 0, 36748, 0, 35549, 0, 30276, 0, 27060, 0, 16749, 0, 0, 0, 0, 0, 0, 45084, 13872, 44748, 21601, 31340, 40243, 34300, 16763, 38655, 0, 37240, 0],[-1095717902, 1893237540, 1954604474, -1860833218, 1065021468, 0, -891407548, 0, 0, 21938, 0, 28900, 19500, -409963318, -1994305830, -270677486, 0, -827873776, 0, 45495, -210735286, -145177797, 15938, -368218634, 0, 34618, -1, 29568, -313561244, -864122395, -409195450, 45968, -227691238, 28523, -1383930448, 0, 35449, 23222, -225099632, 35727, -301002781, 35987, 0, 32945, 0, 41952, 30607, 33521, 34769, 0, -794438165, 26269, 0, 0, 0, -671535441, 35269, -797177418, 0, -1073824439, 32140, 0, 0, 41337, 33306, 8776, 34426, 21950, 34258, 33499, 18372, 0, 15613, 21585, 29006, 0, 29779, 45174, 34710, 0, 45731, 0, 41497, 15087, 37712, 43875, 39284, 17656, 0, 11893, 41681, 0, 0, 35789, 39665, 30401, 26250],[0, 0, 0, 0, 28514, 33065, 25542, 0, 18451, 0, 0, 594821295, 31345, -1604989389, 0, 0, 41447, -1876339350, 548362244, 42715, 0, 0, 0, 0, 17049, 0, 29568, -1, 28442, 8715, 2054, 0, 45597, 25177, 37691, 0, 0, 41422, 39157, 0, 28916, 34096, 43631, 0, 0, 37682, 23136, 0, 8655, 0, 0, 0, 38758, 32622, 44813, 31694, 4784, 0, 8958, 0, 0, 0, 0, 22660, 26761, 10868, 0, 41806, 39442, 27959, 28472, 31336, 41321, 0, 0, 0, 0, 43138, 0, 0, 28304, 0, 27261, 40545, 0, 33154, 0, 32073, 32033, 32013, 35794, 33084, 41476, 42600, 0, 24917, 0],[0, 34519, 1946664505, 602649512, 7527, 45435, 46225, 40088, 0, 32164, 45751, 0, 0, 40719, 32005, -1313467085, 0, 32009, 0, 26561, -2053304605, 0, 38991, 36442, 36777, 0, -313561244, 28442, -1, -1542521592, -2042495517, 0, -717811908, 21416, 0, 35950, 0, 42427, 45204, 33327, 30831, 0, 0, 20675, -654175069, 0, 33929, 16906, 34997, 0, 12464, 43147, 0, 0, 30197, 14012, 24627, 0, 44081, 0, 37250, 0, 35232, 12262, 21752, 41603, 20104, 23788, 25019, 30260, 42444, 0, 30539, 44862, 0, 45583, 29458, 0, 0, 35978, 43285, 15854, 32313, 38396, 33822, 25232, 0, 27026, 39226, 39712, 0, 43869, 44668, 37394, 0, 0, 0],[-1222916209, 1324347099, 0, -2014295028, 0, 32186, 0, -1867307049, -236895191, 35539, 0, 0, 38311, -1637599784, -1512951614, -932080094, 20717, -1370833158, 0, 35857, -292884981, -58312393, 0, 0, 42207, 0, -864122395, 8715, -1542521592, -1, 0, 39884, -848895016, 30873, -1475823728, 16364, 42632, 0, -352512417, 0, -1558113425, 40443, 44730, 0, -1236857033, 37378, 0, 18768, 0, 0, -1458729400, 17828, 11554, 14229, 36026, -1264641262, 0, 0, 0, -1856067321, -1657923482, -1205965032, -1111263452, -1739697545, -1825901341, 441019539, 45072, 0, 41970, 0, 0, 0, 0, 0, 36265, 0, 0, 0, 42692, 26353, 18599, 36010, 0, 43947, 0, 0, 0, 0, 0, 0, 45681, 28819, 41696, 32454, 41938, 31805, 46058],[-1457369975, 1608330998, -1569269158, 0, 44946, 34291, -1983433683, -2011205446, -1795199615, 35810, 29165, 10186, 0, -1492479033, -860284236, -829058941, 7959, -1377102490, -1759208885, 11982, -67229092, 0, 41063, 0, 31701, 41886, -409195450, 2054, -2042495517, 0, -1, 0, 0, 0, -514732173, 36588, 46307, 26236, -77176463, 16497, 0, 0, 44758, 0, -377064260, 43286, 33075, 12835, 0, 40334, -1898790249, 0, 40474, 18734, 0, -1673003341, -1881939828, -475705559, 42148, 0, 0, 39215, -2119227986, -1715769165, 0, 36486, 12972, 39789, 38255, 15639, 39767, 18418, 41262, 31243, 32336, 16188, 0, 23177, 0, 31717, 33301, 34596, 45294, 24345, 0, 0, 29961, 0, 27751, 0, 44515, 38440, 19375, 0, 34879, 29474, 21775],[1794521362, -1125980360, -1643625767, 35541, 0, -971430740, 28294, 25316, 0, -373317240, -85072554, -120654541, -58250648, 40886, 44887, 0, -1592172809, 39515, 0, 25454, 0, 28884, 0, 15396, -624171358, 0, 45968, 0, 0, 39884, 0, -1, 35198, 37557, 30959, -242751152, -798833466, -1152986063, 0, -227260481, 28680, 0, 0, 0, 20983, -1932848083, -1097479803, 0, -2027096705, 0, 9388, -1765217797, 0, -1487000769, -1268935283, 17281, 0, 35558, -2018727841, 39393, 0, 0, 0, 45875, 42933, 0, 0, 32300, 15040, 44450, 0, 0, 44388, 27672, 4086, 15394, 22039, 0, 36887, 18890, 37892, 17148, 36104, 0, 0, 0, 44142, 0, 36490, 34192, 16278, 3899, 41010, 0, 42574, 14934, 0],[-1389740096, 1602939270, 0, -1569127486, 1914034796, 0, 0, -1817854128, -710715759, 0, 0, 13668, 29093, 0, 0, 0, 0, -1059016385, 0, 0, 0, 0, 28069, -2035221689, 25200, 32997, -227691238, 45597, -717811908, -848895016, 0, 35198, -1, 37326, -1616215787, 0, 0, 0, -480600470, 0, -1556982439, 35573, 35850, 43061, -776419862, 40854, 45745, 28798, 41711, 0, -980174587, 11380, 26497, 24455, 31385, -1435447605, 0, -505428361, 46202, 0, -1023460868, -427377147, 0, -1936637172, 0, -1648307014, -525060419, 0, 33780, -1773658231, 0, 40152, -1067981909, -1599105932, -1593570684, 0, 0, 38358, 17766, -2000968439, -1220431206, -1562794137, 0, -1511835735, 29469, 0, -751280248, -196217132, -1209148687, 0, -210802351, 25909, 0, 0, -848917865, 19540, 0],[0, 0, 29862, -2095013929, 0, 43498, 1382868698, 37292, 42039, 0, 43900, 30719, 7882, 28574, 0, 33513, 0, 0, 41239, 0, 43527, 37515, 27194, 0, 0, 22927, 28523, 25177, 21416, 30873, 0, 37557, 37326, -1, 43075, 44039, 0, 35860, 0, 0, 5986, 31733, 12711, 0, 22050, 37946, 26220, 30568, 35858, 0, 28415, 0, 36582, 31656, 0, 0, 23181, 13743, 33820, 31894, 0, 40587, 41266, 16996, 16066, 7947, 0, 36849, 0, 0, 0, 14296, 0, 0, 0, 31854, 33818, 12695, 44856, 35799, 42338, 39867, 36716, 17104, 39363, 41687, 0, 0, 32825, 4178, 32770, 0, 44404, 33173, 0, 0, 0],[-1633141509, 821230854, -1388402111, -2067739073, 0, 14544, 0, -2092168477, -1459617885, 19160, 0, 0, 42434, -1398457219, -1743964487, -720128149, 0, -1733410931, -1845585126, 0, -69985044, -1194182620, 34640, -2071482733, 0, 0, -1383930448, 37691, 0, -1475823728, -514732173, 30959, -1616215787, 43075, -1, 15865, 26456, 24460, 0, 0, 1584795413, 42628, 0, 21421, -1045080776, 0, 0, 45127, 0, 28363, 18986, 0, 0, 0, 21684, 2464, 0, 0, 42434, 0, 0, 0, 32076, 0, 0, 42652, 26473, 0, 0, 37933, 31560, 32003, 0, 24865, 0, 9837, 15427, 22236, 43685, 30654, 40870, 37987, 0, 46178, 43553, 44763, 0, 33184, 37688, 19622, 32689, 33412, 44209, 30848, 45295, 44745, 44691],[2124051571, -926248974, -1645014344, 40215, 0, -1908409027, 22115, 29061, 0, -1713890354, 0, -60153537, -9959345, 39984, 26833, 31166, -1799325317, 39599, 45446, 18265, 0, 0, -2107297088, 24717, 0, 0, 0, 0, 35950, 16364, 36588, -242751152, 0, 44039, 15865, -1, -206903268, -2118011627, 0, 0, 39957, 0, -394271084, -1397817049, 27983, -1747424978, 0, 0, -578935785, 0, 0, -312136741, 0, -1689561602, -204417763, 29983, 25054, 14503, -454082306, 25767, 42800, 26669, 23047, 0, 21294, 0, 13134, 28601, 37242, 25309, 0, 0, 38801, 36831, 11598, 0, 37378, 39792, 41324, 40752, 43106, 45064, 38845, 0, 35015, 10184, 26740, 21197, 28845, 36461, 0, 33531, 0, 0, 28424, 0, 0],[39022, 0, 0, 45282, -2123557180, 0, 0, 0, 0, 0, -2042800467, -1132126705, -2044067780, 0, 32957, 39040, 0, 0, 16595, 45438, 835551238, 0, 943643945, 9112, 0, 3908, 35449, 0, 0, 42632, 46307, -798833466, 0, 0, 26456, -206903268, -1, 25911, 45806, -1019302293, 25305, 0, 0, 0, 42115, 27710, 0, 0, 37846, -1810500283, 20322, 40463, 45070, 0, 0, 32469, 28575, 36886, 14054, 32439, 33043, 40712, 22715, 40208, 40971, 16224, 0, 0, 39989, 0, 31583, 17151, 20335, 0, 0, 43885, 30059, 0, 14649, 15393, 40540, 0, 24148, 0, 36634, 0, 35599, 29227, 35045, 0, 36755, 45910, 33818, 17420, 43849, 21645, 18044],[34124, 0, -2089560278, 0, 0, 1065778339, 32327, 14190, 0, 24669, -2134776348, 0, -1732168197, 41248, 7549, 45983, 0, 0, 37435, 42419, 43081, 44073, 10686, 0, 40362, 33670, 23222, 41422, 42427, 0, 26236, -1152986063, 0, 35860, 24460, -2118011627, 25911, -1, 42003, 0, 41226, 0, 0, 44973, 40670, 36849, 39493, 39447, 44350, -1036246798, 0, 0, 17558, 43125, 31979, 0, 37679, 26074, 0, 25867, 27385, 0, 32214, 12088, 24756, 42917, 39698, 41211, 0, 0, 42415, 20731, 22623, 0, 19635, 36398, 0, 40826, 41857, 16938, 19813, 38268, 0, 21309, 0, 39467, 0, 26541, 42044, 33346, 12526, 41887, 7193, 0, 0, 37103, 38124],[-484766172, 1833967794, -1968859548, 0, -1343915876, 15314, -1214638082, -1136238371, 0, 14844, -1614272391, 43920, 0, -2081370764, 0, -505153074, 16698, -1346302924, -675066769, 0, -110013869, 0, 6818, -2126819793, 0, 10261, -225099632, 39157, 45204, -352512417, -77176463, 0, -480600470, 0, 0, 0, 45806, 42003, -1, 14619, 18809, 0, 44177, 25233, -170684260, 0, 23900, 0, 38619, 0, 6372, 36885, 38999, 40302, 22109, 8721, 45696, 0, 25619, 0, 31353, 31010, 32701, 39975, 0, 39055, 29933, 30524, 0, 30285, 21213, 16523, 0, 0, 24899, 0, 0, 0, 0, 0, 45761, 0, 41008, 39566, 0, 0, 6652, 36286, 41619, 0, 0, 21833, 43388, 37568, 29727, 21028, 0],[1897061763, -1054172364, -1751662299, 0, -1573963634, -913969904, 0, 0, -1028864565, -1502826448, -806451928, -219173415, 0, 40658, 45664, 42272, -346082629, 0, 41498, 42536, 0, -606865454, 0, 0, -1925453792, -1076590510, 35727, 0, 33327, 0, 16497, -227260481, 0, 0, 0, 0, -1019302293, 0, 14619, -1, 16812, 0, -482810026, -656911435, 0, 0, 0, 0, -356161851, 0, 15245, 0, 0, -1902870610, -1542231367, 0, 0, 30477, -628556031, 33234, 35467, 0, 31494, 42144, 0, 33285, 0, 44795, -1004520687, 24300, 24144, 13211, 45396, 36795, 0, 0, 26406, 15246, 31627, 21347, 36915, 0, 34670, 28287, 42039, 11118, 36149, 0, 0, 26691, 11386, 38525, 32654, 0, 0, 38121, 43151],[0, 39174, 38888, 0, 667737215, 0, 936962195, 31457, 0, 37743, 38312, 0, 28845, 30531, 16333, 0, 44648, 27231, 0, 38437, -2088627207, -1923284310, 32102, 16842, 0, 32153, -301002781, 28916, 30831, -1558113425, 0, 28680, -1556982439, 5986, 1584795413, 39957, 25305, 41226, 18809, 16812, -1, 41016, 0, 25401, -1142680856, 28141, 23478, 0, 0, 40716, 31460, 0, 40733, 8324, 0, 17873, 0, 28025, 0, 0, 0, 41702, 0, 30293, 26989, 37299, 0, 19603, 13292, 0, 0, 28738, 5530, 0, 34961, 28987, 22628, 44445, 23617, 8416, 40382, 24571, 0, 42442, 0, 30117, 35408, 37089, 41978, 0, 0, 39438, 0, 38281, 24914, 0, 36191],[43038, 0, -1943977665, 43434, 0, 0, 46199, 32460, 42654, 1050259072, 0, -1463513367, -1753294795, 17292, 26032, 41517, 33568, 43768, 0, 0, 34436, 28559, 42678, 16906, 22347, 0, 35987, 34096, 0, 40443, 0, 0, 35573, 31733, 42628, 0, 0, 0, 0, 0, 41016, -1, 41615, 0, 31976, 4337, 0, 45637, 0, 1466507278, 24982, 44094, 29705, 28892, 41114, 12142, 0, 0, 39529, 35422, 39324, 30306, 31560, 36712, 46092, 24469, 11316, 0, 30241, 41420, 45237, 32871, 28515, 42380, 45545, 40044, 32949, 29318, 37790, 29262, 0, 0, 11913, 37986, 0, 21754, 41739, 0, 30755, 44107, 43801, 16505, 0, 30133, 0, 0, 31452],[34056, 0, -2053368048, 0, -1950227215, 1104544419, 45134, 39699, 0, 0, 0, -1962462272, 0, 0, 44713, 0, 22832, 37739, 0, 0, 23696, 0, 35989, 0, 32793, 35879, 0, 43631, 0, 44730, 44758, 0, 35850, 12711, 0, -394271084, 0, 0, 44177, -482810026, 0, 41615, -1, 35620, 30444, 18048, 43642, 45642, 17823, 0, 31970, 38626, 30236, 43354, 0, 0, 39909, 29192, 10394, 26996, 41159, 16525, 31335, 0, 5294, 44130, 0, 21587, 0, 21535, 40231, 12684, 0, 28642, 0, 10364, 46271, 43594, 17337, 17525, 0, 42834, 0, 32357, 0, 12679, 0, 0, 0, 44564, 35307, 0, 41720, 16593, 42789, 25160, 44437],[42806, 0, -1910760737, 34594, -1485061886, 0, 19565, 40095, 3535, 0, -854869479, -1279811851, -1146821357, 37631, 41406, 29123, 391746579, 0, 0, 0, 40556, 31396, 35595, 31751, 11412, 23104, 32945, 0, 20675, 0, 0, 0, 43061, 0, 21421, -1397817049, 0, 44973, 25233, -656911435, 25401, 0, 35620, -1, 37188, 0, 19085, 0, 42689, 44981, 42398, 17227, 22002, 0, 35269, 41834, 39700, 19371, 46177, 42450, 39292, 6960, 31186, 0, 40447, 0, 29207, 30161, 34316, 6317, 41094, 0, 0, 27544, 0, 43102, 0, 9531, 45485, 5906, 0, 0, 19985, 45200, 42586, 33486, 39482, 20425, 22996, 34232, 26456, 0, 33169, 36184, 0, 32138, 38439],[-988349057, 1576560176, -2084482591, -920749341, -2105323023, 35172, -883789762, 0, -1583058227, 40576, -1669162896, 35337, 0, -704450816, -815494728, -1114879425, 0, -2061829955, -1779612869, 39657, -154780859, -772335497, 22313, -1590580761, 24749, 34372, 0, 0, -654175069, -1236857033, -377064260, 20983, -776419862, 22050, -1045080776, 27983, 42115, 40670, -170684260, 0, -1142680856, 31976, 30444, 37188, -1, 0, 42025, 22261, 43642, 37713, 0, 46060, 15423, 44732, 0, -661157966, 43765, 0, 32246, 38158, 0, 0, 0, 31079, 44357, 0, 0, 0, 41009, 40419, 10605, 44693, 45155, 0, 35145, 29163, 24126, 0, 26054, 0, 0, 28678, 30137, 20774, 0, 29541, 37639, 9019, 36832, 0, 45944, 11461, 32989, 44969, 38618, 36119, 15188],[17271, 0, 0, 7653, -1475375906, 1969896487, 45910, 15485, 21929, 0, 0, -990590939, 0, 0, 25096, 36091, 20195, 0, 29838, 43554, 27513, 0, 21904, 0, 37303, 0, 41952, 37682, 0, 37378, 43286, -1932848083, 40854, 37946, 0, -1747424978, 27710, 36849, 0, 0, 28141, 4337, 18048, 0, 0, -1, 46216, 0, 20598, 43143, 0, 30245, 29479, 33830, 32229, 40870, 45411, 39541, 42668, 0, 29249, 0, 0, 0, 45923, 37398, 0, 42252, 42584, 26301, 45737, 25847, 37407, 45437, 41707, 25205, 0, 10981, 33654, 43635, 20088, 40803, 26603, 15459, 24598, 35326, 0, 43024, 26940, 25079, 0, 11242, 0, 0, 41237, 34993, 18509],[42792, 0, 0, 26888, 0, 1218399213, 34344, 0, 0, 0, -617265055, -2141879468, -1751299658, 23625, 0, 0, 0, 44552, 43649, 44537, 0, 0, 0, 12348, 25130, 30112, 30607, 23136, 33929, 0, 33075, -1097479803, 45745, 26220, 0, 0, 0, 39493, 23900, 0, 23478, 0, 43642, 19085, 42025, 46216, -1, 41546, 46242, 0, 44388, 16674, 0, 38535, 0, 30220, 0, 37111, 43345, 16217, 17785, 0, 0, 34500, 18055, 36874, 38389, 42610, 0, 14970, 29377, 34255, 34947, 19895, 38046, 0, 0, 19639, 13696, 37204, 0, 32863, 26905, 0, 35671, 40174, 0, 0, 0, 0, 0, 0, 40844, 27877, 0, 31770, 28190],[23598, 0, 0, 0, -1390562550, 1991639308, 25651, 0, 35519, 0, 0, -1588541642, -1626048625, 37088, 44590, 32545, 13768, 0, 0, 37326, 36545, 9728, 14617, 0, 38337, 0, 33521, 0, 16906, 18768, 12835, 0, 28798, 30568, 45127, 0, 0, 39447, 0, 0, 0, 45637, 45642, 0, 22261, 0, 41546, -1, 46251, 0, 0, 0, 0, 0, 0, 44908, 27012, 43989, 0, 0, 0, 26220, 0, 28655, 21844, 0, 18105, 0, 8335, 0, 38198, 40107, 0, 41078, 5621, 46172, 0, 0, 31141, 39446, 0, 26929, 36365, 0, 0, 28127, 33974, 14942, 37901, 0, 0, 28273, 45132, 20301, 26186, 38994, 44036],[39304, 0, -1706000875, 0, -1847364368, 0, 19135, 0, 0, 0, -235982010, -1135400512, 0, 0, 41131, 25613, 0, 0, 39998, 31075, 99803177, 0, 1293285798, 46207, 0, 17135, 34769, 8655, 34997, 0, 0, -2027096705, 41711, 35858, 0, -578935785, 37846, 44350, 38619, -356161851, 0, 0, 17823, 42689, 43642, 20598, 46242, 46251, -1, 33434, 0, 0, 0, 35118, 39581, 19798, 42472, 0, 28414, 44163, 0, 0, 44569, 42369, 42992, 0, 17089, 46021, 38283, 23040, 0, 28924, 0, 0, 0, 45752, 35930, 0, 24845, 0, 23458, 30622, 35316, 25500, 12873, 40951, 39228, 0, 0, 40868, 0, 40924, 0, 39272, 0, 16779, 0],[1262627621, -1620950077, 0, 41602, 0, 0, 0, 25776, -1207503260, -1234895507, -2111621870, -20472504, -816966537, 45992, 0, 0, 0, 36173, 39187, 0, 0, -422075767, -1195365262, 0, -950965971, -1062901692, 0, 0, 0, 0, 40334, 0, 0, 0, 28363, 0, -1810500283, -1036246798, 0, 0, 40716, 1466507278, 0, 44981, 37713, 43143, 0, 0, 33434, -1, 33931, 37780, 0, 18060, 32396, 0, 0, 21925, 30873, 0, 26097, 29821, 24154, 17392, 25874, 29045, 0, 0, 30965, 16427, 23177, 0, 24340, 29963, 37660, 40914, 37961, 38489, 42462, 0, 0, 31898, 22977, 0, 35834, 35054, 17803, 0, 0, 39547, 0, 34549, 0, 17449, 14704, 37937, 0],[0, 43835, 43978, 158033840, 37901, 44781, 18253, 28856, 0, 0, 27765, 0, 35664, 32549, 40994, -743127004, 44936, 36025, 0, 0, -1595399917, 0, 0, 20784, 32981, 13671, -794438165, 0, 12464, -1458729400, -1898790249, 9388, -980174587, 28415, 18986, 0, 20322, 0, 6372, 15245, 31460, 24982, 31970, 42398, 0, 0, 44388, 0, 0, 33931, -1, 22360, 39929, 31263, 31570, 42186, 41360, 0, 44731, 45115, 0, 33757, 0, 0, 36329, 24254, 0, 0, 33856, 21306, 0, 25927, 0, 0, 39429, 0, 39648, 12093, 41858, 9217, 46047, 39738, 40976, 19770, 9506, 6463, 20506, 33483, 36552, 0, 28411, 23614, 43111, 0, 43457, 0, 38073],[24227, 0, -1575006244, 45723, -1979616327, 1448586430, 36233, 16632, 32685, 0, -1363417626, -884735627, -1936600612, 0, 16917, 0, 0, 33250, 30743, 21790, 0, 0, 29034, 31253, 21244, 0, 26269, 0, 43147, 17828, 0, -1765217797, 11380, 0, 0, -312136741, 40463, 0, 36885, 0, 0, 44094, 38626, 17227, 46060, 30245, 16674, 0, 0, 37780, 22360, -1, 0, 0, 39371, 17743, 25736, 32181, 38018, 36870, 41777, 26199, 35867, 0, 0, 10173, 0, 0, 12696, 29873, 36087, 0, 44081, 0, 0, 0, 32246, 43487, 0, 0, 0, 0, 0, 0, 46039, 28739, 29230, 44412, 0, 35954, 26480, 0, 0, 26060, 7665, 36265, 0],[0, 0, 19609, -1471463662, 0, -1603737715, 24780971, 21792, 0, 37503, 45183, 0, 41516, 26013, 44773, 42569, 0, 32283, 17009, 40456, 31169, 33368, 40883, 32141, 20333, 38862, 0, 38758, 0, 11554, 40474, 0, 26497, 36582, 0, 0, 45070, 17558, 38999, 0, 40733, 29705, 30236, 22002, 15423, 29479, 0, 0, 0, 0, 39929, 0, -1, 0, 15740, 41444, 44453, 0, 3616, 0, 41882, 0, 0, 41340, 0, 0, 36295, 41234, 0, 0, 0, 40050, 14471, 40767, 0, 42025, 30330, 18883, 35812, 0, 38362, 41668, 41836, 0, 11075, 34716, 0, 0, 26260, 42308, 0, 0, 40310, 0, 0, 30584, 15858],[44199, 0, -1935814245, 0, -2114217587, 283305022, 32682, 0, 0, 0, 0, -822056801, -1744103953, 0, 27122, 3046, 0, 26115, 37256, 28039, 7597, 18310, 0, 0, 5101, 38393, 0, 32622, 0, 14229, 18734, -1487000769, 24455, 31656, 0, -1689561602, 0, 43125, 40302, -1902870610, 8324, 28892, 43354, 0, 44732, 33830, 38535, 0, 35118, 18060, 31263, 0, 0, -1, 11443, 39063, 8252, 40466, 0, 11113, 15720, 44705, 22928, 37526, 45824, 36065, 37606, 0, 0, 28339, 24990, 28508, 36741, 24574, 38574, 0, 0, 37968, 0, 0, 19174, 0, 20526, 35074, 0, 0, 25054, 25871, 44123, 34402, 0, 25585, 44695, 39929, 45264, 40399, 41150],[19279, 0, 0, 23580, -1120629058, 1961319252, 31757, 12073, 33655, 44455, -1793858435, 0, -754686396, 32443, 0, 39506, 0, 0, 28884, 0, 0, 13373, 0, 0, 0, 0, 0, 44813, 30197, 36026, 0, -1268935283, 31385, 0, 21684, -204417763, 0, 31979, 22109, -1542231367, 0, 41114, 0, 35269, 0, 32229, 0, 0, 39581, 32396, 31570, 39371, 15740, 11443, -1, 0, 0, 31838, 0, 0, 16592, 30286, 27957, 41436, 42648, 39567, 33346, 40539, 31720, 38763, 23651, 0, 0, 36754, 19815, 0, 0, 45393, 38556, 6208, 22915, 28047, 21336, 8978, 38679, 22635, 0, 31911, 43841, 0, 25019, 0, 20246, 0, 13223, 0, 0],[0, 23071, 5930, 1300728488, 29833, 34984, 30786, 26935, -1459184806, 25274, 8998, 0, 46052, 31796, 6108, -1880811345, 40790, 0, 0, 17191, -1569960067, -998333556, 43578, 0, 0, 22759, -671535441, 31694, 14012, -1264641262, -1673003341, 17281, -1435447605, 0, 2464, 29983, 32469, 0, 8721, 0, 17873, 12142, 0, 41834, -661157966, 40870, 30220, 44908, 19798, 0, 42186, 17743, 41444, 39063, 0, -1, 40495, 33231, 37511, 0, 40875, 38564, 36701, 40189, 31075, 0, 0, 30517, 0, 0, 17078, 0, 22897, 0, 32450, 0, 40248, 0, 0, 42572, 22537, 0, 31608, 41830, 45554, 16082, 41268, 0, 26479, 18505, 0, 0, 0, 26794, 20444, 46097, 25082],[0, 5246, 31854, 259518463, 22082, 15729, 44127, 43327, -1526338519, 36967, 42470, 0, 0, 43245, 0, -1929755312, 35387, 39790, 8726, 21333, -1093036838, -1189714133, 25888, 13942, 0, 42865, 35269, 4784, 24627, 0, -1881939828, 0, 0, 23181, 0, 25054, 28575, 37679, 45696, 0, 0, 0, 39909, 39700, 43765, 45411, 0, 27012, 42472, 0, 41360, 25736, 44453, 8252, 0, 40495, -1, 27728, 0, 46093, 45019, 33754, 0, 0, 41199, 0, 43800, 44530, 27537, 45971, 0, 24201, 32061, 32409, 0, 16333, 0, 45012, 11066, 24307, 43313, 45447, 0, 0, 30711, 0, 26460, 26771, 14723, 3135, 0, 0, 42452, 0, 35802, 39637, 0],[-1285721514, 1257150030, -1694517440, 0, -1728788979, 0, -1894760532, 0, -1999398486, 0, -873913025, 0, 27625, -1372077727, -1763352036, 0, 31862, 0, -1476473901, 40562, -120374920, 0, 28695, -1924835989, 32766, 22178, -797177418, 0, 0, 0, -475705559, 35558, -505428361, 13743, 0, 14503, 36886, 26074, 0, 30477, 28025, 0, 29192, 19371, 0, 39541, 37111, 43989, 0, 21925, 0, 32181, 0, 40466, 31838, 33231, 27728, -1, 21129, 29413, 35634, 25132, 42160, 33861, 0, 33376, 20999, 0, 24204, 0, 0, 7940, 17989, 39366, 0, 45323, 45997, 0, 12904, 0, 40030, 38365, 0, 0, 45624, 0, 0, 31552, 26898, 33631, 0, 38970, 16322, 16091, 19866, 0, 7983],[23700, 0, -1851098076, 46005, -1615674888, 11256458, 0, 0, 44276, 40018, -933546101, -1181211461, 0, 45298, 27118, 0, 31440, 0, 0, 41260, 8024, 41848, 6886, 0, 3142, 0, 0, 8958, 44081, 0, 42148, -2018727841, 46202, 33820, 42434, -454082306, 14054, 0, 25619, -628556031, 0, 39529, 10394, 46177, 32246, 42668, 43345, 0, 28414, 30873, 44731, 38018, 3616, 0, 0, 37511, 0, 21129, -1, 31933, 0, 0, 33069, 34217, 0, 21700, 20384, 31086, 20606, 0, 37696, 42942, 45448, 13764, 36179, 27864, 40755, 24260, 33440, 31479, 0, 17239, 31238, 39861, 0, 24328, 44060, 0, 26324, 36261, 34924, 0, 46076, 27963, 0, 12969, 0],[-1166169649, 1089423343, -1937329170, -1546910589, -1738786698, 45966, -1681289060, -1390582549, -706411335, 38985, 0, 10496, 35059, -2008504268, 0, -486542492, 0, -1598230711, 0, 37500, -432012409, 0, 33677, -1566238515, 0, 0, -1073824439, 0, 0, -1856067321, 0, 39393, 0, 31894, 0, 25767, 32439, 25867, 0, 33234, 0, 35422, 26996, 42450, 38158, 0, 16217, 0, 44163, 0, 45115, 36870, 0, 11113, 0, 0, 46093, 29413, 31933, -1, 20883, 39531, 8628, 0, 31380, 0, 0, 38060, 21427, 35217, 17240, 43390, 36689, 8754, 32900, 41978, 25161, 0, 18571, 29907, 35767, 0, 0, 34060, 7533, 42433, 0, 0, 27803, 0, 38521, 40957, 0, 32895, 38954, 36467, 43051],[-1819612088, 1787316984, -1430641969, 0, -1634769051, 14990, 0, -439474870, 0, 0, 0, -1160259730, 27017, 2025638945, 18556, -546524413, 0, 45006, 39270, 0, -568087978, -1664153382, 0, 0, 0, 35627, 32140, 0, 37250, -1657923482, 0, 0, -1023460868, 0, 0, 42800, 33043, 27385, 31353, 35467, 0, 39324, 41159, 39292, 0, 29249, 17785, 0, 0, 26097, 0, 41777, 41882, 15720, 16592, 40875, 45019, 35634, 0, 20883, -1, 39143, 34971, 34718, 43749, 27401, 0, 45464, 32367, 32673, 36849, 0, 4135, 7435, 27794, 17692, 0, 43923, 44304, 44298, 45247, 41885, 19087, 0, 33354, 33127, 24687, 0, 42514, 45086, 43620, 0, 0, 29429, 34771, 38110, 38094],[2107484485, -507084983, -1801376596, 0, 0, -1671966605, 42022, 15439, -529511956, 0, 0, -1977158310, -349307268, 0, 34303, -763148324, 43566, 31487, 38722, 35245, 26041, -846027206, 0, 26701, 0, 0, 0, 0, 0, -1205965032, 39215, 0, -427377147, 40587, 0, 26669, 40712, 0, 31010, 0, 41702, 30306, 16525, 6960, 0, 0, 0, 26220, 0, 29821, 33757, 26199, 0, 44705, 30286, 38564, 33754, 25132, 0, 39531, 39143, -1, 43753, 0, 0, 0, 35395, 4781, 0, 38616, 0, 0, 0, 0, 37628, 44504, 35602, 22259, 0, 36025, 33131, 45969, 0, 0, 0, 0, 43273, 31232, 37661, 0, 39662, 31755, 6237, 0, 0, 27022, 7795],[0, 19508, 0, 0, 810525249, 0, 662004081, 26033, 0, 0, 0, 17147, 15549, 16310, 41665, 0, 5781, 36244, 43127, 45827, -849167043, -198243299, 0, 40120, 0, 37561, 0, 0, 35232, -1111263452, -2119227986, 0, 0, 41266, 32076, 23047, 22715, 32214, 32701, 31494, 0, 31560, 31335, 31186, 0, 0, 0, 0, 44569, 24154, 0,