95
[[-1099016783, 0, 0, -529044097, 39421, 0, 33545, 0, 0, 0, 0, 0, -1971231737, 0, 44784, 0, -1849998996, 41808, -1761875513, 0, 0, 0, -108868820, 0, 0, 0, -1025607613, 0, 0, 0, -909708405, 0, 0, 0, -1466047036, 0, 2015871836, 0, 0, 0, 0, 0, 0, 0, 0, 18509, -815500454, 0, 0, 0, -1216400143, 0, 0, 0, 0, 0, 0, 0, 0, -220508457, 0, 0, 0, 0, 0, 0, 0, 0, 0, 0, 0, 0, 0, 0, -1861681337, 0, 0, 0, 2115742870, 0, 0, 0, 0, 0, 0, 0, 0, 0, 0, 0, 0, 0, 0, 0, -899754652],[0, -1, 44449, 0, 0, 36083, 0, 0, 0, 34517, 0, 0, 0, 0, 0, 0, 0, 675474522, 0, 0, 0, 0, 45804, 0, 0, 0, 0, 0, 0, 0, 0, 43045, 0, 0, 0, 0, 0, 0, 0, 0, 0, 0, 0, 0, -1383497000, 0, 0, 45824, 0, 1336630156, 0, 0, 40499, 0, 0, 0, 0, 0, 43135, 0, -1397224766, 0, 0, 0, 0, 0, 0, 1912443691, 0, 0, 0, 0, 0, 0, 25872, -1655705706, 0, 0, 0, 28330, 32204, 44383, 0, 44291, 0, 0, 0, 0, 0, 43861, 0, 0, 9964, 0, 0],[0, 44449, -1, 0, 0, 0, 0, 0, 18777, 0, 21343, 45133, 0, 13546, 0, 0, 0, -1557153987, 0, 0, 0, 0, 0, 0, 26538, 20226, 0, 0, 0, 36426, 40585, 0, 0, 0, 0, 0, 0, 0, 0, 26489, 0, 0, 0, 0, 2095223915, 0, 0, 0, 0, -1892047613, 0, 0, 0, 35979, 0, 0, 0, 0, 0, 37143, 816899706, 0, 28439, 0, 0, 23526, 0, -2138485276, 0, 0, 0, 0, 0, 0, 0, 1229275848, 0, 0, 23621, 0, 1309152852, 0, 45283, 1249022473, 0, 0, 0, 0, 46258, 269018680, 0, 0, 0, 0, 0],[-529044097, 0, 0, -1, 0, 0, 0, 0, 0, 0, 44571, 0, 0, 0, 0, 0, 0, 0, 0, 0, 0, 27688, 0, 0, 0, 0, 0, 0, 0, 0, 1697387497, 0, 0, 21165, 0, 0, 0, 0, 16809, 40044, 0, 23420, 20827, 0, 0, 0, 1936416676, 37247, 0, 0, 0, 0, 0, 0, 8433, 0, 17341, 0, 0, -1846166946, 0, 0, 0, 31985, 0, 0, 37152, 0, 0, 0, 0, 0, 0, 0, 0, 0, 0, 0, 0, 0, 0, 29796, 0, 0, 30998, 0, 0, 0, 0, 0, 32547, 0, 0, 45426, 0],[39421, 0, 0, 0, -1, 44543, 0, 0, 13099, 44305, 41361, 0, 1829986166, 0, 0, 0, 0, 0, 0, 0, 0, 0, 0, 0, 0, 26807, 0, 0, 0, 12570, 0, 0, 16134, 0, 0, 0, 0, 17875, 0, 0, 0, 0, 0, 0, 0, 0, 0, 0, 19216, 0, 0, 0, 21245, 0, 0, 0, 0, 23976, 0, 38671, 0, 0, 0, 0, 0, 0, 29622, 0, 0, 11599, 21835, 0, 0, 0, 1692903109, 0, 0, 0, 119644740, 0, 14898, 0, 0, 30429, 0, 0, 0, 28808, 41414, 0, 0, 0, 25616, 0, 1565369832],[0, 36083, 0, 0, 44543, -1, 0, 0, 33714, 0, 0, 0, 0, 0, 22336, 0, 0, -1573293147, 7846, 0, 30925, 0, 0, 0, 43627, 0, 0, 0, 0, 34463, 0, 0, 0, 0, 0, 0, 0, 0, 0, 0, 0, 0, 0, 0, 0, 0, 0, 0, 0, 0, 0, 0, 0, 0, 0, 0, 0, 0, 0, 0, 0, 0, 40135, 0, 38991, 0, 0, 0, 0, 1806442629, 50574875, 0, 0, 0, 0, 0, 0, 0, 0, 0, 278133222, 0, 0, 0, 0, 0, 0, 0, 0, 0, 0, 36870, 0, 0, -1077019329],[33545, 0, 0, 0, 0, 0, -1, 0, 0, 0, 19953, 0, 0, 0, 0, 33374, 0, 719576880, 164256549, 0, 31199, 28837, 0, 0, 0, 0, 485162602, 0, 0, 0, 0, 0, 15857, 0, 388814646, 0, 797089601, 0, 0, 39156, 43622, 0, 0, 0, 14407, 0, 0, 0, 0, 0, 0, 0, 0, 41034, 0, 0, 23506, 0, 9975, 0, 0, 0, 0, 0, 0, 0, 0, 45131, 0, 0, 0, 0, 0, 0, 0, 0, 0, 0, 0, 44256, 0, 0, 40129, 0, 0, 27112, 0, 0, 0, 38511, 0, 0, 34604, 0, 0],[0, 0, 0, 0, 0, 0, 0, -1, 0, 11539, 0, 0, 0, 0, 0, 0, 19875, 0, 1431883248, 0, 0, 0, 0, 0, 0, 0, 0, 33027, 44586, 0, 43049, 0, 0, 0, 31649, 0, 0, 0, 0, 0, 0, 0, 0, 26494, 0, 0, 0, 0, 26013, 0, 36737, 17439, 0, 34776, 32633, 0, 0, 33218, 28199, 0, 0, 0, 0, 20121, 0, 0, 0, 0, 39505, 0, 0, 0, 18624, 0, 0, 0, 0, 0, 0, 0, 0, 32985, 0, 39075, 0, 0, 0, 0, 0, 0, 0, 41211, 0, 29402, 0],[0, 0, 18777, 0, 13099, 33714, 0, 0, -1, 0, 0, 0, 0, 0, 0, 0, 0, 0, 27694, 0, 0, 0, 0, 0, 0, 0, 0, 0, 0, 0, 0, 0, 1306431665, 0, 0, 40499, 0, 0, 21902, 440090389, 0, 0, 0, 38255, 0, 25752, 0, 0, 0, 0, 0, 0, 0, 0, 0, 0, 36829, 0, 0, 0, 0, 0, 0, 0, 0, 364328947, 39394, 14755, 45378, 0, 0, 0, 38170, 0, 0, 0, 0, 0, 20414, 27349, 0, 0, 0, 10815, 14921, 23340, 0, 0, 0, 0, 0, 0, 0, 0, 0],[0, 34517, 0, 0, 44305, 0, 0, 11539, 0, -1, 33081, 0, 31957, 0, 0, 0, 0, -1945867541, 24503, 0, 24199, 45418, 602358264, 0, 26337, 0, 0, 0, 1004471839, 0, 0, 0, 0, 5253, 0, 0, 0, 180747227, 0, 0, 0, 0, 0, 0, 0, 0, 0, 0, 2034630809, 0, 0, 0, 0, 0, 0, 0, 0, 1494608851, 429758825, 29517, 0, 0, 0, 0, 0, 0, 0, 0, 0, 26151, 16862, 39884, 0, 0, 6723, 35232, 0, 25253, 0, 0, 38954, 1770320457, 0, 37506, 43010, 25193, 8551, 0, 2478, 0, 0, 0, 0, 0, 0],[0, 0, 21343, 44571, 41361, 0, 19953, 0, 0, 33081, -1, 0, 0, 1290489377, 0, 0, 0, 0, 0, 0, 0, 717116908, 0, 0, 1579529015, 0, 0, 0, 37429, 0, 0, 0, 0, 0, 0, 0, 0, 0, 0, 4325, 0, 0, 0, 0, 0, 0, 0, 0, 0, 0, 0, 0, 0, 0, 121171036, 0, 0, 0, 0, 0, 1398898733, 39213, 0, 1267667215, 0, 29573, 0, 0, 0, 0, 0, 0, 0, 0, 0, 22092, 45240, 0, 0, 41601, 34362, 0, 0, 0, 1256817511, 405936001, 0, 0, 0, 0, 0, 0, 0, 673713007, 0],[0, 0, 45133, 0, 0, 0, 0, 0, 0, 0, 0, -1, 0, 0, 30673, 0, 0, 0, 30987, 23556, 0, 0, 0, 20330, 0, 0, 0, 0, 0, 0, 0, 0, 0, 0, 0, 0, 40383, 7609, 0, 0, 0, 0, 0, 0, 0, 0, 0, 0, 0, 0, 0, 37203, 0, 0, 0, 0, 0, 0, 19475, 1426095209, 0, 0, 0, 0, 42033, 37859, 0, 0, 0, 19877, 27593, 0, 43764, 0, 0, 0, 0, 31479, 26092, 0, 27519, 39338, 1418225565, 35905, 0, 40041, 0, 38141, 0, 0, 0, 35616, 0, 0, 0],[-1971231737, 0, 0, 0, 1829986166, 0, 0, 0, 0, 31957, 0, 0, -1, 0, 0, 0, 0, 0, 0, 35526, 0, 0, 1959630454, 0, 0, 0, 0, 0, 0, 0, 0, 0, 0, 0, 31313, 20154, 0, 44726, 0, 0, 0, 0, 0, 0, 0, 0, 16655, 0, 0, 0, 0, 0, 0, 0, 0, 0, 16272, 0, 0, 0, 0, 0, 0, 0, 33647, 0, 44227, 0, 0, 0, 0, 0, 11044, 0, 19477, 0, 0, 0, 0, 0, 43703, 0, 43818, 30589, 0, 29560, 0, 0, 0, 0, 15009, 0, 38984, 15999, 0],[0, 0, 13546, 0, 0, 0, 0, 0, 0, 0, 1290489377, 0, 0, -1, 0, 0, 0, 5029, 0, 45793, 0, 0, 43825, 0, 0, 1604353936, 0, 0, 30501, 0, 0, 0, 38407, 0, 27554, 38420, 0, 39624, 0, 0, 0, 0, 0, 31602, -1752472352, 25217, 0, 35118, 0, 0, 41343, 0, 35607, 348454799, 0, 0, 0, 0, 0, 0, 0, 0, 1984957437, 0, 0, 32423, 0, 38306, 0, 0, 0, 0, 0, 0, 0, 0, -1646730683, 0, 0, 0, 0, 0, 0, 0, 23583, 0, 20592, 0, 0, 0, 0, 0, 0, 24934, 0],[44784, 0, 0, 0, 0, 22336, 0, 0, 0, 0, 0, 30673, 0, 0, -1, 39758, 445958652, 0, 0, 0, 0, 0, 0, 0, 39588, 0, 0, 0, 0, 0, 0, 0, 0, 0, 0, 36378, 35193, 0, 0, 21188, 0, 0, 0, 0, 0, 0, 0, 0, 0, 0, 1438825731, 0, 0, 0, 0, 0, 0, 0, 0, 0, 41365, 42975, 0, 40703, 1111492705, 43724, 0, 0, 0, 0, 0, 35262, 0, 25256, 0, 0, 9784, 39162, 44028, 0, 0, 0, 0, 16432, 0, 0, 38416, 0, 0, 0, 0, 0, 0, 18373, 0],[0, 0, 0, 0, 0, 0, 33374, 0, 0, 0, 0, 0, 0, 0, 39758, -1, 0, 0, 0, 39787, 167762695, 0, 0, 0, 0, 40140, 0, 33440, 0, 0, 0, 0, 0, 0, 740270065, 0, 37712, 18022, 0, 39012, 0, 0, 0, 0, 0, 0, 0, 0, 0, 0, 0, 14667, 0, 0, 33403, 0, 0, 30136, 0, 0, 0, 0, 41892, 0, 0, 38705, 43851, 0, 27386, 0, 22267, 38592, 0, 0, 0, 0, 32038, 0, 37577, 0, 0, 43393, 0, 0, 0, 0, 0, 0, 0, 37327, 0, 24771, 0, 24948, 18960],[-1849998996, 0, 0, 0, 0, 0, 0, 19875, 0, 0, 0, 0, 0, 0, 445958652, 0, -1, 0, 0, 0, 0, 0, 0, 0, 0, 0, 29122, 0, 24913, 0, 0, 0, 0, 0, 0, 0, 0, 35294, 22120, 0, 0, 33785, 0, 0, 0, 0, 0, 0, 36445, 16738, 0, 236985477, 0, 0, 0, 0, 38106, 0, 0, 33843, 42971, 0, 33459, 0, 0, 20446, 0, 0, 0, 40997, 0, 0, 1485531698, -2095626045, 0, 0, 0, 39103, 0, 0, 22970, 0, 14929, 0, 0, 0, 0, 35181, 0, 0, 0, 0, 0, 0, 0],[41808, 675474522, -1557153987, 0, 0, -1573293147, 719576880, 0, 0, -1945867541, 0, 0, 0, 5029, 0, 0, 0, -1, 0, 43554, 0, 35378, 30534, 0, 29818, 0, 0, 0, 0, 0, 43811, 0, 0, 27395, 0, 0, 0, 0, 0, 0, 0, 0, 0, 0, 0, 0, 0, 0, 0, 0, 0, 0, -1622315373, 0, 0, 45647, 0, 25951, 0, 32064, 0, 0, 0, 0, 0, 0, 0, 0, 0, 0, 0, -2142758123, 0, 0, 0, 0, 0, 0, 45627, 0, 0, 41356, 0, 0, 0, 0, 0, 0, 728898213, 0, 0, 0, 0, 0, 32163],[-1761875513, 0, 0, 0, 0, 7846, 164256549, 1431883248, 27694, 24503, 0, 30987, 0, 0, 0, 0, 0, 0, -1, 0, 905439852, 0, 0, 0, 0, 0, 0, 0, 0, 44066, 28623, 0, 0, 34314, 0, 0, 0, 0, 0, 0, 0, 0, 33419, 0, 14843, 0, 0, 0, 0, 22047, 0, 0, 0, 0, 44353, 0, 28476, 37817, 38763, 0, 0, 0, 0, 0, 45057, 0, 27371, 0, -2002013574, 0, 0, 0, 18254, 37881, 0, 28149, 32653, 0, 0, 0, 0, 0, 0, 0, 0, 0, 0, 27763, 0, 0, 39183, 404453579, 31091, 21287, 0],[0, 0, 0, 0, 0, 0, 0, 0, 0, 0, 0, 23556, 35526, 45793, 0, 39787, 0, 43554, 0, -1, 0, 0, 0, 0, 0, 0, 0, 10522, 16097, 0, 46176, 36373, 0, 0, 0, 0, 0, 1431069608, 0, 0, 0, 0, 42679, 36309, 0, 33854, 42483, 0, 0, 0, 0, 0, 0, 0, 0, 377900782, 9140, 0, 0, 14493, 0, 0, 0, 0, 0, 0, 0, 0, 0, 0, 0, 0, 46142, 0, 0, 0, 0, 0, 46149, 0, 27916, 0, 11474, 40305, 4373, 36838, 0, 10860, 0, 37016, 30121, 0, 0, 0, 33136],[0, 0, 0, 0, 0, 30925, 31199, 0, 0, 24199, 0, 0, 0, 0, 0, 167762695, 0, 0, 905439852, 0, -1, 0, 5284, 0, 0, 0, 0, 0, 0, 0, 11276, 0, 0, 0, 20454, 0, 0, 0, 0, 0, 0, 43565, 0, 13943, 22894, 44689, 0, 0, 0, 0, 0, 27092, 0, 9182, 0, 20931, 0, 0, 0, 0, 0, 0, 0, 27204, 0, 0, 0, 0, 0, 0, 32087, 1573438967, 0, 0, 40164, 0, 22725, 0, 0, 0, 28490, 0, 12525, 0, 0, 0, 0, 5895, 0, 0, 0, 20795, 0, 0, 46229],[0, 0, 0, 27688, 0, 0, 28837, 0, 0, 45418, 717116908, 0, 0, 0, 0, 0, 0, 35378, 0, 0, 0, -1, 18430, 3697, 38793, 0, 0, 0, 0, 0, 0, 0, 0, 0, 0, 34399, 28567, 13197, 875727847, 0, 0, 0, 0, 0, 41777, 0, 0, 0, 0, 29540, 0, 0, 0, 16651, 0, 14671, 1154820066, 0, 41178, 0, 0, 0, 0, 39990, 0, 45724, 197583098, 34631, 0, 0, 45942, 38096, 0, 0, 0, 0, 0, 0, 0, 0, 0, 41025, 27576, 0, 0, 0, 0, 46089, 0, 0, 0, 0, 6810, 0, 0],[-108868820, 45804, 0, 0, 0, 0, 0, 0, 0, 602358264, 0, 0, 1959630454, 43825, 0, 0, 0, 30534, 0, 0, 5284, 18430, -1, 0, 28853, 0, 0, 0, 0, 0, 0, 0, 0, 0, 0, 0, 20402, 0, 0, 0, 0, 0, 0, 0, 0, 0, 0, 0, 0, -1637880399, 0, 0, 0, 0, 0, 0, 11309, 41338, 33981, 43193, 0, 19626, 24476, 36818, 0, 0, 0, 0, 0, 38507, 0, 0, 31756, 0, 37986, 0, 0, -696287769, 0, 671030052, 0, 0, 19377, 0, 0, 0, 0, 0, 0, 0, 0, 0, 0, 45503, 45464],[0, 0, 0, 0, 0, 0, 0, 0, 0, 0, 0, 20330, 0, 0, 0, 0, 0, 0, 0, 0, 0, 3697, 0, -1, 0, 22989, 38945, 0, 0, 0, 44679, 0, 0, 0, 16902, 0, 0, 0, 33131, 0, 0, 0, 30734, 35367, 41564, 0, 0, 0, 0, 0, 0, 660973887, 0, 0, 0, 0, 0, 0, 0, 0, 0, 31091, 0, 27081, 0, 0, 43027, 40274, 36277, 0, 0, 0, 37901, 0, 0, 0, 0, 0, 0, 0, 0, 0, 37342, 40294, 0, 34382, 0, 0, 0, 0, 26184, 0, 0, 0, 37160],[0, 0, 26538, 0, 0, 43627, 0, 0, 0, 26337, 1579529015, 0, 0, 0, 39588, 0, 0, 29818, 0, 0, 0, 38793, 28853, 0, -1, 27932, 0, 0, 0, 0, 0, 0, 0, 0, 46298, 23341, 7430, 0, 0, 0, 0, 0, 46194, 14387, 0, 0, 0, 0, 0, 0, 0, 0, 0, 0, 0, 0, 36490, 0, 20095, 0, 0, 0, 0, 0, 0, 0, 0, 0, 40768, 34363, 0, 45956, 33884, 0, 0, 0, 0, 145282279, 0, 0, 41415, 0, 0, 0, 0, 0, 0, 37465, 0, 0, 0, 0, 0, 0, 0],[0, 0, 20226, 0, 26807, 0, 0, 0, 0, 0, 0, 0, 0, 1604353936, 0, 40140, 0, 0, 0, 0, 0, 0, 0, 22989, 27932, -1, 0, 41707, 0, 0, 0, 0, 32067, 40465, 9142, 0, 0, 0, 0, 0, 0, 0, 3896, 11751, 0, 0, 0, 38677, 0, 33345, 0, 0, 19962, 36008, 0, 0, 0, 0, 34720, 0, 0, 0, 0, 0, 0, 0, 43845, 0, 0, 0, 0, 41654, 29517, 42970, 0, 0, 22350, 0, 0, 9094, 33905, 0, 0, 30522, 0, 0, 2425, 1976786716, 0, 0, 0, 0, 0, 28404, -861153810],[-1025607613, 0, 0, 0, 0, 0, 485162602, 0, 0, 0, 0, 0, 0, 0, 0, 0, 29122, 0, 0, 0, 0, 0, 0, 38945, 0, 0, -1, 0, 27797, 44402, 0, 0, 0, 7140, 0, 0, 29001, 0, 40931, 13153, 0, 0, 0, 0, 30415, 0, 0, 0, 0, 0, 44403, 0, 0, 43390, 0, 39788, 0, 13960, 0, 0, 19441, 0, 0, 32935, 0, 0, 0, 0, 35494, 0, 35283, 0, 36314, 43816, 0, 0, 0, 0, 0, 27305, 0, 0, 0, 14663, 38480, 44443, 0, 0, 0, 0, 31835, 0, 15095, 31312, 0],[0, 0, 0, 0, 0, 0, 0, 33027, 0, 0, 0, 0, 0, 0, 0, 33440, 0, 0, 0, 10522, 0, 0, 0, 0, 0, 41707, 0, -1, 0, 0, 1723545417, 0, 43012, 40918, 0, 0, 0, 36722, 0, 0, 0, 0, 0, 1641181595, 43788, 0, 0, 0, 0, 0, 32706, 0, 0, 0, 0, 0, 0, 0, 0, 45383, 0, 0, 0, 28283, 0, 0, 0, 0, 0, 27497, 0, 39026, 15758, 0, 0, 0, 0, 0, 0, 34368, 0, 0, 45695, 0, 0, 0, 0, 27376, 0, 32971, 0, 34256, 0, 35845, 0],[0, 0, 0, 0, 0, 0, 0, 44586, 0, 1004471839, 37429, 0, 0, 30501, 0, 0, 24913, 0, 0, 16097, 0, 0, 0, 0, 0, 0, 27797, 0, -1, 0, 35122, 43472, 0, 0, 23687, 24447, 38030, 0, 41328, 22217, 0, 0, 0, 30352, 0, 0, 33201, 0, 0, 0, 0, 0, 0, 0, 0, 0, 39350, 0, 0, 35811, 0, 0, 0, 0, 0, 0, 14080, 0, 0, 0, 0, 0, 0, 25387, 0, 41743, 0, 19229, 0, 0, 0, 0, 0, 0, 41912, 0, 1296960339, 0, 0, 44740, 0, 0, 26811, 30855, 0],[0, 0, 36426, 0, 12570, 34463, 0, 0, 0, 0, 0, 0, 0, 0, 0, 0, 0, 0, 44066, 0, 0, 0, 0, 0, 0, 0, 44402, 0, 0, -1, 0, 0, 0, 0, 0, 41117, 0, 28411, 0, 1461372948, 0, 39201, 0, 33515, 0, 0, 0, 0, 31480, 41204, 0, 0, 0, 40279, 0, 26501, 0, 40655, 38779, 0, 0, 42785, 0, 0, 0, 0, 0, 42007, 0, 16435, 0, 0, 0, 0, 0, 38098, 0, 0, 0, 0, 0, 0, 36208, 0, 36860, 0, 0, 0, 0, 13012, 30703, 26972, 34482, 46208, 1932039691],[-909708405, 0, 40585, 1697387497, 0, 0, 0, 43049, 0, 0, 0, 0, 0, 0, 0, 0, 0, 43811, 28623, 46176, 11276, 0, 0, 44679, 0, 0, 0, 1723545417, 35122, 0, -1, 37902, 0, 0, 24766, 852, 0, 17446, 0, 0, 0, 0, 0, 0, -842179132, 0, -627958344, 0, 37579, 0, 0, 0, 0, 0, 0, 31415, 0, 0, 0, 2094799076, 44498, 0, 0, 0, 0, 43218, 14978, 0, 0, 0, 0, 38651, 0, 0, 0, 0, 0, 43034, 0, 0, 0, 0, 0, 33980, 0, 0, 46091, 0, 1269415407, 16953, 0, 0, 0, 0, 0],[0, 43045, 0, 0, 0, 0, 0, 0, 0, 0, 0, 0, 0, 0, 0, 0, 0, 0, 0, 36373, 0, 0, 0, 0, 0, 0, 0, 0, 43472, 0, 37902, -1, 0, 0, 0, 0, 0, 0, 0, 0, 31068, 32181, 17802, 0, 0, 0, 0, 0, 45788, -885313363, 0, 40108, 0, 46168, 0, 0, 27251, 0, 671516676, 19817, 30154, 0, 0, 0, 0, 0, 0, 0, 44644, 0, 32603, 44481, 0, 0, 0, 0, 0, 0, 0, 0, 0, 32878, 0, 0, 0, 0, 0, 0, 36705, 0, 0, 33114, 0, 0, 0],[0, 0, 0, 0, 16134, 0, 15857, 0, 1306431665, 0, 0, 0, 0, 38407, 0, 0, 0, 0, 0, 0, 0, 0, 0, 0, 0, 32067, 0, 43012, 0, 0, 0, 0, -1, 20036, 0, -1051958547, 0, 0, 0, 0, 0, 0, 0, 0, 0, 0, 0, 0, 0, 0, 0, 0, 33136, 0, 0, 12817, 9832, 0, 44151, 0, 0, 0, 0, 33838, 38693, 0, 0, 32605, 0, 0, 0, 33504, 0, 0, 0, 0, 0, 0, 0, 0, 0, 0, 0, 34061, 0, 26102, 0, 0, 0, 0, 0, 0, 24236, 0, 0],[0, 0, 0, 21165, 0, 0, 0, 0, 0, 5253, 0, 0, 0, 0, 0, 0, 0, 27395, 34314, 0, 0, 0, 0, 0, 0, 40465, 7140, 40918, 0, 0, 0, 0, 20036, -1, 0, 0, 0, 0, 0, 0, 0, 0, 2020940015, 0, 0, 0, 0, 0, 23246, 0, 0, 0, 41088, 0, 0, 0, 5104, 41152, 0, 13756, 0, 0, 13912, 0, 0, 30226, 0, 23252, 0, 0, 0, 0, 46098, 0, 0, 45148, 0, 0, 0, 24035, 0, 0, 0, 0, 0, 40626, 32465, 0, 0, 26511, 0, 44521, 0, 0, 17857],[-1466047036, 0, 0, 0, 0, 0, 388814646, 31649, 0, 0, 0, 0, 31313, 27554, 0, 740270065, 0, 0, 0, 0, 20454, 0, 0, 16902, 46298, 9142, 0, 0, 23687, 0, 24766, 0, 0, 0, -1, 0, 0, 0, 0, 16362, 0, 0, 0, 0, 0, 0, 20911, 0, 0, 0, 0, 45239, 38546, 0, 0, 0, 43670, 0, 41755, 0, 34740, 28564, 0, 0, 0, 24560, 0, 0, 0, 0, 40643, 0, 41542, 35116, 35807, 0, 23009, 0, 41394, 0, 0, 0, 0, 0, 36621, 0, 0, 0, 35272, 0, 13914, 33279, 0, 34514, 0],[0, 0, 0, 0, 0, 0, 0, 0, 40499, 0, 0, 0, 20154, 38420, 36378, 0, 0, 0, 0, 0, 0, 34399, 0, 0, 23341, 0, 0, 0, 24447, 41117, 852, 0, -1051958547, 0, 0, -1, 0, 0, 0, 0, 0, 0, 0, 0, 16075, 0, 0, 0, 44035, 0, 0, 19994, 0, 38970, 35620, 40622, 0, 0, 0, 0, 0, 43253, 30559, 0, 0, 0, 1157953007, 0, 16880, 0, 0, 0, 0, 114521718, 0, 0, 0, 0, 0, 0, 0, 39977, 0, 0, 31638, 41809, 0, 0, 24339, 30088, 0, 0, 30336, 0, 0],[2015871836, 0, 0, 0, 0, 0, 797089601, 0, 0, 0, 0, 40383, 0, 0, 35193, 37712, 0, 0, 0, 0, 0, 28567, 20402, 0, 7430, 0, 29001, 0, 38030, 0, 0, 0, 0, 0, 0, 0, -1, 11762, 0, 30362, 0, 0, 0, 0, 0, 0, 0, 0, 26888, 38537, 0, 0, 30417, 0, 0, 0, 0, 0, 18652, 0, 0, 0, 0, 20249, 33352, 0, 0, 0, 27586, 0, 25862, 0, 40884, 13858, 35616, 0, 0, 0, 0, 0, 0, 42029, 0, 0, 24779, 0, 0, 0, 0, 0, 0, 0, 0, 7436, 31172],[0, 0, 0, 0, 17875, 0, 0, 0, 0, 180747227, 0, 7609, 44726, 39624, 0, 18022, 35294, 0, 0, 1431069608, 0, 13197, 0, 0, 0, 0, 0, 36722, 0, 28411, 17446, 0, 0, 0, 0, 0, 11762, -1, 0, 0, 32538, 0, 24041, 0, 0, 38527, 0, 0, 0, 0, 26061, 0, 38281, 0, 0, 0, 23208, 0, 0, 16648, 40245, 0, 0, 36224, 30580, 13230, 44885, 0, 0, 0, 0, 36114, 0, 0, 12782, 13922, 0, 34603, 41422, 0, 21331, 0, 0, 30217, 23548, 0, 31400, 0, 27318, 0, 0, 0, 0, 0, 0],[0, 0, 0, 16809, 0, 0, 0, 0, 21902, 0, 0, 0, 0, 0, 0, 0, 22120, 0, 0, 0, 0, 875727847, 0, 33131, 0, 0, 40931, 0, 41328, 0, 0, 0, 0, 0, 0, 0, 0, 0, -1, 43420, 0, 0, 0, 0, 40669, 0, 0, 0, 0, 45665, 5255, 0, 0, 0, 0, 0, 0, 0, 14184, 38091, 0, 44927, 0, 39199, 30141, 0, 0, 31821, 0, 0, 0, 36503, 0, 0, 0, 6395, 44014, 0, 0, 0, 0, 0, 28951, 16753, 0, 0, 0, 0, 0, 0, 0, 0, 0, 0, 0],[0, 0, 26489, 40044, 0, 0, 39156, 0, 440090389, 0, 4325, 0, 0, 0, 21188, 39012, 0, 0, 0, 0, 0, 0, 0, 0, 0, 0, 13153, 0, 22217, 1461372948, 0, 0, 0, 0, 16362, 0, 30362, 0, 43420, -1, 0, 0, 0, 28957, 0, 10017, 0, 27083, 0, 0, 0, 0, 44794, 0, 0, 0, 0, 0, 0, 25812, 0, 0, 35090, 41309, 0, 0, 45675, 0, 0, 0, 0, 0, 0, 0, 0, 0, 1947434093, 20187, 23677, 0, 0, 28449, 42024, 0, 0, 0, 0, 0, 0, 0, 0, 0, 20781, 0, 40509],[0, 0, 0, 0, 0, 0, 43622, 0, 0, 0, 0, 0, 0, 0, 0, 0, 0, 0, 0, 0, 0, 0, 0, 0, 0, 0, 0, 0, 0, 0, 0, 31068, 0, 0, 0, 0, 0, 32538, 0, 0, -1, 0, 41543, 43163, 0, 0, 28252, 16449, 0, 0, 0, 0, 0, 0, 29452, 0, 1725400978, 15360, 0, 42995, 0, 0, 0, 0, 748, 39175, 0, 0, 0, 0, 0, 44361, 0, 0, 0, 0, 0, 0, 31098, 0, 0, 0, 0, 39552, 0, 0, 41527, 34603, 20040, 41266, 0, 0, 43156, 0, 0],[0, 0, 0, 23420, 0, 0, 0, 0, 0, 0, 0, 0, 0, 0, 0, 0, 33785, 0, 0, 0, 43565, 0, 0, 0, 0, 0, 0, 0, 0, 39201, 0, 32181, 0, 0, 0, 0, 0, 0, 0, 0, 0, -1, 1113808783, 25550, 0, 0, 0, 19375, 0, 26175, 20996, 25639, 0, 0, 0, 0, 38113, 34154, 0, 0, 0, 0, 0, 0, 0, 0, 0, 0, 0, 0, 14852, 0, 0, 0, 37275, 0, 32801, 0, 40607, 41100, 45267, 0, 8710, 0, 0, 0, 0, 0, 0, 42683, 0, 0, 20183, 0, 0],[0, 0, 0, 20827, 0, 0, 0, 0, 0, 0, 0, 0, 0, 0, 0, 0, 0, 0, 33419, 42679, 0, 0, 0, 30734, 46194, 3896, 0, 0, 0, 0, 0, 17802, 0, 2020940015, 0, 0, 0, 24041, 0, 0, 41543, 1113808783, -1, 0, 28570, 0, -1582735743, 0, 0, 0, 0, 18893, 0, 0, 39517, 0, 13310, 0, 0, 0, 0, 2224, 0, 0, 23140, 0, 0, 0, 31878, 11814, 0, 0, 42349, 0, 0, 16044, 0, 46316, 14634, 0, 11347, 0, 0, 25491, 0, 0, 0, 0, 0, 29113, 0, 0, 0, 0, 0],[0, 0, 0, 0, 0, 0, 0, 26494, 38255, 0, 0, 0, 0, 31602, 0, 0, 0, 0, 0, 36309, 13943, 0, 0, 35367, 14387, 11751, 0, 1641181595, 30352, 33515, 0, 0, 0, 0, 0, 0, 0, 0, 0, 28957, 43163, 25550, 0, -1, 22977, 0, 0, 0, 41582, 33705, 0, 0, 0, 0, 0, 0, 10570, 0, 0, 0, 0, 21497, 0, 0, 0, 0, 0, 0, 0, 0, 0, 0, 36184, 0, 12330, 0, 0, 0, 0, 0, 0, 0, 0, 36428, 0, 42429, 0, 33257, 0, 0, 0, 25232, 0, 0, 0],[0, -1383497000, 2095223915, 0, 0, 0, 14407, 0, 0, 0, 0, 0, 0, -1752472352, 0, 0, 0, 0, 14843, 0, 22894, 41777, 0, 41564, 0, 0, 30415, 43788, 0, 0, -842179132, 0, 0, 0, 0, 16075, 0, 0, 40669, 0, 0, 0, 28570, 22977, -1, 0, 0, 0, 0, 0, 0, 0, 0, 0, 22269, 41750, 0, 0, 0, 0, 0, 0, 0, 0, 0, 0, 0, 0, 0, 0, 0, 32154, 0, 29663, 0, 0, 0, 0, 0, 0, 0, 0, -1077483955, -504305131, 0, 0, 0, 41041, 0, 0, 42371, 0, 26196, 0, 26414],[18509, 0, 0, 0, 0, 0, 0, 0, 25752, 0, 0, 0, 0, 25217, 0, 0, 0, 0, 0, 33854, 44689, 0, 0, 0, 0, 0, 0, 0, 0, 0, 0, 0, 0, 0, 0, 0, 0, 38527, 0, 10017, 0, 0, 0, 0, 0, -1, 1902694302, 30440, 0, 18569, 0, 0, 0, 0, 0, 0, 0, 37670, 18850, 0, 0, 43029, 0, 0, 0, 0, 0, 0, 0, 44123, 0, 0, 26785, 0, 42703, 0, 0, 0, 0, 0, 0, 0, 0, 0, 0, 0, 9299, 0, 0, 43939, 0, 0, 0, 0, 0],[-815500454, 0, 0, 1936416676, 0, 0, 0, 0, 0, 0, 0, 0, 16655, 0, 0, 0, 0, 0, 0, 42483, 0, 0, 0, 0, 0, 0, 0, 0, 33201, 0, -627958344, 0, 0, 0, 20911, 0, 0, 0, 0, 0, 28252, 0, -1582735743, 0, 0, 1902694302, -1, 0, 0, 0, 20346, 0, 0, 0, 0, 39695, 0, 0, 0, 0, 44539, 0, 44545, 0, 41100, 0, 16195, 0, 34840, 37316, 0, 0, 0, 0, 0, 0, 0, 0, 36535, 0, 0, 45821, 0, 0, 35067, 0, 0, 0, 0, 24922, 0, 0, 0, 11468, 0],[0, 45824, 0, 37247, 0, 0, 0, 0, 0, 0, 0, 0, 0, 35118, 0, 0, 0, 0, 0, 0, 0, 0, 0, 0, 0, 38677, 0, 0, 0, 0, 0, 0, 0, 0, 0, 0, 0, 0, 0, 27083, 16449, 19375, 0, 0, 0, 30440, 0, -1, 0, -1060100047, 0, 0, 1984322160, 0, 0, 0, 0, 0, 0, 0, 0, 0, 0, 29262, 0, 0, 0, 0, 0, 24636, 0, 0, 0, 0, 44815, 0, 0, 0, 0, 0, 0, 0, 0, 0, 36228, 0, 0, 0, 0, 0, 0, 28310, 0, 0, 0],[0, 0, 0, 0, 19216, 0, 0, 26013, 0, 2034630809, 0, 0, 0, 0, 0, 0, 36445, 0, 0, 0, 0, 0, 0, 0, 0, 0, 0, 0, 0, 31480, 37579, 45788, 0, 23246, 0, 44035, 26888, 0, 0, 0, 0, 0, 0, 41582, 0, 0, 0, 0, -1, 27371, 44600, 19563, 0, 0, 0, 29996, 0, 0, 0, 0, 22057, 0, 36955, 42385, 0, 44626, 0, 0, 0, 13545, 0, 0, 17832, 0, 0, 0, 0, 0, 0, 0, 0, 0, 28031, 0, 0, 34620, 0, 37991, 0, 0, 0, 37091, 0, 0, 29713],[0, 1336630156, -1892047613, 0, 0, 0, 0, 0, 0, 0, 0, 0, 0, 0, 0, 0, 16738, 0, 22047, 0, 0, 29540, -1637880399, 0, 0, 33345, 0, 0, 0, 41204, 0, -885313363, 0, 0, 0, 0, 38537, 0, 45665, 0, 0, 26175, 0, 33705, 0, 18569, 0, -1060100047, 27371, -1, 0, 24888, 0, 0, 0, 0, 0, 0, 0, 0, 0, 0, 0, 0, 26799, 0, 0, 0, 45307, 0, 0, 0, 0, 0, 0, -1761468276, 0, 0, 0, -1354082637, -1152137651, 0, 44847, -1669511651, 0, 38998, 0, 42983, 0, 0, 0, 0, -1390129109, 43246, 0],[-1216400143, 0, 0, 0, 0, 0, 0, 36737, 0, 0, 0, 0, 0, 41343, 1438825731, 0, 0, 0, 0, 0, 0, 0, 0, 0, 0, 0, 44403, 32706, 0, 0, 0, 0, 0, 0, 0, 0, 0, 26061, 5255, 0, 0, 20996, 0, 0, 0, 0, 20346, 0, 44600, 0, -1, 45280, 0, 0, 0, 0, 0, 9234, 0, 0, 0, 0, 30795, 0, 0, 0, 16053, 0, 0, 0, 0, 0, 0, 0, 0, 0, 0, 0, 0, 0, 25402, 31526, 0, 0, 13979, 11577, 0, 45250, 0, 0, 0, 0, 0, 0, 28022],[0, 0, 0, 0, 0, 0, 0, 17439, 0, 0, 0, 37203, 0, 0, 0, 14667, 236985477, 0, 0, 0, 27092, 0, 0, 660973887, 0, 0, 0, 0, 0, 0, 0, 40108, 0, 0, 45239, 19994, 0, 0, 0, 0, 0, 25639, 18893, 0, 0, 0, 0, 0, 19563, 24888, 45280, -1, 0, 0, 21057, 0, 0, 0, 0, 0, 0, 0, 0, 0, 44290, 0, 0, 33079, 0, 0, 0, 41451, 0, 0, 0, 0, 32793, 0, 0, 0, 0, 0, 34500, 0, 0, 0, 0, 0, 0, 21823, 0, 44984, 0, 0, 0],[0, 40499, 0, 0, 21245, 0, 0, 0, 0, 0, 0, 0, 0, 35607, 0, 0, 0, -1622315373, 0, 0, 0, 0, 0, 0, 0, 19962, 0, 0, 0, 0, 0, 0, 33136, 41088, 38546, 0, 30417, 38281, 0, 44794, 0, 0, 0, 0, 0, 0, 0, 1984322160, 0, 0, 0, 0, -1, 0, 17411, 21031, 0, 0, 18727, 0, 0, 45641, 0, 41375, 0, 0, 0, 0, 0, 0, 26701, 0, 0, 19585, 0, 29335, 8336, 37822, 0, 0, 0, 0, 0, 0, 0, 0, 0, 22375, 0, 37325, 15368, 0, 0, 0, 0],[0, 0, 35979, 0, 0, 0, 41034, 34776, 0, 0, 0, 0, 0, 348454799, 0, 0, 0, 0, 0, 0, 9182, 16651, 0, 0, 0, 36008, 43390, 0, 0, 40279, 0, 46168, 0, 0, 0, 38970, 0, 0, 0, 0, 0, 0, 0, 0, 0, 0, 0, 0, 0, 0, 0, 0, 0, -1, 0, 0, 0, 0, 0, 0, 0, 33357, 29259, 0, 0, 0, 0, 24982, 0, 0, 32563, 0, 0, 0, 0, 20294, 0, 0, 37492, 0, 39624, 0, 0, 0, 40236, 0, 0, 0, 32105, 0, 0, 0, 0, 0, 0],[0, 0, 0, 8433, 0, 0, 0, 32633, 0, 0, 121171036, 0, 0, 0, 0, 33403, 0, 0, 44353, 0, 0, 0, 0, 0, 0, 0, 0, 0, 0, 0, 0, 0, 0, 0, 0, 35620, 0, 0, 0, 0, 29452, 0, 39517, 0, 22269, 0, 0, 0, 0, 0, 0, 21057, 17411, 0, -1, 36972, 0, 36581, 0, 0, 0, 0, 0, 0, 0, 0, 45426, 0, 0, 0, 0, 0, 0, 0, 0, 0, 0, 0, 0, 16879, 0, 0, 0, 0, 0, 19435, 0, 0, 31470, 0, 0, 37547, 0, 0, 0],[0, 0, 0, 0, 0, 0, 0, 0, 0, 0, 0, 0, 0, 0, 0, 0, 0, 45647, 0, 377900782, 20931, 14671, 0, 0, 0, 0, 39788, 0, 0, 26501, 31415, 0, 12817, 0, 0, 40622, 0, 0, 0, 0, 0, 0, 0, 0, 41750, 0, 39695, 0, 29996, 0, 0, 0, 21031, 0, 36972, -1, 0, 0, 0, 0, 0, 0, 0, 0, 38210, 0, 0, 0, 0, 39156, 0, 0, 0, 0, 0, 0, 0, 0, 0, 0, 0, 0, 0, 0, 0, 10703, 0, 0, 43009, 0, 0, 0, 0, 42312, 0],[0, 0, 0, 17341, 0, 0, 23506, 0, 36829, 0, 0, 0, 16272, 0, 0, 0, 38106, 0, 28476, 9140, 0, 1154820066, 11309, 0, 36490, 0, 0, 0, 39350, 0, 0, 27251, 9832, 5104, 43670, 0, 0, 23208, 0, 0, 1725400978, 38113, 13310, 10570, 0, 0, 0, 0, 0, 0, 0, 0, 0, 0, 0, 0, -1, 0, 0, 0, 0, 0, 0, 0, 0, 19082, 0, 0, 40778, 0, 0, 0, 0, 0, 27899, 0, 0, 0, 45629, 0, 0, 0, 0, 0, 0, 0, 0, 41320, 0, 0, 0, 0, 0, 35468, 44707],[0, 0, 0, 0, 23976, 0, 0, 33218, 0, 1494608851, 0, 0, 0, 0, 0, 30136, 0, 25951, 37817, 0, 0, 0, 41338, 0, 0, 0, 13960, 0, 0, 40655, 0, 0, 0, 41152, 0, 0, 0, 0, 0, 0, 15360, 34154, 0, 0, 0, 37670, 0, 0, 0, 0, 9234, 0, 0, 0, 36581, 0, 0, -1, 0, 0, 0, 0, 0, 0, 0, 43417, 0, 0, 0, 0, 0, 4442, 22603, 0, 12985, 17538, 36167, 0, 0, 0, 5197, 0, 0, 41526, 0, 38814, 0, 26554, 0, 0, 0, 0, 0, 0, 0],[0, 43135, 0, 0, 0, 0, 9975, 28199, 0, 429758825, 0, 19475, 0, 0, 0, 0, 0, 0, 38763, 0, 0, 41178, 33981, 0, 20095, 34720, 0, 0, 0, 38779, 0, 671516676, 44151, 0, 41755, 0, 18652, 0, 14184, 0, 0, 0, 0, 0, 0, 18850, 0, 0, 0, 0, 0, 0, 18727, 0, 0, 0, 0, 0, -1, 0, 0, 0, 0, 0, 0, 0, 41113, 0, 26197, 0, 0, 0, 32345, 0, 0, 0, 0, 0, 0, 24456, 0, 0, 43802, 43876, 0, 41231, 0, 19969, 0, 0, 0, 0, 0, 0, 0],[-220508457, 0, 37143, -1846166946, 38671, 0, 0, 0, 0, 29517, 0, 1426095209, 0, 0, 0, 0, 33843, 32064, 0, 14493, 0, 0, 43193, 0, 0, 0, 0, 45383, 35811, 0, 2094799076, 19817, 0, 13756, 0, 0, 0, 16648, 38091, 25812, 42995, 0, 0, 0, 0, 0, 0, 0, 0, 0, 0, 0, 0, 0, 0, 0, 0, 0, 0, -1, 0, 0, 0, 37192, 0, 0, 38295, 0, 24590, 0, 0, 0, 0, 0, 21656, 31187, 36306, 0, 0, 31991, 0, 15726, 0, 0, 44680, 45365, 23664, 0, 39437, 0, 0, 0, 0, 0, 0],[0, -1397224766, 816899706, 0, 0, 0, 0, 0, 0, 0, 1398898733, 0, 0, 0, 41365, 0, 42971, 0, 0, 0, 0, 0, 0, 0, 0, 0, 19441, 0, 0, 0, 44498, 30154, 0, 0, 34740, 0, 0, 40245, 0, 0, 0, 0, 0, 0, 0, 0, 44539, 0, 22057, 0, 0, 0, 0, 0, 0, 0, 0, 0, 0, 0, -1, 0, 42610, 0, 5807, 0, 0, 0, 0, 0, 0, 37575, 0, 0, 0, 0, 0, 0, 0, 0, 0, 0, 21002, 0, 0, 22606, 0, 0, 45860, 0, 0, 8276, 0, 30948, 0],[0, 0, 0, 0, 0, 0, 0, 0, 0, 0, 39213, 0, 0, 0, 42975, 0, 0, 0, 0, 0, 0, 0, 19626, 31091, 0, 0, 0, 0, 0, 42785, 0, 0, 0, 0, 28564, 43253, 0, 0, 44927, 0, 0, 0, 2224, 21497, 0, 43029, 0, 0, 0, 0, 0, 0, 45641, 33357, 0, 0, 0, 0, 0, 0, 0, -1, 0, 0, 0, 0, 27820, 0, 43333, 0, 0, 0, 0, 0, 0, 0, 286574537, 0, 0, 21075, 0, 0, 0, 5199, 0, 0, 0, 0, 0, 0, 0, 0, 9190, 0, 29695],[0, 0, 28439, 0, 0, 40135, 0, 0, 0, 0, 0, 0, 0, 1984957437, 0, 41892, 33459, 0, 0, 0, 0, 0, 24476, 0, 0, 0, 0, 0, 0, 0, 0, 0, 0, 13912, 0, 30559, 0, 0, 0, 35090, 0, 0, 0, 0, 0, 0, 44545, 0, 36955, 0, 30795, 0, 0, 29259, 0, 0, 0, 0, 0, 0, 42610, 0, -1, 0, 0, 0, 0, 30319, 0, 0, 0, 45482, 0, 39774, 0, 0, 37438, 0, 0, 0, 0, 35359, 0, 0, 0, 30972, 0, 29318, 0, 0, 0, 17106, 0, 0, 28142],[0, 0, 0, 31985, 0, 0, 0, 20121, 0, 0, 1267667215, 0, 0, 0, 40703, 0, 0, 0, 0, 0, 27204, 39990, 36818, 27081, 0, 0, 32935, 28283, 0, 0, 0, 0, 33838, 0, 0, 0, 20249, 36224, 39199, 41309, 0, 0, 0, 0, 0, 0, 0, 29262, 42385, 0, 0, 0, 41375, 0, 0, 0, 0, 0, 0, 37192, 0, 0, 0, -1, 0, 0, 0, 0, 0, 0, 0, 0, 0, 0, 41025, 0, 0, 0, 0, 0, 0, 31610, 0, 38074, 0, 0, 0, 0, 0, 0, 0, 0, 44421, 0, 0],[0, 0, 0, 0, 0, 38991, 0, 0, 0, 0, 0, 42033, 33647, 0, 1111492705, 0, 0, 0, 45057, 0, 0, 0, 0, 0, 0, 0, 0, 0, 0, 0, 0, 0, 38693, 0, 0, 0, 33352, 30580, 30141, 0, 748, 0, 23140, 0, 0, 0, 41100, 0, 0, 26799, 0, 44290, 0, 0, 0, 38210, 0, 0, 0, 0, 5807, 0, 0, 0, -1, 0, 15022, 0, 0, 0, 0, 0, 0, 13096, 0, 18247, 32207, 31779, 0, 0, 0, 0, 39084, 36058, 0, 0, 0, 0, 25749, 0, 29650, 0, 0, 0, 0],[0, 0, 23526, 0, 0, 0, 0, 0, 364328947, 0, 29573, 37859, 0, 32423, 43724, 38705, 20446, 0, 0, 0, 0, 45724, 0, 0, 0, 0, 0, 0, 0, 0, 43218, 0, 0, 30226, 24560, 0, 0, 13230, 0, 0, 39175, 0, 0, 0, 0, 0, 0, 0, 44626, 0, 0, 0, 0, 0, 0, 0, 19082, 43417, 0, 0, 0, 0, 0, 0, 0, -1, 0, 0, 0, 0, 0, 0, 24099, 0, 0, 0, 0, 0, 0, 0, 0, 0, 0, 0, 34364, 0, 0, 0, 0, 0, 0, 43909, 0, 0, 0],[0, 0, 0, 37152, 29622, 0, 0, 0, 39394, 0, 0, 0, 44227, 0, 0, 43851, 0, 0, 27371, 0, 0, 197583098, 0, 43027, 0, 43845, 0, 0, 14080, 0, 14978, 0, 0, 0, 0, 1157953007, 0, 44885, 0, 45675, 0, 0, 0, 0, 0, 0, 16195, 0, 0, 0, 16053, 0, 0, 0, 45426, 0, 0, 0, 41113, 38295, 0, 27820, 0, 0, 15022, 0, -1, 40980, 0, 32285, 0, 0, 0, 0, 0, 0, 0, 0, 0, 0, 0, 0, 39955, 32821, 0, 0, 0, 0, 0, 0, 1805372702, 44225, 0, 0, 12283],[0, 1912443691, -2138485276, 0, 0, 0, 45131, 0, 14755, 0, 0, 0, 0, 38306, 0, 0, 0, 0, 0, 0, 0, 34631, 0, 40274, 0, 0, 0, 0, 0, 42007, 0, 0, 32605, 23252, 0, 0, 0, 0, 31821, 0, 0, 0, 0, 0, 0, 0, 0, 0, 0, 0, 0, 33079, 0, 24982, 0, 0, 0, 0, 0, 0, 0, 0, 30319, 0, 0, 0, 40980, -1, 0, 34113, 28627, 0, 0, 0, 0, -802448692, 0, 22070, 0, 0, 43328, 0, 0, 32665, 0, 0, 42122, 0, 0, 0, 42742, 9990, -1689959458, 0, 0],[0, 0, 0, 0, 0, 0, 0, 39505, 45378, 0, 0, 0, 0, 0, 0, 27386, 0, 0, -2002013574, 0, 0, 0, 0, 36277, 40768, 0, 35494, 0, 0, 0, 0, 44644, 0, 0, 0, 16880, 27586, 0, 0, 0, 0, 0, 31878, 0, 0, 0, 34840, 0, 0, 45307, 0, 0, 0, 0, 0, 0, 40778, 0, 26197, 24590, 0, 43333, 0, 0, 0, 0, 0, 0, -1, 0, 0, 0, 0, 0, 0, 0, 0, 0, 0, 42497, 0, 0, 37110, 0, 0, 0, 0, 21560, 0, 0, 26835, 0, 0, 0, 40530],[0, 0, 0, 0, 11599, 1806442629, 0, 0, 0, 26151, 0, 19877, 0, 0, 0, 0, 40997, 0, 0, 0, 0, 0, 38507, 0, 34363, 0, 0, 27497, 0, 16435, 0, 0, 0, 0, 0, 0, 0, 0, 0, 0, 0, 0, 11814, 0, 0, 44123, 37316, 24636, 13545, 0, 0, 0, 0, 0, 0, 39156, 0, 0, 0, 0, 0, 0, 0, 0, 0, 0, 32285, 34113, 0, -1, 0, 0, 0, 13997, 27857, 0, 0, 0, 0, 0, 0, 12056, 0, 0, 0, 0, 0, 0, 21963, 0, 23923, 0, 0, 0, 0],[0, 0, 0, 0, 21835, 50574875, 0, 0, 0, 16862, 0, 27593, 0, 0, 0, 22267, 0, 0, 0, 0, 32087, 45942, 0, 0, 0, 0, 35283, 0, 0, 0, 0, 32603, 0, 0, 40643, 0, 25862, 0, 0, 0, 0, 14852, 0, 0, 0, 0, 0, 0, 0, 0, 0, 0, 26701, 32563, 0, 0, 0, 0, 0, 0, 0, 0, 0, 0, 0, 0, 0, 28627, 0, 0, -1, 45401, 25201, 0, 0, 15221, 0, 0, 0, 0, 0, 30832, 0, 0, 0, 24036, 0, 0, 0, 0, 19645, 0, 0, 0, 0],[0, 0, 0, 0, 0, 0, 0, 0, 0, 39884, 0, 0, 0, 0, 35262, 38592, 0, -2142758123, 0, 0, 1573438967, 38096, 0, 0, 45956, 41654, 0, 39026, 0, 0, 38651, 44481, 33504, 0, 0, 0, 0, 36114, 36503, 0, 44361, 0, 0, 0, 32154, 0, 0, 0, 0, 0, 0, 41451, 0, 0, 0, 0, 0, 4442, 0, 0, 37575, 0, 45482, 0, 0, 0, 0, 0, 0, 0, 45401, -1, 0, 0, 0, 0, 0, 0, 0, 0, 0, 0, 0, 0, 31538, 0, 0, 0, 0, 0, 0, 0, 24234, 0, 39543],[0, 0, 0, 0, 0, 0, 0, 18624, 38170, 0, 0, 43764, 11044, 0, 0, 0, 1485531698, 0, 18254, 46142, 0, 0, 31756, 37901, 33884, 29517, 36314, 15758, 0, 0, 0, 0, 0, 46098, 41542, 0, 40884, 0, 0, 0, 0, 0, 42349, 36184, 0, 26785, 0, 0, 17832, 0, 0, 0, 0, 0, 0, 0, 0, 22603, 32345, 0, 0, 0, 0, 0, 0, 24099, 0, 0, 0, 0, 25201, 0, -1, 0, 0, 23479, 0, 0, 0, 0, 0, 0, 30559, 0, 0, 0, 0, 0, 0, 39287, 0, 0, 0, 0, 0],[0, 0, 0, 0, 0, 0, 0, 0, 0, 0, 0, 0, 0, 0, 25256, 0, -2095626045, 0, 37881, 0, 0, 0, 0, 0, 0, 42970, 43816, 0, 25387, 0, 0, 0, 0, 0, 35116, 114521718, 13858, 0, 0, 0, 0, 0, 0, 0, 29663, 0, 0, 0, 0, 0, 0, 0, 19585, 0, 0, 0, 0, 0, 0, 0, 0, 0, 39774, 0, 13096, 0, 0, 0, 0, 13997, 0, 0, 0, -1, 0, 0, 0, 0, 0, 0, 0, 17569, 14607, 43655, 0, 16348, 16810, 0, 27082, 0, 46124, 0, 0, 0, 0],[-1861681337, 25872, 0, 0, 1692903109, 0, 0, 0, 0, 6723, 0, 0, 19477, 0, 0, 0, 0, 0, 0, 0, 40164, 0, 37986, 0, 0, 0, 0, 0, 0, 0, 0, 0, 0, 0, 35807, 0, 35616, 12782, 0, 0, 0, 37275, 0, 12330, 0, 42703, 0, 44815, 0, 0, 0, 0, 0, 0, 0, 0, 27899, 12985, 0, 21656, 0, 0, 0, 41025, 0, 0, 0, 0, 0, 27857, 0, 0, 0, 0, -1, 0, 0, 0, 0, 31267, 32569, 0, 0, 44846, 0, 0, 13251, 39298, 10189, 38781, 29809, 0, 0, 0, 0],[0, -1655705706, 1229275848, 0, 0, 0, 0, 0, 0, 35232, 22092, 0, 0, 0, 0, 0, 0, 0, 28149, 0, 0, 0, 0, 0, 0, 0, 0, 0, 41743, 38098, 0, 0, 0, 45148, 0, 0, 0, 13922, 6395, 0, 0, 0, 16044, 0, 0, 0, 0, 0, 0, -1761468276, 0, 0, 29335, 20294, 0, 0, 0, 17538, 0, 31187, 0, 0, 0, 0, 18247, 0, 0, -802448692, 0, 0, 15221, 0, 23479, 0, 0, -1, 0, 0, 39506, 0, 0, 0, 0, 0, 0, 13496, 0, 0, 0, 0, 0, 0, 0, 0, 23630],[0, 0, 0, 0, 0, 0, 0, 0, 0, 0, 45240, 0, 0, -1646730683, 9784, 32038, 0, 0, 32653, 0, 22725, 0, 0, 0, 0, 22350, 0, 0, 0, 0, 0, 0, 0, 0, 23009, 0, 0, 0, 44014, 1947434093, 0, 32801, 0, 0, 0, 0, 0, 0, 0, 0, 0, 32793, 8336, 0, 0, 0, 0, 36167, 0, 36306, 0, 286574537, 37438, 0, 32207, 0, 0, 0, 0, 0, 0, 0, 0, 0, 0, 0, -1, 23286, 44973, 0, 0, 35354, 0, 45419, 0, 0, 0, 18549, 7620, 35277, 0, 44529, 15890, 26900, 29263],[0, 0, 0, 0, 0, 0, 0, 0, 0, 25253, 0, 31479, 0, 0, 39162, 0, 39103, 0, 0, 0, 0, 0, -696287769, 0, 145282279, 0, 0, 0, 19229, 0, 43034, 0, 0, 0, 0, 0, 0, 34603, 0, 20187, 0, 0, 46316, 0, 0, 0, 0, 0, 0, 0, 0, 0, 37822, 0, 0, 0, 0, 0, 0, 0, 0, 0, 0, 0, 31779, 0, 0, 22070, 0, 0, 0, 0, 0, 0, 0, 0, 23286, -1, 0, 0, 0, 0, 23837, 0, 0, 0, 0, 0, 0, 0, 7627, 0, 0, 0, 0],[2115742870, 0, 23621, 0, 119644740, 0, 0, 0, 20414, 0, 0, 26092, 0, 0, 44028, 37577, 0, 45627, 0, 46149, 0, 0, 0, 0, 0, 0, 0, 0, 0, 0, 0, 0, 0, 0, 41394, 0, 0, 41422, 0, 23677, 31098, 40607, 14634, 0, 0, 0, 36535, 0, 0, 0, 0, 0, 0, 37492, 0, 0, 45629, 0, 0, 0, 0, 0, 0, 0, 0, 0, 0, 0, 0, 0, 0, 0, 0, 0, 0, 39506, 44973, 0, -1, 19684, 0, 0, 0, 0, 0, 0, 0, 0, 0, 0, 32529, 0, 33258, 33181, 0],[0, 28330, 0, 0, 0, 0, 44256, 0, 27349, 0, 41601, 0, 0, 0, 0, 0, 0, 0, 0, 0, 0, 0, 671030052, 0, 0, 9094, 27305, 34368, 0, 0, 0, 0, 0, 24035, 0, 0, 0, 0, 0, 0, 0, 41100, 0, 0, 0, 0, 0, 0, 0, -1354082637, 0, 0, 0, 0, 16879, 0, 0, 0, 24456, 31991, 0, 21075, 0, 0, 0, 0, 0, 0, 42497, 0, 0, 0, 0, 0, 31267, 0, 0, 0, 19684, -1, 0, 0, 32320, 0, 0, 0, 0, 0, 0, 0, 0, 0, 0, 44310, 0],[0, 32204, 1309152852, 0, 14898, 278133222, 0, 0, 0, 38954, 34362, 27519, 43703, 0, 0, 0, 22970, 0, 0, 27916, 28490, 0, 0, 0, 41415, 33905, 0, 0, 0, 0, 0, 0, 0, 0, 0, 0, 0, 21331, 0, 0, 0, 45267, 11347, 0, 0, 0, 0, 0, 0, -1152137651, 25402, 0, 0, 39624, 0, 0, 0, 5197, 0, 0, 0, 0, 0, 0, 0, 0, 0, 43328, 0, 0, 0, 0, 0, 0, 32569, 0, 0, 0, 0, 0, -1, 0, 0, 0, 0, 0, 38868, 0, 0, 0, 0, 0, 0, 0, 38072],[0, 44383, 0, 29796, 0, 0, 0, 32985, 0, 1770320457, 0, 39338, 0, 0, 0, 43393, 0, 41356, 0, 0, 0, 41025, 0, 0, 0, 0, 0, 0, 0, 0, 0, 32878, 0, 0, 0, 39977, 42029, 0, 0, 28449, 0, 0, 0, 0, 0, 0, 45821, 0, 0, 0, 31526, 0, 0, 0, 0, 0, 0, 0, 0, 15726, 0, 0, 35359, 31610, 0, 0, 0, 0, 0, 12056, 30832, 0, 0, 17569, 0, 0, 35354, 0, 0, 0, 0, -1, 0, 41739, 0, 0, 36734, 40779, 26593, 0, 0, 11710, 0, 0, 40423],[0, 0, 45283, 0, 0, 0, 40129, 0, 0, 0, 0, 1418225565, 43818, 0, 0, 0, 14929, 0, 0, 11474, 12525, 27576, 19377, 37342, 0, 0, 0, 45695, 0, 36208, 0, 0, 0, 0, 0, 0, 0, 0, 28951, 42024, 0, 8710, 0, 0, -1077483955, 0, 0, 0, 28031, 44847, 0, 34500, 0, 0, 0, 0, 0, 0, 43802, 0, 21002, 0, 0, 0, 39084, 0, 39955, 0, 37110, 0, 0, 0, 30559, 14607, 0, 0, 0, 23837, 0, 32320, 0, 0, -1, 35229, 13713, 0, 0, 24554, 0, 0, 0, 0, 41077, 0, 0],[0, 44291, 1249022473, 0, 30429, 0, 0, 39075, 10815, 37506, 0, 35905, 30589, 0, 16432, 0, 0, 0, 0, 40305, 0, 0, 0, 40294, 0, 30522, 14663, 0, 0, 0, 33980, 0, 34061, 0, 0, 0, 0, 30217, 16753, 0, 39552, 0, 25491, 36428, -504305131, 0, 0, 0, 0, -1669511651, 0, 0, 0, 0, 0, 0, 0, 41526, 43876, 0, 0, 5199, 0, 38074, 36058, 0, 32821, 32665, 0, 0, 0, 0, 0, 43655, 44846, 0, 45419, 0, 0, 0, 0, 41739, 35229, -1, 0, 0, 0, 0, 0, 0, 0, 0, 0, 0, 0],[0, 0, 0, 30998, 0, 0, 0, 0, 14921, 43010, 1256817511, 0, 0, 23583, 0, 0, 0, 0, 0, 4373, 0, 0, 0, 0, 0, 0, 38480, 0, 41912, 36860, 0, 0, 0, 0, 36621, 31638, 24779, 23548, 0, 0, 0, 0, 0, 0, 0, 0, 35067, 36228, 0, 0, 13979, 0, 0, 40236, 0, 0, 0, 0, 0, 44680, 0, 0, 0, 0, 0, 34364, 0, 0, 0, 0, 0, 31538, 0, 0, 0, 0, 0, 0, 0, 0, 0, 0, 13713, 0, -1, 0, 3982, 0, 44464, 0, 0, 0, 0, 0, 0],[0, 0, 0, 0, 0, 0, 27112, 0, 23340, 25193, 405936001, 40041, 29560, 0, 0, 0, 0, 0, 0, 36838, 0, 0, 0, 34382, 0, 0, 44443, 0, 0, 0, 0, 0, 26102, 40626, 0, 41809, 0, 0, 0, 0, 0, 0, 0, 42429, 0, 0, 0, 0, 34620, 38998, 11577, 0, 0, 0, 19435, 10703, 0, 38814, 41231, 45365, 22606, 0, 30972, 0, 0, 0, 0, 0, 0, 0, 24036, 0, 0, 16348, 0, 13496, 0, 0, 0, 0, 0, 0, 0, 0, 0, -1, 20555, 0, 0, 44941, 0, 40476, 0, 0, 34032],[0, 0, 0, 0, 0, 0, 0, 0, 0, 8551, 0, 0, 0, 20592, 38416, 0, 0, 0, 0, 0, 0, 0, 0, 0, 0, 2425, 0, 0, 1296960339, 0, 46091, 0, 0, 32465, 0, 0, 0, 31400, 0, 0, 41527, 0, 0, 0, 0, 9299, 0, 0, 0, 0, 0, 0, 0, 0, 0, 0, 0, 0, 0, 23664, 0, 0, 0, 0, 0, 0, 0, 42122, 0, 0, 0, 0, 0, 16810, 13251, 0, 0, 0, 0, 0, 38868, 36734, 0, 0, 3982, 20555, -1, 0, 0, 0, 35868, 29853, 26571, 0, 0],[0, 0, 0, 0, 28808, 0, 0, 0, 0, 0, 0, 38141, 0, 0, 0, 0, 35181, 0, 27763, 10860, 5895, 46089, 0, 0, 37465, 1976786716, 0, 27376, 0, 0, 0, 0, 0, 0, 0, 0, 0, 0, 0, 0, 34603, 0, 0, 33257, 41041, 0, 0, 0, 37991, 42983, 45250, 0, 22375, 0, 0, 0, 41320, 26554, 19969, 0, 0, 0, 29318, 0, 0, 0, 0, 0, 21560, 0, 0, 0, 0, 0, 39298, 0, 18549, 0, 0, 0, 0, 40779, 24554, 0, 0, 0, 0, -1, 0, 0, 0, 41798, 0, 0, 0],[0, 0, 46258, 0, 41414, 0, 0, 0, 0, 2478, 0, 0, 0, 0, 0, 0, 0, 728898213, 0, 0, 0, 0, 0, 0, 0, 0, 0, 0, 0, 0, 1269415407, 36705, 0, 0, 35272, 24339, 0, 27318, 0, 0, 20040, 0, 0, 0, 0, 0, 0, 0, 0, 0, 0, 0, 0, 32105, 31470, 43009, 0, 0, 0, 39437, 45860, 0, 0, 0, 25749, 0, 0, 0, 0, 21963, 0, 0, 0, 27082, 10189, 0, 7620, 0, 0, 0, 0, 26593, 0, 0, 44464, 0, 0, 0, -1, 0, 0, 0, 0, 27029, 38686],[0, 43861, 269018680, 0, 0, 0, 38511, 0, 0, 0, 0, 0, 0, 0, 0, 37327, 0, 0, 0, 37016, 0, 0, 0, 0, 0, 0, 0, 32971, 44740, 13012, 16953, 0, 0, 26511, 0, 30088, 0, 0, 0, 0, 41266, 42683, 29113, 0, 0, 43939, 24922, 0, 0, 0, 0, 21823, 37325, 0, 0, 0, 0, 0, 0, 0, 0, 0, 0, 0, 0, 0, 0, 0, 0, 0, 0, 0, 39287, 0, 38781, 0, 35277, 0, 0, 0, 0, 0, 0, 0, 0, 44941, 0, 0, 0, -1, 0, 27365, 0, 0, 0],[0, 0, 0, 32547, 0, 0, 0, 0, 0, 0, 0, 0, 15009, 0, 0, 0, 0, 0, 39183, 30121, 0, 0, 0, 26184, 0, 0, 31835, 0, 0, 30703, 0, 0, 0, 0, 13914, 0, 0, 0, 0, 0, 0, 0, 0, 0, 42371, 0, 0, 0, 0, 0, 0, 0, 15368, 0, 0, 0, 0, 0, 0, 0, 0, 0, 0, 0, 29650, 0, 1805372702, 42742, 26835, 23923, 19645, 0, 0, 46124, 29809, 0, 0, 7627, 32529, 0, 0, 0, 0, 0, 0, 0, 35868, 0, 0, 0, -1, 0, 45659, 0, 0],[0, 0, 0, 0, 0, 36870, 0, 41211, 0, 0, 0, 35616, 0, 0, 0, 24771, 0, 0, 404453579, 0, 20795, 0, 0, 0, 0, 0, 0, 34256, 0, 26972, 0, 33114, 0, 44521, 33279, 0, 0, 0, 0, 0, 0, 0, 0, 25232, 0, 0, 0, 28310, 37091, 0, 0, 44984, 0, 0, 37547, 0, 0, 0, 0, 0, 8276, 0, 17106, 0, 0, 43909, 44225, 9990, 0, 0, 0, 0, 0, 0, 0, 0, 44529, 0, 0, 0, 0, 11710, 0, 0, 0, 40476, 29853, 41798, 0, 27365, 0, -1, 0, 36519, 682],[0, 9964, 0, 0, 25616, 0, 34604, 0, 0, 0, 0, 0, 38984, 0, 0, 0, 0, 0, 31091, 0, 0, 6810, 0, 0, 0, 0, 15095, 0, 26811, 34482, 0, 0, 24236, 0, 0, 30336, 0, 0, 0, 20781, 43156, 20183, 0, 0, 26196, 0, 0, 0, 0, -1390129109, 0, 0, 0, 0, 0, 0, 0, 0, 0, 0, 0, 9190, 0, 44421, 0, 0, 0, -1689959458, 0, 0, 0, 24234, 0, 0, 0, 0, 15890, 0, 33258, 0, 0, 0, 41077, 0, 0, 0, 26571, 0, 0, 0, 45659, 0, -1, 0, 0],[0, 0, 0, 45426, 0, 0, 0, 29402, 0, 0, 673713007, 0, 15999, 24934, 18373, 24948, 0, 0, 21287, 0, 0, 0, 45503, 0, 0, 28404, 31312, 35845, 30855, 46208, 0, 0, 0, 0, 34514, 0, 7436, 0, 0, 0, 0, 0, 0, 0, 0, 0, 11468, 0, 0, 43246, 0, 0, 0, 0, 0, 42312, 35468, 0, 0, 0, 30948, 0, 0, 0, 0, 0, 0, 0, 0, 0, 0, 0, 0, 0, 0, 0, 26900, 0, 33181, 44310, 0, 0, 0, 0, 0, 0, 0, 0, 27029, 0, 0, 36519, 0, -1, 0],[-899754652, 0, 0, 0, 1565369832, -1077019329, 0, 0, 0, 0, 0, 0, 0, 0, 0, 18960, 0, 32163, 0, 33136, 46229, 0, 45464, 37160, 0, -861153810, 0, 0, 0, 1932039691, 0, 0, 0, 17857, 0, 0, 31172, 0, 0, 40509, 0, 0, 0, 0, 26414, 0, 0, 0, 29713, 0, 28022, 0, 0, 0, 0, 0, 44707, 0, 0, 0, 0, 29695, 28142, 0, 0, 0, 12283, 0, 40530, 0, 0, 39543, 0, 0, 0, 23630, 29263, 0, 0, 0, 38072, 40423, 0, 0, 0, 34032, 0, 0, 38686, 0, 0, 682, 0, 0, -1]]