85
[[-1, 0, 46096, 37686, 0, 0, 0, 0, 0, 0, 0, -1681296157, 1597675607, 0, 0, 0, 0, 0, 14522, 31983, 0, 0, 0, 29950, 36511, 0, 0, 0, 0, 0, 0, 25225, 0, 0, 0, 0, 0, 24150, 0, 0, 0, 0, 0, 0, 0, 0, 0, 0, 0, 0, 0, 0, 0, 0, 0, 30748, 0, 45065, 0, 0, 0, 46093, 34079, 0, 0, 34753, 0, 0, 0, 0, 0, 0, 0, 0, 0, 0, 0, 0, 0, 0, 31891, 0, 0, 0, 0],[0, -1, 0, 0, 0, 21681, 23037, 0, 0, 0, 0, 0, 31535, 0, 0, 0, 0, 39568, 13867, 23299, 0, 0, 0, 1970057404, 0, 0, 0, 0, 37135, 30775, 0, 0, 0, 0, 0, 0, 0, 0, 31602, 0, 42941, 0, 14179, 45990, 0, 41098, 32268, 19942, 0, 0, 44320, 0, 0, 0, 0, 0, 0, 0, 0, 0, 36233, 0, 0, 32289, 36475, 44060, 45929, 38356, 39341, 45579, 46191, 0, 0, 0, 0, 37418, 0, 0, 0, 0, 0, 0, 0, 21999, 0],[46096, 0, -1, 0, 15910, 0, 25627, 0, 0, 0, 0, 1183655406, 594908340, 0, 0, 0, 0, 0, 0, 0, 43209, 0, 0, 0, 42152, 45466, 0, 0, 44864, 0, 40341, 1352969204, 38923, 28633, 0, 0, 0, 1380362466, 21171, 0, 0, 0, 0, 0, 6218, 0, 0, 0, 0, 0, 0, 0, 29592, 0, 0, 2057144160, 0, 286650180, 0, 42684, 0, 161664919, 0, 27919, 25219, 0, 0, 0, 0, 0, 0, 0, 37713, 0, 35020, 9553, 0, 0, 0, 0, 0, 0, 0, 25944, 0],[37686, 0, 0, -1, 0, 0, 36205, 0, 0, 0, 0, 2029512577, 0, 0, 0, 43931, 39009, 31410, 922958650, 14991, 0, 0, 0, 970200471, 0, 0, 0, 0, 0, 0, 43466, 0, 0, 0, 0, 0, 0, 33889, 36862, 0, 0, 0, 45387, 0, 0, 0, 45197, 0, 0, 36428, 0, 0, 0, 0, 31218, 41621, 0, 0, 41317, 0, 42442, 0, 0, 0, 0, 0, 0, 0, 0, 23539, 0, 0, 0, 45228, 0, 29034, 22927, 0, 27535, 0, 0, 0, 0, 0, 8227],[0, 0, 15910, 0, -1, 0, 0, 39645, 0, 0, 0, 0, 0, 0, 46220, 0, 0, 0, 0, 40951, 0, 0, 0, 0, 99863047, 0, 0, 0, 0, 26362, 0, 27598, 7088515, 21037, 0, 0, 37612, 0, 0, 0, 0, 42668, 41637, 30316, 0, 0, 0, 0, 0, 0, 0, 43205, 20595, 0, 0, 45623, 0, 0, 0, 0, 0, 36997, 9221, 0, 0, 0, 0, 34206, 0, 0, 0, 37820, 0, 0, 0, 33714, 0, 21888, 39175, 0, 0, 0, 0, 30895, 0],[0, 21681, 0, 0, 0, -1, 0, 0, 0, 0, 11352, 0, 0, 0, 41992, 0, 0, 0, 0, 0, 0, 0, 0, 1947054140, 25187, 0, 0, 29478, 858497084, 11365, 0, 37839, 0, 0, 0, 0, 16341, 0, 0, 28022, 42701, 0, 0, 0, 0, 0, 15231, 0, 0, 0, 398888158, 0, 0, 0, 44054, 0, 0, 35098, 0, 42916, 1237713240, 39216, 0, 0, 0, 0, 0, 786767993, 0, 0, 0, 30931, 38661, 0, 0, 1995745006, 29514, 0, 0, 0, 0, 0, 32312, 814150845, 0],[0, 23037, 25627, 36205, 0, 0, -1, 0, 0, 0, 33087, 0, 0, 35693, 0, 0, 33511, 0, 0, 0, 0, 23811, 0, 0, 45651, 0, 0, 0, 0, 0, 0, 0, 0, 20746, 0, 0, 33420, 0, 0, 0, 37555, 0, 2127832301, 0, 613637944, 1882144090, 0, 0, 0, 0, 0, 0, 0, 0, 0, 21255, 0, 0, 0, 0, 0, 45259, 34463, 0, 0, 0, 0, 41046, 0, 0, 0, 30743, 0, 0, 0, 0, 0, 0, 0, 0, 41713, 42901, 0, 0, 0],[0, 0, 0, 0, 39645, 0, 0, -1, 0, 0, 20296, 0, 0, 25059, 0, 24006, 0, 0, 0, 0, 0, 0, 35711, 0, 0, 0, 0, 24978, 0, 0, 0, 618934627, 39500, 0, 0, 0, 0, 0, 0, 0, 0, 0, 0, 44362, 0, 6298, 0, 0, 22612, 21122, 0, 0, 18247, 0, 46108, 20875, 0, 0, 27249, 38424, 45449, 0, 0, 0, 0, 0, 11869, 0, 0, 0, 34817, 0, 0, 0, 0, 0, 0, 0, 42867, 0, 0, 0, 20244, 42346, 36459],[0, 0, 0, 0, 0, 0, 0, 0, -1, 0, 0, 0, 0, 0, 0, 37510, 0, 37771, 23423, 0, 0, 46178, 31391, 33090, 0, 0, 0, 0, 0, 25042, 0, 0, 0, 0, 0, 0, 19423, 0, 0, 0, 0, 0, 0, 0, 0, 0, 18090, 0, 0, 0, 45721, 0, 31147, 0, 0, 16283, 28112, 0, 0, 41037, 0, 40683, 0, 0, 0, 2126598530, 30501, 31714, 0, 37961, 0, 9884, 0, 0, 0, 0, 0, 0, 24383, 0, 0, 0, 38067, 2952, 0],[0, 0, 0, 0, 0, 0, 0, 0, 0, -1, 12805, 0, 0, 38627, 0, 41358, 0, 45465, 0, 45368, 31209, 0, 0, 31085, 35304, 0, 13768, 0, 0, 0, 0, 0, 0, 0, 0, 0, 0, 0, 0, 0, 0, 0, 0, 0, 0, 42563, 35674, 0, 0, 0, 0, 44778, 0, 33730, 37556, 0, 0, 0, 0, 0, 0, 33727, 0, 0, 0, 0, 0, 32586, 0, 0, 0, 0, 43996, 0, 42624, 21123, 0, 0, 22664, 0, 0, 0, 0, 0, 24886],[0, 0, 0, 0, 0, 11352, 33087, 20296, 0, 12805, -1, 36062, 0, 45424, 27709, 0, 0, 0, 35852, 0, 0, 196021301, 0, 0, 45954, 40041, 0, 0, 0, 25224, 0, 0, 0, 39950, 0, 33357, 0, 0, 0, 0, 38584, 0, 0, 0, 0, 0, 0, 0, 761547303, 34614, 0, 0, 18850, 0, 0, 24230, 0, 24464, 0, 42291, 41395, 39311, 23304, 0, 0, 0, 0, 0, 0, 0, 0, 0, 0, 0, 0, 28340, 27783, 0, 0, 0, 0, 0, 0, 0, 0],[-1681296157, 0, 1183655406, 2029512577, 0, 0, 0, 0, 0, 0, 36062, -1, 27345, 40202, 0, 0, 0, 0, 0, 39059, 0, 40690, 0, 0, 0, 0, 0, 32389, 0, 0, 23791, 0, 40936, 0, 33545, 29481, 29647, 0, 0, 0, 0, 39798, 44217, 0, 40944, 0, 0, 0, 0, -1245427830, 0, 0, 0, 0, -688527561, 0, 0, 0, 0, 0, 33125, 0, 2014492467, 0, 31519, 0, 0, 0, 0, 41813, 0, 0, 0, 0, 0, 0, 23731, 0, 0, 0, 0, 0, 0, 0, 29421],[1597675607, 31535, 594908340, 0, 0, 0, 0, 0, 0, 0, 0, 27345, -1, 29434, 31931, 29921, 36578, 0, 31627, 0, 0, 0, 0, 31375, 0, 0, 0, 0, 0, 0, 0, 9871, 0, 10785, 0, 0, 0, 0, 0, 0, 41686, 22921, 43243, 0, 0, 30038, 0, 0, 0, 0, 41494, 0, 0, 0, 0, 0, 0, 0, 0, 0, 0, 0, 0, 0, 0, 0, 0, 0, 0, 0, 0, 0, 0, 0, 0, 40025, 0, 0, 0, 0, 0, 0, 41655, 0, 37561],[0, 0, 0, 0, 0, 0, 35693, 25059, 0, 38627, 45424, 40202, 29434, -1, 0, 0, 0, 30515, 0, 0, 11322, 0, 0, 0, 0, 0, 0, 34847, 0, 34212, 44705, 0, 0, 0, 0, 0, 0, 23486, 0, 32050, 0, 0, 0, 0, 0, 0, 46104, 0, 0, 40965, 0, 0, 37105, 0, 16989, 0, 33634, 0, 35551, 0, 19588, 41126, 0, 0, 0, 0, 0, 0, 0, 21115, 0, 39034, 0, 25199, 0, 30687, 31428, 0, 0, 0, 0, 0, 0, 0, 0],[0, 0, 0, 0, 46220, 41992, 0, 0, 0, 0, 27709, 0, 31931, 0, -1, 0, 0, 0, 0, 0, 0, 0, 0, 0, 30964, 17229, 0, 38921, 24765, 0, 30963, 23755, 0, 0, 0, 0, 0, 20118, 0, 0, 0, 0, 0, 0, 21902, 0, 0, 0, 0, 30472, 0, 0, 0, 0, 0, 0, 0, 0, 44474, 0, 0, 0, 0, 0, 0, 0, 0, 0, 0, 0, 0, 1651392762, 9795, 0, 0, 0, 0, 0, 0, 25798, 0, 0, 0, 0, 0],[0, 0, 0, 43931, 0, 0, 0, 24006, 37510, 41358, 0, 0, 29921, 0, 0, -1, 0, 0, 0, 0, 0, 0, 0, 0, 0, 0, 0, 0, 0, 0, 0, 0, 0, 0, 37701, 0, 0, 0, 0, 0, 38949, 10026, 0, 27269, 0, 42207, 0, 0, 46323, 963162126, 0, 0, 0, 701009279, 0, 0, 0, 0, 0, 0, 26979, 0, 0, 0, 32752, 10592, 0, 0, 0, 43345, 0, 0, 0, 0, 0, 0, 0, 0, 0, 0, 0, 0, 28654, 0, 18610],[0, 0, 0, 39009, 0, 0, 33511, 0, 0, 0, 0, 0, 36578, 0, 0, 0, -1, 24725, 0, 0, 14814, 0, 0, 0, 0, 0, 0, 0, 0, 0, 9595, 0, 3986, 0, 0, 0, 0, 38633, 0, 29286, 0, 20494, 0, 0, 0, 0, 20331, 0, 0, 0, 0, 0, 0, 42566, 0, 0, 0, 0, 50928417, 0, 0, 0, 13668, 0, 0, 0, 0, 0, 43871, 0, 4802, 0, 0, 0, 19521, 38788, 0, 35051, 0, 0, 30596, 0, 0, 19334, 34634],[0, 39568, 0, 31410, 0, 0, 0, 0, 37771, 45465, 0, 0, 0, 30515, 0, 0, 24725, -1, 34912, 0, 0, 26052, 0, 0, 0, 37596, 0, 39624, 30833, 0, 23133, 0, 46141, 0, 0, 0, 0, 0, 0, 43009, 14703, 25208, 23934, 0, 0, 0, 0, 844031485, 0, 0, 0, 32798, 0, 0, 90464718, 0, 0, 0, 0, 0, 45519, 0, 0, 0, 0, 0, 0, 0, 0, 21320, 0, 25616, 39235, 0, 0, 0, 0, 42208, 256068090, 0, 0, 4091, 0, 20441, 0],[14522, 13867, 0, 922958650, 0, 0, 0, 0, 23423, 0, 35852, 0, 31627, 0, 0, 0, 0, 34912, -1, 0, 0, 18261, 0, 0, 45340, 0, 0, 0, 0, 0, 0, 0, 23237, 0, 0, 0, 39175, 0, 0, 0, 0, 0, 39403, 0, 0, 0, 37936, 0, 0, 0, 0, 0, 30444, 0, 0, 0, 0, 36585, 0, 0, 0, 0, 1435342030, 0, 1145598647, 0, 0, 0, 1539669427, 0, 677453341, 0, 0, 0, 43397, 0, 0, 0, 0, 0, 0, 0, 43825, 0, 0],[31983, 23299, 0, 14991, 40951, 0, 0, 0, 0, 45368, 0, 39059, 0, 0, 0, 0, 0, 0, 0, -1, 0, 40120, 0, 44754, 0, 0, 0, 0, 0, 0, 0, 0, 0, 0, 0, 0, 0, 0, 0, 0, 32904, 0, 37178, 0, 24908, 0, 39123, 32048, 0, 0, 0, 0, 0, 0, 0, 46162, 8827, 0, 17107, 0, 38293, 0, 0, 0, 0, 0, 0, 40259, 0, 0, 0, 0, 0, 0, 0, 36503, 0, 0, 37824, 0, 0, 29568, 21691, 0, 0],[0, 0, 43209, 0, 0, 0, 0, 0, 0, 31209, 0, 0, 0, 11322, 0, 0, 14814, 0, 0, 0, -1, 39222, 14652, 0, 38122, 0, 0, 0, 44326, 34856, 0, 0, 42301, 0, 0, 16714, 0, 34223, 0, 0, 0, 8997, 0, 0, 0, 0, 0, 0, 0, 41311, 0, 38908, 0, 0, 21434, 0, 0, 0, 0, 0, 14896, 0, 0, 0, 0, 20471, 0, 0, 0, 0, 0, 0, 0, 0, 0, 40603, 0, 0, 0, 0, 0, 8109, 45066, 0, 45015],[0, 0, 0, 0, 0, 0, 23811, 0, 46178, 0, 196021301, 40690, 0, 0, 0, 0, 0, 26052, 18261, 40120, 39222, -1, 19987, 0, 0, 25745, 0, 0, 0, 0, 0, 28521, 0, 0, 0, 0, 0, 0, 45921, 22761, 22925, 0, 39077, 0, 0, 0, 0, 0, 26441, 0, 0, 29579, 35698, 0, 0, 0, 0, 0, 40518, 30722, 34123, 0, 14485, 27294, 40788, 0, 0, 0, 0, 0, 0, 14250, 30897, 0, 0, 0, 0, 0, 0, 0, 35066, 0, 0, 0, 0],[0, 0, 0, 0, 0, 0, 0, 35711, 31391, 0, 0, 0, 0, 0, 0, 0, 0, 0, 0, 0, 14652, 19987, -1, 0, 36661, 0, 0, 0, 0, 0, 40171, 0, 0, 0, 0, 0, 0, 30244, 13429, 0, 0, 0, 0, 0, 0, 0, 0, 22827, 0, 0, 0, 0, 0, 0, 0, 0, 0, 0, 1161338400, 41043, 0, 0, 15966, 0, 0, 0, 9430, 0, 0, 0, 45861, 0, 25850, 29909, 0, 0, 0, 0, 34634, 0, 0, 0, 0, 0, 0],[29950, 1970057404, 0, 970200471, 0, 1947054140, 0, 0, 33090, 31085, 0, 0, 31375, 0, 0, 0, 0, 0, 0, 44754, 0, 0, 0, -1, 0, 0, 554692511, 0, 18802, 0, 0, 0, 0, 0, 0, 0, 0, 0, 0, 0, 38563, 39357, 0, -610294917, 28790, 0, 22001, 0, 0, 0, 42405, 0, 0, 0, 0, 23978, 0, 0, 0, 0, 16416, 0, 34483, 2099078141, 40578, 0, 0, 45810, 0, 0, 0, 0, 0, 0, 0, 0, 0, 32443, 0, 0, 0, 0, 0, 23246, 0],[36511, 0, 42152, 0, 99863047, 25187, 45651, 0, 0, 35304, 45954, 0, 0, 0, 30964, 0, 0, 0, 45340, 0, 38122, 0, 36661, 0, -1, 1715610193, 0, 0, 0, 0, 0, 23834, 0, 0, 0, 0, 0, 27129, 0, 0, 0, 0, 0, 44479, 23278, 0, 15460, 0, 0, 0, 0, -1622445633, 0, 45894, 0, 0, 0, 0, 0, 0, 38397, 38152, 0, 13335, 0, 0, 46325, 15345, 0, 27809, 0, 31103, 0, 41221, 0, 0, 0, 39504, 0, 0, 0, 0, 0, 0, 0],[0, 0, 45466, 0, 0, 0, 0, 0, 0, 0, 40041, 0, 0, 0, 17229, 0, 0, 37596, 0, 0, 0, 25745, 0, 0, 1715610193, -1, 0, 0, 0, 13440, 0, 0, 0, 35530, 35524, 44741, 0, 0, 28213, 0, 0, 0, 0, 0, 0, 0, 0, 0, 29147, 0, 0, 0, 0, 22862, 7736, 0, 0, 0, 10267, 0, 0, 0, 0, 33118, 0, 0, 0, 25552, 0, 0, 0, 29230, 925053800, 0, 0, 40745, 0, 12217, 0, 1168534076, 0, 33921, 0, 25082, 0],[0, 0, 0, 0, 0, 0, 0, 0, 0, 13768, 0, 0, 0, 0, 0, 0, 0, 0, 0, 0, 0, 0, 0, 554692511, 0, 0, -1, 0, 0, 23910, 18517, 0, 0, 31755, 0, 42743, 0, 0, 0, 0, 0, 27431, 0, 0, 24901, 37221, 0, 0, 0, 37641, 0, 18103, 11453, 44249, 0, 38555, 29362, 31845, 0, 31039, 0, 0, 0, 29048, 0, 0, 0, 41024, 31979, 44810, 0, 24826, 0, 0, 0, 9208, 17098, 0, 0, 0, 0, 33078, 0, 34437, 0],[0, 0, 0, 0, 0, 29478, 0, 24978, 0, 0, 0, 32389, 0, 34847, 38921, 0, 0, 39624, 0, 0, 0, 0, 0, 0, 0, 0, 0, -1, 0, 2683, 12565, 0, 36554, 0, 0, 0, 0, 0, 0, 0, 0, 36194, 30470, 0, 33383, 42328, 0, 0, 23480, 0, 0, 0, 0, 43693, 0, 0, 0, 0, 45426, 0, 0, 0, 0, 0, 43733, 0, 21384, 0, 0, 0, 0, 20007, 0, 0, 0, 43002, 31054, 33606, 42788, 0, 0, 0, 377965743, 0, 0],[0, 37135, 44864, 0, 0, 858497084, 0, 0, 0, 0, 0, 0, 0, 0, 24765, 0, 0, 30833, 0, 0, 44326, 0, 0, 18802, 0, 0, 0, 0, -1, 0, 32414, 0, 0, 0, 0, 0, 0, 0, 22756588, 0, 0, 0, 30051, 0, 0, 0, 0, 0, 0, 0, 0, 0, 10181, 0, 23457, 0, 45226, 0, 0, 0, 0, 0, 0, 0, 0, 35179, 0, 0, 0, 0, 0, 0, 13596, 0, 0, 0, 0, 0, 0, 37946, 0, 0, 0, 43529, 0],[0, 30775, 0, 0, 26362, 11365, 0, 0, 25042, 0, 25224, 0, 0, 34212, 0, 0, 0, 0, 0, 0, 34856, 0, 0, 0, 0, 13440, 23910, 2683, 0, -1, 0, 0, 40145, 42793, 0, 8015, 0, 0, 0, 0, 0, 0, 0, 0, 0, 0, 0, 28993, 40767, 0, 0, 87087599, 24185, 0, 16631, 13823, 1392077882, 0, 33938, 0, 0, 30200, 0, 0, 0, 0, 438352597, 0, 0, 29361, 38077, 0, 0, 0, 0, 0, 0, 0, 0, 0, 12477, 0, 25216, 32585, 0],[0, 0, 40341, 43466, 0, 0, 0, 0, 0, 0, 0, 23791, 0, 44705, 30963, 0, 9595, 23133, 0, 0, 0, 0, 40171, 0, 0, 0, 18517, 12565, 32414, 0, -1, 39737, 5322, 0, 0, 0, 0, 7795, 0, 0, 0, 0, 22374, 0, 0, 0, 0, 0, 0, 39593, 34886, 37641, 0, 40929, 0, 0, 0, 0, 0, 0, 0, 14649, 0, 41713, 0, 0, 0, 29992, 0, 0, 34940, 43955, 38328, 0, 1850402548, 0, 0, 0, 0, 34725, 40535, 0, 0, 7157, 36031],[25225, 0, 1352969204, 0, 27598, 37839, 0, 618934627, 0, 0, 0, 0, 9871, 0, 23755, 0, 0, 0, 0, 0, 0, 28521, 0, 0, 23834, 0, 0, 0, 0, 0, 39737, -1, 0, 13819, 0, 0, 0, 23037, 38696, 0, 42257, 0, 0, 23078, 0, 17468, 0, 0, 35295, 0, 42489, 38854, 20166, 0, 39890, 0, 0, 0, 0, 0, 0, 0, 0, 0, 0, 0, 0, 44489, 0, 0, 0, 22502, 0, 0, 0, 0, 0, 0, 0, 0, 0, 0, 0, 0, 0],[0, 0, 38923, 0, 7088515, 0, 0, 39500, 0, 0, 0, 40936, 0, 0, 0, 0, 3986, 46141, 23237, 0, 42301, 0, 0, 0, 0, 0, 0, 36554, 0, 40145, 5322, 0, -1, 0, 885399862, 0, 0, 0, 0, 13200, 0, 0, 0, 0, 37475, 0, 0, 0, 0, 26996, 0, 40487, 0, 0, 0, 44583, 0, 31018, 0, 0, 0, 0, 32681, 0, 0, 0, 0, 0, 0, 0, 0, 0, 45969, 41356, 0, 36667, 0, 0, 0, 0, 18022, 0, 0, 0, 41186],[0, 0, 28633, 0, 21037, 0, 20746, 0, 0, 0, 39950, 0, 10785, 0, 0, 0, 0, 0, 0, 0, 0, 0, 0, 0, 0, 35530, 31755, 0, 0, 42793, 0, 13819, 0, -1, 15767, 20077, 0, 0, 29848, 0, 16374, 244803006, 0, 0, 36922, 0, 0, 33605, 0, 0, 0, 31841, 0, 0, 0, 0, 0, 0, 0, 1217889634, 37879, 0, 0, 0, 0, 0, 44980, 0, 0, 0, 0, 0, 16384, 0, 16523, 0, 0, 0, 0, 0, 8093, 0, 0, 40873, 24989],[0, 0, 0, 0, 0, 0, 0, 0, 0, 0, 0, 33545, 0, 0, 0, 37701, 0, 0, 0, 0, 0, 0, 0, 0, 0, 35524, 0, 0, 0, 0, 0, 0, 885399862, 15767, -1, 0, 29014, 0, 0, 0, 0, 0, 0, 0, 0, 0, 0, 0, 29120, 0, 7614, 36455, 36224, 0, 0, 26126, 34867, 0, 0, 34631, 0, 0, 30476, 35578, 0, 0, 0, 0, 0, 31241, 0, 19209, 0, 0, 0, 0, 0, 0, 33624, 0, 0, 0, 0, 0, 0],[0, 0, 0, 0, 0, 0, 0, 0, 0, 0, 33357, 29481, 0, 0, 0, 0, 0, 0, 0, 0, 16714, 0, 0, 0, 0, 44741, 42743, 0, 0, 8015, 0, 0, 0, 20077, 0, -1, 46279, 0, 0, 17685, 0, 0, 18212, 0, 0, 43046, 27998, 0, 0, 0, 0, 31084, 40486, 0, 41622, 27878, 0, 0, 43933, 41859, 26428, 0, 0, 0, 0, 31800, 0, 0, 0, 0, 0, 36294, 0, 0, 0, 46145, 0, 0, 41856, 0, 0, 0, 22676, 0, 0],[0, 0, 0, 0, 37612, 16341, 33420, 0, 19423, 0, 0, 29647, 0, 0, 0, 0, 0, 0, 39175, 0, 0, 0, 0, 0, 0, 0, 0, 0, 0, 0, 0, 0, 0, 0, 29014, 46279, -1, 0, 24068, 0, 0, 0, 0, 0, 0, 15804, 32218, 11805, 15830, 0, 32316, 0, 1325506078, 0, 0, 16391, 0, 0, 42549, 0, 0, 0, 0, 0, 0, 33822, 42524, 16816, 0, 0, 0, 0, 0, 0, 0, 0, 0, 33019, 43356, 0, 0, 0, 0, 0, 0],[24150, 0, 1380362466, 33889, 0, 0, 0, 0, 0, 0, 0, 0, 0, 23486, 20118, 0, 38633, 0, 0, 0, 34223, 0, 30244, 0, 27129, 0, 0, 0, 0, 0, 7795, 23037, 0, 0, 0, 0, 0, -1, 0, 22249, 0, 0, 0, 28271, 0, 0, 0, 0, 0, 0, 0, 44026, 0, 0, 0, 37606, 0, 0, 0, 0, 0, 0, 0, 0, 26378, 0, 0, 0, 0, 27003, 0, 0, 42575, 0, 0, 0, 0, 0, 0, 46254, 567865778, 38146, 0, 0, 0],[0, 31602, 21171, 36862, 0, 0, 0, 0, 0, 0, 0, 0, 0, 0, 0, 0, 0, 0, 0, 0, 0, 45921, 13429, 0, 0, 28213, 0, 0, 22756588, 0, 0, 38696, 0, 29848, 0, 0, 24068, 0, -1, 27030, 0, 0, 0, 0, 0, 0, 0, 0, 0, 42638, 0, 23630, 44410, 0, 0, 0, 24001, 0, 32226, 44315, 0, 0, 0, 0, 0, 0, 0, 0, 0, 0, 0, 0, 0, 0, 38941, 4412, 32453, 40972, 0, 28425, 0, 0, 0, 0, 0],[0, 0, 0, 0, 0, 28022, 0, 0, 0, 0, 0, 0, 0, 32050, 0, 0, 29286, 43009, 0, 0, 0, 22761, 0, 0, 0, 0, 0, 0, 0, 0, 0, 0, 13200, 0, 0, 17685, 0, 22249, 27030, -1, 0, 0, 7041, 26214, 0, 0, 0, 0, 42951, 0, 0, 0, 0, 0, 0, 0, 0, 0, 34456, 0, 0, 2114322086, 0, 46299, 0, 0, 41477, 38240, 44735, 0, 0, 0, 27833, 0, 0, 0, 0, 0, 0, 16430, 0, 0, 0, 0, 26067],[0, 42941, 0, 0, 0, 42701, 37555, 0, 0, 0, 38584, 0, 41686, 0, 0, 38949, 0, 14703, 0, 32904, 0, 22925, 0, 38563, 0, 0, 0, 0, 0, 0, 0, 42257, 0, 16374, 0, 0, 0, 0, 0, 0, -1, 0, 0, 393801152, 8642, 0, 44336, 0, 0, 18404, 42293, 0, 0, 32179, 0, 0, 0, 0, 0, 0, 0, 0, 0, 0, 0, 0, 19658, 0, 40190, 0, 23585, 0, 0, 0, 0, 0, 0, 0, 0, 0, 0, 0, 0, 0, 0],[0, 0, 0, 0, 42668, 0, 0, 0, 0, 0, 0, 39798, 22921, 0, 0, 10026, 20494, 25208, 0, 0, 8997, 0, 0, 39357, 0, 0, 27431, 36194, 0, 0, 0, 0, 0, 244803006, 0, 0, 0, 0, 0, 0, 0, -1, 0, 0, 0, 0, 0, 26022, 0, 0, 45316, 0, 0, 36854, 0, 0, 0, 37345, 0, 0, 32169, 42648, 0, 25597, 44742, 0, 28027, 0, 0, 0, 19406, 0, 20195, 0, 0, 19990, 0, 0, 0, 26722, 0, 33452, 0, 43853, 0],[0, 14179, 0, 45387, 41637, 0, 2127832301, 0, 0, 0, 0, 44217, 43243, 0, 0, 0, 0, 23934, 39403, 37178, 0, 39077, 0, 0, 0, 0, 0, 30470, 30051, 0, 22374, 0, 0, 0, 0, 18212, 0, 0, 0, 7041, 0, 0, -1, 0, 0, 4736, 0, 0, 0, 0, 22671, 0, 0, 0, 0, 0, 0, 31079, 0, 0, 0, 45175, 0, 0, 31016, 0, 0, 0, 0, 0, 0, 0, 0, 0, 0, 0, 0, 0, 0, 0, 0, 0, 0, 0, 0],[0, 45990, 0, 0, 30316, 0, 0, 44362, 0, 0, 0, 0, 0, 0, 0, 27269, 0, 0, 0, 0, 0, 0, 0, -610294917, 44479, 0, 0, 0, 0, 0, 0, 23078, 0, 0, 0, 0, 0, 28271, 0, 26214, 393801152, 0, 0, -1, 27831, 0, 0, 0, 0, 0, 45605, 0, 0, 0, 0, 0, 0, 0, 0, 0, 0, 0, 0, 0, 19461, 36699, 37552, 0, 0, 0, 0, 0, 0, 39165, 0, 43247, 0, 0, 0, 0, 0, 0, 0, 0, 0],[0, 0, 6218, 0, 0, 0, 613637944, 0, 0, 0, 0, 40944, 0, 0, 21902, 0, 0, 0, 0, 24908, 0, 0, 0, 28790, 23278, 0, 24901, 33383, 0, 0, 0, 0, 37475, 36922, 0, 0, 0, 0, 0, 0, 8642, 0, 0, 27831, -1, 0, 0, 0, 39905, 0, 0, 0, 0, 28753, 0, 0, 0, 33142, 6069, 0, 0, 42542, 0, 0, 0, 0, 19790, 23362, 0, 0, 0, 21211, 0, 34773, 0, 15686, 40208, 34378, 0, 0, 0, -1800029817, 0, 0, 0],[0, 41098, 0, 0, 0, 0, 1882144090, 6298, 0, 42563, 0, 0, 30038, 0, 0, 42207, 0, 0, 0, 0, 0, 0, 0, 0, 0, 0, 37221, 42328, 0, 0, 0, 17468, 0, 0, 0, 43046, 15804, 0, 0, 0, 0, 0, 4736, 0, 0, -1, 0, 0, 0, 0, 0, 0, 0, 0, 22668, 0, 24807, 0, 0, 37759, 0, 0, 0, 0, 20619, 26907, 0, 0, 0, 0, 43347, 36757, 0, 0, 43137, 22752, 38511, 15938, 24742, 0, 0, 0, 0, 0, 32799],[0, 32268, 0, 45197, 0, 15231, 0, 0, 18090, 35674, 0, 0, 0, 46104, 0, 0, 20331, 0, 37936, 39123, 0, 0, 0, 22001, 15460, 0, 0, 0, 0, 0, 0, 0, 0, 0, 0, 27998, 32218, 0, 0, 0, 44336, 0, 0, 0, 0, 0, -1, 0, 0, 0, 0, 0, 0, 0, 0, 0, 19842, 0, 0, 35781, 0, 0, 5220, 0, 0, 0, 0, 0, 0, 0, 32508, 0, 0, 0, 44154, 0, 11020, 0, 0, 0, 19781, 0, 16245, 0, 0],[0, 19942, 0, 0, 0, 0, 0, 0, 0, 0, 0, 0, 0, 0, 0, 0, 0, 844031485, 0, 32048, 0, 0, 22827, 0, 0, 0, 0, 0, 0, 28993, 0, 0, 0, 33605, 0, 0, 11805, 0, 0, 0, 0, 26022, 0, 0, 0, 0, 0, -1, 0, 0, 0, 0, 0, 0, 20488, 18976, 0, 0, 0, 0, 0, 0, 0, 0, 0, 0, 36702, 0, 0, 20262, 38965, 0, 37166, 0, 28903, 0, 25156, 7952, 0, 0, 0, 0, 0, 40865, 0],[0, 0, 0, 0, 0, 0, 0, 22612, 0, 0, 761547303, 0, 0, 0, 0, 46323, 0, 0, 0, 0, 0, 26441, 0, 0, 0, 29147, 0, 23480, 0, 40767, 0, 35295, 0, 0, 29120, 0, 15830, 0, 0, 42951, 0, 0, 0, 0, 39905, 0, 0, 0, -1, 0, 0, 0, 42342, 0, 0, 0, 0, 0, 24332, 0, 0, 0, 0, 0, 0, 0, 0, 0, 0, 45437, 44739, 0, 0, 0, 0, 0, 21051, 24103, 0, 0, 34396, 0, 0, 0, 0],[0, 0, 0, 36428, 0, 0, 0, 21122, 0, 0, 34614, -1245427830, 0, 40965, 30472, 963162126, 0, 0, 0, 0, 41311, 0, 0, 0, 0, 0, 37641, 0, 0, 0, 39593, 0, 26996, 0, 0, 0, 0, 0, 42638, 0, 18404, 0, 0, 0, 0, 0, 0, 0, 0, -1, 28340, 0, 0, 0, 0, 0, 0, 0, 0, 0, 0, 0, 0, 25615, 0, 0, 0, 0, 0, 0, 39906, 41160, 40365, 0, 10983, 0, 14102, 0, 0, 0, 0, 0, 43528, 0, 0],[0, 44320, 0, 0, 0, 398888158, 0, 0, 45721, 0, 0, 0, 41494, 0, 0, 0, 0, 0, 0, 0, 0, 0, 0, 42405, 0, 0, 0, 0, 0, 0, 34886, 42489, 0, 0, 7614, 0, 32316, 0, 0, 0, 42293, 45316, 22671, 45605, 0, 0, 0, 0, 0, 28340, -1, 35259, 0, 0, 20418, 0, 0, 25621, 0, 0, 0, 0, 0, 0, 0, 30225, 29342, 15613, 0, 0, 0, 0, 0, 7085, 0, 0, 0, 40574, 0, 0, 0, 0, 0, 32217, 33378],[0, 0, 0, 0, 43205, 0, 0, 0, 0, 44778, 0, 0, 0, 0, 0, 0, 0, 32798, 0, 0, 38908, 29579, 0, 0, -1622445633, 0, 18103, 0, 0, 87087599, 37641, 38854, 40487, 31841, 36455, 31084, 0, 44026, 23630, 0, 0, 0, 0, 0, 0, 0, 0, 0, 0, 0, 35259, -1, 41970, 0, 22580, 0, 0, 0, 0, 0, 0, 0, 0, 20075, 0, 0, 25365, 40135, 0, 0, 43341, 34543, 0, 0, 0, 0, 30178, 0, 0, 0, 0, 0, 38051, 0, 0],[0, 0, 29592, 0, 20595, 0, 0, 18247, 31147, 0, 18850, 0, 0, 37105, 0, 0, 0, 0, 30444, 0, 0, 35698, 0, 0, 0, 0, 11453, 0, 10181, 24185, 0, 20166, 0, 0, 36224, 40486, 1325506078, 0, 44410, 0, 0, 0, 0, 0, 0, 0, 0, 0, 42342, 0, 0, 41970, -1, 0, 0, 0, 0, 31072, 0, 0, 0, 32448, 0, 0, 0, 0, 42952, 36727, 0, 27617, 0, 20509, 36546, 0, 0, 0, 0, 0, 0, 18030, 0, 39832, 24693, 0, 31085],[0, 0, 0, 0, 0, 0, 0, 0, 0, 33730, 0, 0, 0, 0, 0, 701009279, 42566, 0, 0, 0, 0, 0, 0, 0, 45894, 22862, 44249, 43693, 0, 0, 40929, 0, 0, 0, 0, 0, 0, 0, 0, 0, 32179, 36854, 0, 0, 28753, 0, 0, 0, 0, 0, 0, 0, 0, -1, 0, 0, 29103, 0, 0, 0, 36187, 41116, 40617, 42454, 0, 0, 0, 0, 0, 46247, 0, 0, 35100, 0, 0, 0, 0, 0, 0, 0, 26345, 21183, 33483, 23260, 0],[0, 0, 0, 31218, 0, 44054, 0, 46108, 0, 37556, 0, -688527561, 0, 16989, 0, 0, 0, 90464718, 0, 0, 21434, 0, 0, 0, 0, 7736, 0, 0, 23457, 16631, 0, 39890, 0, 0, 0, 41622, 0, 0, 0, 0, 0, 0, 0, 0, 0, 22668, 0, 20488, 0, 0, 20418, 22580, 0, 0, -1, 0, 0, 0, 22027, 0, 35969, 0, 0, 0, 0, 0, 0, 38803, 44332, 0, 0, 39428, 0, 0, 0, 0, 0, 0, 0, 18283, 0, 0, 0, 0, 0],[30748, 0, 2057144160, 41621, 45623, 0, 21255, 20875, 16283, 0, 24230, 0, 0, 0, 0, 0, 0, 0, 0, 46162, 0, 0, 0, 23978, 0, 0, 38555, 0, 0, 13823, 0, 0, 44583, 0, 26126, 27878, 16391, 37606, 0, 0, 0, 0, 0, 0, 0, 0, 0, 18976, 0, 0, 0, 0, 0, 0, 0, -1, 23464, 0, 0, 0, 0, 0, 0, 0, 39582, 0, 0, 0, 42378, 0, 0, 0, 0, 0, 0, 0, 0, 0, 0, 0, 0, 0, 0, 38304, 20656],[0, 0, 0, 0, 0, 0, 0, 0, 28112, 0, 0, 0, 0, 33634, 0, 0, 0, 0, 0, 8827, 0, 0, 0, 0, 0, 0, 29362, 0, 45226, 1392077882, 0, 0, 0, 0, 34867, 0, 0, 0, 24001, 0, 0, 0, 0, 0, 0, 24807, 19842, 0, 0, 0, 0, 0, 0, 29103, 0, 23464, -1, 44001, 42377, 34719, 0, 0, 0, 0, 42632, 0, 0, 0, 0, 38123, 0, 0, 0, 0, 0, 0, 0, 0, 0, 23566, 0, 0, 0, 0, 0],[45065, 0, 286650180, 0, 0, 35098, 0, 0, 0, 0, 24464, 0, 0, 0, 0, 0, 0, 0, 36585, 0, 0, 0, 0, 0, 0, 0, 31845, 0, 0, 0, 0, 0, 31018, 0, 0, 0, 0, 0, 0, 0, 0, 37345, 31079, 0, 33142, 0, 0, 0, 0, 0, 25621, 0, 31072, 0, 0, 0, 44001, -1, 0, 32136, 0, 0, 0, 0, 0, 0, 0, 0, 0, 0, 0, 19863, 17995, 0, 0, 16679, 0, 0, 0, 0, 0, 0, 27579, 44747, 0],[0, 0, 0, 41317, 0, 0, 0, 27249, 0, 0, 0, 0, 0, 35551, 44474, 0, 50928417, 0, 0, 17107, 0, 40518, 1161338400, 0, 0, 10267, 0, 45426, 0, 33938, 0, 0, 0, 0, 0, 43933, 42549, 0, 32226, 34456, 0, 0, 0, 0, 6069, 0, 0, 0, 24332, 0, 0, 0, 0, 0, 22027, 0, 42377, 0, -1, 41235, 12698, 0, 0, 0, 0, 0, 45347, 0, 0, 0, 0, 0, 0, 0, 4025, 10907, 32197, 0, 0, 0, 44162, 0, 0, 0, 0],[0, 0, 42684, 0, 0, 42916, 0, 38424, 41037, 0, 42291, 0, 0, 0, 0, 0, 0, 0, 0, 0, 0, 30722, 41043, 0, 0, 0, 31039, 0, 0, 0, 0, 0, 0, 1217889634, 34631, 41859, 0, 0, 44315, 0, 0, 0, 0, 0, 0, 37759, 35781, 0, 0, 0, 0, 0, 0, 0, 0, 0, 34719, 32136, 41235, -1, 0, 0, 0, 0, 21263, 0, 38087, 27963, 30483, 0, 0, 0, 14785, 0, 24135, 0, 0, 0, 0, 0, 0, 0, 0, 0, 0],[0, 36233, 0, 42442, 0, 1237713240, 0, 45449, 0, 0, 41395, 33125, 0, 19588, 0, 26979, 0, 45519, 0, 38293, 14896, 34123, 0, 16416, 38397, 0, 0, 0, 0, 0, 0, 0, 0, 37879, 0, 26428, 0, 0, 0, 0, 0, 32169, 0, 0, 0, 0, 0, 0, 0, 0, 0, 0, 0, 36187, 35969, 0, 0, 0, 12698, 0, -1, 0, 0, 0, 0, 21144, 0, 0, 0, 0, 0, 0, 34975, 0, 0, 0, 34197, 0, 0, 0, 0, 34617, 0, 0, 41454],[46093, 0, 161664919, 0, 36997, 39216, 45259, 0, 40683, 33727, 39311, 0, 0, 41126, 0, 0, 0, 0, 0, 0, 0, 0, 0, 0, 38152, 0, 0, 0, 0, 30200, 14649, 0, 0, 0, 0, 0, 0, 0, 0, 2114322086, 0, 42648, 45175, 0, 42542, 0, 0, 0, 0, 0, 0, 0, 32448, 41116, 0, 0, 0, 0, 0, 0, 0, -1, 43507, 0, 0, 0, 0, 0, 0, 31750, 37798, 26267, 0, 38736, 0, 11914, 0, 40020, 29315, 44861, 0, 0, 0, 0, 38280],[34079, 0, 0, 0, 9221, 0, 34463, 0, 0, 0, 23304, 2014492467, 0, 0, 0, 0, 13668, 0, 1435342030, 0, 0, 14485, 15966, 34483, 0, 0, 0, 0, 0, 0, 0, 0, 32681, 0, 30476, 0, 0, 0, 0, 0, 0, 0, 0, 0, 0, 0, 5220, 0, 0, 0, 0, 0, 0, 40617, 0, 0, 0, 0, 0, 0, 0, 43507, -1, 0, 24575, 0, 0, 0, 0, 0, 0, 21562, 0, 0, 0, 0, 0, 0, 43621, 0, 11187, 0, 0, 28931, 40731],[0, 32289, 27919, 0, 0, 0, 0, 0, 0, 0, 0, 0, 0, 0, 0, 0, 0, 0, 0, 0, 0, 27294, 0, 2099078141, 13335, 33118, 29048, 0, 0, 0, 41713, 0, 0, 0, 35578, 0, 0, 0, 0, 46299, 0, 25597, 0, 0, 0, 0, 0, 0, 0, 25615, 0, 20075, 0, 42454, 0, 0, 0, 0, 0, 0, 0, 0, 0, -1, 0, 16074, 0, 0, 0, 0, 0, 0, 29417, 0, 0, 0, 0, 0, 0, 0, 0, 26830, 0, 36366, 0],[0, 36475, 25219, 0, 0, 0, 0, 0, 0, 0, 0, 31519, 0, 0, 0, 32752, 0, 0, 1145598647, 0, 0, 40788, 0, 40578, 0, 0, 0, 43733, 0, 0, 0, 0, 0, 0, 0, 0, 0, 26378, 0, 0, 0, 44742, 31016, 19461, 0, 20619, 0, 0, 0, 0, 0, 0, 0, 0, 0, 39582, 42632, 0, 0, 21263, 0, 0, 24575, 0, -1, 36088, 0, 0, 0, 0, 0, 0, 0, 0, 44801, 0, 25950, 0, 0, 0, 0, 0, 45847, 0, 0],[34753, 44060, 0, 0, 0, 0, 0, 0, 2126598530, 0, 0, 0, 0, 0, 0, 10592, 0, 0, 0, 0, 20471, 0, 0, 0, 0, 0, 0, 0, 35179, 0, 0, 0, 0, 0, 0, 31800, 33822, 0, 0, 0, 0, 0, 0, 36699, 0, 26907, 0, 0, 0, 0, 30225, 0, 0, 0, 0, 0, 0, 0, 0, 0, 21144, 0, 0, 16074, 36088, -1, 11964, 44469, 0, 0, 38757, 0, 0, 45710, 0, 0, 0, 0, 0, 0, 0, 19609, 0, 40582, 0],[0, 45929, 0, 0, 0, 0, 0, 11869, 30501, 0, 0, 0, 0, 0, 0, 0, 0, 0, 0, 0, 0, 0, 9430, 0, 46325, 0, 0, 21384, 0, 438352597, 0, 0, 0, 44980, 0, 0, 42524, 0, 0, 41477, 19658, 28027, 0, 37552, 19790, 0, 0, 36702, 0, 0, 29342, 25365, 42952, 0, 0, 0, 0, 0, 45347, 38087, 0, 0, 0, 0, 0, 11964, -1, 0, 0, 0, 41113, 0, 0, 18346, 0, 0, 36067, 9699, 0, 0, 42843, 14097, 0, 33210, 0],[0, 38356, 0, 0, 34206, 786767993, 41046, 0, 31714, 32586, 0, 0, 0, 0, 0, 0, 0, 0, 0, 40259, 0, 0, 0, 45810, 15345, 25552, 41024, 0, 0, 0, 29992, 44489, 0, 0, 0, 0, 16816, 0, 0, 38240, 0, 0, 0, 0, 23362, 0, 0, 0, 0, 0, 15613, 40135, 36727, 0, 38803, 0, 0, 0, 0, 27963, 0, 0, 0, 0, 0, 44469, 0, -1, 0, 0, 32615, 0, 0, 0, 0, 0, 0, 16922, 29670, 0, 0, 0, 37916, 0, 0],[0, 39341, 0, 0, 0, 0, 0, 0, 0, 0, 0, 0, 0, 0, 0, 0, 43871, 0, 1539669427, 0, 0, 0, 0, 0, 0, 0, 31979, 0, 0, 0, 0, 0, 0, 0, 0, 0, 0, 0, 0, 44735, 40190, 0, 0, 0, 0, 0, 0, 0, 0, 0, 0, 0, 0, 0, 44332, 42378, 0, 0, 0, 30483, 0, 0, 0, 0, 0, 0, 0, 0, -1, 0, 0, 0, 0, 0, 0, 0, 0, 40191, 0, 0, 0, 0, 0, 0, 0],[0, 45579, 0, 23539, 0, 0, 0, 0, 37961, 0, 0, 41813, 0, 21115, 0, 43345, 0, 21320, 0, 0, 0, 0, 0, 0, 27809, 0, 44810, 0, 0, 29361, 0, 0, 0, 0, 31241, 0, 0, 27003, 0, 0, 0, 0, 0, 0, 0, 0, 0, 20262, 45437, 0, 0, 0, 27617, 46247, 0, 0, 38123, 0, 0, 0, 0, 31750, 0, 0, 0, 0, 0, 0, 0, -1, 0, 0, 0, 846600255, 0, 0, 0, 0, 0, 20219, 0, 0, 32243, 0, 0],[0, 46191, 0, 0, 0, 0, 0, 34817, 0, 0, 0, 0, 0, 0, 0, 0, 4802, 0, 677453341, 0, 0, 0, 45861, 0, 0, 0, 0, 0, 0, 38077, 34940, 0, 0, 0, 0, 0, 0, 0, 0, 0, 23585, 19406, 0, 0, 0, 43347, 32508, 38965, 44739, 39906, 0, 43341, 0, 0, 0, 0, 0, 0, 0, 0, 0, 37798, 0, 0, 0, 38757, 41113, 32615, 0, 0, -1, 0, 0, 21391, 0, 0, 0, 0, 0, 0, 0, 0, 0, 0, 39489],[0, 0, 0, 0, 37820, 30931, 30743, 0, 9884, 0, 0, 0, 0, 39034, 1651392762, 0, 0, 25616, 0, 0, 0, 14250, 0, 0, 31103, 29230, 24826, 20007, 0, 0, 43955, 22502, 0, 0, 19209, 36294, 0, 0, 0, 0, 0, 0, 0, 0, 21211, 36757, 0, 0, 0, 41160, 0, 34543, 20509, 0, 39428, 0, 0, 19863, 0, 0, 0, 26267, 21562, 0, 0, 0, 0, 0, 0, 0, 0, -1, 0, 0, 0, 0, 0, 0, 0, 34996, 0, 0, 0, 0, 0],[0, 0, 37713, 0, 0, 38661, 0, 0, 0, 43996, 0, 0, 0, 0, 9795, 0, 0, 39235, 0, 0, 0, 30897, 25850, 0, 0, 925053800, 0, 0, 13596, 0, 38328, 0, 45969, 16384, 0, 0, 0, 42575, 0, 27833, 0, 20195, 0, 0, 0, 0, 0, 37166, 0, 40365, 0, 0, 36546, 35100, 0, 0, 0, 17995, 0, 14785, 34975, 0, 0, 29417, 0, 0, 0, 0, 0, 0, 0, 0, -1, 0, 40581, 0, 0, 12128, 0, 0, 33113, 0, 0, 0, 0],[0, 0, 0, 45228, 0, 0, 0, 0, 0, 0, 0, 0, 0, 25199, 0, 0, 0, 0, 0, 0, 0, 0, 29909, 0, 41221, 0, 0, 0, 0, 0, 0, 0, 41356, 0, 0, 0, 0, 0, 0, 0, 0, 0, 0, 39165, 34773, 0, 0, 0, 0, 0, 7085, 0, 0, 0, 0, 0, 0, 0, 0, 0, 0, 38736, 0, 0, 0, 45710, 18346, 0, 0, 846600255, 21391, 0, 0, -1, 33586, 0, 37160, 0, 0, 0, 0, 33655, 38736, 0, 0],[0, 0, 35020, 0, 0, 0, 0, 0, 0, 42624, 0, 0, 0, 0, 0, 0, 19521, 0, 43397, 0, 0, 0, 0, 0, 0, 0, 0, 0, 0, 0, 1850402548, 0, 0, 16523, 0, 0, 0, 0, 38941, 0, 0, 0, 0, 0, 0, 43137, 44154, 28903, 0, 10983, 0, 0, 0, 0, 0, 0, 0, 0, 4025, 24135, 0, 0, 0, 0, 44801, 0, 0, 0, 0, 0, 0, 0, 40581, 33586, -1, 45943, 0, 0, 0, 0, 0, 0, 0, 0, 0],[0, 37418, 9553, 29034, 33714, 1995745006, 0, 0, 0, 21123, 28340, 0, 40025, 30687, 0, 0, 38788, 0, 0, 36503, 40603, 0, 0, 0, 0, 40745, 9208, 43002, 0, 0, 0, 0, 36667, 0, 0, 46145, 0, 0, 4412, 0, 0, 19990, 0, 43247, 15686, 22752, 0, 0, 0, 0, 0, 0, 0, 0, 0, 0, 0, 16679, 10907, 0, 0, 11914, 0, 0, 0, 0, 0, 0, 0, 0, 0, 0, 0, 0, 45943, -1, 0, 34338, 0, 43880, 0, 0, 39036, 0, 0],[0, 0, 0, 22927, 0, 29514, 0, 0, 0, 0, 27783, 23731, 0, 31428, 0, 0, 0, 0, 0, 0, 0, 0, 0, 0, 0, 0, 17098, 31054, 0, 0, 0, 0, 0, 0, 0, 0, 0, 0, 32453, 0, 0, 0, 0, 0, 40208, 38511, 11020, 25156, 21051, 14102, 0, 30178, 0, 0, 0, 0, 0, 0, 32197, 0, 34197, 0, 0, 0, 25950, 0, 36067, 0, 0, 0, 0, 0, 0, 37160, 0, 0, -1, 0, 33869, 0, 0, 0, 0, 0, 27960],[0, 0, 0, 0, 21888, 0, 0, 0, 0, 0, 0, 0, 0, 0, 0, 0, 35051, 42208, 0, 0, 0, 0, 0, 32443, 39504, 12217, 0, 33606, 0, 0, 0, 0, 0, 0, 0, 0, 33019, 0, 40972, 0, 0, 0, 0, 0, 34378, 15938, 0, 7952, 24103, 0, 40574, 0, 0, 0, 0, 0, 0, 0, 0, 0, 0, 40020, 0, 0, 0, 0, 9699, 16922, 40191, 0, 0, 0, 12128, 0, 0, 34338, 0, -1, 0, 0, 0, 0, 0, 0, 0],[0, 0, 0, 27535, 39175, 0, 0, 42867, 24383, 22664, 0, 0, 0, 0, 0, 0, 0, 256068090, 0, 37824, 0, 0, 34634, 0, 0, 0, 0, 42788, 0, 0, 0, 0, 0, 0, 33624, 41856, 43356, 0, 0, 0, 0, 0, 0, 0, 0, 24742, 0, 0, 0, 0, 0, 0, 0, 0, 0, 0, 0, 0, 0, 0, 0, 29315, 43621, 0, 0, 0, 0, 29670, 0, 0, 0, 0, 0, 0, 0, 0, 33869, 0, -1, 0, 0, 0, 39255, 0, 0],[0, 0, 0, 0, 0, 0, 0, 0, 0, 0, 0, 0, 0, 0, 25798, 0, 0, 0, 0, 0, 0, 0, 0, 0, 0, 1168534076, 0, 0, 37946, 0, 34725, 0, 0, 0, 0, 0, 0, 46254, 28425, 16430, 0, 26722, 0, 0, 0, 0, 0, 0, 0, 0, 0, 0, 18030, 0, 18283, 0, 23566, 0, 0, 0, 0, 44861, 0, 0, 0, 0, 0, 0, 0, 20219, 0, 34996, 0, 0, 0, 43880, 0, 0, 0, -1, 0, 0, 0, 0, 21653],[31891, 0, 0, 0, 0, 0, 41713, 0, 0, 0, 0, 0, 0, 0, 0, 0, 30596, 0, 0, 0, 0, 35066, 0, 0, 0, 0, 0, 0, 0, 12477, 40535, 0, 18022, 8093, 0, 0, 0, 567865778, 0, 0, 0, 0, 0, 0, 0, 0, 19781, 0, 34396, 0, 0, 0, 0, 26345, 0, 0, 0, 0, 44162, 0, 0, 0, 11187, 0, 0, 0, 42843, 0, 0, 0, 0, 0, 33113, 0, 0, 0, 0, 0, 0, 0, -1, 1041888798, 0, 0, 0],[0, 0, 0, 0, 0, 0, 42901, 0, 0, 0, 0, 0, 0, 0, 0, 0, 0, 4091, 0, 29568, 8109, 0, 0, 0, 0, 33921, 33078, 0, 0, 0, 0, 0, 0, 0, 0, 0, 0, 38146, 0, 0, 0, 33452, 0, 0, -1800029817, 0, 0, 0, 0, 0, 0, 0, 39832, 21183, 0, 0, 0, 0, 0, 0, 34617, 0, 0, 26830, 0, 19609, 14097, 0, 0, 0, 0, 0, 0, 33655, 0, 0, 0, 0, 0, 0, 1041888798, -1, 0, 14301, 11052],[0, 0, 0, 0, 0, 32312, 0, 20244, 38067, 0, 0, 0, 41655, 0, 0, 28654, 0, 0, 43825, 21691, 45066, 0, 0, 0, 0, 0, 0, 377965743, 0, 25216, 0, 0, 0, 0, 0, 22676, 0, 0, 0, 0, 0, 0, 0, 0, 0, 0, 16245, 0, 0, 43528, 0, 38051, 24693, 33483, 0, 0, 0, 27579, 0, 0, 0, 0, 0, 0, 45847, 0, 0, 37916, 0, 32243, 0, 0, 0, 38736, 0, 39036, 0, 0, 39255, 0, 0, 0, -1, 0, 0],[0, 21999, 25944, 0, 30895, 814150845, 0, 42346, 2952, 0, 0, 0, 0, 0, 0, 0, 19334, 20441, 0, 0, 0, 0, 0, 23246, 0, 25082, 34437, 0, 43529, 32585, 7157, 0, 0, 40873, 0, 0, 0, 0, 0, 0, 0, 43853, 0, 0, 0, 0, 0, 40865, 0, 0, 32217, 0, 0, 23260, 0, 38304, 0, 44747, 0, 0, 0, 0, 28931, 36366, 0, 40582, 33210, 0, 0, 0, 0, 0, 0, 0, 0, 0, 0, 0, 0, 0, 0, 14301, 0, -1, 0],[0, 0, 0, 8227, 0, 0, 0, 36459, 0, 24886, 0, 29421, 37561, 0, 0, 18610, 34634, 0, 0, 0, 45015, 0, 0, 0, 0, 0, 0, 0, 0, 0, 36031, 0, 41186, 24989, 0, 0, 0, 0, 0, 26067, 0, 0, 0, 0, 0, 32799, 0, 0, 0, 0, 33378, 0, 31085, 0, 0, 20656, 0, 0, 0, 0, 41454, 38280, 40731, 0, 0, 0, 0, 0, 0, 0, 39489, 0, 0, 0, 0, 0, 27960, 0, 0, 21653, 0, 11052, 0, 0, -1]]