22
[[-1, 32371, -1578785963, 0, -1957463575, 0, 0, 0, 41202, -1524513668, 0, -1810837242, 42230, -1645865881, 421835126, 15408, 27995, 24888, 45899, 40727, 23686, 34434],[32371, -1, 1040471014, 33265, 524151128, 0, 36303, 16366, 0, 1815693965, 44243, 1473394361, 0, 528445255, 1583919749, 1392680319, 1035963670, 94987881, 299028048, 415065546, 1681590470, 1052894481],[-1578785963, 1040471014, -1, -1759744999, -1113257874, 33352, -1339677464, 0, 0, -944209046, 0, -1202532417, 0, 0, 0, -1242706657, 0, -1772033298, -1607786314, -2117295686, -1440665308, -1616148683],[0, 33265, -1759744999, -1, -1986658753, 39432, 0, 584124371, 0, 0, 1913639086, -1396879785, 9815, 0, 0, 44007, 24770, 43060, 0, 42469, 41476, 32291],[-1957463575, 524151128, -1113257874, -1986658753, -1, 1046189752, -1066882729, -1723082544, 0, -900771222, -1664705674, -1949340917, 1058909884, -1876833594, -1415540302, 0, -2105869875, 0, 0, 1911984853, 36384, 17053],[0, 0, 33352, 39432, 1046189752, -1, 35945, 41961, 19180, 0, 0, 0, 0, 0, 40857, 0, 43033, 536486314, 30411, 0, 0, 386781161],[0, 36303, -1339677464, 0, -1066882729, 35945, -1, 1196145205, 43874, -1455277103, 0, 0, 40922, 920193023, 26939, 24108, 0, 0, 31464, 44916, 11296, 32742],[0, 16366, 0, 584124371, -1723082544, 41961, 1196145205, -1, 0, -1558395292, 32085, 0, 25936, 30896, 0, 0, 32724, 0, 0, 31160, 0, 0],[41202, 0, 0, 0, 0, 19180, 43874, 0, -1, 1926119565, 29987, 0, 1709399374, 38381, 0, 8864, 15110, 40629, 0, 40904, 0, 0],[-1524513668, 1815693965, -944209046, 0, -900771222, 0, -1455277103, -1558395292, 1926119565, -1, -656074330, 0, 42490, 0, -1101840461, -132855193, 36569, 15094, 37869, 0, 0, 20977],[0, 44243, 0, 1913639086, -1664705674, 0, 0, 32085, 29987, -656074330, -1, -2055504437, 0, 0, 0, 31183, 31421, 28643, 38989, 13440, 0, 44154],[-1810837242, 1473394361, -1202532417, -1396879785, -1949340917, 0, 0, 0, 0, 0, -2055504437, -1, 0, 0, 0, -397143043, 0, -617806014, -91674089, -1102852763, 0, 14537],[42230, 0, 0, 9815, 1058909884, 0, 40922, 25936, 1709399374, 42490, 0, 0, -1, 28518, 0, 42913, 0, 42759, 43572, 33659, 21167, 42830],[-1645865881, 528445255, 0, 0, -1876833594, 0, 920193023, 30896, 38381, 0, 0, 0, 28518, -1, 43934, 22330, 0, 25601, 0, 31596, 0, 34268],[421835126, 1583919749, 0, 0, -1415540302, 40857, 26939, 0, 0, -1101840461, 0, 0, 0, 43934, -1, 0, 0, 32832, 6756, 0, 16379, 31737],[15408, 1392680319, -1242706657, 44007, 0, 0, 24108, 0, 8864, -132855193, 31183, -397143043, 42913, 22330, 0, -1, 0, 9059, 0, 18894, 30697, 0],[27995, 1035963670, 0, 24770, -2105869875, 43033, 0, 32724, 15110, 36569, 31421, 0, 0, 0, 0, 0, -1, 0, 0, 31883, 0, 12034],[24888, 94987881, -1772033298, 43060, 0, 536486314, 0, 0, 40629, 15094, 28643, -617806014, 42759, 25601, 32832, 9059, 0, -1, 17235, 42809, 29805, 41658],[45899, 299028048, -1607786314, 0, 0, 30411, 31464, 0, 0, 37869, 38989, -91674089, 43572, 0, 6756, 0, 0, 17235, -1, 12297, 0, 38962],[40727, 415065546, -2117295686, 42469, 1911984853, 0, 44916, 31160, 40904, 0, 13440, -1102852763, 33659, 31596, 0, 18894, 31883, 42809, 12297, -1, 34863, 0],[23686, 1681590470, -1440665308, 41476, 36384, 0, 11296, 0, 0, 0, 0, 0, 21167, 0, 16379, 30697, 0, 29805, 0, 34863, -1, 0],[34434, 1052894481, -1616148683, 32291, 17053, 386781161, 32742, 0, 0, 20977, 44154, 14537, 42830, 34268, 31737, 0, 12034, 41658, 38962, 0, 0, -1]]