56
[[-1, 0, 0, 0, 0, 34201, 0, 30415, 2870, 1180835457, 0, 624140659, 0, 42308, 0, 0, 6111, 16541, 0, 0, 0, 0, 0, 0, 0, 0, 0, 0, 0, 0, 0, 0, 0, 0, 46009, 0, 21427, 0, 0, 19512, 0, 0, 39429, 0, 0, 22530, 0, 0, 0, 0, 0, 0, 0, 0, 0, 0],[0, -1, 27400, 0, 0, 0, 0, 1820030107, 0, 0, 0, 0, 0, 22190, 23755, 43084, 39962, 0, 33112, 0, 0, 0, 0, 0, 0, 23328, 0, 42939, 0, 0, 0, 0, 0, 6492, 39285, 0, 22234, 0, 0, 0, 0, 0, 24208, 0, 40984, 0, 0, 0, 0, 0, 0, 0, 0, 8116, 0, 0],[0, 27400, -1, 0, 0, 0, 0, -2128853378, 0, 0, 0, 27374, 34466, 44249, 0, 0, 0, 0, 251339063, 0, 0, 0, 29651, 26508, 0, 0, 0, 0, 0, 0, 0, 14206, 0, 0, 0, 0, 0, 0, 0, 0, 26912, 38449, 26445, 0, 1677915014, 0, 0, 0, 0, 0, 0, 0, 0, 1833730179, 0, 0],[0, 0, 0, -1, 0, 0, 0, 0, 0, 0, 0, 0, 17471, 0, 0, 16652, 34233, 1084081136, 38618, 0, 37848, 0, 0, 0, 11935, 0, 0, 0, 19791, 38649, 0, 43818, 0, 0, 0, 0, 0, 0, 0, 0, 0, 0, 0, 0, 0, 0, 0, 0, 38475, 17663, 0, 0, 0, 0, 0, 38615],[0, 0, 0, 0, -1, 0, 33147, 0, 0, 0, 0, 0, 0, 0, 0, 39342, 0, 0, 0, 1766840654, 44271, 0, 0, 0, -1763325047, 0, 0, 0, 0, 0, 0, 43018, 0, 0, 0, 0, 0, 0, 0, 44251, 0, 37236, 0, 0, 0, 0, 0, 27134, 0, 27926, 0, 0, 0, 0, 0, 0],[34201, 0, 0, 0, 0, -1, 0, 0, 0, -1135432930, 0, 483632733, 0, 1003794758, 29518, 0, 0, 19615691, 0, 42740, 0, 46218, 28855, 0, 0, 11943, 0, 29434, 5911, 33288, 45449, 23114, 27137, 0, 0, 0, 0, 0, 0, 0, 0, 0, 0, 0, 0, 0, 0, 0, 0, 0, 0, 0, 0, 12717, 0, 0],[0, 0, 0, 0, 33147, 0, -1, 28738, 0, 0, 0, 0, 0, 0, 0, 0, 0, 3070, 45147, -389935984, 0, 0, 0, 0, 600359774, 21533, 30538, 0, 0, 0, 37192, 0, 0, 0, 0, 0, 26267, 0, 0, 0, 43032, 40969, 0, 0, 12206, 0, 22298, 0, 29746, 40280, 24563, 0, 0, 0, 14249, 0],[30415, 1820030107, -2128853378, 0, 0, 0, 28738, -1, 0, -1972718759, 0, 0, 0, 0, 0, 0, 0, 0, 15142, 0, 0, 0, 0, 0, 0, 0, 0, -1119738760, 0, 31266, 0, 0, 45405, 0, 1802176058, 0, 0, 0, 0, 0, -746866032, 0, 0, 0, 0, 0, 0, 0, 36147, 40464, 0, 0, 0, 0, 86868354, 0],[2870, 0, 0, 0, 0, 0, 0, 0, -1, 0, 0, 0, 0, 1988337003, 0, 0, 0, 30765, 22756, 0, 0, 19604, 0, 0, 0, 0, 0, 0, 0, 0, 0, 0, 0, 0, 0, 45771, 0, 0, 27649, 0, 42474, 0, 0, 0, 0, 0, 0, 45442, 0, 32579, 0, 0, 0, 39759, 0, 43353],[1180835457, 0, 0, 0, 0, -1135432930, 0, -1972718759, 0, -1, 0, 1396059434, 41310, 0, 0, 0, 0, 0, 0, 0, 0, 0, 0, 0, 0, 0, 0, 0, 34933, 0, 1225918019, 0, 0, 0, 0, 0, 0, 0, 36514, 0, 0, 0, -1515334416, 0, 40540, 0, 45745, 37301, 0, 0, 37962, 0, 0, 28391, 0, 38598],[0, 0, 0, 0, 0, 0, 0, 0, 0, 0, -1, 0, 0, 0, 27678, 43372, 0, 0, 0, 1258789124, 0, 0, 0, 0, 45343, 0, 0, 0, 0, 0, 0, 0, 0, 0, 0, 0, 0, 0, 0, 0, 0, 0, 0, 0, 0, 0, 0, 0, 0, 35122, 0, 0, 0, 0, 0, 0],[624140659, 0, 27374, 0, 0, 483632733, 0, 0, 0, 1396059434, 0, -1, 595640103, 0, 0, 34857, 0, 0, 37340, 0, 609, 1942843313, 0, 500713177, 26982, 0, 0, 38022, 0, 0, 0, 689781114, -2117123267, 0, 0, 0, 762823288, 0, 0, 0, 0, 0, -811756111, 0, 17820, -1550332218, 0, 0, 0, 40540, 0, 0, 41398, 0, 0, 0],[0, 0, 34466, 17471, 0, 0, 0, 0, 0, 41310, 0, 595640103, -1, 0, 0, 0, 0, 23008, 44575, 46120, 0, 0, 0, 33924, 0, 0, 0, 0, 0, 0, 0, 0, 38213, 34027, 0, 0, 41631, 0, 0, 0, 0, 0, 0, 0, 0, 0, 34471, 43358, 0, 1133037416, 0, 14504, 0, 22851, 0, 2139157177],[42308, 22190, 44249, 0, 0, 1003794758, 0, 0, 1988337003, 0, 0, 0, 0, -1, 0, 610128444, 0, 0, 0, 0, 0, 0, 0, 0, 42991, 0, 28074, 0, 0, 0, 0, 0, -1490466173, 0, 0, 302547847, 33750, 44954, 0, 0, 0, 0, 0, 0, 0, 0, 36300, 0, 0, 37626, 0, 0, 0, 43959, 38093, 42201],[0, 23755, 0, 0, 0, 29518, 0, 0, 0, 0, 27678, 0, 0, 0, -1, 0, 0, 0, 204547747, 12672, 0, 0, 42259, 41166, 0, 1025990568, 0, 922705787, 0, 0, 0, 0, 0, 0, 0, 0, 0, 0, 0, 0, 0, 0, 45287, 0, 15859, 0, 39359, 0, 0, 0, 0, 45160, 0, 0, 0, 0],[0, 43084, 0, 16652, 39342, 0, 0, 0, 0, 0, 43372, 34857, 0, 610128444, 0, -1, 0, 0, 34269, 0, 0, 0, 0, 37445, 0, 0, 0, 0, 0, 0, 29546, 0, 43444, 0, 21701, 24108, 0, 0, 27964, 0, 38827, 0, 0, 0, 0, 0, 0, 0, 810488003, 0, 0, 0, 0, 33444, 0, 45953],[6111, 39962, 0, 34233, 0, 0, 0, 0, 0, 0, 0, 0, 0, 0, 0, 0, -1, 0, 31760, 0, 0, 0, 0, 0, 0, 0, 0, 22515, 1951231973, 0, 45900, 7764, 42539, 0, 1678782995, 0, 0, 0, 0, 0, 42746, 0, 0, 0, 34131, 0, 30460, 0, 0, 44926, 24587, 41564, 0, 0, 0, 0],[16541, 0, 0, 1084081136, 0, 19615691, 3070, 0, 30765, 0, 0, 0, 23008, 0, 0, 0, 0, -1, 0, 0, 0, 0, 36784, 0, 0, 0, 1753242401, 0, 0, -1465617800, 0, 0, 0, 0, 0, 0, 36542, 0, 0, 1506122281, 0, 0, 0, 0, 0, 0, 0, 0, 0, 0, 0, 0, 0, 0, 0, 0],[0, 33112, 251339063, 38618, 0, 0, 45147, 15142, 22756, 0, 0, 37340, 44575, 0, 204547747, 34269, 31760, 0, -1, 0, 1114526875, 0, 0, 0, 0, 0, 26356, 0, 0, 0, 33733, 0, 22104, 0, 0, 0, 5837, 0, 0, 0, 0, -1403202808, 0, 0, 0, 0, 2014218387, 28227, 0, 0, 0, 0, 260701570, 0, 30444, 0],[0, 0, 0, 0, 1766840654, 42740, -389935984, 0, 0, 0, 1258789124, 0, 46120, 0, 12672, 0, 0, 0, 0, -1, 0, 0, 33716, 0, 0, 28762, 0, 0, 0, 0, 0, 0, 541211022, 0, 0, 0, 29039, 0, 0, -571765652, 0, 0, 0, 9582, 0, 0, 0, 0, 0, 0, -1323001228, 612616741, 0, 0, 12620, 0],[0, 0, 0, 37848, 44271, 0, 0, 0, 0, 0, 0, 609, 0, 0, 0, 0, 0, 0, 1114526875, 0, -1, 0, 0, 17808, 0, 36823, 22062, 0, 0, 0, 45030, 0, 23945, 0, 0, 0, 0, 35826, 0, 32343, 0, 40877, 0, 33987, 0, 36034, 26856, 0, 0, 0, 0, 15666, 32701, 45014, 0, 0],[0, 0, 0, 0, 0, 46218, 0, 0, 19604, 0, 0, 1942843313, 0, 0, 0, 0, 0, 0, 0, 0, 0, -1, 0, 0, 45272, 0, 0, 0, 0, 0, 0, 0, 0, 0, 0, 0, 0, 16929, 0, 40394, 0, 0, 0, 46274, 37157, 0, 0, 37420, 0, 27980, 0, 0, 0, 0, 0, 43196],[0, 0, 29651, 0, 0, 28855, 0, 0, 0, 0, 0, 0, 0, 0, 42259, 0, 0, 36784, 0, 33716, 0, 0, -1, 0, 18523, 0, 0, 0, 0, 38750, 0, 708735837, 0, 0, 0, 43261, 44753, 0, 0, 0, 0, 1470245146, 0, 218250481, 26513, 0, 0, 0, 0, 35276, 0, 0, 0, 0, 0, 0],[0, 0, 26508, 0, 0, 0, 0, 0, 0, 0, 0, 500713177, 33924, 0, 41166, 37445, 0, 0, 0, 0, 17808, 0, 0, -1, 0, 16189, 0, 0, 39615, 43048, 0, 0, 43982, 0, 0, 44810, 26771, 33309, 39396, 0, 0, 0, 0, 0, 0, 0, 0, 0, 25733, 39077, 43658, 0, 35701, 0, 0, 0],[0, 0, 0, 11935, -1763325047, 0, 600359774, 0, 0, 0, 45343, 26982, 0, 42991, 0, 0, 0, 0, 0, 0, 0, 45272, 18523, 0, -1, 0, 0, 0, 0, 1731421763, 0, 0, 0, 0, 0, 0, 44585, 1166272536, 0, 0, 36488, 0, 0, 0, 0, 44507, 21248, 0, 35087, 0, 1897154402, 0, 42003, 0, 14854, 0],[0, 23328, 0, 0, 0, 11943, 21533, 0, 0, 0, 0, 0, 0, 0, 1025990568, 0, 0, 0, 0, 28762, 36823, 0, 0, 16189, 0, -1, 27328, 40188, 0, 0, 0, 46058, 0, 0, 0, 45641, 0, 0, 0, 0, 0, 0, 0, 0, 27550, 0, 0, 0, 0, 0, 19786, 23178, 0, 0, 0, 0],[0, 0, 0, 0, 0, 0, 30538, 0, 0, 0, 0, 0, 0, 28074, 0, 0, 0, 1753242401, 26356, 0, 22062, 0, 0, 0, 0, 27328, -1, 0, 0, 0, 27259, 0, 37590, 0, 0, 0, 0, 0, 40163, 0, 0, 0, 46187, 0, 0, 0, 0, 0, 0, 0, 44430, 0, 31148, 43497, 0, 0],[0, 42939, 0, 0, 0, 29434, 0, -1119738760, 0, 0, 0, 38022, 0, 0, 922705787, 0, 22515, 0, 0, 0, 0, 0, 0, 0, 0, 40188, 0, -1, 0, 0, 887374192, 0, 0, 0, 44196, 13372, 0, 0, 0, 22427, 45755, 0, 0, 0, 32565, 0, 0, 38438, 39391, 41614, 0, 33134, 0, 0, 0, 0],[0, 0, 0, 19791, 0, 5911, 0, 0, 0, 34933, 0, 0, 0, 0, 0, 0, 1951231973, 0, 0, 0, 0, 0, 0, 39615, 0, 0, 0, 0, -1, 0, 0, 0, 0, 0, 0, 0, 0, 0, 0, 32263, 0, 0, 24494, 0, 29858, 0, 0, 0, 0, 0, 0, 0, 0, 0, 0, 46126],[0, 0, 0, 38649, 0, 33288, 0, 31266, 0, 0, 0, 0, 0, 0, 0, 0, 0, -1465617800, 0, 0, 0, 0, 38750, 43048, 1731421763, 0, 0, 0, 0, -1, 0, 0, 25707, 0, 0, 0, 0, 0, 0, 27134, 0, 0, 0, 25630, 0, 0, 0, 0, 24484, 0, 0, 0, 0, 0, 0, 0],[0, 0, 0, 0, 0, 45449, 37192, 0, 0, 1225918019, 0, 0, 0, 0, 0, 29546, 45900, 0, 33733, 0, 45030, 0, 0, 0, 0, 0, 27259, 887374192, 0, 0, -1, 0, 0, 0, 0, 40945, 0, 0, 28847, 0, 0, 0, 0, 18597, 0, 0, 0, 0, 37072, 0, 0, 27827, 0, 0, 43283, 0],[0, 0, 14206, 43818, 43018, 23114, 0, 0, 0, 0, 0, 689781114, 0, 0, 0, 0, 7764, 0, 0, 0, 0, 0, 708735837, 0, 0, 46058, 0, 0, 0, 0, 0, -1, 44109, 0, 40948, 0, 0, 0, 43706, 32017, 335751371, 0, 0, 0, 27478, 6639, 0, 0, 0, 0, 0, 0, 0, 0, 34225, 0],[0, 0, 0, 0, 0, 27137, 0, 45405, 0, 0, 0, -2117123267, 38213, -1490466173, 0, 43444, 42539, 0, 22104, 541211022, 23945, 0, 0, 43982, 0, 0, 37590, 0, 0, 25707, 0, 44109, -1, 25195, 0, 27885, 0, 0, 37707, 0, 0, 0, 0, 0, 0, 34051, 34783, 0, 0, 0, 0, 6804, 0, 38989, 31929, 0],[0, 6492, 0, 0, 0, 0, 0, 0, 0, 0, 0, 0, 34027, 0, 0, 0, 0, 0, 0, 0, 0, 0, 0, 0, 0, 0, 0, 0, 0, 0, 0, 0, 25195, -1, 0, 44337, 0, 44199, 0, 0, 0, 0, 1868902629, 44442, 0, 0, 43089, 0, 0, 0, 37989, 38110, 25665, 0, 0, 0],[46009, 39285, 0, 0, 0, 0, 0, 1802176058, 0, 0, 0, 0, 0, 0, 0, 21701, 1678782995, 0, 0, 0, 0, 0, 0, 0, 0, 0, 0, 44196, 0, 0, 0, 40948, 0, 0, -1, 9447, 0, 0, 0, 0, 0, 0, 0, 0, 32708, 0, 0, 31160, 0, 0, 0, 23059, 0, 37034, 21806, 0],[0, 0, 0, 0, 0, 0, 0, 0, 45771, 0, 0, 0, 0, 302547847, 0, 24108, 0, 0, 0, 0, 0, 0, 43261, 44810, 0, 45641, 0, 13372, 0, 0, 40945, 0, 27885, 44337, 9447, -1, 0, 0, 0, 0, 0, 0, 0, 0, 0, 0, 0, 0, 43657, 0, 18299, 43937, 40304, 31334, 41065, 25203],[21427, 22234, 0, 0, 0, 0, 26267, 0, 0, 0, 0, 762823288, 41631, 33750, 0, 0, 0, 36542, 5837, 29039, 0, 0, 44753, 26771, 44585, 0, 0, 0, 0, 0, 0, 0, 0, 0, 0, 0, -1, 0, 0, 30308, 0, 0, 27070, 0, 0, 0, 24395, 39884, 0, 0, 0, 25291, 0, 0, 0, 0],[0, 0, 0, 0, 0, 0, 0, 0, 0, 0, 0, 0, 0, 44954, 0, 0, 0, 0, 0, 0, 35826, 16929, 0, 33309, 1166272536, 0, 0, 0, 0, 0, 0, 0, 0, 44199, 0, 0, 0, -1, 26650, 34518, 0, 2733, 0, 0, 0, 0, 0, 0, 0, 0, 0, 0, 31543, 0, 31040, 0],[0, 0, 0, 0, 0, 0, 0, 0, 27649, 36514, 0, 0, 0, 0, 0, 27964, 0, 0, 0, 0, 0, 0, 0, 39396, 0, 0, 40163, 0, 0, 0, 28847, 43706, 37707, 0, 0, 0, 0, 26650, -1, 0, 1037638894, 0, 30446, 0, 10875, 30870, 0, 0, 0, 33054, 0, 0, 0, 0, 0, 0],[19512, 0, 0, 0, 44251, 0, 0, 0, 0, 0, 0, 0, 0, 0, 0, 0, 0, 1506122281, 0, -571765652, 32343, 40394, 0, 0, 0, 0, 0, 22427, 32263, 27134, 0, 32017, 0, 0, 0, 0, 30308, 34518, 0, -1, 0, 0, 0, 11118, 0, 0, 0, 606695320, 39373, 36462, 0, 0, 0, 0, 0, 0],[0, 0, 26912, 0, 0, 0, 43032, -746866032, 42474, 0, 0, 0, 0, 0, 0, 38827, 42746, 0, 0, 0, 0, 0, 0, 0, 36488, 0, 0, 45755, 0, 0, 0, 335751371, 0, 0, 0, 0, 0, 0, 1037638894, 0, -1, 0, 0, 0, 0, 23991, 0, 0, 0, 0, 0, 0, 0, 23540, 23181, 0],[0, 0, 38449, 0, 37236, 0, 40969, 0, 0, 0, 0, 0, 0, 0, 0, 0, 0, 0, -1403202808, 0, 40877, 0, 1470245146, 0, 0, 0, 0, 0, 0, 0, 0, 0, 0, 0, 0, 0, 0, 2733, 0, 0, 0, -1, 0, 0, 31205, 0, 0, 0, 0, 0, 0, 0, 0, 0, 0, 28495],[39429, 24208, 26445, 0, 0, 0, 0, 0, 0, -1515334416, 0, -811756111, 0, 0, 45287, 0, 0, 0, 0, 0, 0, 0, 0, 0, 0, 0, 46187, 0, 24494, 0, 0, 0, 0, 1868902629, 0, 0, 27070, 0, 30446, 0, 0, 0, -1, 0, 0, 0, 0, 0, 0, 0, 0, 0, 0, 0, 0, 0],[0, 0, 0, 0, 0, 0, 0, 0, 0, 0, 0, 0, 0, 0, 0, 0, 0, 0, 0, 9582, 33987, 46274, 218250481, 0, 0, 0, 0, 0, 0, 25630, 18597, 0, 0, 44442, 0, 0, 0, 0, 0, 11118, 0, 0, 0, -1, 0, 33032, 11651, 0, 19389, 0, 0, 24016, 0, 0, 0, 36275],[0, 40984, 1677915014, 0, 0, 0, 12206, 0, 0, 40540, 0, 17820, 0, 0, 15859, 0, 34131, 0, 0, 0, 0, 37157, 26513, 0, 0, 27550, 0, 32565, 29858, 0, 0, 27478, 0, 0, 32708, 0, 0, 0, 10875, 0, 0, 31205, 0, 0, -1, 0, 0, 0, 7973, 0, 0, 0, 31463, 0, 4932, 0],[22530, 0, 0, 0, 0, 0, 0, 0, 0, 0, 0, -1550332218, 0, 0, 0, 0, 0, 0, 0, 0, 36034, 0, 0, 0, 44507, 0, 0, 0, 0, 0, 0, 6639, 34051, 0, 0, 0, 0, 0, 30870, 0, 23991, 0, 0, 33032, 0, -1, 0, 0, 0, 0, 0, 0, 0, 0, 0, 0],[0, 0, 0, 0, 0, 0, 22298, 0, 0, 45745, 0, 0, 34471, 36300, 39359, 0, 30460, 0, 2014218387, 0, 26856, 0, 0, 0, 21248, 0, 0, 0, 0, 0, 0, 0, 34783, 43089, 0, 0, 24395, 0, 0, 0, 0, 0, 0, 11651, 0, 0, -1, 0, 36459, 0, 0, 0, 0, 0, 0, 0],[0, 0, 0, 0, 27134, 0, 0, 0, 45442, 37301, 0, 0, 43358, 0, 0, 0, 0, 0, 28227, 0, 0, 37420, 0, 0, 0, 0, 0, 38438, 0, 0, 0, 0, 0, 0, 31160, 0, 39884, 0, 0, 606695320, 0, 0, 0, 0, 0, 0, 0, -1, 33402, 0, 0, 16150, 0, 0, 23855, 0],[0, 0, 0, 38475, 0, 0, 29746, 36147, 0, 0, 0, 0, 0, 0, 0, 810488003, 0, 0, 0, 0, 0, 0, 0, 25733, 35087, 0, 0, 39391, 0, 24484, 37072, 0, 0, 0, 0, 43657, 0, 0, 0, 39373, 0, 0, 0, 19389, 7973, 0, 36459, 33402, -1, 0, 0, 0, 0, 33389, 39146, 35456],[0, 0, 0, 17663, 27926, 0, 40280, 40464, 32579, 0, 35122, 40540, 1133037416, 37626, 0, 0, 44926, 0, 0, 0, 0, 27980, 35276, 39077, 0, 0, 0, 41614, 0, 0, 0, 0, 0, 0, 0, 0, 0, 0, 33054, 36462, 0, 0, 0, 0, 0, 0, 0, 0, 0, -1, 0, 41862, 0, 0, 0, 12517],[0, 0, 0, 0, 0, 0, 24563, 0, 0, 37962, 0, 0, 0, 0, 0, 0, 24587, 0, 0, -1323001228, 0, 0, 0, 43658, 1897154402, 19786, 44430, 0, 0, 0, 0, 0, 0, 37989, 0, 18299, 0, 0, 0, 0, 0, 0, 0, 0, 0, 0, 0, 0, 0, 0, -1, 19236, 0, 0, 0, 0],[0, 0, 0, 0, 0, 0, 0, 0, 0, 0, 0, 0, 14504, 0, 45160, 0, 41564, 0, 0, 612616741, 15666, 0, 0, 0, 0, 23178, 0, 33134, 0, 0, 27827, 0, 6804, 38110, 23059, 43937, 25291, 0, 0, 0, 0, 0, 0, 24016, 0, 0, 0, 16150, 0, 41862, 19236, -1, 35888, 0, 19644, 30080],[0, 0, 0, 0, 0, 0, 0, 0, 0, 0, 0, 41398, 0, 0, 0, 0, 0, 0, 260701570, 0, 32701, 0, 0, 35701, 42003, 0, 31148, 0, 0, 0, 0, 0, 0, 25665, 0, 40304, 0, 31543, 0, 0, 0, 0, 0, 0, 31463, 0, 0, 0, 0, 0, 0, 35888, -1, 0, 0, 0],[0, 8116, 1833730179, 0, 0, 12717, 0, 0, 39759, 28391, 0, 0, 22851, 43959, 0, 33444, 0, 0, 0, 0, 45014, 0, 0, 0, 0, 0, 43497, 0, 0, 0, 0, 0, 38989, 0, 37034, 31334, 0, 0, 0, 0, 23540, 0, 0, 0, 0, 0, 0, 0, 33389, 0, 0, 0, 0, -1, 0, 0],[0, 0, 0, 0, 0, 0, 14249, 86868354, 0, 0, 0, 0, 0, 38093, 0, 0, 0, 0, 30444, 12620, 0, 0, 0, 0, 14854, 0, 0, 0, 0, 0, 43283, 34225, 31929, 0, 21806, 41065, 0, 31040, 0, 0, 23181, 0, 0, 0, 4932, 0, 0, 23855, 39146, 0, 0, 19644, 0, 0, -1, 0],[0, 0, 0, 38615, 0, 0, 0, 0, 43353, 38598, 0, 0, 2139157177, 42201, 0, 45953, 0, 0, 0, 0, 0, 43196, 0, 0, 0, 0, 0, 0, 46126, 0, 0, 0, 0, 0, 0, 25203, 0, 0, 0, 0, 0, 28495, 0, 36275, 0, 0, 0, 0, 35456, 12517, 0, 30080, 0, 0, 0, -1]]