88
[[-1, 33439, -1860122497, 1945917664, 0, 0, 29941, -1825230284, 30432, 44541, -2085563970, 0, 22943, -263567448, 1875224404, 1804435696, 1090724284, -1186490675, -1818237158, 0, 2075439410, 0, -1558867952, 0, 0, 0, 0, -586948586, 0, -2028219909, -778326847, 38933, 28297, 8238, 0, 0, -981610002, 1264823840, -1634491786, 22982, 0, 25560, 0, -975666685, -2130219999, 0, 0, 20703, -1783515382, 45022, 0, 0, 0, 0, 1884903705, -2004289160, -2071419535, 23694, 25752, 21344, 26713, 25071, 0, 3150, 41336, 43923, 0, 21296, 0, 3927, 42729, 0, 25335, 0, 33821, 24800, 30647, 44412, 29276, 28971, 22786, 44559, 25476, 45756, 43291, 23229, 16888, 32482],[33439, -1, 1416034491, -988675442, 0, 7090, 0, 837483325, 0, 0, 967716625, 11337, 0, 1942704733, -1901877572, -732234945, -1702393487, 1616842430, 677229868, 23450, -184721860, 38689, 1938035418, 28367, 44243, 21042, 27250, 1843960375, 0, 2048590421, 1695611270, 0, 0, 0, 42211, 27615, 1262853092, -1645873036, 1287735824, 0, 20239, 0, 42163, 1310671920, 1613412550, 17009, 43870, 0, 761674187, 0, 44287, 39398, 3091, 0, -1609518935, 2018125345, 1661958969, 0, 0, 0, 0, 0, 22978, 1767919482, 1620192049, 2066136864, 0, 0, 40705, 0, 68255497, 30827, 2055715684, 0, 1141833393, 0, 0, 0, 1538786570, 517237960, 0, 1342752215, 608665397, 0, 37848760, 0, 1388311519, 409061198],[-1860122497, 1416034491, -1, 0, 25010, -1698490486, 0, -1312855283, 0, 0, -441847713, -1295406945, 34836, -666504041, 0, -71867890, 0, 0, -684506171, 0, -683325951, -1143733261, 0, -1949503650, -2096288308, 0, 0, -611237722, 35840, -728602809, -548781875, 46155, 43651, 29862, -1324260695, -1302582269, -700890296, -1357957336, -788354998, 8938, -758283003, 16148, -1030897175, -805735897, -1627846704, 0, 0, 27416, -1217183976, 16286, -992129645, -1245442804, -1906417361, 0, -1233276963, -1489605214, 0, 43046, 364639126, 908332508, 36479, 0, 0, 0, -685310860, -1399918302, 35693, 0, 0, 0, -811447771, 0, -387486932, 0, 0, 0, 343026300, 0, 0, 0, 0, 0, 0, 19245, 0, 0, -216908007, 0],[1945917664, -988675442, 0, -1, 37917, 39559, 0, 0, -499213687, -1953702452, -17910925, 41493, -1120819872, 35632, 0, 0, -387581501, 0, -1049066078, 10388, -1133465942, 46217, -1816588306, 0, 22663, 248267211, 17506, -947629471, 0, 0, -222835061, 0, -1238094647, -780820322, 0, 0, -1338041478, -249919426, -462159951, -1439083660, 0, -309209028, 0, 0, -1112672213, 418082000, 2085583702, -1656881937, -1072269722, -461740150, 42435, 31939, 0, 44212, -755813513, 0, 0, -925913155, -1817016618, -570624304, -1731654956, 0, 0, -634618070, 0, -1540347272, 0, -1559657518, 0, -614401499, -1635352806, 32937, 0, 28463, -2129542528, -1285487604, 0, -304989452, -1593780197, 0, 0, -812665631, -1709484349, -1506570016, 0, -470521085, 0, 0],[0, 0, 25010, 37917, -1, 29691, 40092, 40076, 27484, 36264, 32576, 0, 990653698, 0, 14204, 32735, 20401, 44403, 44993, 18383, 0, 0, 0, 4966, 0, 25514, 40342, 46191, 664124767, 0, 44990, 0, 0, 35612, 25080, 0, 38620, 0, 33790, 0, 27138, 41349, 0, 19823, 35422, 39918, 0, 0, 27138, 13288, 0, 39184, 0, 1292469284, 46161, 27491, 42018, 33286, 0, 21599, 8884, 24595, 0, 0, 0, 45362, 489977637, 40482, 30517, 35222, 44833, 38153, 16872, 0, 0, 46112, 17585, 34554, 0, 35417, 36949, 0, 18417, 43265, 0, 24597, 38741, 34137],[0, 7090, -1698490486, 39559, 29691, -1, 16061, -1991985602, 39922, 44317, -2098374479, 1078253224, 0, -1594462184, 38755, 0, 15503, -923550611, -1644415455, 11331499, 0, 1323795468, -361649779, 70202056, 2095918867, 986669729, 1317290953, 0, 42832, 0, 0, 36775, 46116, 0, 0, 0, -1755046353, 2633, 0, 0, 584368494, 34071, 44992153, -1690363568, -2009997325, 1003076139, 0, 42333, 0, 0, 0, 1358061832, 486752119, 0, 18848, 0, 13477, 19490, 43366, 42752, 41669, 0, 0, 0, 26528, 34841, 0, 22543, 1750597501, 19221, 37525, 0, 16453, 0, 0, 22266, 0, 0, 41974, 41533, 36142, 0, 0, 0, 0, 0, 23477, 8962],[29941, 0, 0, 0, 40092, 16061, -1, 37100, 924719476, 2015533038, 24562, 32799, 0, 0, -993724640, -966774902, -2091508640, 36571, 9868, 0, -621274531, 0, 44946, 29387, 21619, 0, 46304, 34080, 40617, 44850, 29044, 225853742, 1877964056, 98875144, 16154, 41307, 31907, -1317268042, 28188, 0, 41870, 1066061069, 43766, 41905, 0, 40722, 41327, 0, 1238, 0, 20036, 18623, 30521, 27139, -346642008, 26384, 24065, 1154341302, 858475652, 1754242383, 0, 0, 0, 25425, 39160, 41725, 0, 1703617804, 6550, 0, 21364, 38921, 24058, 0, 34683, 598379461, 0, 0, 32725, 44437, 1637797557, 43354, 35403, 0, 44004, 1490400744, 0, 26205],[-1825230284, 837483325, -1312855283, 0, 40076, -1991985602, 37100, -1, 25127, 29538, -1172020861, -2028540857, 44232, 0, 16692, 0, 19055, -1686322737, -2113014565, -1552446451, 31413, -1997519054, -1451220311, 0, -1483508672, -1845236003, -1649282112, -1456690665, 42673, -110473110, 0, 8254, 46003, 0, 0, -1651291603, -1392158791, 0, -1100493493, 35065, 22789, 20666, 0, -110556391, 0, 0, 0, 0, -2041941003, 46057, 0, 0, 43171, 44336, 41991, 516653583, 0, 38489, 36675, 34966, 40177, 1784965703, -1566884211, 0, 20003, 19152, 0, 16683, 43083, 44560, 40312, -1766209998, 34222, 0, 42020, 44309, 21991, 0, 35952, 26241, 35601, 28176, 0, 31046, 0, 6370, 33693, 33251],[30432, 0, 0, -499213687, 27484, 39922, 924719476, 25127, -1, 43776, 0, 0, 708253337, 0, -698175684, -798106922, 0, 41415, 0, 44233, -955038145, 44056, 30303, 34509, 24901, 18219, 43619, 0, 26090, 29912, 15977, 0, 0, 35140, 0, 0, 23764, -1803364567, 0, 1450956274, 0, 30693, 0, 0, 0, 37637, 0, 0, 42263, 0, 28878, 0, 0, 0, -1657369561, 36526, 9761, 0, 0, 44881, 1500394574, 0, 0, 0, 0, 11904, 0, 44845, 0, 570854522, 31990, 14901, 12099, 20843, 0, 15080, 0, 371219191, 45727, 0, 31945, 43467, 15098, 0, 0, 0, 23672, 19827],[44541, 0, 0, -1953702452, 36264, 44317, 2015533038, 29538, 43776, -1, 35111, 33773, 0, 29994, 0, -985786461, -1834319229, 43110, 29457, 0, 0, 40798, 39762, 34691, 43246, 33043, 0, 30416, 23212, 0, 0, 0, 15047, 43631, 0, 29811, 0, -1398012844, 36057, 0, 22566, 22750, 0, 21362, 0, 37171, 16464, 0, 0, 1862601423, 46185, 0, 0, 32579, -530406250, 41890, 29654, 34345, 33987, 17963, 0, 1273482447, 31933, 42965, 35693, 45475, 44457, 28305, 42093, 44579, 33633, 11226, 0, 6386, 35261, 0, 247558722, 38020, 36636, 17242, 9545, 28921, 29807, 0, 17983, 15558, 29958, 0],[-2085563970, 967716625, -441847713, -17910925, 32576, -2098374479, 24562, -1172020861, 0, 35111, -1, 0, 34069, -650784581, 0, -332954060, -1055391469, -1133624149, -845557302, 0, 0, -1882083670, -1257355862, -1646929872, -1799266658, -1520529606, -1345803543, 0, 33338, -919713424, 0, 44022, 29034, 23796, 0, 0, -794464126, 0, -1661333754, 45931, -1880857969, 37890, 0, -1361107913, -1526222467, 0, -2108055577, 37762, -1613124101, 0, -1694265418, 0, -1340882905, 17140, 0, 0, -267476371, 36019, 0, 0, 0, 40350, -1579819445, -983963113, 40815, 0, 27580, 11046, 41975, 0, 0, -1248570059, 33985, 0, 0, 0, 23905, 35209, 25769, 44899, 10238, 43398, 0, 0, 8074, 35582, 28048, 0],[0, 11337, -1295406945, 41493, 0, 1078253224, 32799, -2028540857, 0, 33773, 0, -1, 0, -1392389873, 0, 43173, 28928, -662264780, 0, 0, 18675, 40867, 0, 0, 40708, 0, 30799, 0, 14953, -1413393157, -1051832957, 45342, 0, 0, 0, 927656312, -1523379723, 0, 0, 33352, 28743, 0, 26610, -1906704808, -1241207661, 25982, 938379080, 0, -1560477260, 0, 0, 38753, 0, 0, 0, 12698, 14598, 17806, 0, 44931, 0, 28288, 0, 46177, 1008, 27704, 37970, 0, 0, 31399, 32480, 1955508944, 42914, 1669377188, 27330, 0, 45929, 21714, 45241, 0, 0, 18039, 28508, 27514, 16053, 0, 0, 16133],[22943, 0, 34836, -1120819872, 990653698, 0, 0, 44232, 708253337, 0, 34069, 0, -1, 0, -697447719, 0, -1128252025, 17574, 32205, 0, 0, 18915, 36703, 0, 25950, 0, 16290, 31991, 21435, 0, 5437, 0, 0, 41203, 45317, 0, 12817, -2084434260, 0, 0, 0, 0, 17521, 9863, 38195, 14736, 23191, 2016823149, 4179, 28882, 35761, 31262, 41178, 22909, -2138330508, 28866, 0, 44273, 0, 32233, 0, 0, 21064, 0, 0, 37509, 32674, 0, 11933, 3742, 13402, 26084, 24128, 39829, 41770, 0, 45869, 32831, 0, 0, 26630, 0, 0, 1933867126, 16751, 45497, 0, 25163],[-263567448, 1942704733, -666504041, 35632, 0, -1594462184, 0, 0, 0, 29994, -650784581, -1392389873, 0, -1, 44633, 0, 0, -117493118, -1624894811, -1922533223, 35251, -675619160, 0, -1334266248, -1442053623, -1517009094, -1442820175, 0, 0, 0, -510909314, 42794, 44115, 31345, -1672181793, 0, -906059301, 19268, -1061888248, 0, -255651713, 19065, -1115908950, -384083858, -376423941, 29967, 37877, 0, -838099585, 30289, 0, 44591, 11420, 26882, 0, 8339, 38579, 16127, 0, 0, 0, 18134, 0, 30435, 30215, 44284, 0, 20171, 45514, 0, 0, 4902, 0, 0, 34230, 34810, 44704, 7338, 21892, 0, 42689, 35755, 0, 40434, 6372, 33427, 0, 0],[1875224404, -1901877572, 0, 0, 14204, 38755, -993724640, 16692, -698175684, 0, 0, 0, -697447719, 44633, -1, -176408281, 0, 40512, 0, 0, 0, 0, -1819426071, 0, 0, 10179, 36415, -666044119, 42296, 0, 0, -1111896176, -976427368, 0, 0, 0, -1017871401, -529869937, 0, -2126056210, 40907, -1638292187, 0, -651994399, -485834463, 0, 38490, -754697019, 0, -617319772, 0, 22605, 0, 0, 631806725, 26886, 0, 0, 32754, 0, 0, 39218, 44720, 46050, 12713, 19698, 15455, 25669, 38618, 22242, 0, 34509, 35849, 37075, 44050, 29635, 0, 43199, 44027, 5151, 0, 20464, 0, 7537, 37672, 817, 33072, 31133],[1804435696, -732234945, -71867890, 0, 32735, 0, -966774902, 0, -798106922, -985786461, -332954060, 43173, 0, 0, -176408281, -1, 0, 0, 0, 0, 0, 0, -1622854925, 26725, 0, 40370, 39179, 34256, 35750, 45906, 0, -458865678, -1578306705, 0, -1662938065, 0, 0, -1408138496, 0, 0, 33748, 0, 31204, 0, 0, 19205, 37874, 0, 0, 0, 0, 28923, 45273, 38606, 0, 0, -1997356897, -947188083, -477553785, -1554985505, -352081915, -1751590572, 0, -1780067909, 0, -1044341298, 43512, -1914577527, 0, -813578976, 0, 0, -972986903, 39460, -1403854539, 45155, 0, 23127, 42527, 14991, 39274, 21135, 31482, 45009, 44253, 31889, 44837, 27513],[1090724284, -1702393487, 0, -387581501, 20401, 15503, -2091508640, 19055, 0, -1834319229, -1055391469, 28928, -1128252025, 0, 0, 0, -1, 27728, 0, 31426, 0, 30636, 0, 44879, 0, 4478, 39152, 0, 23929, 24952, 0, -1613195207, -1690462374, -1716515996, -884470584, 21851, 41959, -1823417436, 0, -2093740950, 31616, 0, 0, 0, 32186, 24202, 0, 0, 44612, -1152221624, 0, 0, 43870, 22896, 0, 0, 22581, 9725, 0, 0, 28981, 25012, 0, 0, 10755, 23698, 0, 36797, 0, 22689, 45436, 30283, 14939, 8455, 41994, 24539, 0, 30478, 40806, 12966, 0, 8946, 0, 31204, 0, 42914, 0, 28712],[-1186490675, 1616842430, 0, 0, 44403, -923550611, 36571, -1686322737, 41415, 43110, -1133624149, -662264780, 17574, -117493118, 40512, 0, 27728, -1, 0, 0, 0, -1617617786, 0, -1743464462, -1425934987, -1657202019, -2131093442, 0, 27836, 0, -135194995, 0, 0, 30199, -1122228191, 0, -1368673447, 18459, -127315498, 38492, -1077966275, 0, 1835557900, -917027968, 0, 28926, 29571, 32195, -336308124, 0, 0, 32358, 31891, 0, 31968, 35732, 16558, 25036, 0, 15784, 0, 0, 0, 0, 0, 0, 0, 29772, 31447, 6765, 29984, 0, 19244, 0, 0, 0, 31772, 35479, 0, 0, 41345, 16740, 40825, 28880, 0, 25205, 0, 25239],[-1818237158, 677229868, -684506171, -1049066078, 44993, -1644415455, 9868, -2113014565, 0, 29457, -845557302, 0, 32205, -1624894811, 0, 0, 0, 0, -1, -1615530245, 33424, 0, -1185632882, -1983194778, -1891788453, -1881515135, -1925943182, 0, 0, 0, -188126391, 38686, 29199, 36123, 0, 0, 0, 25675, -1982824781, 33551, 0, 45599, 21461, 37664, -1396605389, 25232, 0, 26009, 0, 20795, -1085571238, 0, 45594, 40994, 0, 0, 40514, 0, 45603, 0, 39912, 44568, 0, 17491, 32472, 0, 41051, 0, 0, 0, 0, 37337, 0, 22881, 45908, 0, 35477, 42038, 0, 0, 0, 21170, 42688, 22763, 31774, 0, 43420, 28815],[0, 23450, 0, 10388, 18383, 11331499, 0, -1552446451, 44233, 0, 0, 0, 0, -1922533223, 0, 0, 31426, 0, -1615530245, -1, 0, 40284, 0, 40576, 14271, 29066, 3845, -1114694259, 0, -306608105, -635982511, 43321, 0, 32195, 787242473, 35487, -1219583482, 18761, -1513272375, 25851, 32875, 37578, 0, 32159, 0, 14705, 0, 45158, 1085172016, 0, 0, 40522, 19894, 0, 0, 20526, 39311, 38140, 40947, 24170, 33646, 23179, 0, 44470, 22163, 0, 28025, 14669, 0, 0, 0, 28183, 18035, 0, 41389, 22421, 41346, 0, 42078, 21170, 14443, 0, 0, 22998, 18572, 42858, 33032, 36299],[2075439410, -184721860, -683325951, -1133465942, 0, 0, -621274531, 31413, -955038145, 0, 0, 18675, 0, 35251, 0, 0, 0, 0, 33424, 0, -1, 4537, 0, 34910, 43183, 24408, 16059, -1964143257, 41204, 33736, 16937, -245677475, -962237737, -525293695, 31646, 0, 9027, -702286382, 40578, -260895666, 34260, 0, 0, 11961, 0, 6715, 0, -1080977571, 0, -1372196114, 0, 21704, 36093, 33545, 0, 0, -2144410991, -290688615, -894870276, -177008933, -1858635135, -1921753329, 45731, 0, -883174187, 0, 0, 0, 43745, -1135233289, -177663936, 0, -618579138, 42591, -1743852638, 17914, 0, 0, 33911, 0, 13894, 0, 0, 15952, 0, 0, 19768, 23302],[0, 38689, -1143733261, 46217, 0, 1323795468, 0, -1997519054, 44056, 40798, -1882083670, 40867, 18915, -675619160, 0, 0, 30636, -1617617786, 0, 40284, 4537, -1, 0, 19614, 22567, 24748, 0, 0, 0, 0, 40587, 0, 37341, 35218, 29729, 31575, 0, 35954, 0, 45852, 15521, 0, 40008, 38415, 0, 34580, 0, 0, 0, 45362, 2031234378, 0, 39618, 29857, 25804, 21133, 12237, 0, 37715, 0, 26372, 0, 2112176867, 25725, 15858, 0, 35674, 46001, 20067, 25647, 19829, 32465, 41319, 24089, 0, 0, 16477, 33140, 25967, 0, 39648, 6609, 25799, 0, 36829, 39969, 22695, 16122],[-1558867952, 1938035418, 0, -1816588306, 0, -361649779, 44946, -1451220311, 30303, 39762, -1257355862, 0, 36703, 0, -1819426071, -1622854925, 0, 0, -1185632882, 0, 0, 0, -1, 0, -2128709732, -372068243, 0, 0, 31972, -66492664, 255020734, 44058, 0, 18188, 32009, 27526, 0, 24950, 35078, 0, 39876, 41597, 43112, 32211, 1356955487, 30903, 44084, 0, 0, 44462, 0, 39138, 0, 0, 10499, 17112, 0, 45920, 0, 0, 37363, 33148, 23074, 0, 0, 0, 43800, 9873, 41148, 19889, 43652, 26301, 0, 20684, 19286, 0, 0, 33263, 38258, 0, 0, 42381, 0, 17113, 0, 45882, 13842, 0],[0, 28367, -1949503650, 0, 4966, 70202056, 29387, 0, 34509, 34691, -1646929872, 0, 0, -1334266248, 0, 26725, 44879, -1743464462, -1983194778, 40576, 34910, 19614, 0, -1, 23929, 45178, 0, 0, 32418, 0, 31049, 45046, 37212, 0, 43862, 0, 0, 0, 23582, 38781, 0, 0, 0, 19151, 9609, 42820, 0, 15921, 0, 0, 0, 36498, 0, 39338, 6103, 30396, 20674, 23874, 0, 41606, 39237, 43987, 23533, 0, 42297, 27646, 40593, 28700, 21095, 0, 30426, 0, 0, 0, 41172, 0, 39368, 6257, 36923, 25639, 36156, 16307, 36729, 37347, 44259, 30027, 43316, 34513],[0, 44243, -2096288308, 22663, 0, 2095918867, 21619, -1483508672, 24901, 43246, -1799266658, 40708, 25950, -1442053623, 0, 0, 0, -1425934987, -1891788453, 14271, 43183, 22567, -2128709732, 23929, -1, 16426, 40256, 0, 23623, 0, 0, 31158, 0, 0, 34671, 18006, 1701512524, 20643, 18252, 0, 26755, 0, 43798, 0, 43498, 40944, 42424, 17377, 0, 31797, 0, 34828, 17675, 42151, 34058, 0, 0, 0, 0, 0, 44196, 0, 0, 29252, 34522, 36861, 40590, 41160, 0, 34701, 0, 43975, 17668, 29763, 33313, 0, 37002, 0, 0, 29159, 33032, 0, 38957, 11815, 0, 32982, 19758, 36543],[0, 21042, 0, 248267211, 25514, 986669729, 0, -1845236003, 18219, 33043, -1520529606, 0, 0, -1517009094, 10179, 40370, 4478, -1657202019, -1881515135, 29066, 24408, 24748, -372068243, 45178, 16426, -1, 0, -638019129, 36357, -853982098, 44114, 0, 0, 21125, 0, 33453, 23925, 21997, 36180, 20692, 0, 18817, 0, 15107, 31973, 30262, 0, 41149, 43861, 18265, 26467, 34311, 31815, 0, 0, 31679, 22973, 44246, 42731, 29111, 0, 32004, 0, 0, 28576, 0, 29034, 39923, 0, 0, 0, 44674, 37843, 42522, 16693, 35045, 5486, 38736, 0, 32207, 41481, 37128, 41168, 26804, 0, 45616, 0, 26676],[0, 27250, 0, 17506, 40342, 1317290953, 46304, -1649282112, 43619, 0, -1345803543, 30799, 16290, -1442820175, 36415, 39179, 39152, -2131093442, -1925943182, 3845, 16059, 0, 0, 0, 40256, 0, -1, -1417385203, 13445, -1077638841, 23635, 44801, 45691, 17816, 40162, 37472, 0, 35381, 41360, 34754, 38698, 44308, 39000, 17759, 0, 0, 42506, 0, 37926, 15045, 33774, 0, 26213, 0, 42759, 0, 27159, 0, 27503, 0, 41437, 34618, 17043, 17993, 0, 5932, 0, 0, 0, 0, 0, 31618, 42457, 0, 44780, 0, 31644, 44581, 37265, 0, 24021, 0, 19526, 0, 35485, 31561, 28844, 0],[-586948586, 1843960375, -611237722, -947629471, 46191, 0, 34080, -1456690665, 0, 30416, 0, 0, 31991, 0, -666044119, 34256, 0, 0, 0, -1114694259, -1964143257, 0, 0, 0, 0, -638019129, -1417385203, -1, 34358, -38155997, -189974519, 0, 22512, 43434, 0, -810421997, -1054812582, 0, 0, 0, -1002508571, 0, -1186370970, -178482025, 0, -1503443940, 0, 0, 0, 0, 0, 0, 25368, 31054, 21218, 0, 37423, 45574, 28498, 39330, 12935, 32560, 0, 38501, 0, 0, 38229, 0, 31915, 0, 0, 0, 0, 0, 0, 0, 0, 22338, 28073, 15529, 32566, 0, 38091, 0, 0, 0, 0, 26833],[0, 0, 35840, 0, 664124767, 42832, 40617, 42673, 26090, 23212, 33338, 14953, 21435, 0, 42296, 35750, 23929, 27836, 0, 0, 41204, 0, 31972, 32418, 23623, 36357, 13445, 34358, -1, 0, 29777, 36188, 0, 40829, 10431, 41056, 0, 42201, 0, 41484, 0, 32182, 0, 0, 0, 46043, 38839, 0, 0, 0, 0, 37300, 0, 0, 19330, 0, 45129, 21459, 31332, 0, 44533, 28629, 46198, 39694, 0, 0, 0, 23716, 28741, 5921, 7304, 0, 44067, 15326, 29343, 0, 43768, 29522, 0, 43740, 7991, 44344, 15301, 0, 8533, 45208, 39874, 0],[-2028219909, 2048590421, -728602809, 0, 0, 0, 44850, -110473110, 29912, 0, -919713424, -1413393157, 0, 0, 0, 45906, 24952, 0, 0, -306608105, 33736, 0, -66492664, 0, 0, -853982098, -1077638841, -38155997, 0, -1, 40258, 33890, 32164, 0, 0, 42146, 43506, 44654, 34546, 0, 37336, 0, 45909, 41315, 23300, 0, 21475, 0, 0, 31786, 33813, 35329, 8268, 0, 26136, 14609, 0, 0, 0, 0, 0, 13187, 35621, 0, 35132, 0, 0, 14097, 36590, 0, 42822, 22530, 46151, 0, 30204, 0, 0, 28624, 28683, 41039, 33529, 20438, 24990, 0, 42048, 0, 7668, 0],[-778326847, 1695611270, -548781875, -222835061, 44990, 0, 29044, 0, 15977, 0, 0, -1051832957, 5437, -510909314, 0, 0, 0, -135194995, -188126391, -635982511, 16937, 40587, 255020734, 31049, 0, 44114, 23635, -189974519, 29777, 40258, -1, 40464, 0, 0, 42519, 46066, 27528, 0, 33380, 17196, 40091, 0, 41286, 0, 35945, 43318, 0, 0, 40567, 0, 0, 34880, 11239, 43950, 0, 43492, 0, 0, 0, 10826, 0, 0, 44148, 44519, 7073, 45052, 0, 18926, 0, 26769, 37112, 37416, 44612, 0, 0, 21359, 44147, 41236, 0, 45898, 0, 0, 11242, 33974, 16513, 40738, 43642, 31244],[38933, 0, 46155, 0, 0, 36775, 225853742, 8254, 0, 0, 44022, 45342, 0, 42794, -1111896176, -458865678, -1613195207, 0, 38686, 43321, -245677475, 0, 44058, 45046, 31158, 0, 44801, 0, 36188, 33890, 40464, -1, 18313, 37975, 39957, 42034, 40919, -892408286, 0, 0, 0, 13309, 0, 0, 43088, 20913, 42991, 44565, 16380, 39975, 0, 43767, 0, 46329, 18119, 32174, 0, 40110, 41903, 23755, 39341, 19850, 0, 28760, 25956, 0, 31041, 0, 0, 40610, 43530, 0, 36242, 43000, 4665, 39374, 9779, 27995, 0, 27805, 44814, 7943, 46203, 0, 30469, 45638, 42092, 42351],[28297, 0, 43651, -1238094647, 0, 46116, 1877964056, 46003, 0, 15047, 29034, 0, 0, 44115, -976427368, -1578306705, -1690462374, 0, 29199, 0, -962237737, 37341, 0, 37212, 0, 0, 45691, 22512, 0, 32164, 0, 18313, -1, 23577, 0, 24419, 43227, 2059211524, 18066, 37311, 0, 12135, 35170, 29514, 41122, 5836, 26277, 24561, 20219, 42681, 0, 26434, 41270, 0, 36584, 45933, 0, 39883, 0, 23909, 9425, 35859, 0, 8408, 0, 28394, 13844, 42224, 0, 22574, 43972, 0, 41342, 0, 38323, 38588, 43443, 42466, 39128, 0, 3629, 41060, 0, 41908, 45160, 10933, 29650, 32046],[8238, 0, 29862, -780820322, 35612, 0, 98875144, 0, 35140, 43631, 23796, 0, 41203, 31345, 0, 0, -1716515996, 30199, 36123, 32195, -525293695, 35218, 18188, 0, 0, 21125, 17816, 43434, 40829, 0, 0, 37975, 23577, -1, 43271, 43014, 30571, 35694, 32173, 8959, 0, 17197, 0, 31599, 42201, 0, 33084, 22835, 32766, 44777, 32387, 39307, 44764, 20104, 27480, 22735, 45684, 28291, 29786, 0, 0, 36674, 30561, 40557, 0, 40959, 27928, 9465, 0, 27509, 0, 41624, 33062, 0, 0, 27636, 24508, 0, 31470, 37923, 0, 0, 43188, 35415, 40608, 44747, 21585, 0],[0, 42211, -1324260695, 0, 25080, 0, 16154, 0, 0, 0, 0, 0, 45317, -1672181793, 0, -1662938065, -884470584, -1122228191, 0, 787242473, 31646, 29729, 32009, 43862, 34671, 0, 40162, 0, 10431, 0, 42519, 39957, 0, 43271, -1, 26330, 35415, 19651, 41716, 28152, 32732, 17820, 27029, 29134, 25900, 43115, 41862, 0, 41228, 27394, 21237, 0, 0, 20407, 38786, 25636, 34074, 0, 0, 0, 27783, 19933, 29888, 17690, 31610, 16445, 24575, 36442, 40221, 0, 19090, 0, 23368, 25005, 0, 41834, 26741, 37185, 7930, 0, 27858, 0, 0, 42765, 39126, 0, 30639, 33182],[0, 27615, -1302582269, 0, 0, 0, 41307, -1651291603, 0, 29811, 0, 927656312, 0, 0, 0, 0, 21851, 0, 0, 35487, 0, 31575, 27526, 0, 18006, 33453, 37472, -810421997, 41056, 42146, 46066, 42034, 24419, 43014, 26330, -1, 0, 0, 34437, 36429, 0, 0, 0, 44533, 0, 33376, 45514, 0, 26640, 35777, 30425, 25192, 0, 0, 28629, 35669, 0, 14723, 31822, 35755, 39087, 31857, 16319, 24371, 26392, 15473, 25778, 44393, 40846, 4700, 43400, 15619, 0, 19122, 0, 20554, 0, 42260, 36149, 39167, 0, 34650, 0, 37645, 23912, 12635, 37895, 40663],[-981610002, 1262853092, -700890296, -1338041478, 38620, -1755046353, 31907, -1392158791, 23764, 0, -794464126, -1523379723, 12817, -906059301, -1017871401, 0, 41959, -1368673447, 0, -1219583482, 9027, 0, 0, 0, 1701512524, 23925, 0, -1054812582, 0, 43506, 27528, 40919, 43227, 30571, 35415, 0, -1, 0, 0, 0, 30705, 44939, 0, 32399, 36923, 0, 22720, 0, 0, 0, 32110, 0, 0, 0, 19988, 16655, 0, 41103, 31870, 0, 0, 0, 17872, 45704, 25291, 23196, 36946, 2511, 33072, 0, 42624, 45887, 36855, 0, 0, 0, 41227, 36984, 32152, 46079, 0, 45691, 0, 31361, 12084, 30408, 36873, 43124],[1264823840, -1645873036, -1357957336, -249919426, 0, 2633, -1317268042, 0, -1803364567, -1398012844, 0, 0, -2084434260, 19268, -529869937, -1408138496, -1823417436, 18459, 25675, 18761, -702286382, 35954, 24950, 0, 20643, 21997, 35381, 0, 42201, 44654, 0, -892408286, 2059211524, 35694, 19651, 0, 0, -1, 43421, 0, 42355, 0, 7970, 3965, 34541, 0, 0, 37843, 0, 18899, 20940, 0, 42630, 0, 39374, 22010, 15260, 2230, 0, 43673, 20758, 15453, 34903, 15342, 0, 31403, 0, 15735, 12237, 25664, 35587, 16293, 0, 19969, 41465, 17121, 0, 36728, 43004, 41585, 0, 39725, 45924, 0, 44585, 33210, 12405, 0],[-1634491786, 1287735824, -788354998, -462159951, 33790, 0, 28188, -1100493493, 0, 36057, -1661333754, 0, 0, -1061888248, 0, 0, 0, -127315498, -1982824781, -1513272375, 40578, 0, 35078, 23582, 18252, 36180, 41360, 0, 0, 34546, 33380, 0, 18066, 32173, 41716, 34437, 0, 43421, -1, 0, 15135, 29371, 0, 42827, 27359, 22830, 11087, 0, 0, 37309, 41114, 39463, 22304, 0, 40504, 31661, 0, 40859, 37755, 13487, 32619, 43662, 28153, 32648, 26320, 14910, 0, 0, 14793, 0, 12528, 0, 23984, 23954, 30429, 16694, 0, 0, 0, 0, 0, 44205, 0, 34317, 44727, 38328, 43137, 27022],[22982, 0, 8938, -1439083660, 0, 0, 0, 35065, 1450956274, 0, 45931, 33352, 0, 0, -2126056210, 0, -2093740950, 38492, 33551, 25851, -260895666, 45852, 0, 38781, 0, 20692, 34754, 0, 41484, 0, 17196, 0, 37311, 8959, 28152, 36429, 0, 0, 0, -1, 5537, 0, 34261, 40669, 39795, 27515, 45733, 0, 31884, 25770, 0, 33847, 36964, 0, 13209, 0, 22365, 0, 38217, 31016, 0, 45231, 0, 39418, 0, 0, 40384, 0, 10890, 0, 0, 39212, 0, 0, 38762, 43984, 24602, 0, 32909, 37841, 39292, 42149, 32960, 28261, 22655, 0, 42255, 0],[0, 20239, -758283003, 0, 27138, 584368494, 41870, 22789, 0, 22566, -1880857969, 28743, 0, -255651713, 40907, 33748, 31616, -1077966275, 0, 32875, 34260, 15521, 39876, 0, 26755, 0, 38698, -1002508571, 0, 37336, 40091, 0, 0, 0, 32732, 0, 30705, 42355, 15135, 5537, -1, 32452, 25536, 25907, 0, 35720, 35634, 36549, 0, 12666, 17425, 0, 42754, 37735, 38817, 44564, 35514, 0, 16947, 0, 0, 35954, 21667, 0, 38608, 18910, 0, 29766, 23938, 40615, 46132, 46198, 13248, 43927, 11524, 10644, 0, 0, 35535, 4812, 41496, 39658, 26056, 0, 0, 0, 0, 44387],[25560, 0, 16148, -309209028, 41349, 34071, 1066061069, 20666, 30693, 22750, 37890, 0, 0, 19065, -1638292187, 0, 0, 0, 45599, 37578, 0, 0, 41597, 0, 0, 18817, 44308, 0, 32182, 0, 0, 13309, 12135, 17197, 17820, 0, 44939, 0, 29371, 0, 32452, -1, 15411, 44856, 21879, 24450, 0, 0, 27727, 23070, 22947, 13768, 23809, 0, 0, 16773, 0, 8227, 0, 0, 0, 0, 34796, 37289, 0, 0, 0, 23458, 13362, 0, 35832, 31434, 39100, 27016, 0, 19581, 17854, 0, 24050, 44391, 28835, 21136, 45058, 35788, 40871, 39092, 0, 0],[0, 42163, -1030897175, 0, 0, 44992153, 43766, 0, 0, 0, 0, 26610, 17521, -1115908950, 0, 31204, 0, 1835557900, 21461, 0, 0, 40008, 43112, 0, 43798, 0, 39000, -1186370970, 0, 45909, 41286, 0, 35170, 0, 27029, 0, 0, 7970, 0, 34261, 25536, 15411, -1, 42824, 13783, 43995, 45343, 42882, 0, 31633, 28835, 32391, 38940, 44774, 43624, 25411, 0, 0, 41551, 40741, 13546, 22095, 16142, 18420, 46027, 31023, 0, 24421, 36750, 0, 0, 29341, 29249, 38081, 43641, 0, 11716, 17223, 18171, 31304, 37902, 0, 24071, 16718, 33774, 33008, 37858, 0],[-975666685, 1310671920, -805735897, 0, 19823, -1690363568, 41905, -110556391, 0, 21362, -1361107913, -1906704808, 9863, -384083858, -651994399, 0, 0, -917027968, 37664, 32159, 11961, 38415, 32211, 19151, 0, 15107, 17759, -178482025, 0, 41315, 0, 0, 29514, 31599, 29134, 44533, 32399, 3965, 42827, 40669, 25907, 44856, 42824, -1, 0, 0, 38113, 29154, 0, 0, 0, 41519, 39945, 0, 29117, 30699, 0, 0, 23954, 0, 32047, 32971, 0, 4849, 0, 37511, 30237, 32767, 27875, 33131, 45037, 36445, 0, 0, 31877, 12579, 0, 0, 24708, 0, 13385, 0, 0, 32152, 32245, 0, 0, 22299],[-2130219999, 1613412550, -1627846704, -1112672213, 35422, -2009997325, 0, 0, 0, 0, -1526222467, -1241207661, 38195, -376423941, -485834463, 0, 32186, 0, -1396605389, 0, 0, 0, 1356955487, 9609, 43498, 31973, 0, 0, 0, 23300, 35945, 43088, 41122, 42201, 25900, 0, 36923, 34541, 27359, 39795, 0, 21879, 13783, 0, -1, 18865, 0, 44936, 19837, 24954, 0, 6038, 39076, 27848, 0, 0, 30592, 0, 36161, 26903, 27696, 14236, 33504, 31268, 41590, 22483, 29824, 0, 41416, 0, 12931, 23103, 0, 13040, 0, 42472, 38186, 0, 0, 44866, 27317, 16338, 44071, 0, 40543, 38233, 45913, 13616],[0, 17009, 0, 418082000, 39918, 1003076139, 40722, 0, 37637, 37171, 0, 25982, 14736, 29967, 0, 19205, 24202, 28926, 25232, 14705, 6715, 34580, 30903, 42820, 40944, 30262, 0, -1503443940, 46043, 0, 43318, 20913, 5836, 0, 43115, 33376, 0, 0, 22830, 27515, 35720, 24450, 43995, 0, 18865, -1, 38671, 0, 0, 0, 0, 0, 41867, 0, 0, 34969, 0, 0, 28981, 0, 0, 30306, 27453, 21012, 33918, 42347, 35544, 0, 35287, 0, 19808, 36315, 14234, 27570, 44079, 0, 44263, 10002, 33810, 18953, 44362, 22771, 13332, 32301, 0, 0, 32785, 17251],[0, 43870, 0, 2085583702, 0, 0, 41327, 0, 0, 16464, -2108055577, 938379080, 23191, 37877, 38490, 37874, 0, 29571, 0, 0, 0, 0, 44084, 0, 42424, 0, 42506, 0, 38839, 21475, 0, 42991, 26277, 33084, 41862, 45514, 22720, 0, 11087, 45733, 35634, 0, 45343, 38113, 0, 38671, -1, 32070, 25911, 39946, 23500, 38537, 33859, 0, 42034, 0, 0, 35955, 15776, 0, 0, 33182, 0, 35313, 24383, 0, 14427, 15009, 19826, 20112, 42104, 42019, 33447, 27637, 0, 36982, 41049, 23133, 11987, 26675, 26313, 27041, 0, 35590, 26854, 30237, 37679, 9754],[20703, 0, 27416, -1656881937, 0, 42333, 0, 0, 0, 0, 37762, 0, 2016823149, 0, -754697019, 0, 0, 32195, 26009, 45158, -1080977571, 0, 0, 15921, 17377, 41149, 0, 0, 0, 0, 0, 44565, 24561, 22835, 0, 0, 0, 37843, 0, 0, 36549, 0, 42882, 29154, 44936, 0, 32070, -1, 0, 36998, 0, 44200, 45260, 40372, 0, 18033, 0, 0, 42257, 21888, 42931, 0, 0, 0, 12061, 42681, 29325, 34600, 20190, 33530, 46203, 28647, 33175, 23636, 0, 0, 33538, 45699, 17767, 39451, 23096, 0, 22670, 20484, 39351, 37960, 21582, 0],[-1783515382, 761674187, -1217183976, -1072269722, 27138, 0, 1238, -2041941003, 42263, 0, -1613124101, -1560477260, 4179, -838099585, 0, 0, 44612, -336308124, 0, 1085172016, 0, 0, 0, 0, 0, 43861, 37926, 0, 0, 0, 40567, 16380, 20219, 32766, 41228, 26640, 0, 0, 0, 31884, 0, 27727, 0, 0, 19837, 0, 25911, 0, -1, 25515, 0, 31532, 32891, 0, 0, 0, 32130, 21148, 40917, 0, 16284, 22837, 22955, 33072, 32869, 37983, 0, 0, 37345, 12408, 14122, 0, 18235, 39679, 32077, 45648, 0, 0, 40519, 41508, 24472, 16840, 14540, 0, 0, 0, 0, 24145],[45022, 0, 16286, -461740150, 13288, 0, 0, 46057, 0, 1862601423, 0, 0, 28882, 30289, -617319772, 0, -1152221624, 0, 20795, 0, -1372196114, 45362, 44462, 0, 31797, 18265, 15045, 0, 0, 31786, 0, 39975, 42681, 44777, 27394, 35777, 0, 18899, 37309, 25770, 12666, 23070, 31633, 0, 24954, 0, 39946, 36998, 25515, -1, 0, 0, 8186, 0, 18740, 43964, 29281, 0, 0, 10472, 27367, 0, 6175, 0, 34598, 0, 0, 0, 0, 0, 18422, 10075, 0, 18786, 44126, 31735, 20893, 45832, 19647, 0, 34312, 11617, 36633, 21532, 0, 27655, 0, 37163],[0, 44287, -992129645, 42435, 0, 0, 20036, 0, 28878, 46185, -1694265418, 0, 35761, 0, 0, 0, 0, 0, -1085571238, 0, 0, 2031234378, 0, 0, 0, 26467, 33774, 0, 0, 33813, 0, 0, 0, 32387, 21237, 30425, 32110, 20940, 41114, 0, 17425, 22947, 28835, 0, 0, 0, 23500, 0, 0, 0, -1, 37461, 0, 41154, 32672, 18343, 0, 24821, 42370, 44134, 0, 0, 33369, 44577, 0, 0, 45572, 0, 43345, 0, 0, 13361, 45437, 37879, 0, 0, 19835, 0, 0, 38328, 0, 25092, 26023, 0, 0, 39339, 45936, 40955],[0, 39398, -1245442804, 31939, 39184, 1358061832, 18623, 0, 0, 0, 0, 38753, 31262, 44591, 22605, 28923, 0, 32358, 0, 40522, 21704, 0, 39138, 36498, 34828, 34311, 0, 0, 37300, 35329, 34880, 43767, 26434, 39307, 0, 25192, 0, 0, 39463, 33847, 0, 13768, 32391, 41519, 6038, 0, 38537, 44200, 31532, 0, 37461, -1, 34025, 30402, 0, 29757, 28267, 0, 0, 5475, 0, 15444, 5574, 0, 35303, 18020, 0, 20638, 0, 17021, 43917, 35243, 0, 17090, 0, 33620, 32064, 44244, 45178, 0, 34304, 29635, 43379, 0, 25620, 31621, 17173, 0],[0, 3091, -1906417361, 0, 0, 486752119, 30521, 43171, 0, 0, -1340882905, 0, 41178, 11420, 0, 45273, 43870, 31891, 45594, 19894, 36093, 39618, 0, 0, 17675, 31815, 26213, 25368, 0, 8268, 11239, 0, 41270, 44764, 0, 0, 0, 42630, 22304, 36964, 42754, 23809, 38940, 39945, 39076, 41867, 33859, 45260, 32891, 8186, 0, 34025, -1, 0, 0, 23206, 0, 0, 25586, 0, 35007, 34620, 0, 36210, 30010, 0, 36150, 39251, 33220, 39744, 22857, 45502, 41272, 9484, 0, 41841, 34752, 43847, 45512, 0, 40284, 45914, 22470, 17045, 0, 43471, 21885, 17258],[0, 0, 0, 44212, 1292469284, 0, 27139, 44336, 0, 32579, 17140, 0, 22909, 26882, 0, 38606, 22896, 0, 40994, 0, 33545, 29857, 0, 39338, 42151, 0, 0, 31054, 0, 0, 43950, 46329, 0, 20104, 20407, 0, 0, 0, 0, 0, 37735, 0, 44774, 0, 27848, 0, 0, 40372, 0, 0, 41154, 30402, 0, -1, 33726, 19809, 0, 45147, 25534, 46207, 22024, 41269, 34010, 45656, 30533, 45501, 0, 17335, 0, 20598, 39371, 31154, 21240, 39539, 41493, 0, 44764, 0, 35525, 0, 0, 25528, 0, 0, 31719, 41052, 0, 4662],[1884903705, -1609518935, -1233276963, -755813513, 46161, 18848, -346642008, 41991, -1657369561, -530406250, 0, 0, -2138330508, 0, 631806725, 0, 0, 31968, 0, 0, 0, 25804, 10499, 6103, 34058, 0, 42759, 21218, 19330, 26136, 0, 18119, 36584, 27480, 38786, 28629, 19988, 39374, 40504, 13209, 38817, 0, 43624, 29117, 0, 0, 42034, 0, 0, 18740, 32672, 0, 0, 33726, -1, 21837, 43801, 31426, 0, 25030, 42462, 2979, 33073, 43685, 34421, 46162, 31505, 36374, 25752, 46137, 0, 41744, 30124, 0, 0, 0, 46114, 0, 30115, 0, 13727, 0, 34787, 45305, 46048, 0, 0, 0],[-2004289160, 2018125345, -1489605214, 0, 27491, 0, 26384, 516653583, 36526, 41890, 0, 12698, 28866, 8339, 26886, 0, 0, 35732, 0, 20526, 0, 21133, 17112, 30396, 0, 31679, 0, 0, 0, 14609, 43492, 32174, 45933, 22735, 25636, 35669, 16655, 22010, 31661, 0, 44564, 16773, 25411, 30699, 0, 34969, 0, 18033, 0, 43964, 18343, 29757, 23206, 19809, 21837, -1, 0, 29988, 44488, 8187, 34924, 43545, 0, 25549, 29453, 39824, 12892, 0, 32097, 14808, 22187, 29797, 32268, 0, 31712, 9445, 29056, 36327, 36205, 28442, 45808, 33440, 46209, 18258, 46331, 3995, 27000, 0],[-2071419535, 1661958969, 0, 0, 42018, 13477, 24065, 0, 9761, 29654, -267476371, 14598, 0, 38579, 0, -1997356897, 22581, 16558, 40514, 39311, -2144410991, 12237, 0, 20674, 0, 22973, 27159, 37423, 45129, 0, 0, 0, 0, 45684, 34074, 0, 0, 15260, 0, 22365, 35514, 0, 0, 0, 30592, 0, 0, 0, 32130, 29281, 0, 28267, 0, 0, 43801, 0, -1, 37474, 5959, 13451, 0, 0, 31105, 18503, 40612, 0, 26212, 23539, 0, 44132, 43144, 14857, 38123, 18059, 22129, 33506, 16646, 15618, 0, 39303, 16514, 16260, 43357, 0, 27360, 0, 0, 0],[23694, 0, 43046, -925913155, 33286, 19490, 1154341302, 38489, 0, 34345, 36019, 17806, 44273, 16127, 0, -947188083, 9725, 25036, 0, 38140, -290688615, 0, 45920, 23874, 0, 44246, 0, 45574, 21459, 0, 0, 40110, 39883, 28291, 0, 14723, 41103, 2230, 40859, 0, 0, 8227, 0, 0, 0, 0, 35955, 0, 21148, 0, 24821, 0, 0, 45147, 31426, 29988, 37474, -1, 35904, 34873, 0, 29676, 0, 41864, 0, 37036, 35079, 0, 42435, 18298, 23667, 0, 13482, 24828, 45173, 40793, 31135, 35862, 24959, 42713, 0, 15828, 18709, 13276, 40948, 32891, 16650, 33826],[25752, 0, 364639126, -1817016618, 0, 43366, 858475652, 36675, 0, 33987, 0, 0, 0, 0, 32754, -477553785, 0, 0, 45603, 40947, -894870276, 37715, 0, 0, 0, 42731, 27503, 28498, 31332, 0, 0, 41903, 0, 29786, 0, 31822, 31870, 0, 37755, 38217, 16947, 0, 41551, 23954, 36161, 28981, 15776, 42257, 40917, 0, 42370, 0, 25586, 25534, 0, 44488, 5959, 35904, -1, 39497, 36008, 35322, 28786, 26085, 41542, 43896, 43095, 18107, 33566, 0, 0, 0, 7295, 16526, 44050, 7816, 9340, 17034, 0, 21966, 22577, 3597, 0, 16604, 27390, 0, 20318, 0],[21344, 0, 908332508, -570624304, 21599, 42752, 1754242383, 34966, 44881, 17963, 0, 44931, 32233, 0, 0, -1554985505, 0, 15784, 0, 24170, -177008933, 0, 0, 41606, 0, 29111, 0, 39330, 0, 0, 10826, 23755, 23909, 0, 0, 35755, 0, 43673, 13487, 31016, 0, 0, 40741, 0, 26903, 0, 0, 21888, 0, 10472, 44134, 5475, 0, 46207, 25030, 8187, 13451, 34873, 39497, -1, 41914, 45655, 13744, 43606, 38266, 36607, 33008, 0, 5092, 39126, 32964, 7596, 23284, 0, 32384, 42054, 45531, 44012, 0, 42807, 0, 29466, 0, 0, 26576, 0, 32808, 29767],[26713, 0, 36479, -1731654956, 8884, 41669, 0, 40177, 1500394574, 0, 0, 0, 0, 0, 0, -352081915, 28981, 0, 39912, 33646, -1858635135, 26372, 37363, 39237, 44196, 0, 41437, 12935, 44533, 0, 0, 39341, 9425, 0, 27783, 39087, 0, 20758, 32619, 0, 0, 0, 13546, 32047, 27696, 0, 0, 42931, 16284, 27367, 0, 0, 35007, 22024, 42462, 34924, 0, 0, 36008, 41914, -1, 40893, 21305, 41799, 14315, 38908, 16846, 39763, 28504, 0, 13719, 25317, 0, 21502, 21839, 0, 40037, 42244, 35372, 0, 0, 45036, 45931, 0, 38549, 30593, 0, 21511],[25071, 0, 0, 0, 24595, 0, 0, 1784965703, 0, 1273482447, 40350, 28288, 0, 18134, 39218, -1751590572, 25012, 0, 44568, 23179, -1921753329, 0, 33148, 43987, 0, 32004, 34618, 32560, 28629, 13187, 0, 19850, 35859, 36674, 19933, 31857, 0, 15453, 43662, 45231, 35954, 0, 22095, 32971, 14236, 30306, 33182, 0, 22837, 0, 0, 15444, 34620, 41269, 2979, 43545, 0, 29676, 35322, 45655, 40893, -1, 38390, 0, 21517, 0, 0, 38954, 24324, 27390, 0, 34487, 0, 44400, 34859, 35075, 0, 0, 0, 34116, 29542, 0, 0, 44724, 0, 30157, 32549, 33051],[0, 22978, 0, 0, 0, 0, 0, -1566884211, 0, 31933, -1579819445, 0, 21064, 0, 44720, 0, 0, 0, 0, 0, 45731, 2112176867, 23074, 23533, 0, 0, 17043, 0, 46198, 35621, 44148, 0, 0, 30561, 29888, 16319, 17872, 34903, 28153, 0, 21667, 34796, 16142, 0, 33504, 27453, 0, 0, 22955, 6175, 33369, 5574, 0, 34010, 33073, 0, 31105, 0, 28786, 13744, 21305, 38390, -1, 35509, 46195, 19032, 0, 28600, 40836, 29052, 0, 13762, 21351, 41325, 42299, 35565, 35326, 37048, 40089, 0, 44268, 43105, 40506, 20353, 0, 46242, 0, 27731],[3150, 1767919482, 0, -634618070, 0, 0, 25425, 0, 0, 42965, -983963113, 46177, 0, 30435, 46050, -1780067909, 0, 0, 17491, 44470, 0, 25725, 0, 0, 29252, 0, 17993, 38501, 39694, 0, 44519, 28760, 8408, 40557, 17690, 24371, 45704, 15342, 32648, 39418, 0, 37289, 18420, 4849, 31268, 21012, 35313, 0, 33072, 0, 44577, 0, 36210, 45656, 43685, 25549, 18503, 41864, 26085, 43606, 41799, 0, 35509, -1, 0, 0, 35505, 0, 43809, 33064, 0, 0, 45464, 0, 30184, 14146, 15444, 28880, 45445, 40343, 43214, 44538, 16691, 39822, 45567, 44799, 45736, 0],[41336, 1620192049, -685310860, 0, 0, 26528, 39160, 20003, 0, 35693, 40815, 1008, 0, 30215, 12713, 0, 10755, 0, 32472, 22163, -883174187, 15858, 0, 42297, 34522, 28576, 0, 0, 0, 35132, 7073, 25956, 0, 0, 31610, 26392, 25291, 0, 26320, 0, 38608, 0, 46027, 0, 41590, 33918, 24383, 12061, 32869, 34598, 0, 35303, 30010, 30533, 34421, 29453, 40612, 0, 41542, 38266, 14315, 21517, 46195, 0, -1, 46022, 43854, 0, 36416, 29877, 43987, 25642, 42754, 6361, 43812, 0, 0, 0, 0, 43091, 0, 34705, 16874, 33491, 44815, 0, 16757, 35327],[43923, 2066136864, -1399918302, -1540347272, 45362, 34841, 41725, 19152, 11904, 45475, 0, 27704, 37509, 44284, 19698, -1044341298, 23698, 0, 0, 0, 0, 0, 0, 27646, 36861, 0, 5932, 0, 0, 0, 45052, 0, 28394, 40959, 16445, 15473, 23196, 31403, 14910, 0, 18910, 0, 31023, 37511, 22483, 42347, 0, 42681, 37983, 0, 0, 18020, 0, 45501, 46162, 39824, 0, 37036, 43896, 36607, 38908, 0, 19032, 0, 46022, -1, 44497, 0, 0, 45006, 21035, 31244, 38106, 0, 33503, 40827, 32315, 26980, 36588, 0, 0, 38213, 14378, 13340, 0, 0, 12802, 0],[0, 0, 35693, 0, 489977637, 0, 0, 0, 0, 44457, 27580, 37970, 32674, 0, 15455, 43512, 0, 0, 41051, 28025, 0, 35674, 43800, 40593, 40590, 29034, 0, 38229, 0, 0, 0, 31041, 13844, 27928, 24575, 25778, 36946, 0, 0, 40384, 0, 0, 0, 30237, 29824, 35544, 14427, 29325, 0, 0, 45572, 0, 36150, 0, 31505, 12892, 26212, 35079, 43095, 33008, 16846, 0, 0, 35505, 43854, 44497, -1, 0, 6548, 0, 0, 0, 0, 40482, 14414, 16542, 40103, 20158, 37322, 31277, 0, 0, 40604, 13741, 36874, 11801, 0, 0],[21296, 0, 0, -1559657518, 40482, 22543, 1703617804, 16683, 44845, 28305, 11046, 0, 0, 20171, 25669, -1914577527, 36797, 29772, 0, 14669, 0, 46001, 9873, 28700, 41160, 39923, 0, 0, 23716, 14097, 18926, 0, 42224, 9465, 36442, 44393, 2511, 15735, 0, 0, 29766, 23458, 24421, 32767, 0, 0, 15009, 34600, 0, 0, 0, 20638, 39251, 17335, 36374, 0, 23539, 0, 18107, 0, 39763, 38954, 28600, 0, 0, 0, 0, -1, 41163, 27480, 26686, 29673, 0, 19080, 0, 45618, 7762, 0, 0, 39155, 0, 0, 16825, 33756, 37561, 0, 41476, 26392],[0, 40705, 0, 0, 30517, 1750597501, 6550, 43083, 0, 42093, 41975, 0, 11933, 45514, 38618, 0, 0, 31447, 0, 0, 43745, 20067, 41148, 21095, 0, 0, 0, 31915, 28741, 36590, 0, 0, 0, 0, 40221, 40846, 33072, 12237, 14793, 10890, 23938, 13362, 36750, 27875, 41416, 35287, 19826, 20190, 37345, 0, 43345, 0, 33220, 0, 25752, 32097, 0, 42435, 33566, 5092, 28504, 24324, 40836, 43809, 36416, 0, 6548, 41163, -1, 27984, 0, 27399, 44398, 16664, 10734, 0, 32043, 0, 29578, 11755, 0, 44093, 23515, 42195, 0, 0, 17969, 24633],[3927, 0, 0, -614401499, 35222, 19221, 0, 44560, 570854522, 44579, 0, 31399, 3742, 0, 22242, -813578976, 22689, 6765, 0, 0, -1135233289, 25647, 19889, 0, 34701, 0, 0, 0, 5921, 0, 26769, 40610, 22574, 27509, 0, 4700, 0, 25664, 0, 0, 40615, 0, 0, 33131, 0, 0, 20112, 33530, 12408, 0, 0, 17021, 39744, 20598, 46137, 14808, 44132, 18298, 0, 39126, 0, 27390, 29052, 33064, 29877, 45006, 0, 27480, 27984, -1, 0, 0, 43864, 18312, 23920, 0, 43549, 26983, 26229, 16741, 24301, 26289, 14120, 44168, 43555, 43569, 45092, 44767],[42729, 68255497, -811447771, -1635352806, 44833, 37525, 21364, 40312, 31990, 33633, 0, 32480, 13402, 0, 0, 0, 45436, 29984, 0, 0, -177663936, 19829, 43652, 30426, 0, 0, 0, 0, 7304, 42822, 37112, 43530, 43972, 0, 19090, 43400, 42624, 35587, 12528, 0, 46132, 35832, 0, 45037, 12931, 19808, 42104, 46203, 14122, 18422, 0, 43917, 22857, 39371, 0, 22187, 43144, 23667, 0, 32964, 13719, 0, 0, 0, 43987, 21035, 0, 26686, 0, 0, -1, 46149, 43193, 0, 27380, 0, 10051, 0, 0, 0, 0, 38745, 43486, 16975, 44706, 0, 31283, 43044],[0, 30827, 0, 32937, 38153, 0, 38921, -1766209998, 14901, 11226, -1248570059, 1955508944, 26084, 4902, 34509, 0, 30283, 0, 37337, 28183, 0, 32465, 26301, 0, 43975, 44674, 31618, 0, 0, 22530, 37416, 0, 0, 41624, 0, 15619, 45887, 16293, 0, 39212, 46198, 31434, 29341, 36445, 23103, 36315, 42019, 28647, 0, 10075, 13361, 35243, 45502, 31154, 41744, 29797, 14857, 0, 0, 7596, 25317, 34487, 13762, 0, 25642, 31244, 0, 29673, 27399, 0, 46149, -1, 0, 22322, 33257, 0, 0, 41370, 0, 25279, 0, 5908, 28142, 0, 39644, 45579, 22755, 21659],[25335, 2055715684, -387486932, 0, 16872, 16453, 24058, 34222, 12099, 0, 33985, 42914, 24128, 0, 35849, -972986903, 14939, 19244, 0, 18035, -618579138, 41319, 0, 0, 17668, 37843, 42457, 0, 44067, 46151, 44612, 36242, 41342, 33062, 23368, 0, 36855, 0, 23984, 0, 13248, 39100, 29249, 0, 0, 14234, 33447, 33175, 18235, 0, 45437, 0, 41272, 21240, 30124, 32268, 38123, 13482, 7295, 23284, 0, 0, 21351, 45464, 42754, 38106, 0, 0, 44398