45
[[-1, 0, 0, 0, 0, 0, 0, 0, 0, 42797, 0, 39095, 36816, 0, -1871469272, 0, 0, 38837, 0, 0, 0, 0, 0, 39396, 0, 0, 1195702693, 14804, 0, 0, 36774, 0, 37703, 0, 15164, 0, 0, 0, 0, 0, 0, 0, 0, 0, 0],[0, -1, 0, 0, 30539, 0, 0, 0, 0, 0, 0, 0, 0, 0, 0, 40024, 39469, 0, 33613, 0, 1376044715, 0, 0, 0, 0, 40090, 36324, 0, 0, 0, 0, 2304, 29494, 0, 0, 0, 0, 45369, 17941, 0, 23670, 0, 0, 28579, 23141],[0, 0, -1, 43013, 0, 0, 0, 0, 0, 0, -2120740988, 0, 37809, 0, 0, 0, 0, 0, 0, 26151, 0, 0, 0, 0, 0, 0, 0, 0, 40721, 9633, 10511, 22312, 0, 0, 26060, 0, 0, 0, 0, 39464, 0, 45530, 0, 0, 30138],[0, 0, 43013, -1, 31317, 0, 0, 39485, 0, 0, 1753182432, 0, 40297, 0, 0, 0, 0, 30965, 25669, 0, 0, 0, 42255, 0, 33936, 41329, 0, 0, 0, 0, 0, 0, 0, 26844, 10880, 0, 0, 0, 0, 0, 0, 0, 0, 0, 29180],[0, 30539, 0, 31317, -1, 0, 0, 0, 0, 0, 0, 0, 0, 0, 9103, 0, 0, 37491, 0, 0, 342173421, 0, 0, 25734, 0, 741777236, 0, 0, 0, 35726, 0, 372657699, 0, 38695, 0, 45101, 0, 0, 0, 0, 0, 0, 43978, 160661844, 0],[0, 0, 0, 0, 0, -1, 0, 0, 30657, 1819851051, 0, 0, 0, 0, 0, 0, 0, 0, 25772, 38564, 0, 0, 0, 23365, 0, 0, 44319, 0, 31826, 0, 35822, 0, 0, 0, 0, 0, 6764, 0, 0, 30681, 15422, 0, 0, 27808, 0],[0, 0, 0, 0, 0, 0, -1, 0, 0, 35320, 0, 0, 23247, 0, 42990, 19604, 0, 0, 0, 0, 0, 0, 0, 0, 0, 31787, 0, 21007, 0, 0, 37094, 45895, 0, 0, 0, 0, 27434, 12421, 14787, 0, 13646, 0, 27402, 0, 0],[0, 0, 0, 39485, 0, 0, 0, -1, 0, 40596, 0, 0, 43396, 27754, 0, 0, 32970, 0, 0, 0, 0, 0, 0, 0, 0, 0, 0, 0, 41041, 39655, 0, 0, 0, 0, 0, 0, 0, 0, 30046, 0, 0, 0, 0, 35955, 0],[0, 0, 0, 0, 0, 30657, 0, 0, -1, 717136902, 0, 0, 25009, 0, 0, 0, 13029, 0, 0, 0, 0, 43030, 38035, 0, 0, 21964, 0, 0, 0, 0, 0, 40763, 0, 0, 0, 18471, 0, 0, 0, 14823, 37743, 0, 36381, 36798, 0],[42797, 0, 0, 0, 0, 1819851051, 35320, 40596, 717136902, -1, 0, 0, 0, 0, 1616735747, 0, 0, 0, 0, 44845, 0, -1844035455, 0, 0, 0, 18580, 1322916658, 0, 0, 0, 0, 0, 0, 0, 43376, 42535, 0, 0, 0, 0, 0, 0, 0, 0, 45113],[0, 0, -2120740988, 1753182432, 0, 0, 0, 0, 0, 0, -1, 0, 0, 0, 35059, 0, 31626, 0, 45908, 0, 35984, 0, 0, 0, 0, 0, 37462, 0, 0, 2030564748, 0, 0, 0, 0, 0, 40902, 0, 0, 0, 0, 45825, 0, 0, 0, 41798],[39095, 0, 0, 0, 0, 0, 0, 0, 0, 0, 0, -1, 0, 0, 0, 34525, 0, 0, 0, 0, 0, 0, 0, 0, 44598, 0, 0, 0, 0, 0, 2005917521, 46166, 0, 7476, 23855, 0, 0, 0, 0, 15224, 0, 0, 0, 19606, 0],[36816, 0, 37809, 40297, 0, 0, 23247, 43396, 25009, 0, 0, 0, -1, 35491, 0, 0, 0, 0, 0, 0, 0, 291429624, 0, 848574476, 0, 0, 25963, 0, 0, 0, 0, 0, 0, 0, 0, 30200, 0, 32921, 0, 0, 0, 1114004109, 30862, 11867, 0],[0, 0, 0, 0, 0, 0, 0, 27754, 0, 0, 0, 0, 35491, -1, 19028, 0, 0, 0, 0, 17567, 0, 27355, 0, 0, 0, 0, 0, 45854, 0, 0, 0, 0, 18964, 0, 37186, 0, 0, 0, 0, 7592, 22779, 0, 0, 0, 31688],[-1871469272, 0, 0, 0, 9103, 0, 42990, 0, 0, 1616735747, 35059, 0, 0, 19028, -1, 0, 0, 0, 0, 21518, 0, 0, 0, 0, 0, 938244672, 0, 0, 40333, 0, 0, 0, 0, 18767, 0, 0, 23898, 0, 0, 0, 0, 0, 0, 0, 0],[0, 40024, 0, 0, 0, 0, 19604, 0, 0, 0, 0, 34525, 0, 0, 0, -1, 460969159, 0, 0, 0, 0, 0, 41219, 0, 0, 0, 0, 0, 0, 0, 0, 0, 0, 0, 0, 0, 35789, 0, 22498, 38947, 0, 0, 33161, 0, 0],[0, 39469, 0, 0, 0, 0, 0, 32970, 13029, 0, 31626, 0, 0, 0, 0, 460969159, -1, 0, 0, 0, 0, 0, 0, 0, 14324, 20674, 0, 0, 0, 45400, 0, 0, 0, 31573, 0, 0, 20271, 1407078513, 0, 0, 1669168533, 0, 0, 0, 0],[38837, 0, 0, 30965, 37491, 0, 0, 0, 0, 0, 0, 0, 0, 0, 0, 0, 0, -1, 17309, 0, 28627, 38053, 0, 0, 0, 0, 0, 0, 0, 0, 0, 0, 0, 44607, 6526, 0, 45323, 38724, 0, 0, 0, 0, 0, 0, 0],[0, 33613, 0, 25669, 0, 25772, 0, 0, 0, 0, 45908, 0, 0, 0, 0, 0, 0, 17309, -1, 19503, -1778449993, 0, 664468142, 0, 0, 0, 0, 0, 0, 36875, 0, 0, 0, 0, 0, 0, 23060, 0, 0, 36154, 0, 0, 28106, 0, 1426910654],[0, 0, 26151, 0, 0, 38564, 0, 0, 0, 44845, 0, 0, 0, 17567, 21518, 0, 0, 0, 19503, -1, 27360, 45093, 0, 0, 35863, 0, 0, 0, 0, 0, 1886467524, 0, 0, 0, 0, 0, 0, 0, 0, 0, 0, 38953, 0, 42264, 0],[0, 1376044715, 0, 0, 342173421, 0, 0, 0, 0, 0, 35984, 0, 0, 0, 0, 0, 0, 28627, -1778449993, 27360, -1, 0, 12026, 23057, 0, 0, 0, 0, 0, 0, 0, 0, 0, 0, 19482, 0, 0, 0, 0, 0, 0, 45724, 0, 0, 0],[0, 0, 0, 0, 0, 0, 0, 0, 43030, -1844035455, 0, 0, 291429624, 27355, 0, 0, 0, 38053, 0, 45093, 0, -1, 45975, 0, 0, 0, 0, 31990, 0, 27024, 0, 0, 0, 0, 35762, 0, 0, 0, 19827, 34899, 0, 0, 0, 0, 0],[0, 0, 0, 42255, 0, 0, 0, 0, 38035, 0, 0, 0, 0, 0, 0, 41219, 0, 0, 664468142, 0, 12026, 45975, -1, 0, 0, 0, 0, 0, 0, 0, 0, 0, 0, 0, 0, 0, 39387, 0, 0, 0, 0, 18237, 39405, 0, 0],[39396, 0, 0, 0, 25734, 23365, 0, 0, 0, 0, 0, 0, 848574476, 0, 0, 0, 0, 0, 0, 0, 23057, 0, 0, -1, 0, 0, 0, 0, 0, 0, 5159, 0, 418523852, 0, 0, 0, 12347, 0, 0, 0, 0, 0, 0, 0, 0],[0, 0, 0, 33936, 0, 0, 0, 0, 0, 0, 0, 44598, 0, 0, 0, 0, 14324, 0, 0, 35863, 0, 0, 0, 0, -1, 0, 0, 0, 32948, 0, 0, 0, 0, 0, 1547334749, 0, 30855, 0, 0, 0, 37112, 0, 0, 0, 45528],[0, 40090, 0, 41329, 741777236, 0, 31787, 0, 21964, 18580, 0, 0, 0, 0, 938244672, 0, 20674, 0, 0, 0, 0, 0, 0, 0, 0, -1, 0, 0, 0, 11714, 16172, 0, 0, 0, 15588, 0, 0, 0, 0, 0, 0, 8726, 0, 0, 34436],[1195702693, 36324, 0, 0, 0, 44319, 0, 0, 0, 1322916658, 37462, 0, 25963, 0, 0, 0, 0, 0, 0, 0, 0, 0, 0, 0, 0, 0, -1, -1343292375, 0, 0, 0, 0, 0, 9988, 0, 0, 45332, 0, 0, 0, 0, 0, 0, 0, 0],[14804, 0, 0, 0, 0, 0, 21007, 0, 0, 0, 0, 0, 0, 45854, 0, 0, 0, 0, 0, 0, 0, 31990, 0, 0, 0, 0, -1343292375, -1, 40140, 18549, 0, 0, 0, 0, 0, 0, 0, 0, 0, 43042, 0, 43207, 0, 43153, 0],[0, 0, 40721, 0, 0, 31826, 0, 41041, 0, 0, 0, 0, 0, 0, 40333, 0, 0, 0, 0, 0, 0, 0, 0, 0, 32948, 0, 0, 40140, -1, 0, 463779365, 0, 0, 0, 0, 0, 29824, 0, 0, 0, 26823, 0, 41640, 0, 0],[0, 0, 9633, 0, 35726, 0, 0, 39655, 0, 0, 2030564748, 0, 0, 0, 0, 0, 45400, 0, 36875, 0, 0, 27024, 0, 0, 0, 11714, 0, 18549, 0, -1, 0, 302433626, 0, 0, 0, 282230241, 0, 0, 0, 430204483, 46051, 24566, 0, 0, 0],[36774, 0, 10511, 0, 0, 35822, 37094, 0, 0, 0, 0, 2005917521, 0, 0, 0, 0, 0, 0, 0, 1886467524, 0, 0, 0, 5159, 0, 16172, 0, 0, 463779365, 0, -1, 0, 0, 32530, 0, 0, 36783, 0, 0, 0, 0, 0, 0, 42195, 0],[0, 2304, 22312, 0, 372657699, 0, 45895, 0, 40763, 0, 0, 46166, 0, 0, 0, 0, 0, 0, 0, 0, 0, 0, 0, 0, 0, 0, 0, 0, 0, 302433626, 0, -1, 24703, 0, 38887, 0, 0, 24941, 42019, 0, 0, 0, 0, 0, 0],[37703, 29494, 0, 0, 0, 0, 0, 0, 0, 0, 0, 0, 0, 18964, 0, 0, 0, 0, 0, 0, 0, 0, 0, 418523852, 0, 0, 0, 0, 0, 0, 0, 24703, -1, 0, 0, 31521, 31890, 0, 0, 37155, 0, 0, 0, 0, 0],[0, 0, 0, 26844, 38695, 0, 0, 0, 0, 0, 0, 7476, 0, 0, 18767, 0, 31573, 44607, 0, 0, 0, 0, 0, 0, 0, 0, 9988, 0, 0, 0, 32530, 0, 0, -1, 0, 0, 0, 0, 0, 0, 0, 38765, 0, 0, 0],[15164, 0, 26060, 10880, 0, 0, 0, 0, 0, 43376, 0, 23855, 0, 37186, 0, 0, 0, 6526, 0, 0, 19482, 35762, 0, 0, 1547334749, 15588, 0, 0, 0, 0, 0, 38887, 0, 0, -1, 0, 0, 0, 36519, 0, 0, 0, 0, 20362, 0],[0, 0, 0, 0, 45101, 0, 0, 0, 18471, 42535, 40902, 0, 30200, 0, 0, 0, 0, 0, 0, 0, 0, 0, 0, 0, 0, 0, 0, 0, 0, 282230241, 0, 0, 31521, 0, 0, -1, 0, 0, 0, 35260, 0, 0, 0, 37424, 0],[0, 0, 0, 0, 0, 6764, 27434, 0, 0, 0, 0, 0, 0, 0, 23898, 35789, 20271, 45323, 23060, 0, 0, 0, 39387, 12347, 30855, 0, 45332, 0, 29824, 0, 36783, 0, 31890, 0, 0, 0, -1, 0, 26817, 0, 0, 0, 0, 0, 36059],[0, 45369, 0, 0, 0, 0, 12421, 0, 0, 0, 0, 0, 32921, 0, 0, 0, 1407078513, 38724, 0, 0, 0, 0, 0, 0, 0, 0, 0, 0, 0, 0, 0, 24941, 0, 0, 0, 0, 0, -1, 38432, 0, 10054, 39702, 0, 0, 0],[0, 17941, 0, 0, 0, 0, 14787, 30046, 0, 0, 0, 0, 0, 0, 0, 22498, 0, 0, 0, 0, 0, 19827, 0, 0, 0, 0, 0, 0, 0, 0, 0, 42019, 0, 0, 36519, 0, 26817, 38432, -1, 0, 18299, 0, 0, 0, 0],[0, 0, 39464, 0, 0, 30681, 0, 0, 14823, 0, 0, 15224, 0, 7592, 0, 38947, 0, 0, 36154, 0, 0, 34899, 0, 0, 0, 0, 0, 43042, 0, 430204483, 0, 0, 37155, 0, 0, 35260, 0, 0, 0, -1, 0, 0, 0, 0, 45983],[0, 23670, 0, 0, 0, 15422, 13646, 0, 37743, 0, 45825, 0, 0, 22779, 0, 0, 1669168533, 0, 0, 0, 0, 0, 0, 0, 37112, 0, 0, 0, 26823, 46051, 0, 0, 0, 0, 0, 0, 0, 10054, 18299, 0, -1, 23080, 0, 0, 22375],[0, 0, 45530, 0, 0, 0, 0, 0, 0, 0, 0, 0, 1114004109, 0, 0, 0, 0, 0, 0, 38953, 45724, 0, 18237, 0, 0, 8726, 0, 43207, 0, 24566, 0, 0, 0, 38765, 0, 0, 0, 39702, 0, 0, 23080, -1, 0, 28460, 0],[0, 0, 0, 0, 43978, 0, 27402, 0, 36381, 0, 0, 0, 30862, 0, 0, 33161, 0, 0, 28106, 0, 0, 0, 39405, 0, 0, 0, 0, 0, 41640, 0, 0, 0, 0, 0, 0, 0, 0, 0, 0, 0, 0, 0, -1, 399137787, 0],[0, 28579, 0, 0, 160661844, 27808, 0, 35955, 36798, 0, 0, 19606, 11867, 0, 0, 0, 0, 0, 0, 42264, 0, 0, 0, 0, 0, 0, 0, 43153, 0, 0, 42195, 0, 0, 0, 20362, 37424, 0, 0, 0, 0, 0, 28460, 399137787, -1, 0],[0, 23141, 30138, 29180, 0, 0, 0, 0, 0, 45113, 41798, 0, 0, 31688, 0, 0, 0, 0, 1426910654, 0, 0, 0, 0, 0, 45528, 34436, 0, 0, 0, 0, 0, 0, 0, 0, 0, 0, 36059, 0, 0, 45983, 22375, 0, 0, 0, -1]]