20
[[-1, 0, 26757, 0, 1801189117, 0, 36688, 24062, 0, 0, 23552, 0, 0, 0, 11353, 0, 1724720277, 0, 0, 0],[0, -1, 0, 0, 36312, 0, 0, 30833, 43206, 0, 0, 0, 0, 0, 0, 0, 0, 0, 0, 0],[26757, 0, -1, 0, -744349377, 0, 0, 0, 0, 4861, 0, 0, 0, 0, 2097461130, 0, 32013, 0, 0, 0],[0, 0, 0, -1, 0, 0, 0, 0, 0, 9361, 0, 44466, 28747, 15894, 0, 0, 0, 0, 45365, 0],[1801189117, 36312, -744349377, 0, -1, 0, 0, 37185, 0, 0, 0, 0, 0, 0, 0, 0, 0, 0, 11751, 0],[0, 0, 0, 0, 0, -1, 0, 0, 0, 0, 0, 0, 0, 10451, 0, 0, 31270, 36589, 36550, 0],[36688, 0, 0, 0, 0, 0, -1, 0, 0, 0, 533056113, 0, 0, 0, 0, 0, 0, 0, 0, 0],[24062, 30833, 0, 0, 37185, 0, 0, -1, 0, 0, 0, 0, 0, 0, 0, 0, 0, 22119, 26922, 0],[0, 43206, 0, 0, 0, 0, 0, 0, -1, 25222, 39916, 0, 0, 0, 0, 0, 0, 37449, 0, 40388],[0, 0, 4861, 9361, 0, 0, 0, 0, 25222, -1, 0, 0, 0, 0, 0, 0, 0, 0, 0, 0],[23552, 0, 0, 0, 0, 0, 533056113, 0, 39916, 0, -1, 43313, 32780, 0, 40067, 0, 0, 42971, 0, 0],[0, 0, 0, 44466, 0, 0, 0, 0, 0, 0, 43313, -1, 0, 0, 0, 0, 0, 0, 568911693, 37482],[0, 0, 0, 28747, 0, 0, 0, 0, 0, 0, 32780, 0, -1, 0, 2427, 0, 35184, 11309, 962368492, 37812],[0, 0, 0, 15894, 0, 10451, 0, 0, 0, 0, 0, 0, 0, -1, 0, 40072, 32212, 0, 0, 33651],[11353, 0, 2097461130, 0, 0, 0, 0, 0, 0, 0, 40067, 0, 2427, 0, -1, 0, 0, 0, 0, 0],[0, 0, 0, 0, 0, 0, 0, 0, 0, 0, 0, 0, 0, 40072, 0, -1, 388011458, 0, 0, 0],[1724720277, 0, 32013, 0, 0, 31270, 0, 0, 0, 0, 0, 0, 35184, 32212, 0, 388011458, -1, 18388, 37482, 31379],[0, 0, 0, 0, 0, 36589, 0, 22119, 37449, 0, 42971, 0, 11309, 0, 0, 0, 18388, -1, 0, 0],[0, 0, 0, 45365, 11751, 36550, 0, 26922, 0, 0, 0, 568911693, 962368492, 0, 0, 0, 37482, 0, -1, 0],[0, 0, 0, 0, 0, 0, 0, 0, 40388, 0, 0, 37482, 37812, 33651, 0, 0, 31379, 0, 0, -1]]