37
[[-1, 0, 0, 43382, 0, 0, 0, 0, 0, 0, 0, 0, 0, 13969, 0, 22159, 0, 0, 0, 28014, 0, 0, 0, 0, 17589, 0, 0, 44139, 32835, 0, 0, 0, 25059, 25855, 0, 0, 0],[0, -1, 0, 0, 0, 0, 0, 0, 38326, 0, 0, 0, 0, 40001, 0, 0, 0, 0, 0, 0, 7153, 9016, 19095, 0, 12562, 0, 27700, 0, 0, 0, 0, 0, 0, 24880, 0, 28298, 0],[0, 0, -1, 0, 37133, 46161, 13925, 0, 0, 0, 12511, 0, 0, 0, 33396, 0, 36789, 0, 37877, 21158, 0, 0, 0, 0, 0, 0, 0, 0, 14151, 0, 22442, 37833, 0, 0, 0, 30272, 0],[43382, 0, 0, -1, 6800, 40952, 0, 0, 0, 15764, 28528, 24942, 26309, 0, 44392, 0, 39465, 45678, 0, 0, 0, 0, 0, 0, 0, 0, 0, 0, 0, 0, 42123, 23281, 19975, 0, 0, 0, 0],[0, 0, 37133, 6800, -1, 0, 22318, 0, 37862, 0, 11492, 0, 0, 40894, 0, 0, 0, 0, 0, 0, 0, 0, 0, 28553, 0, 34552, 0, 0, 19389, 0, 27579, 0, 0, 0, 33000, 0, 37171],[0, 0, 46161, 40952, 0, -1, 0, 0, 0, 0, 18842, 0, 0, 0, 0, 0, 0, 0, 0, 19671, 43278, 0, 36775, 0, 0, 40415, 0, 0, 0, 30273, 0, 29824, 36849, 10459, 0, 0, 0],[0, 0, 13925, 0, 22318, 0, -1, 0, 20965, 0, 0, 27855, 0, 0, 0, 0, 0, 0, 40071, 0, 0, 0, 37836, 0, 41827, 0, 40517, 0, 0, 0, 36002, 0, 0, 0, 0, 0, 0],[0, 0, 0, 0, 0, 0, 0, -1, 42179, 0, 0, 0, 0, 0, 0, 0, 0, 0, 0, 16093, 39444, 0, 0, 31194, 26356, 35862, 0, 0, 0, 31716, 42967, 0, 0, 0, 0, 0, 0],[0, 38326, 0, 0, 37862, 0, 20965, 42179, -1, 0, 0, 0, 0, 16915, 0, 0, 0, 35970, 13782, 45830, 0, 0, 0, 0, 0, 0, 0, 0, 0, 0, 0, 0, 0, 0, 44218, 0, 0],[0, 0, 0, 15764, 0, 0, 0, 0, 0, -1, 0, 0, 30166, 45621, 0, 0, 949, 26876, 0, 0, 0, 0, 41661, 35622, 0, 0, 0, 0, 35423, 38513, 0, 0, 0, 44133, 0, 34615, 0],[0, 0, 12511, 28528, 11492, 18842, 0, 0, 0, 0, -1, 0, 0, 9224, 0, 0, 0, 46099, 0, 0, 40551, 33071, 0, 38212, 0, 0, 0, 0, 0, 0, 0, 0, 32822, 0, 0, 0, 0],[0, 0, 0, 24942, 0, 0, 27855, 0, 0, 0, 0, -1, 25666, 24961, 23085, 0, 0, 0, 0, 0, 0, 0, 0, 39484, 0, 36920, 0, 29290, 0, 0, 7609, 39589, 0, 0, 0, 38282, 0],[0, 0, 0, 26309, 0, 0, 0, 0, 0, 30166, 0, 25666, -1, 0, 0, 0, 0, 30981, 0, 42385, 44322, 0, 0, 40394, 45422, 0, 0, 44739, 0, 0, 0, 0, 0, 0, 12404, 0, 0],[13969, 40001, 0, 0, 40894, 0, 0, 0, 16915, 45621, 9224, 24961, 0, -1, 28208, 15184, 0, 16913, 0, 37506, 0, 0, 21598, 26007, 32898, 0, 27833, 0, 0, 0, 0, 0, 0, 0, 0, 0, 0],[0, 0, 33396, 44392, 0, 0, 0, 0, 0, 0, 0, 23085, 0, 28208, -1, 39726, 0, 11059, 0, 0, 10199, 0, 0, 0, 0, 0, 0, 0, 0, 0, 30093, 0, 0, 41128, 0, 40937, 0],[22159, 0, 0, 0, 0, 0, 0, 0, 0, 0, 0, 0, 0, 15184, 39726, -1, 0, 27107, 26791, 0, 0, 0, 0, 0, 46213, 39749, 0, 0, 0, 32649, 0, 0, 39278, 0, 45708, 0, 14526],[0, 0, 36789, 39465, 0, 0, 0, 0, 0, 949, 0, 0, 0, 0, 0, 0, -1, 0, 0, 0, 0, 0, 40439, 32864, 21254, 0, 24215, 0, 0, 0, 34018, 0, 0, 0, 38922, 0, 0],[0, 0, 0, 45678, 0, 0, 0, 0, 35970, 26876, 46099, 0, 30981, 16913, 11059, 27107, 0, -1, 0, 0, 0, 28727, 39030, 0, 0, 0, 0, 0, 0, 0, 0, 0, 0, 25685, 0, 0, 0],[0, 0, 37877, 0, 0, 0, 40071, 0, 13782, 0, 0, 0, 0, 0, 0, 26791, 0, 0, -1, 32403, 0, 44128, 0, 0, 0, 0, 0, 39889, 0, 0, 0, 0, 0, 0, 0, 0, 0],[28014, 0, 21158, 0, 0, 19671, 0, 16093, 45830, 0, 0, 0, 42385, 37506, 0, 0, 0, 0, 32403, -1, 0, 0, 0, 0, 26790, 0, 0, 0, 28843, 0, 0, 16855, 38517, 0, 0, 0, 0],[0, 7153, 0, 0, 0, 43278, 0, 39444, 0, 0, 40551, 0, 44322, 0, 10199, 0, 0, 0, 0, 0, -1, 0, 0, 0, 0, 0, 1660376643, 44796, 0, 0, 0, 0, 0, 42477, 33754, 0, 0],[0, 9016, 0, 0, 0, 0, 0, 0, 0, 0, 33071, 0, 0, 0, 0, 0, 0, 28727, 44128, 0, 0, -1, 20532, 44645, 0, 0, 0, 0, 0, 37582, 42372, 27627, 0, 29921, 35373, 44368, 0],[0, 19095, 0, 0, 0, 36775, 37836, 0, 0, 41661, 0, 0, 0, 21598, 0, 0, 40439, 39030, 0, 0, 0, 20532, -1, 0, 25407, 38621, 0, 0, 5440, 32878, 0, 0, 0, 42030, 0, 0, 33591],[0, 0, 0, 0, 28553, 0, 0, 31194, 0, 35622, 38212, 39484, 40394, 26007, 0, 0, 32864, 0, 0, 0, 0, 44645, 0, -1, 0, 0, 44722, 42182, 35337, 0, 20757, 0, 0, 45725, 0, 0, 0],[17589, 12562, 0, 0, 0, 0, 41827, 26356, 0, 0, 0, 0, 45422, 32898, 0, 46213, 21254, 0, 0, 26790, 0, 0, 25407, 0, -1, 14391, 44160, 0, 0, 24392, 0, 0, 0, 0, 0, 0, 0],[0, 0, 0, 0, 34552, 40415, 0, 35862, 0, 0, 0, 36920, 0, 0, 0, 39749, 0, 0, 0, 0, 0, 0, 38621, 0, 14391, -1, 0, 0, 0, 0, 0, 21323, 0, 46282, 0, 0, 0],[0, 27700, 0, 0, 0, 0, 40517, 0, 0, 0, 0, 0, 0, 27833, 0, 0, 24215, 0, 0, 0, 1660376643, 0, 0, 44722, 44160, 0, -1, 0, 21202, 0, 0, 0, 0, 0, 0, 0, 19907],[44139, 0, 0, 0, 0, 0, 0, 0, 0, 0, 0, 29290, 44739, 0, 0, 0, 0, 0, 39889, 0, 44796, 0, 0, 42182, 0, 0, 0, -1, 0, 0, 45928, 0, 0, 0, 0, 0, 0],[32835, 0, 14151, 0, 19389, 0, 0, 0, 0, 35423, 0, 0, 0, 0, 0, 0, 0, 0, 0, 28843, 0, 0, 5440, 35337, 0, 0, 21202, 0, -1, 32609, 35674, 0, 0, 0, 0, 0, 41147],[0, 0, 0, 0, 0, 30273, 0, 31716, 0, 38513, 0, 0, 0, 0, 0, 32649, 0, 0, 0, 0, 0, 37582, 32878, 0, 24392, 0, 0, 0, 32609, -1, 28729, 0, 0, 0, 0, 0, 0],[0, 0, 22442, 42123, 27579, 0, 36002, 42967, 0, 0, 0, 7609, 0, 0, 30093, 0, 34018, 0, 0, 0, 0, 42372, 0, 20757, 0, 0, 0, 45928, 35674, 28729, -1, 0, 0, 0, 0, 0, 0],[0, 0, 37833, 23281, 0, 29824, 0, 0, 0, 0, 0, 39589, 0, 0, 0, 0, 0, 0, 0, 16855, 0, 27627, 0, 0, 0, 21323, 0, 0, 0, 0, 0, -1, 28083, 0, 0, 45562, 39609],[25059, 0, 0, 19975, 0, 36849, 0, 0, 0, 0, 32822, 0, 0, 0, 0, 39278, 0, 0, 0, 38517, 0, 0, 0, 0, 0, 0, 0, 0, 0, 0, 0, 28083, -1, 43363, 0, 15277, 35470],[25855, 24880, 0, 0, 0, 10459, 0, 0, 0, 44133, 0, 0, 0, 0, 41128, 0, 0, 25685, 0, 0, 42477, 29921, 42030, 45725, 0, 46282, 0, 0, 0, 0, 0, 0, 43363, -1, 0, 0, 0],[0, 0, 0, 0, 33000, 0, 0, 0, 44218, 0, 0, 0, 12404, 0, 0, 45708, 38922, 0, 0, 0, 33754, 35373, 0, 0, 0, 0, 0, 0, 0, 0, 0, 0, 0, 0, -1, 23735, 0],[0, 28298, 30272, 0, 0, 0, 0, 0, 0, 34615, 0, 38282, 0, 0, 40937, 0, 0, 0, 0, 0, 0, 44368, 0, 0, 0, 0, 0, 0, 0, 0, 0, 45562, 15277, 0, 23735, -1, 0],[0, 0, 0, 0, 37171, 0, 0, 0, 0, 0, 0, 0, 0, 0, 0, 14526, 0, 0, 0, 0, 0, 0, 33591, 0, 0, 0, 19907, 0, 41147, 0, 0, 39609, 35470, 0, 0, 0, -1]]