12
[[-1, 37528, 44536, 1471922599, 962133953, -1245946504, 0, 0, 0, -2068260569, 0, 1312227294],[37528, -1, 0, -1742777431, -1973171895, 1817423696, 44211, 43149, 43545, 471507296, 46159, 189940224],[44536, 0, -1, -877100458, -1533759720, 0, 36009, 40274, 0, 0, 0, 0],[1471922599, -1742777431, -877100458, -1, -413738064, 42223, 0, 899214662, 21105, 17699, 1254896725, 0],[962133953, -1973171895, -1533759720, -413738064, -1, 0, 1014, 0, 43921, 0, 41147, 37087],[-1245946504, 1817423696, 0, 42223, 0, -1, 0, 0, -1092761122, -51623471, 0, 45637],[0, 44211, 36009, 0, 1014, 0, -1, 0, 842515564, 45202, 757242098, 37709],[0, 43149, 40274, 899214662, 0, 0, 0, -1, 30945, 43696, 45661, 45291],[0, 43545, 0, 21105, 43921, -1092761122, 842515564, 30945, -1, 27108, 40280, 29279],[-2068260569, 471507296, 0, 17699, 0, -51623471, 45202, 43696, 27108, -1, 39353, 0],[0, 46159, 0, 1254896725, 41147, 0, 757242098, 45661, 40280, 39353, -1, 25297],[1312227294, 189940224, 0, 0, 37087, 45637, 37709, 45291, 29279, 0, 25297, -1]]