80
[[-1, 0, 0, 30464, -1534926674, 0, -361886313, 1469833298, 1554433641, 21437, -1354465162, -1905640944, -892676381, 0, 0, 0, 1103198942, -1772236697, 42120, -1273149695, 1848941185, 40287, -2102642962, 0, 44951, -1853073987, 22654, -1560155345, 0, 28816, 36668, 0, -1043577979, -1439467632, 1749752684, 26566, 0, 1233441731, 1985330471, -1412584510, 44462, 1155290085, 0, -1557838537, -1633848721, 0, 23181, 2012403349, 0, 36955, 24306, -1862490140, -1901866820, 0, 0, -1673737511, 36068, 0, 0, 44395, 1697458512, 5784, 44219, 11474, -2096120362, 0, -1597029648, 39729, -1758538427, -2039292522, 29806, -961989575, 16610, -1539859951, 37909, 191149411, 36051, 30233, 34984, 33110],[0, -1, 0, 40436, -1665794076, 21407, -355168829, -2098527477, -2097247501, 0, 1482457568, 0, -2114141794, 1065269346, -805270208, 28725, 27412, -985637464, 0, 2011883009, 2120301529, 18377, 0, -2140708116, 0, 0, 14050, -2084302324, 0, 40509, 0, 0, 676455759, -1501099081, 16692, 36268, 9970, 0, 35679, 0, 41499, 0, -1160505578, -928836346, 1684388779, 0, 0, 0, 0, 26306, 0, -1934055624, -953217219, 0, -2034823643, 0, 0, 35350, 40017, 0, 0, 6653, 0, 30347, 0, 34899, 0, 45145, 24778, 0, 38328, 0, 5807, 43348, 0, 31783, 44663, 0, 0, 4274],[0, 0, -1, 20634, -315051274, 0, -740742300, 652041726, -1805914391, 41279, 0, 0, 0, 0, -625626408, 22690, 0, -1815540964, 0, -1757242610, -1866379529, 0, -405658418, -1479960806, 34677, -966978899, 32866, -1153833886, 0, 37477, 34982, 19635, 0, 0, 22553, 30737, 28405, 1332244248, 28267, 0, 0, -1686363471, -1119654167, -898267464, 1812356627, -1692150424, 13282, 43780, -1525469514, 46145, 0, 0, -1326894457, 36007, 27457, 0, 33460, 29112, 38120, 37846, 12723, 0, 14872, 23166, 0, 0, 0, 42201, 15521, 37504, 43877, 21389, 42372, 0, 0, 0, 35395, 0, 34299, 0],[30464, 40436, 20634, -1, 1698074180, 0, 1820327575, -1252808821, -1116383171, 0, -2068593163, 1409663865, 1952995215, -1452619800, 2083897157, 0, -1082026723, 1429473747, 0, -1923325954, -1992014956, 0, 1759555592, 1868698716, 0, 1971900338, 0, 1529099621, 18981, 0, 0, 0, -1705567865, 1288996789, -2045288217, 0, 0, -1424629474, -1573769131, 1958362069, 0, -1451227735, 1795669431, 1382870005, -1667340802, 1186435945, 0, -1588621174, 1038579833, 0, 0, 454439721, 2098620291, 1564866185, 1680489136, 1729774721, 0, 261618423, 1439888071, 0, -1142655448, 0, 0, 0, 215452698, 0, 1848665869, 0, 1419515855, 1897837464, 0, 1536728766, 0, 970808904, 0, 106578912, 2027962670, 1620230701, 71926914, 905616946],[-1534926674, -1665794076, -315051274, 1698074180, -1, -746991430, -711685738, 0, 0, 759066352, 24953, -391375895, -144021678, 0, 0, -1637187296, 0, 0, 790371385, -1030735676, -66054378, 0, -559602263, -618316024, 1172519762, 0, 520539036, -229670268, -2140042634, 1085133131, 1380719244, 1462850763, -518081166, -1186046305, 0, 1278656367, -832000677, -744855721, 0, -108646649, 342418600, 0, -361205153, -959750903, -215729069, 0, 865077686, -1270583991, 0, 491229135, 919357788, 0, -1129647719, -672647644, -807156931, 0, 320198227, -926557739, -1752362416, 1637462622, 35430, 9202, 0, 0, -1565377948, 42784, 0, 0, 0, -1444950965, 1876406985, -556179955, 0, -380373345, 0, 0, 1454124171, 0, 0, 45463],[0, 21407, 0, 0, -746991430, -1, 569343565, 10771, 1189543911, 0, 0, 0, 1239827081, -1875343462, 9364280, 1057653062, 16576, 0, 41671, -176882290, 23369, 38824, 39908, 0, 23660, 40946, 42448, 0, 43571, 0, 35643, 28365, -1538017634, 0, 13177, 0, 624036655, 27101, 45014, 0, 41653, 29416, 35831, 0, 0, 31533, 41934, 0, 0, 0, 0, 43641, 28781, 37852, 0, 28369, 0, 43193, 0, 0, 13965, 0, 17670, 40685, 32422, 0, 0, 27031, 41831, 0, 30119, 41067, 0, 32169, 22408, 44192, 35045, 44206, 45490, 0],[-361886313, -355168829, -740742300, 1820327575, -711685738, 569343565, -1, 37619, 37652, 28088, 45301, -233241730, 0, 0, -170419722, 14324, 0, -917169, 38734, 0, 0, 0, -28008597, 0, 1951424374, -239370070, 1711468884, -138299921, -1264756571, 0, 20670, 0, 0, -22136360, 25272, 0, 0, 43814, 35966, -155314464, 42652, 20423, -79898688, 0, -1108628435, 0, 0, 0, -335568443, 43196, 391688726, -253880769, -246447655, 1323779477, 0, 0, 0, 0, 20998, 1546123877, 33020, 26886, 22762, 27826, -1665158277, 1717237622, 0, 0, 0, 34410, 0, 36568, 428000351, 27165, 1087059753, 29114, 0, 17749, 11664, 33548],[1469833298, -2098527477, 652041726, -1252808821, 0, 10771, 37619, -1, -978519900, 0, 0, 32859, 0, 0, 32460, 0, -795817420, -1211135176, 0, -1788609358, -1176272564, -1697272663, -1748155187, 33397, -795965811, 0, 0, -2100802863, 13272, 0, -814449017, -1713575265, -1866307854, -2118101587, 0, -1617798603, 45353, -1080570085, -1908392705, 0, -1701493795, 0, 16762, -1908408821, 0, 43855, 0, 0, 13402, -1152864247, 0, -2113361789, 0, 31904, 0, -1533750171, -1893979758, 36976, 23947, 0, -750183203, -1826878932, -1172228540, -1764081480, -1381720783, 37560, -1388119053, 0, -1317164187, 0, 0, -1937683569, 0, -1147049076, -1270256921, -2028846660, -1424599307, 0, 34403, 0],[1554433641, -2097247501, -1805914391, -1116383171, 0, 1189543911, 37652, -978519900, -1, -768577076, 14851, 35337, 35647, 0, 0, 0, -1308794746, -1255439600, 0, 1663948699, -1090257864, -2116045318, -823579550, 30893, 0, 0, 0, 0, 0, -1916934500, 0, 31544, 0, -1706633190, 0, 0, 28542, -1479391776, -705049347, -1933898814, -1432896766, -1028396607, 34466, 0, -1205505388, 0, -1955732267, -1692548961, 33838, 0, 0, -776217678, 0, 30663, 41900, -1409512690, -1903594369, 21554, 0, -1907304611, 0, -1049250331, -1527474627, -1963175947, -2098981272, 0, 0, -1534179057, -1611378687, -1099002603, -1841900331, -2023354477, -1536579348, -1815462011, -991900059, -1178576396, -1101461156, -1300282677, -1033080828, 0],[21437, 0, 41279, 0, 759066352, 0, 28088, 0, -768577076, -1, 16802, 774735093, 27300, 18500, 45847, 12401, -1615356401, 1960562341, 1873351092, 40601, -1005944433, 0, 17335, 21199, 1794911766, 0, 655197764, 39119, 41952, 0, 0, 0, 23019, 35961, 0, 339117464, 0, -1702714270, 0, 25913, 1902146163, 0, 32773, 0, 45981, 0, 1277131862, -743669811, 24359, 1921199641, 1238529705, 36839, 0, 0, 32268, 31616, 1353853071, 38063, 24789, 1650617479, -2064735585, 1963511673, 1950118006, 0, 25923, 38340, 46221, 1647088782, 38911, 29499, 34681942, 36865, 0, 7851, 0, 16291, 0, 43578, 40896, 44226],[-1354465162, 1482457568, 0, -2068593163, 24953, 0, 45301, 0, 14851, 16802, -1, 43974, 17114, 0, -674687335, -1531576654, -1114584537, 0, 46258, 0, -1192526271, 0, 17243, -1990802513, 39859, 22446, -2065815566, -1918799978, 0, -2016049742, 0, 42621, -1814733963, 0, 0, -1524379726, 0, 0, -1168137861, 41762, -1863726826, 0, 0, 0, 0, 0, 36997, 24677, 39708, 0, 0, -1678491260, -1856360851, 25754, -1375505216, 6754, 0, -1935007128, -1789551579, 42414, 0, 0, 33545, -1298477425, 43534, -1057457006, 18612, -1844991908, 43880, 35773, 0, 30368, 28283, 32647, 22339, 0, 0, 32593, 44004, 2597],[-1905640944, 0, 0, 1409663865, -391375895, 0, -233241730, 32859, 35337, 774735093, 43974, -1, 0, -1027693867, -800902365, 0, 14925, -340328391, 39836, 37377, 0, 7501, -775113691, -368792265, 0, 0, 25331, -59781015, 0, 36386, 1347812247, 16164, -1039677917, -570704690, 41173, 37792, 35645, 25204, 34017, -758816213, 0, 35791, -186113244, 0, -267456412, 0, 23923, 0, -1258289900, 40863, 31014, -833283207, -601025374, 0, -1648006720, -1217124747, 6895, 0, -573515279, 9137, 27915, 36164, 36986, 0, -618278971, 0, 0, 29776, 0, 32768, 0, 45385, 0, 0, 1282435126, 42990, 0, 43922, 27444, 25222],[-892676381, -2114141794, 0, 1952995215, -144021678, 1239827081, 0, 0, 35647, 27300, 17114, 0, -1, 8715, -48367922, 0, 0, 0, 32240, 0, -857072124, 0, -207819712, -112884770, 38102, -9031740, 0, -772583795, -1436282732, 9599, 0, 19082, 33792, 0, 19243, 18927, 39962, 0, 0, -209766432, 0, 22725, -72419838, 0, 45425, -671732086, 6423, 46097, -611969429, 25516, 33827, -258813936, 221743908, 0, 37769, 0, 30467, 37468, 0, 28645, 27722, 0, 45091, 37126, 25638, 658479341, 0, 0, 12935, 35246, 43714, 0, 1118153058, 35605, 30619, 20302, 0, 0, 25225, 46227],[0, 1065269346, 0, -1452619800, 0, -1875343462, 0, 0, 0, 18500, 0, -1027693867, 8715, -1, 0, 0, -1156327123, 9270, 30912, -868904709, 0, 0, 32539, 18446, 42551, 5758, -1534860355, 0, 0, -1381222657, 18854, 43736, -1354144494, 0, -1777132761, -2068915755, -1275764142, 0, -1303079246, 37085, -2028073130, 0, 0, 0, -1030083559, 27918, 0, 37771, 0, -1253370275, 24751, 30541, 0, 31972, 3858, 32600, 44063, 0, 0, 19427, 0, -1714130906, 15996, 30275, 24241, -1784017927, 35383, 22327, 28226, 26262, 0, 0, 23664, 0, 23113, 39860, 20744, 0, 16122, 23650],[0, -805270208, -625626408, 2083897157, 0, 9364280, -170419722, 32460, 0, 45847, -674687335, -800902365, -48367922, 0, -1, 40262, 29865, -721460418, 0, 0, 30781, 21383, -171809970, -240361770, 26698, -210837292, 0, -54549915, -1399585855, 37035, 46321, 0, 16224, -565618708, 13254, 0, 31422, 0, 0, -117686924, 0, 21623, 0, 0, 0, -980736158, 25924, -36690218, -1108241303, 0, 0, -330793531, -3330611, 816361347, 39781, 0, 32942, 40230, 38597, 0, 0, 0, 33734, 38741, 0, 0, 0, 39488, 19041, 33145, 42189, 0, 0, 26852, 13370, 26214, 5629, 0, 0, 16575],[0, 28725, 22690, 0, -1637187296, 1057653062, 14324, 0, 0, 12401, -1531576654, 0, 0, 0, 40262, -1, 0, 0, 40447, -1613677956, 42233, 25994, 0, 27031, 32832, 42166, 42771, 19787, 0, 0, 0, 1878079466, 0, 27015, 33690, 41181, 32371, 15429, 37188, 16528, 0, 35369, 0, 29009, -533865135, 45457, 23643, 34563, 35270, 36846, 0, 0, 37764, 25053, 44746, 43873, 22881, 0, 20326, 0, 27673, 0, 39186, 0, 45113, 121543180, 23834, 38516, 35055, 39771, 29265, 0, 34176, 4094, 39229, 6841, 0, 33849, 0, 40273],[1103198942, 27412, 0, -1082026723, 0, 16576, 0, -795817420, -1308794746, -1615356401, -1114584537, 14925, 0, -1156327123, 29865, 0, -1, 4860, -1446151798, -1420095953, -1817509958, 0, 17928, 29944, -1118509167, 43561, 0, 0, 0, 0, -2097271330, 44803, -1290253853, -2056024155, -1014981397, -2073890923, 18438, -1668840018, -410633894, -2033892165, 0, -1802946446, 15421, 18069, -1875579465, 46017, 0, -1642273369, 22354, 0, -1618679492, 29140, 46020, 44870, 44430, 44596, -1908486889, 40696, 5593, 37289, 327580086, 0, 0, -1973776421, 32543, 23803, 46076, 36313, 0, 30569, 0, 25257, -1365890126, 38070, -1592170225, 27633, 0, 35491, 16548, 0],[-1772236697, -985637464, -1815540964, 1429473747, 0, 0, -917169, -1211135176, -1255439600, 1960562341, 0, -340328391, 0, 9270, -721460418, 0, 4860, -1, 0, 0, 44085, 0, -916507541, -472534678, 22237, -797291319, 14724, -825153955, 0, -2074386011, 42106, 5989, 32773, -1105940498, 37528, 0, 23381, 41825, 25780, -4736462, 28202, 0, 0, -15969118, -641265573, 0, 39719, -151009079, -1114270884, 42152, 0, -698444353, -383352390, -465568084, -1372522705, -508945811, 22818, 38287, 44070, 39726, 29175, 25752, 0, 0, 25392, 0, -668787228, 24501, 45379, 0, 0, 36662, -1521745462, 31382, 0, 20003, 36693, 41985, 44387, 0],[42120, 0, 0, 0, 790371385, 41671, 38734, 0, 0, 1873351092, 46258, 39836, 32240, 30912, 0, 40447, -1446151798, 0, -1, 41442, -1508750085, 454601773, 43138, 10430, 0, 26329, 35711, 0, 33495, 198576212, 1555749681, 31292, 0, 0, 0, 34389, 32001, 0, -1868773923, 11087, 25104, -2106168158, 34257, 22057, 0, 36066, 38630, 0, 27542, 0, 0, 40619, 36347, 46323, 39407, 42303, 0, 30667, 0, 0, 0, 4367, 37918, 509363235, 34307, 0, 40002, 45020, 0, 29954, 0, 33033, 350723865, 37619, 0, 37688, 0, 23937, 33859, 21947],[-1273149695, 2011883009, -1757242610, -1923325954, -1030735676, -176882290, 0, -1788609358, 1663948699, 40601, 0, 37377, 0, -868904709, 0, -1613677956, -1420095953, 0, 41442, -1, -38814831, 0, 0, 31105, 0, 39166, 0, 40291, -1865885879, -1247228651, 38860, 0, -373915914, 0, 0, 0, 0, 0, -1826519760, 0, 0, 44661, 17518, 0, -1933866374, 27640, 20351, 0, 0, -1217148083, 0, -404655745, -818779799, 0, 0, 0, 0, 0, -1858785843, 0, 0, 0, 0, -2008931502, 34084, -897315569, 0, -513207058, 0, 24803, 0, 31663, 0, 0, 1770141345, 38349, 0, 0, 26742, 0],[1848941185, 2120301529, -1866379529, -1992014956, -66054378, 23369, 0, -1176272564, -1090257864, -1005944433, -1192526271, 0, -857072124, 0, 30781, 42233, -1817509958, 44085, -1508750085, -38814831, -1, -459863140, 45570, 0, -1919922714, 0, -1715550561, 39544, 0, -2070904653, -1589359548, 25326, 0, 0, 0, -751779682, 0, 0, -176751727, 31656, 0, -619874762, 22508, 41271, 0, 36741, 0, 0, 42906, 0, 0, -302343429, -783200223, 36076, 42485, 0, 0, 35992, 19523, 0, 0, -1076676247, -2113908088, 0, 29090, 0, 2110931712, 0, -1467300228, 0, 0, 18739, -1493885594, 0, -1282798835, 0, 38829, 0, 24655, 0],[40287, 18377, 0, 0, 0, 38824, 0, -1697272663, -2116045318, 0, 0, 7501, 0, 0, 21383, 25994, 0, 0, 454601773, 0, -459863140, -1, 23386, 39241, 0, 46019, 31726, 21502, 0, 20575, 17425, 2996, 0, 0, -1027523663, 37684, 0, -1358307219, 0, 15529, 0, -1115405015, 0, 45864, -756642643, 43153, 0, -372975424, 3815, 0, 0, 37621, 0, 42087, 33361, 0, 0, 46088, 35590, 0, 37765, 0, 24223, 40304, 44391, 24173, 0, 13073, 26317, 12298, 0, 30208, 0, 41706, 0, 0, 10071, 28856, 39883, 42127],[-2102642962, 0, -405658418, 1759555592, -559602263, 39908, -28008597, -1748155187, -823579550, 17335, 17243, -775113691, -207819712, 32539, -171809970, 0, 17928, -916507541, 43138, 0, 45570, 23386, -1, -414175345, 19708, 0, 0, -943924982, -1587390488, 0, 32918, 35503, 28643, -826767087, 0, 39850, 25645, 0, -724764125, -96788375, 39030, 0, -79778247, -836340236, -2135889654, 0, 29749, -1139517219, 0, 20943, 12727, 0, -896642762, 0, 0, -519849194, 34938, -77860918, -1750966715, 0, 0, 0, 37372, 13586, 0, 31423, 0, 0, 0, -1231418753, 0, -1144514157, 21597, -183404343, 291876133, 0, -483745073, 28717, 45587, 3771],[0, -2140708116, -1479960806, 1868698716, -618316024, 0, 0, 33397, 30893, 21199, -1990802513, -368792265, -112884770, 18446, -240361770, 27031, 29944, -472534678, 10430, 31105, 0, 39241, -414175345, -1, 45288, -365083350, 0, 0, -1900809001, 23949, 28893, 4569, 21811, -617322283, 45224, 3432, 3005, 46210, 26411, 0, 45978, 28231, -228421759, -985809732, 40185, -1209642146, 44448, 0, -297644388, 40286, 12916, -94776434, -120263186, 0, 327433663, 0, 31642, 21678, 0, 45915, 17193, 43960, 33654, 0, 0, 41576, 1228682024, 33470, 25447, 26081, 0, 43618, 6649, 34584, 37070, 41654, 36051, 0, 0, 0],[44951, 0, 34677, 0, 1172519762, 23660, 1951424374, -795965811, 0, 1794911766, 39859, 0, 38102, 42551, 26698, 32832, -1118509167, 22237, 0, 0, -1919922714, 0, 19708, 45288, -1, 0, 45371, 0, 12660, 16441, 0, 28683, 41926, 46205, -815776323, 33642, 34001, 0, -1250252966, 0, 6606, -1281965630, 30561, 0, 0, 30179, 4539, -1909294093, 26921, 43923, 44366, 0, 38249, 37011, 0, 43090, 0, 27333, 44905, 0, 40302, 0, 0, 35550, 43189, 29496, 13201, 0, 35379, 18427, 17766, 42179, 29754, 36978, 926724091, 0, 34756, 37784, 20260, 14147],[-1853073987, 0, -966978899, 1971900338, 0, 40946, -239370070, 0, 0, 0, 22446, 0, -9031740, 5758, -210837292, 42166, 43561, -797291319, 26329, 39166, 0, 46019, 0, -365083350, 0, -1, 45463, -662878089, -1494339988, 40304, 0, 35663, 41043, 0, 18236, 0, 27365, 18856, 7027, -94757902, 17368, 43436, -189725938, 0, 14484, -1065710804, 0, 44873, -154268093, 31735, 0, 0, 0, 0, 0, -187016029, 40437, -1488628153, 0, 7332, 38792, 40817, 42825, 43320, 34096, 0, 0, 0, 0, 20165, 0, 35841, 6337, 40399, 0, 13256, 21599, 15820, 0, 44640],[22654, 14050, 32866, 0, 520539036, 42448, 1711468884, 0, 0, 655197764, -2065815566, 25331, 0, -1534860355, 0, 42771, 0, 14724, 35711, 0, -1715550561, 31726, 0, 0, 45371, 45463, -1, 27097, 21588, 39247, 0, 0, 0, 33493, 0, 44802, 0, 0, -1893704566, 0, 0, 0, 46085, 25451, -552739827, 0, 31528, -476483109, 37556, 27046, 44830, 19936, 0, 37704, 0, 26844, 21532, 34085, 0, 12533, 44654, 30621, 15658, 0, 39097, 35869, 0, 43590, 45263, 40963, 46130, 14125, 0, 0, 9652, 23439, 21781, 0, 0, 19955],[-1560155345, -2084302324, -1153833886, 1529099621, -229670268, 0, -138299921, -2100802863, 0, 39119, -1918799978, -59781015, -772583795, 0, -54549915, 19787, 0, -825153955, 0, 40291, 39544, 21502, -943924982, 0, 0, -662878089, 27097, -1, -1432298127, 23951, 0, 34386, 40459, 0, 31971, 19802, 0, 35519, 44246, -723950721, 25228, 36469, -224368161, -590248039, 21273, -534245247, 30039, 41982, -202173636, 28037, 26438, -496581454, 0, -745796935, 686539008, -590109211, 0, 42320, 31861, 39787, 36720, 23584, 0, 0, 0, 45041, 0, 31547, 0, 0, 0, 40720, 0, 0, 27017, 32539, 43954, 35609, 43408, 25494],[0, 0, 0, 18981, -2140042634, 43571, -1264756571, 13272, 0, 41952, 0, 0, -1436282732, 0, -1399585855, 0, 0, 0, 33495, -1865885879, 0, 0, -1587390488, -1900809001, 12660, -1494339988, 21588, -1432298127, -1, 1503, 44256, 26066, -1321306443, 0, 18377, 0, 25034, 0, 0, -2033512975, 0, 0, -1914849426, -803503531, 0, -2016144769, 4328, 41425, 0, 0, 42147, 0, -1351670950, -1792379593, 0, -640517269, 0, 29359, 0, 16174, 22466, 44562, 0, 37137, 11072, 0, 31355, 40615, 36205, 43070, 37821, 34650, 37162, 0, 39034, 44490, 15841, 36416, 0, 45760],[28816, 40509, 37477, 0, 1085133131, 0, 0, 0, -1916934500, 0, -2016049742, 36386, 9599, -1381222657, 37035, 0, 0, -2074386011, 198576212, -1247228651, -2070904653, 20575, 0, 23949, 16441, 40304, 39247, 23951, 1503, -1, 0, 43031, -1915342570, 0, -1327821320, 14407, 23917, -1206372226, -837651994, 23046, 23492, -1859202359, 45810, 42776, 0, 34868, 45625, 20274, 39908, 0, 27061, 17666, 37065, 19240, 29820, 46248, 21617, 0, 29002, 0, 0, 34776, 45200, 33266, 22955, 32058, 35851, 12995, 0, 44098, 44364, 27157, 26077, 30737, 0, 0, 38009, 0, 0, 0],[36668, 0, 34982, 0, 1380719244, 35643, 20670, -814449017, 0, 0, 0, 1347812247, 0, 18854, 46321, 0, -2097271330, 42106, 1555749681, 38860, -1589359548, 17425, 32918, 28893, 0, 0, 0, 0, 44256, 0, -1, 31213, 42561, 28171, -1159963386, 0, 43163, -1997328521, -226430807, 30784, 0, -1656186805, 17185, 0, 30824, 23946, 8204, 0, 0, 41622, 0, 0, 21656, 0, 0, 36635, 0, 34746, 31476, 15995, 39355, 26543, 28398, 27368, 45722, 4675, 0, 38141, 23213, 43397, 34903, 45420, 38477, 0, 0, 41270, 0, 41375, 41650, 42677],[0, 0, 19635, 0, 1462850763, 28365, 0, -1713575265, 31544, 0, 42621, 16164, 19082, 43736, 0, 1878079466, 44803, 5989, 31292, 0, 25326, 2996, 35503, 4569, 28683, 35663, 0, 34386, 26066, 43031, 31213, -1, 34036, 23288, 0, 20803, 1277, 19412, 0, 43018, 27075, 33160, 0, 24719, 0, 0, 24489, 37769, 0, 25458, 11878, 0, 36670, 37028, 19113, 6134, 30951, 0, 36044, 0, 0, 19392, 20108, 30699, 37699, 30459, 0, 34118, 34319, 26305, 24840, 0, 19597, 25145, 0, 0, 36708, 18226, 41576, 0],[-1043577979, 676455759, 0, -1705567865, -518081166, -1538017634, 0, -1866307854, 0, 23019, -1814733963, -1039677917, 33792, -1354144494, 16224, 0, -1290253853, 32773, 0, -373915914, 0, 0, 28643, 21811, 41926, 41043, 0, 40459, -1321306443, -1915342570, 42561, 34036, -1, 27587, -1521700865, -1981368272, -1687825844, 0, -1934496027, 43232, -1660567484, 34846, 0, 0, -561754152, 20745, 44961, 29636, 0, 1964856847, 22806, 27586, 19868, 46165, 30153, 0, 42074, 0, 33189, 25469, 0, 0, 31243, 0, 40443, 22112, 0, 41161, 0, 7600, 33949, 40537, 43623, 0, 33438, 44369, 0, 0, 42877, 34058],[-1439467632, -1501099081, 0, 1288996789, -1186046305, 0, -22136360, -2118101587, -1706633190, 35961, 0, -570704690, 0, 0, -565618708, 27015, -2056024155, -1105940498, 0, 0, 0, 0, -826767087, -617322283, 46205, 0, 33493, 0, 0, 0, 28171, 23288, 27587, -1, 0, 0, 0, 17331, 0, -113964259, 0, 43650, -93898053, -763506814, 35034, -1325471239, 0, 34773, 0, 0, 33666, -1738005289, -241356923, 0, 0, -620458258, 5043, -1225381814, 42316, 30024, 0, 19050, 41432, 0, 0, 39224, 18961, 35548, 44818, 42042, 0, 31173, 12454, 0, 16642, 0, 45659, 12226, 18320, 14189],[1749752684, 16692, 22553, -2045288217, 0, 13177, 25272, 0, 0, 0, 0, 41173, 19243, -1777132761, 13254, 33690, -1014981397, 37528, 0, 0, 0, -1027523663, 0, 45224, -815776323, 18236, 0, 31971, 18377, -1327821320, -1159963386, 0, -1521700865, 0, -1, 0, 43653, -831404255, 0, 5686, -1935404070, 0, 30222, 41008, -1543485888, 36768, 0, 0, 26156, -465379636, -1243456094, -1144445148, 0, 45516, 0, -663340513, -1709468772, 31422, 0, 0, -1346846600, -667401276, 0, 0, 44985, 46069, 0, 0, 0, -1005970463, -1321759856, 44178, 0, 11105, 45630, 18297, 44624, 30400, 0, 0],[26566, 36268, 30737, 0, 1278656367, 0, 0, -1617798603, 0, 339117464, -1524379726, 37792, 18927, -2068915755, 0, 41181, -2073890923, 0, 34389, 0, -751779682, 37684, 39850, 3432, 33642, 0, 44802, 19802, 0, 14407, 0, 20803, -1981368272, 0, 0, -1, 0, -1421307069, -1635558044, 28791, 0, -1822253058, 27206, 0, -960326200, 40794, 0, 15608, 36752, 26604, 26154, 30088, 21640, 24440, 0, 0, 22067, 0, 36989, 0, 0, 30168, 18863, 36747, 25937, 36115, 20010, 34520, 32708, 23155, 0, 0, 38008, 39765, 42856, 0, 10185, 45686, 19575, 0],[0, 9970, 28405, 0, -832000677, 624036655, 0, 45353, 28542, 0, 0, 35645, 39962, -1275764142, 31422, 32371, 18438, 23381, 32001, 0, 0, 0, 25645, 3005, 34001, 27365, 0, 0, 25034, 23917, 43163, 1277, -1687825844, 0, 43653, 0, -1, 5710, 0, 19080, 33455, 0, 0, 42068, 43050, 0, 31977, 35487, 21706, 38758, 37480, 0, 0, 0, 41949, 44120, 45277, 38591, 32101, 43975, 44756, 0, 3222, 36896, 35336, 43166, 0, 16217, 26521, 37686, 29157, 26599, 0, 19016, 0, 41620, 30743, 34611, 27406, 0],[1233441731, 0, 1332244248, -1424629474, -744855721, 27101, 43814, -1080570085, -1479391776, -1702714270, 0, 25204, 0, 0, 0, 15429, -1668840018, 41825, 0, 0, 0, -1358307219, 0, 46210, 0, 18856, 0, 35519, 0, -1206372226, -1997328521, 19412, 0, 17331, -831404255, -1421307069, 5710, -1, -110845325, 23254, 0, -1297349700, 31594, 20344, 19618, 33279, 0, -648176196, 17956, 0, 0, 45264, 12244, 20792, 0, 0, 0, 25289, 44426, -1819065307, -185843862, 15367, 38715, 37874, 6540, 25277, 46111, 6103, 42719, 33342, 0, 36152, 38303, 0, 0, 0, 28939, 0, 44273, 29061],[1985330471, 35679, 28267, -1573769131, 0, 45014, 35966, -1908392705, -705049347, 0, -1168137861, 34017, 0, -1303079246, 0, 37188, -410633894, 25780, -1868773923, -1826519760, -176751727, 0, -724764125, 26411, -1250252966, 7027, -1893704566, 44246, 0, -837651994, -226430807, 0, -1934496027, 0, 0, -1635558044, 0, -110845325, -1, 17903, -806018660, 0, 0, 32971, 45707, 41270, 0, 14612, 0, 21683, 11928, 39608, 0, 35271, 0, 0, 0, 23824, 0, 18530, 8087, 30867, 20324, 32069, 0, 34627, 0, 46240, 40025, 0, 0, 0, 14430, 40530, 38246, 0, 0, 25517, 0, 32171],[-1412584510, 0, 0, 1958362069, -108646649, 0, -155314464, 0, -1933898814, 25913, 41762, -758816213, -209766432, 37085, -117686924, 16528, -2033892165, -4736462, 11087, 0, 31656, 15529, -96788375, 0, 0, -94757902, 0, -723950721, -2033512975, 23046, 30784, 43018, 43232, -113964259, 5686, 28791, 19080, 23254, 17903, -1, 33429, 41652, -112099368, 0, 13584, 0, 38051, 0, -351129613, 33832, 27379, 0, 106270059, 24746, 0, 44290, 31710, 25951, 0, 0, 27085, 0, 0, 0, 0, 0, 0, 16628, 40803, 0, 18075, 38691, 42030, 22059, 23246, 44989, 39536, 0, 34105, 0],[44462, 41499, 0, 0, 342418600, 41653, 42652, -1701493795, -1432896766, 1902146163, -1863726826, 0, 0, -2028073130, 0, 0, 0, 28202, 25104, 0, 0, 0, 39030, 45978, 6606, 17368, 0, 25228, 0, 23492, 0, 27075, -1660567484, 0, -1935404070, 0, 33455, 0, -806018660, 33429, -1, 2097110512, 30970, 0, 35437, 29702, 33210, 38437, 0, 0, 42900, 42993, 33167, 38339, 0, 39475, 33746, 38690, 5230, 37984, 31695, 0, 0, 45842, 29272, 0, 33546, 0, 28724, 22493, 31638, 0, 20605, 22081, 45521, 44040, 0, 0, 0, 0],[1155290085, 0, -1686363471, -1451227735, 0, 29416, 20423, 0, -1028396607, 0, 0, 35791, 22725, 0, 21623, 35369, -1802946446, 0, -2106168158, 44661, -619874762, -1115405015, 0, 28231, -1281965630, 43436, 0, 36469, 0, -1859202359, -1656186805, 33160, 34846, 43650, 0, -1822253058, 0, -1297349700, 0, 41652, 2097110512, -1, 35456, 8657, 33509, 0, 0, 21207, 45623, 0, 0, 37538, 0, 14389, 0, 38435, 0, 0, 38072, 37599, 0, 31228, 0, 37230, 0, 31396, 36735, 45175, 19654, 23058, 28795, 35787, 0, 14900, 42748, 25605, 0, 13618, 0, 33980],[0, -1160505578, -1119654167, 1795669431, -361205153, 35831, -79898688, 16762, 34466, 32773, 0, -186113244, -72419838, 0, 0, 0, 15421, 0, 34257, 17518, 22508, 0, -79778247, -228421759, 30561, -189725938, 46085, -224368161, -1914849426, 45810, 17185, 0, 0, -93898053, 30222, 27206, 0, 31594, 0, -112099368, 30970, 35456, -1, 0, 28283, -524450532, 0, 23853, -346011152, 22343, 45933, -1918730543, 0, 29627, 23775, 0, 0, 40000, 0, 39347, 0, 44587, 0, 0, 27466, 19150, 19998, 0, 27412, 0, 23247, 41819, 0, 0, 35401, 39920, 21327, 38226, 30183, 0],[-1557838537, -928836346, -898267464, 1382870005, -959750903, 0, 0, -1908408821, 0, 0, 0, 0, 0, 0, 0, 29009, 18069, -15969118, 22057, 0, 41271, 45864, -836340236, -985809732, 0, 0, 25451, -590248039, -803503531, 42776, 0, 24719, 0, -763506814, 41008, 0, 42068, 20344, 32971, 0, 0, 8657, 0, -1, 17796, -1089038887, 45934, 0, -1825960067, 4923, 45228, -1354885917, 0, -127682786, -1570225485, -271290824, 38469, 0, 20174, 38362, 0, 0, 24661, 33313, 36640, 0, 0, 17154, 38921, 46156, 7120, 32122, 44588, 22215, 0, 0, 45678, 0, 37090, 0],[-1633848721, 1684388779, 1812356627, -1667340802, -215729069, 0, -1108628435, 0, -1205505388, 45981, 0, -267456412, 45425, -1030083559, 0, -533865135, -1875579465, -641265573, 0, -1933866374, 0, -756642643, -2135889654, 40185, 0, 14484, -552739827, 21273, 0, 0, 30824, 0, -561754152, 35034, -1543485888, -960326200, 43050, 19618, 45707, 13584, 35437, 33509, 28283, 17796, -1, 0, 44555, 0, 0, 40026, 0, 40662, 0, 11142, 0, 0, 34435, 6497, 15892, 7462, 0, 44796, 28144, 28514, 44696, 0, 30468, 13145, 29135, 41111, 44758, 44559, 39295, 28348, 32180, 26913, 31095, 38324, 43659, 0],[0, 0, -1692150424, 1186435945, 0, 31533, 0, 43855, 0, 0, 0, 0, -671732086, 27918, -980736158, 45457, 46017, 0, 36066, 27640, 36741, 43153, 0, -1209642146, 30179, -1065710804, 0, -534245247, -2016144769, 34868, 23946, 0, 20745, -1325471239, 36768, 40794, 0, 33279, 41270, 0, 29702, 0, -524450532, -1089038887, 0, -1, 16620, 39414, 29867, 36308, 11046, 0, 36365, 19618, 12001, 21488, 45664, 0, 0, 0, 28945, 0, 0, 7939, 0, 0, 17556, 23730, 31807, 0, 26514, 21947, 36263, 33008, 0, 0, 14593, 0, 43810, 0],[23181, 0, 13282, 0, 865077686, 41934, 0, 0, -1955732267, 1277131862, 36997, 23923, 6423, 0, 25924, 23643, 0, 39719, 38630, 20351, 0, 0, 29749, 44448, 4539, 0, 31528, 30039, 4328, 45625, 8204, 24489, 44961, 0, 0, 0, 31977, 0, 0, 38051, 33210, 0, 0, 45934, 44555, 16620, -1, 40350, 24863, 35596, 36108, 35254, 0, 0, 42297, 20750, 0, 0, 0, 45223, 21517, 43349, 44047, 0, 36490, 43185, 0, 0, 0, 28122, 15403, 0, 0, 13597, 0, 0, 40126, 28969, 45865, 0],[2012403349, 0, 43780, -1588621174, -1270583991, 0, 0, 0, -1692548961, -743669811, 24677, 0, 46097, 37771, -36690218, 34563, -1642273369, -151009079, 0, 0, 0, -372975424, -1139517219, 0, -1909294093, 44873, -476483109, 41982, 41425, 20274, 0, 37769, 29636, 34773, 0, 15608, 35487, -648176196, 14612, 0, 38437, 21207, 23853, 0, 0, 39414, 40350, -1, 42259, 42903, 36096, 23431, 22172, 30756, 14781, 0, 40955, 29265, 24505, 0, 18058, 0, 36933, 0, 41364, 0, 0, 0, 15977, 26761, 0, 23268, 45384, 0, 31807, 0, 43907, 25295, 13368, 0],[0, 0, -1525469514, 1038579833, 0, 0, -335568443, 13402, 33838, 24359, 39708, -1258289900, -611969429, 0, -1108241303, 35270, 22354, -1114270884, 27542, 0, 42906, 3815, 0, -297644388, 26921, -154268093, 37556, -202173636, 0, 39908, 0, 0, 0, 0, 26156, 36752, 21706, 17956, 0, -351129613, 0, 45623, -346011152, -1825960067, 0, 29867, 24863, 42259, -1, 32597, 0, 1682651738, 38780, 26048, 44815, 0, 0, 0, 34674, 23617, 0, 45958, 23189, 38698, 40573, 40360, 0, 33932, 26781, 0, 0, 43081, 0, 37525, 21801, 33393, 46216, 40472, 44855, 30909],[36955, 26306, 46145, 0, 491229135, 0, 43196, -1152864247, 0, 1921199641, 0, 40863, 25516, -1253370275, 0, 36846, 0, 42152, 0, -1217148083, 0, 0, 20943, 40286, 43923, 31735, 27046, 28037, 0, 0, 41622, 25458, 1964856847, 0, -465379636, 26604, 38758, 0, 21683, 33832, 0, 0, 22343, 4923, 40026, 36308, 35596, 42903, 32597, -1, 39655, 20554, 0, 22522, 0, 2074, 33264, 34192, 18559, 32042, 31584, 46328, 32499, 0, 43696, 39932, 0, 0, 36246, 23825, 39568, 40893, 19673, 45724, 28236, 22038, 46208, 0, 27856, 0],[24306, 0, 0, 0, 919357788, 0, 391688726, 0, 0, 1238529705, 0, 31014, 33827, 24751, 0, 0, -1618679492, 0, 0, 0, 0, 0, 12727, 12916, 44366, 0, 44830, 26438, 42147, 27061, 0, 11878, 22806, 33666, -1243456094, 26154, 37480, 0, 11928, 27379, 42900, 0, 45933, 45228, 0, 11046, 36108, 36096, 0, 39655, -1, 27433, 40957, 37532, 0, 0, 28968, 30697, 31688, 13214, 29551, 0, 16973, 0, 33310, 26644, 38827, 30596, 0, 32993, 0, 25913, 40864, 0, 40662, 0, 33363, 42181, 32210, 39986],[-1862490140, -1934055624, 0, 454439721, 0, 43641, -253880769, -2113361789, -776217678, 36839, -1678491260, -833283207, -258813936, 30541, -330793531, 0, 29140, -698444353, 40619, -404655745, -302343429, 37621, 0, -94776434, 0, 0, 19936, -496581454, 0, 17666, 0, 0, 27586, -1738005289, -1144445148, 30088, 0, 45264, 39608, 0, 42993, 37538, -1918730543, -1354885917, 40662, 0, 35254, 23431, 1682651738, 20554, 27433, -1, 32362, 0, 0, 35080, 0, 13238, 43483, 0, 38747, 2943, 28218, 40294, 19188, 28350, 0, 40898, 0, 40659, 45370, 44911, 0, 17487, 39436, 34787, 27761, 0, 41918, 15942],[-1901866820, -953217219, -1326894457, 2098620291, -1129647719, 28781, -246447655, 0, 0, 0, -1856360851, -601025374, 221743908, 0, -3330611, 37764, 46020, -383352390, 36347, -818779799, -783200223, 0, -896642762, -120263186, 38249, 0, 0, 0, -1351670950, 37065, 21656, 36670, 19868, -241356923, 0, 21640, 0, 12244, 0, 106270059, 33167, 0, 0, 0, 0, 36365, 0, 22172, 38780, 0, 40957, 32362, -1, 0, 24408, 0, 0, 32429, 46274, 35727, 43332, 39034, 0, 30053, 17682, 21367, 42181, 33336, 0, 42779, 0, 44207, 0, 42643, 0, 39548, 0, 0, 40774, 15321],[0, 0, 36007, 1564866185, -672647644, 37852, 1323779477, 31904, 30663, 0, 25754, 0, 0, 31972, 816361347, 25053, 44870, -465568084, 46323, 0, 36076, 42087, 0, 0, 37011, 0, 37704, -745796935, -1792379593, 19240, 0, 37028, 46165, 0, 45516, 24440, 0, 20792, 35271, 24746, 38339, 14389, 29627, -127682786, 11142, 19618, 0, 30756, 26048, 22522, 37532, 0, 0, -1, 0, 0, 31031, 0, 0, 0, 31696, 38670, 8243, 0, 42601, 43282, 0, 0, 14664, 19924, 29377, 0, 37725, 15487, 0, 35479, 8675, 0, 0, 5257],[0, -2034823643, 27457, 1680489136, -807156931, 0, 0, 0, 41900, 32268, -1375505216, -1648006720, 37769, 3858, 39781, 44746, 44430, -1372522705, 39407, 0, 42485, 33361, 0, 327433663, 0, 0, 0, 686539008, 0, 29820, 0, 19113, 30153, 0, 0, 0, 41949, 0, 0, 0, 0, 0, 23775, -1570225485, 0, 12001, 42297, 14781, 44815, 0, 0, 0, 24408, 0, -1, 0, 0, 15504, 33778, 18611, 21809, 44298, 0, 45726, 37999, 4712, 16193, 0, 0, 35958, 14020, 44193, 19884, 11083, 27032, 0, 0, 33866, 21523, 39812],[-1673737511, 0, 0, 1729774721, 0, 28369, 0, -1533750171, -1409512690, 31616, 6754, -1217124747, 0, 32600, 0, 43873, 44596, -508945811, 42303, 0, 0, 0, -519849194, 0, 43090, -187016029, 26844, -590109211, -640517269, 46248, 36635, 6134, 0, -620458258, -663340513, 0, 44120, 0, 0, 44290, 39475, 38435, 0, -271290824, 0, 21488, 20750, 0, 0, 2074, 0, 35080, 0, 0, 0, -1, 34930, 0, 41107, 14016, 34316, 27306, 39823, 0, 0, 15734, 24857, 0, 31821, 0, 39164, 32684, 4805, 26413, 43037, 23905, 0, 9907, 41075, 34859],[36068, 0, 33460, 0, 320198227, 0, 0, -1893979758, -1903594369, 1353853071, 0, 6895, 30467, 44063, 32942, 22881, -1908486889, 22818, 0, 0, 0, 0, 34938, 31642, 0, 40437, 21532, 0, 0, 21617, 0, 30951, 42074, 5043, -1709468772, 22067, 45277, 0, 0, 31710, 33746, 0, 0, 38469, 34435, 45664, 0, 40955, 0, 33264, 28968, 0, 0, 31031, 0, 34930, -1, 0, 41284, 38672, 22598, 0, 0, 0, 33303, 0, 30945, 0, 31067, 31524, 0, 0, 27800, 32578, 0, 35483, 46037, 33863, 0, 37973],[0, 35350, 29112, 261618423, -926557739, 43193, 0, 36976, 21554, 38063, -1935007128, 0, 37468, 0, 40230, 0, 40696, 38287, 30667, 0, 35992, 46088, -77860918, 21678, 27333, -1488628153, 34085, 42320, 29359, 0, 34746, 0, 0, -1225381814, 31422, 0, 38591, 25289, 23824, 25951, 38690, 0, 40000, 0, 6497, 0, 0, 29265, 0, 34192, 30697, 13238, 32429, 0, 15504, 0, 0, -1, 33031, 0, 23886, 0, 0, 42603, 0, 5671, 40199, 21977, 26131, 0, 0, 41984, 0, 24492, 0, 38520, 0, 36133, 42165, 41696],[0, 40017, 38120, 1439888071, -1752362416, 0, 20998, 23947, 0, 24789, -1789551579, -573515279, 0, 0, 38597, 20326, 5593, 44070, 0, -1858785843, 19523, 35590, -1750966715, 0, 44905, 0, 0, 31861, 0, 29002, 31476, 36044, 33189, 42316, 0, 36989, 32101, 44426, 0, 0, 5230, 38072, 0, 20174, 15892, 0, 0, 24505, 34674, 18559, 31688, 43483, 46274, 0, 33778, 41107, 41284, 33031, -1, 0, 0, 23371, 0, 0, 45143, 0, 0, 0, 15641, 0, 0, 0, 37417, 11970, 44963, 29157, 0, 31494, 0, 0],[44395, 0, 37846, 0, 1637462622, 0, 1546123877, 0, -1907304611, 1650617479, 42414, 9137, 28645, 19427, 0, 0, 37289, 39726, 0, 0, 0, 0, 0, 45915, 0, 7332, 12533, 39787, 16174, 0, 15995, 0, 25469, 30024, 0, 0, 43975, -1819065307, 18530, 0, 37984, 37599, 39347, 38362, 7462, 0, 45223, 0, 23617, 32042, 13214, 0, 35727, 0, 18611, 14016, 38672, 0, 0, -1, 38551, 37094, 19133, 33388, 0, 0, 45204, 25939, 38103, 27576, 44171, 35663, 34514, 0, 26823, 38933, 40809, 22978, 0, 0],[1697458512, 0, 12723, -1142655448, 35430, 13965, 33020, -750183203, 0, -2064735585, 0, 27915, 27722, 0, 0, 27673, 327580086, 29175, 0, 0, 0, 37765, 0, 17193, 40302, 38792, 44654, 36720, 22466, 0, 39355, 0, 0, 0, -1346846600, 0, 44756, -185843862, 8087, 27085, 31695, 0, 0, 0, 0, 28945, 21517, 18058, 0, 31584, 29551, 38747, 43332, 31696, 21809, 34316, 22598, 23886, 0, 38551, -1, 45773, 0, 43692, 0, 40491, 0, 37354, 32375, 0, 0, 28557, 40691, 39122, 39047, 33760, 0, 29482, 35599, 36101],[5784, 6653, 0, 0, 9202, 0, 26886, -1826878932, -1049250331, 1963511673, 0, 36164, 0, -1714130906, 0, 0, 0, 25752, 4367, 0, -1076676247, 0, 0, 43960, 0, 40817, 30621, 23584, 44562, 34776, 26543, 19392, 0, 19050, -667401276, 30168, 0, 15367, 30867, 0, 0, 31228, 44587, 0, 44796, 0, 43349, 0, 45958, 46328, 0, 2943, 39034, 38670, 44298, 27306, 0, 0, 23371, 37094, 45773, -1, 30025, 38019, 0, 38594, 42431, 0, 14773, 36335, 0, 40680, 0, 0, 0, 45704, 0, 41655, 20045, 32477],[44219, 0, 14872, 0, 0, 17670, 22762, -1172228540, -1527474627, 1950118006, 33545, 36986, 45091, 15996, 33734, 39186, 0, 0, 37918, 0, -2113908088, 24223, 37372, 33654, 0, 42825, 15658, 0, 0, 45200, 28398, 20108, 31243, 41432, 0, 18863, 3222, 38715, 20324, 0, 0, 0, 0, 24661, 28144, 0, 44047, 36933, 23189, 32499, 16973, 28218, 0, 8243, 0, 39823, 0, 0, 0, 19133, 0, 30025, -1, 0, 32102, 25861, 4860, 42401, 0, 43489, 0, 0, 37512, 26924, 0, 17540, 34811, 12565, 21223, 26146],[11474, 30347, 23166, 0, 0, 40685, 27826, -1764081480, -1963175947, 0, -1298477425, 0, 37126, 30275, 38741, 0, -1973776421, 0, 509363235, -2008931502, 0, 40304, 13586, 0, 35550, 43320, 0, 0, 37137, 33266, 27368, 30699, 0, 0, 0, 36747, 36896, 37874, 32069, 0, 45842, 37230, 0, 33313, 28514, 7939, 0, 0, 38698, 0, 0, 40294, 30053, 0, 45726, 0, 0, 42603, 0, 33388, 43692, 38019, 0, -1, 0, 14804, 0, 8718, 0, 32242, 0, 0, 0, 0, 23977, 22087, 0, 43095, 40631, 0],[-2096120362, 0, 0, 215452698, -1565377948, 32422, -1665158277, -1381720783, -2098981272, 25923, 43534, -618278971, 25638, 24241, 0, 45113, 32543, 25392, 34307, 34084, 29090, 44391, 0, 0, 43189, 34096, 39097, 0, 11072, 22955, 45722, 37699, 40443, 0, 44985, 25937, 35336, 6540, 0, 0, 29272, 0, 27466, 36640, 44696, 0, 36490, 41364, 40573, 43696, 33310, 19188, 17682, 42601, 37999, 0, 33303, 0, 45143, 0, 0, 0, 32102, 0, -1, 0, 35488, 27547, 41442, 0, 17791, 28899, 32895, 24498, 19273, 37666, 0, 0, 0, 17488],[0, 34899, 0, 0, 42784, 0, 1717237622, 37560, 0, 38340, -1057457006, 0, 658479341, -1784017927, 0, 121543180, 23803, 0, 0, -897315569, 0, 24173, 31423, 41576, 29496, 0, 35869, 45041, 0, 32058, 4675, 30459, 22112, 39224, 46069, 36115, 43166, 25277, 34627, 0, 0, 31396, 19150, 0, 0, 0, 43185, 0, 40360, 39932, 26644, 28350, 21367, 43282, 4712, 15734, 0, 5671, 0, 0, 40491, 38594, 25861, 14804, 0, -1, 8297, 0, 0, 32216, 0, 40032, 37596, 37053, 37031, 43419, 39726, 0, 0, 0],[-1597029648, 0, 0, 1848665869, 0, 0, 0, -1388119053, 0, 46221, 18612, 0, 0, 35383, 0, 23834, 46076, -668787228, 40002, 0, 2110931712, 0, 0, 1228682024, 13201, 0, 0, 0, 31355, 35851, 0, 0, 0, 18961, 0, 20010, 0, 46111, 0, 0, 33546, 36735, 19998, 0, 30468, 17556, 0, 0, 0, 0, 38827, 0, 42181, 0, 16193, 24857, 30945, 40199, 0, 45204, 0, 42431, 4860, 0, 35488, 8297, -1, 0, 45760, 28126, 33408, 38358, 35194, 0, 14893, 0, 18095, 32020, 24778, 42966],[39729, 45145, 42201, 0, 0, 27031, 0, 0, -1534179057, 1647088782, -1844991908, 29776, 0, 22327, 39488, 38516, 36313, 24501, 45020, -513207058, 0, 13073, 0, 33470, 0, 0, 43590, 31547, 40615, 12995, 38141, 34118, 41161, 35548, 0, 34520, 16217, 6103, 46240, 16628, 0, 45175, 0, 17154, 13145, 23730, 0, 0, 33932, 0, 30596, 40898, 33336, 0, 0, 0, 0, 21977, 0, 25939, 37354, 0, 42401, 8718, 27547, 0, 0, -1, 27343, 46213, 0, 20033, 43705, 20333, 8452, 44319, 0, 35178, 43876, 0],[-1758538427, 24778, 15521, 1419515855, 0, 41831, 0, -1317164187, -1611378687, 38911, 43880, 0, 12935, 28226, 19041, 35055, 0, 45379, 0, 0, -1467300228, 26317, 0, 25447, 35379, 0, 45263, 0, 36205, 0, 23213, 34319, 0, 44818, 0, 32708, 26521, 42719, 40025, 40803, 28724, 19654, 27412, 38921, 29135, 31807, 0, 15977, 26781, 36246, 0, 0, 0, 14664, 0, 31821, 31067, 26131, 15641, 38103, 32375, 14773, 0, 0, 41442, 0, 45760, 27343, -1, 14150, 25724, 30199, 0, 0, 30576, 0, 36133, 39539, 41914, 22598],[-2039292522, 0, 37504, 1897837464, -1444950965, 0, 34410, 0, -1099002603, 29499, 35773, 32768, 35246, 26262, 33145, 39771, 30569, 0, 29954, 24803, 0, 12298, -1231418753, 26081, 18427, 20165, 40963, 0, 43070, 44098, 43397, 26305, 7600, 42042, -1005970463, 23155, 37686, 33342, 0, 0, 22493, 23058, 0, 46156, 41111, 0, 28122, 26761, 0, 23825, 32993, 40659, 42779, 19924, 35958, 0, 31524, 0, 0, 27576, 0, 36335, 43489, 32242, 0, 32216, 28126, 46213, 14150, -1, 0, 30121, 0, 33263, 29599, 0, 18311, 0, 0, 35995],[29806, 38328, 43877, 0, 1876406985, 30119, 0, 0, -1841900331, 34681942, 0, 0, 43714, 0, 42189, 29265, 0, 0, 0, 0, 0, 0, 0, 0, 17766, 0, 46130, 0, 37821, 44364, 34903, 24840, 33949, 0, -1321759856, 0, 29157, 0, 0, 18075, 31638, 28795, 23247, 7120, 44758, 26514, 15403, 0, 0, 39568, 0, 45370, 0, 29377, 14020, 39164, 0, 0, 0, 44171, 0, 0, 0, 0, 17791, 0, 33408, 0, 25724, 0, -1, 19458, 0, 35778, 45700, 34596, 0, 20730, 36056, 46248],[-961989575, 0, 21389, 1536728766, -556179955, 41067, 36568, -1937683569, -2023354477, 36865, 30368, 45385, 0, 0, 0, 0, 25257, 36662, 33033, 31663, 18739, 30208, -1144514157, 43618, 42179, 35841, 14125, 40720, 34650, 27157, 45420, 0, 40537, 31173, 44178, 0, 26599, 36152, 0, 38691, 0, 35787, 41819, 32122, 44559, 21947, 0, 23268, 43081, 40893, 25913, 44911, 44207, 0, 44193, 32684, 0, 41984, 0, 35663, 28557, 40680, 0, 0, 28899, 40032, 38358, 20033, 30199, 30121, 19458, -1, 32034, 0, 42451, 0, 0, 0, 39478, 45733],[16610, 5807, 42372, 0, 0, 0, 428000351, 0, -1536579348, 0, 28283, 0, 1118153058, 23664, 0, 34176, -1365890126, -1521745462, 350723865, 0, -1493885594, 0, 21597, 6649, 29754, 6337, 0, 0, 37162, 26077, 38477, 19597, 43623, 12454, 0, 38008, 0, 38303, 14430, 42030, 20605, 0, 0, 44588, 39295, 36263, 0, 45384, 0, 19673, 40864, 0, 0, 37725, 19884, 4805, 27800, 0, 37417, 34514, 40691, 0, 37512, 0, 32895, 37596, 35194, 43705, 0, 0, 0, 32034, -1, 19625, 0, 0, 43308, 38588, 41757, 0],[-1539859951, 43348, 0, 970808904, -380373345, 32169, 27165, -1147049076, -1815462011, 7851, 32647, 0, 35605, 0, 26852, 4094, 38070, 31382, 37619, 0, 0, 41706, -183404343, 34584, 36978, 40399, 0, 0, 0, 30737, 0, 25145, 0, 0, 11105, 39765, 19016, 0, 40530, 22059, 22081, 14900, 0, 22215, 28348, 33008, 13597, 0, 37525, 45724, 0, 17487, 42643, 15487, 11083, 26413, 32578, 24492, 11970, 0, 39122, 0, 26924, 0, 24498, 37053, 0, 20333, 0, 33263, 35778, 0, 19625, -1, 44688, 35041, 12772, 20803, 0, 30309],[37909, 0, 0, 0, 0, 22408, 1087059753, -1270256921, -991900059, 0, 22339, 1282435126, 30619, 23113, 13370, 39229, -1592170225, 0, 0, 1770141345, -1282798835, 0, 291876133, 37070, 926724091, 0, 9652, 27017, 39034, 0, 0, 0, 33438, 16642, 45630, 42856, 0, 0, 38246, 23246, 45521, 42748, 35401, 0, 32180, 0, 0, 31807, 21801, 28236, 40662, 39436, 0, 0, 27032, 43037, 0, 0, 44963, 26823, 39