81
[[-1, 40151, -456385948, -1818703082, -991480290, 979854788, 0, 0, -1772797810, 0, -939310548, -1618551609, 1992717204, 0, 0, 0, 25335, -1761575459, 0, 1909455843, -922707478, 0, -1235887043, 0, 0, 1287893664, -367567742, 0, 0, 0, 2113469942, 31762, -1397503139, -1768882563, 21509, 0, -1693599707, -1124366206, 1879811409, 39336, -1503695442, 0, -1287246680, 40707, 0, 36099, 24946, 9992, 0, 0, 0, 30118, 36043, 14929, 0, 33975, 44011, 0, 25444, 34314, 0, 45323, 15180, 29048, 8036, 0, 40344, 22371, 36811, 23158, 38928, 0, 41389, 45608, 41665, 0, 0, 36678, 0, 46079, 22179],[40151, -1, 1758889677, 355722557, 1314858100, -1267389363, 39978, 41816, 518780610, 0, 1612643927, 1671670248, -1745551420, 46178, 44316, 0, 0, 1571696197, 36768, -422523848, 1236002759, 42232, 1452926294, 24193, 45202, -1608215863, 2136972557, 0, 29447, 0, -826009582, 0, 1463506750, 837771228, 0, 24756, 1927028251, 1826909933, -1541011437, 0, 1659076799, 32459, 933994178, 244768094, 0, 1952938561, 228345825, 0, 25537, 0, 39384, 854446492, 675210848, 445575377, 45717, 0, 1219919426, 0, 0, 200981852, 37890, 1283319979, 1743504325, 0, 0, 39806, 1289033876, 420316916, 0, 1487594255, 296513418, 0, 0, 1251787749, 1251472986, 44357, 7565, 0, 7073, 1861857482, 0],[-456385948, 1758889677, -1, -498391175, -950774840, -380176973, -1517546204, 0, 0, 43087, 0, 0, 1119095811, -1507147186, -567419465, 14673, 7589, -1204765254, -528055229, -1213828156, -880866833, -2052252218, -1033156647, -1918318225, -1929416842, -1208514172, 0, 34611, 0, 0, 0, 1674969585, -982991938, 0, 1970897707, -1441397874, 0, -440456628, -667605407, 0, 0, 0, 0, 0, 17329, -1248214801, -1040031272, 2136050614, 0, 40589, -1538019968, -375043931, -1841336935, -107336404, -2034056486, 0, 3888, 19305, 0, 0, -1251532413, 32291, 27155, 467718522, 429915304, 0, 24666, 37366, 0, 0, 26188, 15408, 527097013, 0, 29696, 0, -1143607773, 2099916714, 0, 15402, 1847554241],[-1818703082, 355722557, -498391175, -1, -2004066342, -2098706906, -1931321725, -2138003254, 0, 86398339, -1378805000, -480034433, 35138, -1883466331, -1837515865, 84654161, 0, -518041803, 0, 40631, -1217082756, 0, 0, -1932262777, 0, 0, 0, 1051384772, 0, 0, 0, 34021, 0, 0, 0, -1792632249, -1361150783, -1199858207, -1423032363, 488204790, 0, -1828324363, -2114678739, -1681363926, 0, -1574913983, -724392819, 0, -1840856112, 28391, -2064545503, 0, 0, 0, -1860002500, 0, 0, 28777, 1832688877, 29729, 0, 27068, 16510, 66699725, 34126, 0, 31949, 0, 0, 29008, 36035, 1553409469, 23064, 45206, 0, -2011573841, -2003073685, 288176914, -1922245058, 26083, 1785529087],[-991480290, 1314858100, -950774840, -2004066342, -1, -1055392680, -1907605456, 0, 0, 0, -364210772, -2102360614, 0, -1279762923, -1069667898, 31591, 1424229717, -306297348, -984862730, 21375, -1077362316, 0, -1243910764, 0, -1509368451, 42154, -331849168, 1554053169, -1477416694, 33503, 33103, 23529, -196823696, 0, 821431450, -1713840711, 0, -352881272, 0, 0, -258553811, 0, -95460435, 14343, 24796, 42786, 32669, 1623944688, -795631123, 168325696, 0, 40686, 0, 46058, 0, 938408276, 11811, 1123639262, 1369, 41184, -1680765184, 35922, 23125, 0, 472380449, -1710766287, 20655, 0, 1171465374, 24056, 33547, 324423321, 507251000, 44076, 0, 0, -1131003439, 1989566985, 0, 29404, 631297274],[979854788, -1267389363, -380176973, -2098706906, -1055392680, -1, 31681, -1541827674, -1739678059, 1674471053, 33766, 0, -2131986724, 37175, 0, 0, -1806490593, 0, 0, 0, -1625234927, -1470501789, 0, -867381072, -676306346, -1522045768, 0, 197529922, 40645, 1428177402, -1384675431, -1389567267, -1518017896, -1694396561, -2072029118, -1277025194, 0, -1429719235, -1782838405, -1508385251, 0, 892405399, 0, -1295627027, 1213646764, -1797551222, -1377765651, 0, 0, 0, 17209, 1271753588, 26548, 26339, 0, -1217936723, 37154, 490643769, -1314204520, 42555, -871545900, 37497, 0, -1320002340, -1495494734, 0, 0, 45161, -1713032419, 44052, 0, 247630719, -2036276160, 0, 12300, 14053, 27658, -1990544449, 28657, 31712, -1847289864],[0, 39978, -1517546204, -1931321725, -1907605456, 31681, -1, 1994574847, -1671343047, 0, -1712018324, -583938561, 38504, 112925416, 0, 0, 32157, 0, 168304067, 40032, -1994144346, 0, -2076190970, 0, 551716629, 0, 0, 0, 482834880, 0, 36994, 38081, -1562903777, -1400075163, 29227, 0, -1506118543, -1372495738, 29849, 0, 0, 809920171, 15961, 0, 0, 0, 16735, 0, 1448119084, 0, 0, 36299, 0, 24056, 1936705406, 28336, 35451, -1099917208, 24130, 0, 0, 0, 0, 0, 0, 1326698300, 0, 0, 0, 38895, 22779, -1482907860, 36446, 7512, 0, 0, 1520992266, 0, 1373637844, 30914, 44147],[0, 41816, 0, -2138003254, 0, -1541827674, 1994574847, -1, -1738339332, 0, -1038686419, 0, 0, 44875, 0, 20885, 22520, -1561797380, 34103, 22377, -1660657852, 93193737, -2027202207, 1228255194, 42416, 15893, 0, 0, 0, 0, 17213, 13098, -1953504946, -1587582896, 0, 370776801, -1917913097, 43479, 40189, 0, -1991542977, 30953, 39911, 11459, 25279, 0, 0, 30781, 3292, 43048, 1401404074, 29315, 45964, 44226, 0, 16947, 22784, 33828, 0, 0, 271553961, 44444, 33520, 41899, 0, 42343, 44337, 16695, 0, 0, 37626, 0, 38480, 43366, 44067, 579891351, 29599, 23360, 0, 41958, 26408],[-1772797810, 518780610, 0, 0, 0, -1739678059, -1671343047, -1738339332, -1, 44771, -568755498, -353756460, 9356, 0, -2069623519, 0, 0, 0, -1740067069, 11704, -435715389, -1729460055, -1337791506, 15450, 39040, 30155, 0, 17748, 18565, 42268, 44950, 1220908219, -647225657, -1527595568, 44831, 16313, -962430899, 32756, 36439, 39330, 31462, 16933, 16343, 46301, 18657, 27870, 43320, 1791346297, 17491, 45605, 45457, 0, 33934, 30245, 34995, 10136, 15761, 0, 0, 33354, 0, 37321, 0, 0, 37450, 33344, 0, 0, 39323, 40723, 34677, 0, 41428, 42030, 0, 44533, 19549, 0, 37296, 0, 31300],[0, 0, 43087, 86398339, 0, 1674471053, 0, 0, 44771, -1, 0, 31193, -1201120050, 38929, 46154, 0, 0, 14015, 19901, 41920, 0, 18136, 45473, 0, 11153, 0, 20798, 758851004, 0, 46078, 45384, 41617, 0, 0, 28733, 0, 20125, 19333, 29080, 10452, 32912, 36360, 3583, 22952, 847093529, 36493, 35785, 28596, 0, 0, 18597, 0, 0, 0, 45036, 0, 0, 2132457639, 40571, 43678, 0, 22533, 40515, 35421, 0, 32916, 7780, 35267, 27748, 0, 43874, 0, 42519, 38568, 26879, 23342, 27144, 40732, 32350, 0, 0],[-939310548, 1612643927, 0, -1378805000, -364210772, 33766, -1712018324, -1038686419, -568755498, 0, -1, -741439597, 28673, -822027387, 0, 27427, 759208083, -553032490, -1955814499, 41394, -114335781, -1657391202, -311969058, -1733458219, 28346, 21698, -39208349, 15362, 32353, 605686918, 23108, 44349, 423029097, 0, 30990, 18583, -736926150, 22912, 31179, 40405, 37288, 39048, 45824, 19259, 20757, 0, 0, 773618255, 0, 11845, 39180, 19884, 46038, 12621, 0, 0, 0, 0, 1451600822, 23939, 9120, 43555, 0, 31065, 0, 44837, 0, 24400, 30107, 0, 30380, 0, 6769, 0, 10094, 31824, 34734, 40648, 44115, 19945, 0],[-1618551609, 1671670248, 0, -480034433, -2102360614, 0, -583938561, 0, -353756460, 31193, -741439597, -1, 0, -539462445, -903230939, 41155, 29500, 0, 0, 37085, 0, -1210071043, -1139953069, 0, -1973846564, 36511, 464804313, 30315, 45055, 0, 45911, 0, 35406, 25800, 35594, 44224, -529168416, 10679, 22594, 34664, 38900, 28132, 0, 44542, 15994, 29138, 8123, 0, 11227, 0, 0, 0, 0, 34428, 29900, 1781089056, 0, 0, 34162, 20340, 41513, 42583, 0, 35285, 37080, 0, 41487, 46052, -317965647, 38295, 0, 0, 0, 32999, 25744, 35176, 0, 90020805, 35550, 23243, 977547385],[1992717204, -1745551420, 1119095811, 35138, 0, -2131986724, 38504, 0, 9356, -1201120050, 28673, 0, -1, 0, 40074, -1846974913, -1794451458, 0, 43579, -1331899724, -1851552395, 37306, 11948, 41105, 40174, -424025787, -1660051866, 0, 0, 12423, -1840265188, 0, -939877978, 0, -2027597420, 40680, 0, -2002277459, 0, -863592777, -723616204, 25441, 1416424916, 0, 32506, -963646568, 32042, -1508809956, 0, -1984238702, 44342, 36822, 0, 26373, 0, 0, 44899, 0, 0, 40147, 0, 29870, 0, 0, -1979121072, 38291, 29523, 43569, 0, 0, 46035, -1274212900, -1646972449, 33584, 35282, 35068, 19279, -1936595713, 0, 7656, 0],[0, 46178, -1507147186, -1883466331, -1279762923, 37175, 112925416, 44875, 0, 38929, -822027387, -539462445, 0, -1, 1605720528, 0, 15827, -998042321, 44400, 0, 0, 0, 31869, 12303, 44295, 43348, 31481, 44205, 11960, 0, 42160, 0, 0, 0, 37783, 40294, 20678, 23673, 36245, 0, 37067, 0, 0, 36578, 37907, 28416, 22241, 45076, 28099, 45455, 0, 15852, 21779, 36798, 0, 28313, 31844, 41776, 0, 0, 0, 25190, 44337, 39157, 0, 19913, 0, 16967, 38269, 43061, 22415, 0, 0, 44126, 45408, 46160, 24301, 45034, 8149, 34857, 30458],[0, 44316, -567419465, -1837515865, -1069667898, 0, 0, 0, -2069623519, 46154, 0, -903230939, 40074, 1605720528, -1, 0, 25715, -756221747, 0, 21516, -2022767682, 40420, 33488, 37957, 16832, 44832, 43807, 45075, 8660, 1960301223, 0, 22597, 0, 34475, 37625, 45074, 7325, 0, 40841, 24903, 41493, 0, 45287, 8396, 27670, 0, 44949, 26306, 0, 44271, 35512, 8868, 36991, 0, 0, 0, 29261, 0, 43324, 45421, 37311, 0, 44780, 0, 45814, 41888, 0, 39575, 38911, 0, 0, 0, 0, 30625, 20158, 45885, 18422, 29893, 21849, 41330, 36899],[0, 0, 14673, 84654161, 31591, 0, 0, 20885, 0, 0, 27427, 41155, -1846974913, 0, 0, -1, 1253693, 31359, 16347, 0, 0, 19218, 36549, 36813, 0, 0, 28110, 39655, 0, 1968769648, 31847, 43964, 39758, 0, 0, 43486, 18895, 42144, 0, 39000, 10059, 0, 0, 13352, 0, 35214, 0, 0, 10363, 1207339428, 0, 0, 0, 0, 9477, 0, 29213, 19987, 34600, 0, 42084, 32943, 46153, 40071, 0, 19521, 23681, 0, 23694, 45548, 44296, 869881173, 0, 18069, 0, 0, 35213, 23698, 0, 0, 19436],[25335, 0, 7589, 0, 1424229717, -1806490593, 32157, 22520, 0, 0, 759208083, 29500, -1794451458, 15827, 25715, 1253693, -1, 1850886973, 7184, 0, -339164121, 30741, 0, 45229, 43484, 0, 164452158, 9562, 35581, 30768, 0, 850650337, 12814, 14400, 0, 32550, 44130, 0, -863974393, 0, 0, 2372, 9415, 41945, 18551, 44716, 0, 0, 29757, 30999, 29378, 39459, 0, 39198, 36620, 0, 14915, 38810, 0, 40449, 36218, 36740, 0, 1823938627, 855776088, 0, 0, 0, 1977843761, 0, 0, 33657, 1601711640, 17238, 44261, 40301, 38911, 236041977, 39087, 0, 0],[-1761575459, 1571696197, -1204765254, -518041803, -306297348, 0, 0, -1561797380, 0, 14015, -553032490, 0, 0, -998042321, -756221747, 31359, 1850886973, -1, 0, 0, -947734238, 0, 22345537, 9493, 0, 0, 15630, 44167, 0, 0, 13340, 13392, 0, 13880, 21395, 24138, 0, 0, 0, 0, 30028, 23924, 9596, 0, 41487, 45422, 44951, 41329, 42513, 27422, 15560, 34142, 0, 27370, 9135, 811483412, 34429, 12710, 886264040, 46305, 36236, 0, 0, 0, 10951, 23780, 9728, 25062, 27611, 38554, 23728, 35299, 32146, 44153, 0, 39991, 0, 11569, 13980, 19503, 74990169],[0, 36768, -528055229, 0, -984862730, 0, 168304067, 34103, -1740067069, 19901, -1955814499, 0, 43579, 44400, 0, 16347, 7184, 0, -1, 0, -1041254030, 0, 40345, 24972, 0, 24330, 45543, 24754, 8546, 12519, 45384, 40970, 26994, 0, 0, 0, 0, 32430, 30759, 29359, 38637, 41024, 0, 43817, 0, 28695, 39009, 36706, 32863, 38951, 0, 15361, 10385, 40503, 0, 27279, 14036, 34273, 43520, 44368, 43049, 33847, 37334, 40714, 32819, 37359, 18123, 0, 39136, 11545, 21810, 37876, 28414, 25466, 0, 15760, 0, 38632, 0, 0, 0],[1909455843, -422523848, -1213828156, 40631, 21375, 0, 40032, 22377, 11704, 41920, 41394, 37085, -1331899724, 0, 21516, 0, 0, 0, 0, -1, -803553684, 0, -1246969903, 16341, 23330, -1831309732, -1482951951, 0, 0, 0, -1088295398, 0, -1240767795, 0, -1145248510, 43556, -449958090, 0, -1308362648, -1409065756, 0, 0, -389171828, 0, 20973, 0, -1276143764, -1793223675, 32593, 0, 28956, -1358105027, -768526582, -383276314, 0, -635610206, -693903015, 34339, 0, 0, 0, -693302923, 0, 0, -1341202409, 0, -998428344, 0, -865194096, 0, 0, 0, 0, 5729, 0, 0, 37725, 32564, 0, 0, 0],[-922707478, 1236002759, -880866833, -1217082756, -1077362316, -1625234927, -1994144346, -1660657852, -435715389, 0, -114335781, 0, -1851552395, 0, -2022767682, 0, -339164121, -947734238, -1041254030, -803553684, -1, 0, 17888, 28191, 29937, 0, 33135, 37734, 36617, 44507, 45257, 14272, 31876, 13456, -333168473, 0, 22039, 6963, 2619, 10754, 0, 0, 13630, 34922, 0, 41307, 24220, -1064135254, 0, 24966, 37778, 36395, 34235, 30920, 0, -1186162693, 36260, 34959, 0, 18828, 33781, 0, 39013, 27725, 32902, 0, 42627, 42835, 0, 0, 0, 0, 0, 0, 19761, 8108, 25238, 36187, 0, 31806, -878176956],[0, 42232, -2052252218, 0, 0, -1470501789, 0, 93193737, -1729460055, 18136, -1657391202, -1210071043, 37306, 0, 40420, 19218, 30741, 0, 0, 0, 0, -1, 44124, 43962, 0, 0, 36295, 45947, 22071, 42787, 36322, 13931, 0, 44382, 33239, 33362, 12407, 0, 45501, 19311, 36191, 0, 25937, 37221, 0, 30284, 20505, 18959, 38902, 24194, 41432, 38342, 44454, 22233, 0, 45827, 29392, 42949, 39179, 28552, 17012, 0, 23040, 41350, 8990, 0, 0, 13321, 40306, 40270, 41658, 0, 0, 41613, 40915, 0, 30968, 0, 31518, 29952, 30231],[-1235887043, 1452926294, -1033156647, 0, -1243910764, 0, -2076190970, -2027202207, -1337791506, 45473, -311969058, -1139953069, 11948, 31869, 33488, 36549, 0, 22345537, 40345, -1246969903, 17888, 44124, -1, 19113, 37127, 0, 26838, 7164, 0, 0, 16309, 34212, 45982, 43048, 402798595, 32182, 0, 0, 18080, 11445, 41840, 44808, 39479, 0, 43777, 31497, 34300, 21487, 0, 16774, 15949, 0, 33287, 0, 42876, 14237, 13993, 26419, 0, 26661, 0, 42956, 28764, 0, 0, 7394, 0, 0, 0, 36503, 26592, 41981, 44965, 0, 32114, 0, 44703, 20378, 34800, 35300, 0],[0, 24193, -1918318225, -1932262777, 0, -867381072, 0, 1228255194, 15450, 0, -1733458219, 0, 41105, 12303, 37957, 36813, 45229, 9493, 24972, 16341, 28191, 43962, 19113, -1, 6709, 43527, 20422, 0, 0, 41758, 25454, 36889, 42195, 45726, 41045, 26770, 38632, 35368, 11129, 32976, 32500, 44253, 0, 30009, 40195, 13032, 5286, 0, 43108, 42081, 0, 0, 0, 24605, 28962, 0, 41526, 36545, 18359, 21357, 43400, 40109, 0, 38124, 0, 0, 42545, 0, 0, 0, 41111, 31514, 0, 0, 35807, 0, 0, 42303, 41385, 40136, 41490],[0, 45202, -1929416842, 0, -1509368451, -676306346, 551716629, 42416, 39040, 11153, 28346, -1973846564, 40174, 44295, 16832, 0, 43484, 0, 0, 23330, 29937, 0, 37127, 6709, -1, 45366, 24822, 24476, 21144, 0, 8688, 36405, 0, 41052, 44146, 42819, 0, 32945, 38236, 42094, 36041, 28674, 0, 39097, 5071, 0, 11206, 6644, 42321, 0, 26257, 0, 32660, 19500, 30837, 0, 42556, 0, 41703, 34873, 33038, 43990, 15299, 14292, 37719, 0, 0, 0, 7985, 38243, 31556, 0, 34475, 17505, 44412, 0, 0, 0, 0, 0, 25132],[1287893664, -1608215863, -1208514172, 0, 42154, -1522045768, 0, 15893, 30155, 0, 21698, 36511, -424025787, 43348, 44832, 0, 0, 0, 24330, -1831309732, 0, 0, 0, 43527, 45366, -1, 1371710318, 0, 33618, 15338, -602587625, -1003164484, 0, 36614, -1249754680, 0, 0, 0, -1598315049, -1507622590, -1360576182, 24476, 0, 2007943685, 16469, 0, 32872, 0, 25098, 23043, 40614, 0, 18892, 0, 22777, -2036556531, 42797, 4513, 0, 42334, 0, 34824, 0, 0, 0, 45318, 43170, 0, 23112, 39894, 0, 31695, 33676, 39858, 29166, 43734, 27253, 0, 46269, 36465, 0],[-367567742, 2136972557, 0, 0, -331849168, 0, 0, 0, 0, 20798, -39208349, 464804313, -1660051866, 31481, 43807, 28110, 164452158, 15630, 45543, -1482951951, 33135, 36295, 26838, 20422, 24822, 1371710318, -1, 19761, 16138, 20860, 28164, 0, 0, 36389, 28443, 0, 23342, 36781, 18905, 44979, 35133, 27127, 0, 0, 0, 29511, 0, 13020, 0, 40960, 0, 31141, 13240, 0, 38504, 1202242126, 40674, 0, 0, 29780, 0, 0, 27135, 14207, 37458, 0, 0, 0, 31160, 0, 0, 22792, 0, 41236, 0, 37823, 19822, 34498, 43892, 0, 0],[0, 0, 34611, 1051384772, 1554053169, 197529922, 0, 0, 17748, 758851004, 15362, 30315, 0, 44205, 45075, 39655, 9562, 44167, 24754, 0, 37734, 45947, 7164, 0, 24476, 0, 19761, -1, 0, 41160, 41635, 19953, 26754, 0, 0, 39122, 38689, 0, 30552, 25364, 32765, 0, 35011, 43969, 43379, 0, 37712, 0, 15727, 39799, 0, 0, 0, 33152, 41302, 45573, 0, 42222, 0, 40301, 9402, 0, 0, 0, 0, 24361, 32857, 41095, 46139, 0, 13352, 0, 0, 35368, 31963, 0, 0, 37306, 45448, 42029, 14882],[0, 29447, 0, 0, -1477416694, 40645, 482834880, 0, 18565, 0, 32353, 45055, 0, 11960, 8660, 0, 35581, 0, 8546, 0, 36617, 22071, 0, 0, 21144, 33618, 16138, 0, -1, 26547, 15622, 28836, 42355, 20601, 35090, 0, 42689, 6341, 27414, 44984, 0, 0, 31880, 28782, 25541, 31690, 41512, 39608, 19307, 29787, 14800, 0, 32245, 0, 0, 23213, 0, 12467, 5437, 14279, 25575, 35301, 31646, 0, 29524, 43000, 24608, 0, 0, 0, 5006, 19168, 19611, 18757, 24820, 0, 4004, 22695, 18632, 37006, 0],[0, 0, 0, 0, 33503, 1428177402, 0, 0, 42268, 46078, 605686918, 0, 12423, 0, 1960301223, 1968769648, 30768, 0, 12519, 0, 44507, 42787, 0, 41758, 0, 15338, 20860, 41160, 26547, -1, 0, 0, 45036, 0, 0, 42783, 17121, 0, 0, 22941, 0, 22237, 0, 40297, 0, 29842, 23706, 15810, 40108, 33366, 0, 40791, 0, 34012, 19509, 0, 0, 16577, 36985, 0, 32072, 25478, 0, 0, 0, 37922, 33027, 33090, 29763, 17169, 36873, 41045, 0, 0, 26182, 28495, 0, 18904, 0, 45752, 32792],[2113469942, -826009582, 0, 0, 33103, -1384675431, 36994, 17213, 44950, 45384, 23108, 45911, -1840265188, 42160, 0, 31847, 0, 13340, 45384, -1088295398, 45257, 36322, 16309, 25454, 8688, -602587625, 28164, 41635, 15622, 0, -1, 0, 23360, 31379, 0, 0, 37100, -1912623025, 0, 0, -972089627, 0, 0, -1374360507, 11765, 34684, 0, -1958902991, 16762, 0, 42074, 44464, 45531, 40881, 40020, -462402992, 0, 0, -1290154101, 11205, 23273, 0, 33671, 37676, 26456, 8202, 18171, 13898, 33957, 0, 0, 30900, 22522, 32474, 42566, 36772, 24813, 0, 0, 32626, -2094518840],[31762, 0, 1674969585, 34021, 23529, -1389567267, 38081, 13098, 1220908219, 41617, 44349, 0, 0, 0, 22597, 43964, 850650337, 13392, 40970, 0, 14272, 13931, 34212, 36889, 36405, -1003164484, 0, 19953, 28836, 0, 0, -1, 0, 45887, 1527604870, 0, 31344, 28814, -2134249932, 0, 0, 41299, 9705, 25665, 27817, 0, 45140, 1526312431, 34181, 39198, 42515, 0, 24717, 45686, 8636, 716748909, 0, 7098, 0, 35699, 0, 33638, 36468, 35007, 0, 38699, 45772, 0, 25910, 7519, 0, 23091, 0, 0, 0, 29660, 41878, 31963, 9411, 11094, 1557618939],[-1397503139, 1463506750, -982991938, 0, -196823696, -1518017896, -1562903777, -1953504946, -647225657, 0, 423029097, 35406, -939877978, 0, 0, 39758, 12814, 0, 26994, -1240767795, 31876, 0, 45982, 42195, 0, 0, 0, 26754, 42355, 45036, 23360, 0, -1, 0, 29964, 6103, 39692, 0, 30977, 0, 16061, 35937, 33130, 35724, 0, 27839, 0, 29205, 32438, 25837, 0, 42786, 0, 0, 0, 20822, 18704, 43916, 916436806, 45709, 24990, 0, 45836, 28082, 16263, 0, 35956, 44411, 0, 0, 0, 0, 28025, 0, 42928, 0, 36199, 27653, 43306, 0, 18490],[-1768882563, 837771228, 0, 0, 0, -1694396561, -1400075163, -1587582896, -1527595568, 0, 0, 25800, 0, 0, 34475, 0, 14400, 13880, 0, 0, 13456, 44382, 43048, 45726, 41052, 36614, 36389, 0, 20601, 0, 31379, 45887, 0, -1, 35372, 0, 43629, 0, 45399, 0, 32454, 6344, 45074, 26901, 44428, 40838, 21349, 19424, 0, 31081, 33103, 0, 35454, 39896, 0, 0, 43390, 0, 0, 31265, 27208, 18398, 41936, 27794, 0, 37291, 0, 38191, 0, 0, 32055, 10944, 23767, 0, 9344, 0, 0, 25386, 27119, 32111, 42922],[21509, 0, 1970897707, 0, 821431450, -2072029118, 29227, 0, 44831, 28733, 30990, 35594, -2027597420, 37783, 37625, 0, 0, 21395, 0, -1145248510, -333168473, 33239, 402798595, 41045, 44146, -1249754680, 28443, 0, 35090, 0, 0, 1527604870, 29964, 35372, -1, 0, 36794, 17661, 36904, 1350474541, 0, 15396, 0, 24470, 9366, 41584, 37853, 14330, 0, 31748, 43890, 0, 31081, 32707, 36055, 38705, 43494, 41565, 0, 22330, 41063, 29007, 37994, 0, 28630, 30236, 0, 0, 25519, 0, 26893, 25975, 0, 36371, 35116, 20743, 0, 32839, 12905, 17841, 28136],[0, 24756, -1441397874, -1792632249, -1713840711, -1277025194, 0, 370776801, 16313, 0, 18583, 44224, 40680, 40294, 45074, 43486, 32550, 24138, 0, 43556, 0, 33362, 32182, 26770, 42819, 0, 0, 39122, 0, 42783, 0, 0, 6103, 0, 0, -1, 0, 39836, 0, 43065, 27616, 0, 25406, 0, 12626, 11981, 28865, 0, 45951, 41974, 0, 20672, 13910, 0, 8611, 0, 35595, 0, 34815, 32904, 0, 0, 0, 44046, 39660, 40295, 11315, 45152, 31840, 39546, 31301, 40896, 0, 40624, 0, 35517, 0, 31899, 37594, 31299, 0],[-1693599707, 1927028251, 0, -1361150783, 0, 0, -1506118543, -1917913097, -962430899, 20125, -736926150, -529168416, 0, 20678, 7325, 18895, 44130, 0, 0, -449958090, 22039, 12407, 0, 38632, 0, 0, 23342, 38689, 42689, 17121, 37100, 31344, 39692, 43629, 36794, 0, -1, 43174, 1384, 46111, 0, 24191, 30264, 0, 0, 27603, 0, 0, 31925, 43062, 26947, 17945, 36117, 38973, 15188, 34715, 0, 0, 0, 15872, 0, 26703, 39677, 0, 0, 10142, 17741, 46265, 0, 0, 0, 33793, 45096, 0, 8020, 26472, 10507, 0, 34247, 31637, 0],[-1124366206, 1826909933, -440456628, -1199858207, -352881272, -1429719235, -1372495738, 43479, 32756, 19333, 22912, 10679, -2002277459, 23673, 0, 42144, 0, 0, 32430, 0, 6963, 0, 0, 35368, 32945, 0, 36781, 0, 6341, 0, -1912623025, 28814, 0, 0, 17661, 39836, 43174, -1, 33671, 39339, 0, 43508, 0, 29855, 39767, 23053, 41960, 16814, 0, 28242, 0, 25372, 44820, 16749, 36800, 0, 44523, 16243, 398227851, 36267, 44227, 12197, 0, 8820, 0, 0, 26461, 0, 16142, 0, 0, 14507, 0, 0, 32078, 0, 0, 5326, 0, 26623, 22254],[1879811409, -1541011437, -667605407, -1423032363, 0, -1782838405, 29849, 40189, 36439, 29080, 31179, 22594, 0, 36245, 40841, 0, -863974393, 0, 30759, -1308362648, 2619, 45501, 18080, 11129, 38236, -1598315049, 18905, 30552, 27414, 0, 0, -2134249932, 30977, 45399, 36904, 0, 1384, 33671, -1, 44444, 0, 0, 37096, 0, 38180, 37681, 45464, 0, 16475, 0, 14446, 31952, 43505, 0, 35185, 13672, 20665, 33564, 1905733934, 0, 0, 37463, 34799, 15177, 33094, 34061, 20551, 23371, 24001, 39356, 11454, 0, 37482, 20744, 34495, 33613, 0, 0, 38102, 0, 26561],[39336, 0, 0, 488204790, 0, -1508385251, 0, 0, 39330, 10452, 40405, 34664, -863592777, 0, 24903, 39000, 0, 0, 29359, -1409065756, 10754, 19311, 11445, 32976, 42094, -1507622590, 44979, 25364, 44984, 22941, 0, 0, 0, 0, 1350474541, 43065, 46111, 39339, 44444, -1, 0, 38833, 0, 43557, 43535, 18400, 39418, 28962, 26564, 33318, 30091, 21952, 8864, 34733, 25856, 34144, 34822, 41531, 35368, 0, 0, 0, 33476, 42291, 43135, 14479, 29257, 15797, 10353, 22652, 13339, 0, 0, 39729, 34554, 18735, 38814, 0, 0, 33626, 40762],[-1503695442, 1659076799, 0, 0, -258553811, 0, 0, -1991542977, 31462, 32912, 37288, 38900, -723616204, 37067, 41493, 10059, 0, 30028, 38637, 0, 0, 36191, 41840, 32500, 36041, -1360576182, 35133, 32765, 0, 0, -972089627, 0, 16061, 32454, 0, 27616, 0, 0, 0, 0, -1, 36366, 26679, 23069, 0, 32237, 6977, 0, 33279, 41982, 38725, 0, 26017, 45334, 39355, 0, 33622, 35257, 12246, 19158, 31155, 34024, 0, 0, 45507, 15599, 28350, 41346, 24728, 35557, 7165, 9942, 0, 0, 15745, 34971, 45784, 0, 28901, 36076, 25197],[0, 32459, 0, -1828324363, 0, 892405399, 809920171, 30953, 16933, 36360, 39048, 28132, 25441, 0, 0, 0, 2372, 23924, 41024, 0, 0, 0, 44808, 44253, 28674, 24476, 27127, 0, 0, 22237, 0, 41299, 35937, 6344, 15396, 0, 24191, 43508, 0, 38833, 36366, -1, 39846, 23760, 40620, 36169, 35473, 36145, 0, 44756, 37279, 41997, 23169, 24229, 28788, 0, 22332, 7006, 40230, 14914, 29336, 19333, 31109, 0, 0, 31599, 0, 0, 38130, 41639, 43321, 0, 0, 34310, 21120, 37991, 31330, 0, 15590, 0, 42427],[-1287246680, 933994178, 0, -2114678739, -95460435, 0, 15961, 39911, 16343, 3583, 45824, 0, 1416424916, 0, 45287, 0, 9415, 9596, 0, -389171828, 13630, 25937, 39479, 0, 0, 0, 0, 35011, 31880, 0, 0, 9705, 33130, 45074, 0, 25406, 30264, 0, 37096, 0, 26679, 39846, -1, 14841, 0, 42395, 0, 20118, 0, 10449, 22456, 14006, 12029, 0, 41560, 0, 23047, 44797, 2472, 38656, 43081, 45684, 39369, 32610, 32883, 35118, 22929, 39453, 20839, 23310, 36389, 0, 0, 23398, 0, 16189, 10387, 45520, 34681, 0, 0],[40707, 244768094, 0, -1681363926, 14343, -1295627027, 0, 11459, 46301, 22952, 19259, 44542, 0, 36578, 8396, 13352, 41945, 0, 43817, 0, 34922, 37221, 0, 30009, 39097, 2007943685, 0, 43969, 28782, 40297, -1374360507, 25665, 35724, 26901, 24470, 0, 0, 29855, 0, 43557, 23069, 23760, 14841, -1, 24172, 0, 34434, 0, 21940, 32878, 0, 34541, 0, 29580, 39798, 0, 0, 0, 40151, 38862, 2776, 0, 30204, 0, 0, 45510, 18772, 28338, 41388, 39515, 46070, 45568, 41495, 37054, 16294, 0, 31270, 40886, 35512, 0, 29546],[0, 0, 17329, 0, 24796, 1213646764, 0, 25279, 18657, 847093529, 20757, 15994, 32506, 37907, 27670, 0, 18551, 41487, 0, 20973, 0, 0, 43777, 40195, 5071, 16469, 0, 43379, 25541, 0, 11765, 27817, 0, 44428, 9366, 12626, 0, 39767, 38180, 43535, 0, 40620, 0, 24172, -1, 0, 15115, 28053, 35766, 37416, 0, 0, 0, 22805, 20072, 0, 0, 37358, 26655, 18429, 20846, 37501, 18434, 8132, 15423, 0, 37644, 0, 36483, 42744, 0, 39905, 0, 37099, 46267, 44318, 36303, 34063, 11975, 41362, 34410],[36099, 1952938561, -1248214801, -1574913983, 42786, -1797551222, 0, 0, 27870, 36493, 0, 29138, -963646568, 28416, 0, 35214, 44716, 45422, 28695, 0, 41307, 30284, 31497, 13032, 0, 0, 29511, 0, 31690, 29842, 34684, 0, 27839, 40838, 41584, 11981, 27603, 23053, 37681, 18400, 32237, 36169, 42395, 0, 0, -1, 33389, 0, 44322, 23029, 23488, 38646, 0, 36107, 41558, 33168, 31514, 31901, 0, 24646, 37849, 37449, 0, 27861, 44097, 45622, 20916, 0, 35741, 12167, 43705, 0, 0, 11407, 26390, 0, 32640, 24520, 45784, 28019, 0],[24946, 228345825, -1040031272, -724392819, 32669, -1377765651, 16735, 0, 43320, 35785, 0, 8123, 32042, 22241, 44949, 0, 0, 44951, 39009, -1276143764, 24220, 20505, 34300, 5286, 11206, 32872, 0, 37712, 41512, 23706, 0, 45140, 0, 21349, 37853, 28865, 0, 41960, 45464, 39418, 6977, 35473, 0, 34434, 15115, 33389, -1, 36460, 27763, 33159, 7001, 0, 37706, 23020, 45930, 28206, 0, 42643, 36137, 0, 22053, 45840, 40556, 41159, 0, 40785, 1909, 21813, 0, 32617, 0, 27883, 9011, 28647, 0, 0, 31341, 19860, 44118, 40587, 0],[9992, 0, 2136050614, 0, 1623944688, 0, 0, 30781, 1791346297, 28596, 773618255, 0, -1508809956, 45076, 26306, 0, 0, 41329, 36706, -1793223675, -1064135254, 18959, 21487, 0, 6644, 0, 13020, 0, 39608, 15810, -1958902991, 1526312431, 29205, 19424, 14330, 0, 0, 16814, 0, 28962, 0, 36145, 20118, 0, 28053, 0, 36460, -1, 0, 31472, 0, 0, 45317, 27721, 16543, 39885, 10622, 34446, 15539, 0, 23340, 26694, 0, 7856, 26181, 0, 29112, 45190, 24011, 0, 0, 0, 34823, 0, 19982, 27470, 29028, 33100, 45354, 28704, 37276],[0, 25537, 0, -1840856112, -795631123, 0, 1448119084, 3292, 17491, 0, 0, 11227, 0, 28099, 0, 10363, 29757, 42513, 32863, 32593, 0, 38902, 0, 43108, 42321, 25098, 0, 15727, 19307, 40108, 16762, 34181, 32438, 0, 0, 45951, 31925, 0, 16475, 26564, 33279, 0, 0, 21940, 35766, 44322, 27763, 0, -1, 25525, 34019, 917, 19561, 32979, 43445, 31535, 46275, 0, 26386, 12473, 36920, 41917, 19661, 43036, 0, 34954, 32398, 0, 9102, 31556, 33814, 24815, 41923, 28282, 0, 0, 21361, 0, 24789, 8253, 0],[0, 0, 40589, 28391, 168325696, 0, 0, 43048, 45605, 0, 11845, 0, -1984238702, 45455, 44271, 1207339428, 30999, 27422, 38951, 0, 24966, 24194, 16774, 42081, 0, 23043, 40960, 39799, 29787, 33366, 0, 39198, 25837, 31081, 31748, 41974, 43062, 28242, 0, 33318, 41982, 44756, 10449, 32878, 37416, 23029, 33159, 31472, 25525, -1, 13766, 44589, 0, 0, 45769, 0, 18111, 0, 34428, 44900, 42997, 13835, 16047, 38934, 0, 42921, 44765, 0, 45706, 37023, 0, 0, 21748, 0, 39713, 27835, 0, 37904, 37592, 0, 40654],[0, 39384, -1538019968, -2064545503, 0, 17209, 0, 1401404074, 45457, 18597, 39180, 0, 44342, 0, 35512, 0, 29378, 15560, 0, 28956, 37778, 41432, 15949, 0, 26257, 40614, 0, 0, 14800, 0, 42074, 42515, 0, 33103, 43890, 0, 26947, 0, 14446, 30091, 38725, 37279, 22456, 0, 0, 23488, 7001, 0, 34019, 13766, -1, 11921, 40758, 0, 36823, 42082, 40807, 26659, 16042, 33326, 44940, 0, 41849, 40407, 33262, 44579, 0, 21228, 0, 26079, 0, 10809, 23969, 27750, 43055, 39165, 0, 37808, 21846, 0, 34749],[30118, 854446492, -375043931, 0, 40686, 1271753588, 36299, 29315, 0, 0, 19884, 0, 36822, 15852, 8868, 0, 39459, 34142, 15361, -1358105027, 36395, 38342, 0, 0, 0, 0, 31141, 0, 0, 40791, 44464, 0, 42786, 0, 0, 20672, 17945, 25372, 31952, 21952, 0, 41997, 14006, 34541, 0, 38646, 0, 0, 917, 44589, 11921, -1, 46313, 41008, 0, 36705, 40707, 39248, 35371, 0, 33550, 0, 42757, 44795, 30037, 6757, 15501, 0, 44502, 0, 0, 31278, 0, 0, 33412, 0, 0, 0, 12646, 21262, 29363],[36043, 675210848, -1841336935, 0, 0, 26548, 0, 45964, 33934, 0, 46038, 0, 0, 21779, 36991, 0, 0, 0, 10385, -768526582, 34235, 44454, 33287, 0, 32660, 18892, 13240, 0, 32245, 0, 45531, 24717, 0, 35454, 31081, 13910, 36117, 44820, 43505, 8864, 26017, 23169, 12029, 0, 0, 0, 37706, 45317, 19561, 0, 40758, 46313, -1, 0, 21442, 20330, 0, 0, 0, 0, 0, 39298, 0, 34166, 24233, 25104, 0, 0, 23138, 44992, 28927, 0, 0, 16450, 12071, 0, 39012, 43370, 22415, 28844, 42895],[14929, 445575377, -107336404, 0, 46058, 26339, 24056, 44226, 30245, 0, 12621, 34428, 26373, 36798, 0, 0, 39198, 27370, 40503, -383276314, 30920, 22233, 0, 24605, 19500, 0, 0, 33152, 0, 34012, 40881, 45686, 0, 39896, 32707, 0, 38973, 16749, 0, 34733, 45334, 24229, 0, 29580, 22805, 36107, 23020, 27721, 32979, 0, 0, 41008, 0, -1, 0, 0, 21220, 34069, 0, 34580, 33265, 45412, 34956, 20012, 36241, 0, 0, 0, 38195, 19791, 0, 40331, 43926, 0, 0, 34054, 26695, 45751, 17747, 0, 13812],[0, 45717, -2034056486, -1860002500, 0, 0, 1936705406, 0, 34995, 45036, 0, 29900, 0, 0, 0, 9477, 36620, 9135, 0, 0, 0, 0, 42876, 28962, 30837, 22777, 38504, 41302, 0, 19509, 40020, 8636, 0, 0, 36055, 8611, 15188, 36800, 35185, 25856, 39355, 28788, 41560, 39798, 20072, 41558, 45930, 16543, 43445, 45769, 36823, 0, 21442, 0, -1, 27582, 41796, 0, 28406, 0, 32939, 28264, 24202, 25244, 0, 32843, 0, 0, 0, 0, 27103, 0, 44604, 17589, 36273, 42522, 0, 34253, 0, 27470, 18658],[33975, 0, 0, 0, 938408276, -1217936723, 28336, 16947, 10136, 0, 0, 1781089056, 0, 28313, 0, 0, 0, 811483412, 27279, -635610206, -1186162693, 45827, 14237, 0, 0, -2036556531, 1202242126, 45573, 23213, 0, -462402992, 716748909, 20822, 0, 38705, 0, 34715, 0, 13672, 34144, 0, 0, 0, 0, 0, 33168, 28206, 39885, 31535, 0, 42082, 36705, 20330, 0, 27582, -1, 37332, 0, 44998, 29991, 21402, 0, 0, 19827, 29082, 0, 41168, 0, 12497, 0, 42514, 0, 20184, 0, 36145, 0, 0, 0, 45637, 25019, 31828],[44011, 1219919426, 3888, 0, 11811, 37154, 35451, 22784, 15761, 0, 0, 0, 44899, 31844, 29261, 29213, 14915, 34429, 14036, -693903015, 36260, 29392, 13993, 41526, 42556, 42797, 40674, 0, 0, 0, 0, 0, 18704, 43390, 43494, 35595, 0, 44523, 20665, 34822, 33622, 22332, 23047, 0, 0, 31514, 0, 10622, 46275, 18111, 40807, 40707, 0, 21220, 41796, 37332, -1, 21985, 34841, 39996, 0, 0, 0, 0, 43986, 46051, 0, 18938, 0, 33654, 0, 26795, 40337, 11106, 18415, 0, 44489, 27881, 0, 19986, 20210],[0, 0, 19305, 28777, 1123639262, 490643769, -1099917208, 33828, 0, 2132457639, 0, 0, 0, 41776, 0, 19987, 38810, 12710, 34273, 34339, 34959, 42949, 26419, 36545, 0, 4513, 0, 42222, 12467, 16577, 0, 7098, 43916, 0, 41565, 0, 0, 16243, 33564, 41531, 35257, 7006, 44797, 0, 37358, 31901, 42643, 34446, 0, 0, 26659, 39248, 0, 34069, 0, 0, 21985, -1, 38094, 22841, 0, 0, 0, 37618, 20699, 10946, 0, 0, 0, 6155, 19448, 0, 32882, 0, 39959, 30267, 22869, 4475, 14762, 13736, 0],[25444, 0, 0, 1832688877, 1369, -1314204520, 24130, 0, 0, 40571, 1451600822, 34162, 0, 0, 43324, 34600, 0, 886264040, 43520, 0, 0, 39179, 0, 18359, 41703, 0, 0, 0, 5437, 36985, -1290154101, 0, 916436806, 0, 0, 34815, 0, 398227851, 1905733934, 35368, 12246, 40230, 2472, 40151, 26655, 0, 36137, 15539, 26386, 34428, 16042, 35371, 0, 0, 28406, 44998, 34841, 38094, -1, 40849, 0, 0, 44140, 22864, 39896, 0, 40440, 0, 13101, 29216, 40157, 36325, 0, 0, 13417, 11173, 40601, 0, 0, 35258, 9224],[34314, 200981852, 0, 29729, 41184, 42555, 0, 0, 33354, 43678, 23939, 20340, 40147, 0, 45421, 0, 40449, 46305, 44368, 0, 18828, 28552, 26661, 21357, 34873, 42334, 29780, 40301, 14279, 0, 11205, 35699, 45709, 31265, 22330, 32904, 15872, 36267, 0, 0, 19158, 14914, 38656, 38862, 18429, 24646, 0, 0, 12473, 44900, 33326, 0, 0, 34580, 0, 29991, 39996, 22841, 40849, -1, 36104, 30670, 12096, 10136, 35318, 12551, 37350, 18082, 0, 38912, 41910, 32383, 31756, 39428, 37726, 27015, 37895, 34583, 14089, 0, 0],[0, 37890, -1251532413, 0, -1680765184, -871545900, 0, 271553961, 0, 0, 9120, 41513, 0, 0, 37311, 42084, 36218, 36236, 43049, 0, 33781, 17012, 0, 43400, 33038, 0, 0, 9402, 25575, 32072, 23273, 0, 24990, 27208, 41063, 0, 0, 44227, 0, 0, 31155, 29336, 43081, 2776, 20846, 37849, 22053, 23340, 36920, 42997, 44940, 33550, 0, 33265, 32939, 21402, 0, 0, 0, 36104, -1, 37448, 32487, 0, 39499, 11229, 0, 28512, 0, 26755, 45389, 26968, 23252, 22688, 28870, 31530, 0, 41564, 39147, 0, 11936],[45323, 1283319979, 32291, 27068, 35922, 37497, 0, 44444, 37321, 22533, 43555, 42583, 29870, 25190, 0, 32943, 36740, 0, 33847, -693302923, 0, 0, 42956, 40109, 43990, 34824, 0, 0, 35301, 25478, 0, 33638, 0, 18398, 29007, 0, 26703, 12197, 37463, 0, 34024, 19333, 45684, 0, 37501, 37449, 45840, 26694, 41917, 13835, 0, 0, 39298, 45412, 28264, 0, 0, 0, 0, 30670, 37448, -1, 26222, 36800, 21286, 0, 26948, 9647, 0, 0, 0, 28736, 0, 0, 0, 0, 29962, 42883, 16169, 31676, 29489],[15180, 1743504325, 27155, 16510, 23125, 0, 0, 33520, 0, 40515, 0, 0, 0, 44337, 44780, 46153, 0, 0, 37334, 0, 39013, 23040, 28764, 0, 15299, 0, 27135, 0, 31646, 0, 33671, 36468, 45836, 41936, 37994, 0, 39677, 0, 34799, 33476, 0, 31109, 39369, 30204, 18434, 0, 40556, 0, 19661, 16047, 41849, 42757, 0, 34956, 24202, 0, 0, 0, 44140, 12096, 32487, 26222, -1, 39372, 27679, 46062, 38716, 10699, 43017, 0, 24088, 0, 0, 38657, 6520, 38947, 33264, 19839, 0, 0, 37274],[29048, 0, 467718522, 66699725, 0, -1320002340, 0, 41899, 0, 35421, 31065, 35285, 0, 39157, 0, 40071, 1823938627, 0, 40714, 0, 27725, 41350, 0, 38124, 14292, 0, 14207, 0, 0, 0, 37676, 35007, 28082, 27794, 0, 44046, 0, 8820, 15177, 42291, 0, 0, 32610, 0, 8132, 27861, 41159, 7856, 43036, 38934, 40407, 44795, 34166, 20012, 25244, 19827, 0, 37618, 22864, 10136, 0, 36800, 39372, -1, 0, 9727, 38215, 9496, 40457, 0, 35328, 39150, 0, 28205, 0, 0, 34476, 0, 19472, 22151, 21743],[8036, 0, 429915304, 34126, 472380449, -1495494734, 0, 0, 37450, 0, 0, 37080, -1979121072, 0, 45814, 0, 855776088, 10951, 32819, -1341202409, 32902, 8990, 0, 0, 37719, 0, 37458, 0, 29524, 0, 26456, 0, 16263, 0, 28630, 39660, 0, 0, 33094, 43135, 45507, 0, 32883, 0, 15423, 44097, 0, 26181, 0, 0, 33262, 30037, 24233, 36241, 0, 29082, 43986, 20699, 39896, 35318, 39499, 21286, 27679, 0, -1, 0, 0, 0, 29917, 37701, 26530, 16959, 11935, 0, 34936, 27485, 43047, 41122, 38978, 4058, 0],[0, 39806, 0, 0, -1710766287, 0, 1326698300, 42343, 33344, 32916, 44837, 0, 38291, 19913, 41888, 19521, 0, 23780, 37359, 0, 0, 0, 7394, 0, 0, 45318, 0, 24361, 43000, 37922, 8202, 38699, 0, 37291, 30236, 40295, 10142, 0, 34061, 14479, 15599, 31599, 35118, 45510, 0, 45622, 40785, 0, 34954, 42921, 44579, 6757, 25104, 0, 32843, 0, 46051, 10946, 0, 12551, 11229, 0, 46062, 9727, 0, -1, 18421, 0, 0, 37247, 0, 41408, 29727, 45412, 0, 18994, 0, 0, 0, 35416, 0],[40344, 1289033876, 24666, 31949, 20655, 0, 0, 44337, 0, 7780, 0, 41487, 29523, 0, 0, 23681, 0, 9728, 18123, -998428344, 42627, 0, 0, 42545, 0, 43170, 0, 32857, 24608, 33027, 18171, 45772, 35956, 0, 0, 11315, 17741, 26461, 20551, 29257, 28350, 0, 22929, 18772, 37644, 20916, 1909, 29112, 32398, 44765, 0, 15501, 0, 0, 0, 41168, 0, 0, 40440, 37350, 0, 26948, 38716, 38215, 0, 18421, -1, 44276, 39044, 6560, 21852, 0, 45837, 25418, 29430, 13789, 43865, 35818, 37728, 34823, 34789],[22371, 420316916, 37366, 0, 0, 45161, 0, 16695, 0, 35267, 24400, 46052, 43569, 16967, 39575, 0, 0, 25062, 0, 0, 42835, 13321, 0, 0, 0, 0, 0, 41095, 0, 33090, 13898, 0, 44411, 38191, 0, 45152, 46265, 0, 23371, 15797, 41346, 0, 39453, 28338, 0, 0, 21813, 45190, 0, 0, 21228, 0, 0, 0, 0, 0, 18938, 0, 0, 18082, 28512, 9647, 10699, 9496, 0, 0, 44276, -1, 33510, 39947, 0, 0, 41669, 28305, 0, 15665, 0, 0, 31380, 0, 39817],[36811, 0, 0, 0, 1171465374, -1713032419, 0, 0, 39323, 27748, 30107, -317965647, 0, 38269, 38911, 23694, 1977843761, 27611, 39136, -865194096, 0, 40306, 0, 0, 7985, 23112, 31160, 46139, 0, 29763, 33957, 25910, 0, 0, 25519, 31840, 0, 16142, 24001, 10353, 24728, 38130, 20839, 41388, 36483, 35741, 0, 24011, 9102, 45706, 0, 44502, 23138, 38195, 0, 12497, 0, 0, 13101, 0, 0, 0, 43017, 40457, 29917, 0, 39044, 33510, -1, 45090, 0, 35447, 0, 0, 0, 0, 0, 12440, 43502, 41643, 39195],[23158, 1487594255, 0, 29008, 24056, 44052, 38895, 0, 40723, 0, 0, 38295, 0, 43061, 0, 45548, 0, 38554, 11545, 0, 0, 40270, 36503, 0, 38243, 39894, 0, 0, 0, 17169, 0, 7519, 0, 0, 0, 39546, 0, 0, 39356, 22652, 35557, 41639, 23310, 39515, 42744, 12167, 32617, 0, 31556, 37023, 26079, 0, 44992, 19791, 0, 0, 33654, 6155, 29216, 38912, 26755, 0, 0, 0, 37701, 37247, 6560, 39947, 45090, -1, 16746, 21525, 0, 0, 33865, 40154, 36602, 29437, 30080, 0, 0],[38928, 296513418, 26188, 36035, 33547, 0, 22779, 37626, 34677, 43874, 30380, 0, 46035, 22415, 0, 44296, 0, 23728, 21810, 0, 0, 41658, 26592, 41111, 31556, 0, 0, 13352, 5006, 36873, 0, 0, 0, 32055, 26893, 31301, 0, 0, 11454, 13339, 7165, 43321, 36389, 46070, 0, 43705, 0, 0, 33814, 0, 0, 0, 28927, 0, 27103, 42514, 0, 19448, 40157, 41910, 45389, 0, 24088, 35328, 26530, 0, 21852, 0, 0, 16746, -1, 41538, 32565, 0, 44016, 41650, 31527, 0, 0, 31884, 44776],[0, 0, 15408, 1553409469, 324423321, 247630719, -1482907860, 0, 0, 0, 0, 0, -1274212900, 0, 0, 869881173, 33657, 35299, 37876, 0, 0, 0, 41981, 31514, 0, 31695, 22792, 0, 19168, 41045, 30900, 23091, 0, 10944, 25975, 40896, 33793, 14507, 0, 0, 9942, 0, 0, 45568, 39905, 0, 27883, 0, 24815, 0, 10809, 31278, 0, 40331, 0, 0, 26795, 0, 36325, 32383, 26968, 28736, 0, 39150, 16959, 41408, 0, 0, 35447, 21525, 41538, -1, 33244, 0, 0, 0, 43479, 19215, 0, 25200, 0],[41389, 0, 527097013, 23064, 507251000, -2036276160, 36446, 38480, 41428, 42519, 6769, 0, -1646972449, 0, 0, 0, 1601711640, 32146, 28414, 0, 0, 0, 44965, 0, 34475, 33676, 0, 0, 19611, 0, 22522, 0, 28025, 23767, 0, 0, 45096, 0, 37482, 0, 0, 0, 0, 41495, 0, 0, 9011, 34823, 41923, 21748, 23969, 0, 0, 43926, 44604, 20184, 40337, 32882, 0, 31756, 23252, 0, 0, 0, 11935, 29727, 45837, 41669, 0, 0, 32565, 33244, -1, 38434, 40489, 41775, 0, 45942, 23630, 44454, 45520],[45608, 1251787749, 0, 45206, 44076, 0, 7512, 43366, 42030, 38568, 0, 32999, 33584, 44126, 30625, 18069, 17238, 44153, 25466, 5729, 0, 41613, 0, 0, 17505, 39858, 41236, 35368, 18757, 0, 32474, 0, 0, 0, 36371, 40624, 0, 0, 20744, 39729, 0, 34310, 23398, 37054, 37099, 11407, 28647, 0, 28282, 0, 27750, 0, 16450, 0, 17589, 0, 11106, 0, 0, 39428, 22688, 0, 38657, 28205, 0, 45412, 25418, 28305, 0, 0, 0, 0, 38434, -1, 36006, 42128, 0, 31525, 42927, 17123, 0],[41665, 1251472986, 29696, 0, 0, 12300, 0, 44067, 0, 26879, 10094, 25744, 35282, 45408, 20158, 0, 44261, 0, 0, 0, 19761, 40915, 32114, 35807, 44412, 29166, 0, 31963, 24820, 26182, 42566, 0, 42928, 9344, 35116, 0, 8020, 32078, 34495, 34554, 15745, 21120, 0, 16294, 46267, 26390, 0, 19982, 0, 39713, 43055, 33412, 12071, 0, 36273, 36145, 18415, 39959, 13417, 37726, 28870, 0, 6520, 0, 34936, 0, 29430, 0, 0, 33865, 44016, 0, 40489, 36006, -1, 0, 39233, 45627, 0, 0, 10726],[0, 44357, 0, -2011573841, 0, 14053, 0, 579891351, 44533, 23342, 31824, 35176, 35068, 46160, 45885, 0, 40301, 39991, 15760, 0, 8108, 0, 0, 0, 0, 43734, 37823, 0, 0, 28495, 36772, 29660, 0, 0, 20743, 35517, 26472, 0, 33613, 18735, 34971, 37991, 16189, 0, 44318, 0, 0, 27470, 0, 27835, 39165, 0, 0, 34054, 42522, 0, 0, 30267, 11173, 27015, 31530, 0, 38947, 0, 27485, 18994, 13789, 15665, 0, 40154, 41650, 0, 41775, 42128, 0, -1, 10953, 40171, 0, 12423, 37061],[0, 7565, -1143607773, -2003073685, -1131003439, 27658, 1520992266, 29599, 19549, 27144, 34734, 0, 19279, 24301, 18422, 35213, 38911, 0, 0, 37725, 25238, 30968, 44703, 0, 0, 27253, 19822, 0, 4004, 0, 24813, 41878, 36199, 0, 0, 0, 10507, 0, 0, 38814, 45784, 31330, 10387, 31270, 36303, 32640, 31341, 29028, 21361, 0, 0, 0, 39012, 26695, 0, 0, 44489, 22869, 40601, 37895, 0, 29962, 33264, 34476, 43047, 0, 43865, 0, 0, 36602, 31527, 43479, 0, 0, 39233, 10953, -1, 0, 25607, 30489, 0],[36678, 0, 2099916714, 288176914, 1989566985, -1990544449, 0, 23360, 0, 40732, 40648, 90020805, -1936595713, 45034, 29893, 23698, 236041977, 11569, 38632, 32564, 36187, 0, 20378, 42303, 0, 0, 34498, 37306, 22695, 18904, 0, 31963, 27653, 25386, 32839, 31899, 0, 5326, 0, 0, 0, 0, 45520, 40886, 34063, 24520, 19860, 33100, 0, 37904, 37808, 0, 43370, 45751, 34253, 0, 27881, 4475, 0, 34583, 41564, 42883, 19839, 0, 41122, 0, 35818, 0, 12440, 29437, 0, 19215, 45942, 31525, 45627, 40171, 0, -1, 0, 3268, 20509],[0, 7073, 0, -1922245058, 0, 28657, 1373637844, 0, 37296, 32350, 44115, 35550, 0, 8149, 21849, 0, 39087, 139