257
[[-1, 28232, 43573, 9615, 34053, 37354, 38340, 30193, 24216, 24839, 14155, 33971, 42882, 31783, 28952, 41223, 35164, 37913, 43713, 3797, 41127, 40021, 40789, 28231, 26443, 32512, 36384, 29079, 35442, 31356, 30728, 26166, 14265, 36985, 18586, 45385, 40815, 39546, 21722, 41130, 39203, 40618, 39443, 23573, 41917, 43432, 25361, 31346, 43133, 33482, 13370, 32674, 27575, 31906, 23015, 34994, 46124, 38278, 33580, 38833, 46032, 41576, 35153, 33065, 26857, 4918, 45334, 41888, 25320, 36365, 41303, 7184, 41459, 45065, 20992, 40865, 6383, 16473, 18333, 25660, 41757, 36280, 39742, 21381, 30388, 15448, 13465, 44839, 31049, 32219, 43555, 34102, 33501, 21275, 32876, 22069, 14701, 7167, 35524, 7068, 27741, 22470, 43207, 30802, 43506, 12176, 35057, 43445, 33526, 41082, 22656, 45052, 25899, 27426, 43666, 34119, 39049, 33316, 29025, 14467, 43317, 19202, 21915, 39177, 41639, 32373, 27095, 37074, 34628, 34435, 33252, 31261, 36195, 40426, 8474, 39373, 43256, 29767, 41539, 41897, 42772, 28396, 30319, 27456, 41286, 46188, 36486, 30467, 43002, 26213, 38585, 30438, 21659, 38869, 45650, 22530, 25753, 25144, 37484, 24282, 42374, 42899, 43219, 46198, 33500, 18953, 44774, 33224, 14660, 18567, 44078, 38263, 39653, 36082, 5939, 22711, 41841, 31209, 27335, 24177, 44316, 19843, 41113, 30429, 39540, 44828, 39070, 32237, 39806, 20631, 42298, 17980, 22602, 42961, 21585, 35835, 21514, 34436, 36837, 40584, 31395, 21899, 44336, 28309, 30341, 45974, 35339, 44597, 39529, 23857, 23721, 6509, 38604, 20718, 43719, 34885, 38650, 26216, 22592, 28048, 38801, 20370, 37649, 32838, 32060, 21984, 31722, 43144, 20341, 39984, 44642, 28126, 12769, 44137, 44027, 21053, 16297, 32027, 39973, 30752, 34349, 40045, 32141, 25928, 19501, 35673, 40976, 26503, 41371, 24535, 41053, 13792, 46308, 21517, 22871, 36832, 38657],[28232, -1, 46147, 35342, 32611, 42509, 17427, 30894, 33654, 26594, 29589, 13957, 29487, 33091, 35201, 43358, 35258, 30174, 35972, 39125, 37599, 42420, 21314, 45668, 43884, 45868, 33447, 37314, 11442, 28543, 25273, 41751, 41441, 39563, 24996, 29321, 33372, 30064, 26851, 29723, 43113, 35019, 33373, 43094, 38373, 41783, 27482, 44866, 22856, 16044, 25500, 7700, 42867, 22789, 22255, 41372, 26440, 12837, 23167, 32770, 25988, 24494, 2166, 10063, 24814, 40774, 43048, 30289, 41114, 20382, 27382, 34476, 24517, 25893, 22941, 42173, 20977, 26674, 23810, 37873, 30559, 41270, 43098, 31640, 25608, 19104, 26650, 28123, 26844, 17943, 22111, 37125, 41898, 13753, 18515, 42774, 17969, 20580, 33533, 15746, 21286, 28381, 41664, 43792, 24506, 12654, 42674, 17181, 32902, 40268, 40470, 27945, 32694, 41735, 34448, 6158, 14397, 46335, 37582, 42017, 40705, 46262, 26685, 27970, 7085, 19892, 33945, 11017, 23201, 14054, 28139, 43598, 45179, 7555, 35374, 29344, 24579, 14035, 34574, 16783, 12052, 11635, 44335, 36706, 14402, 13890, 39370, 29511, 9383, 23758, 38354, 37470, 26153, 37830, 29521, 29305, 44563, 29150, 27410, 31103, 32033, 29696, 36990, 14978, 37601, 26899, 45811, 21126, 37873, 25588, 37589, 31408, 40736, 37869, 31277, 17394, 38161, 8746, 21665, 33177, 34626, 31291, 34037, 40704, 37109, 19338, 12772, 7983, 35341, 39676, 18742, 25655, 18998, 33543, 37472, 41442, 25209, 43676, 14571, 43867, 16616, 35903, 28807, 30619, 11540, 44114, 7358, 37702, 38981, 36798, 43768, 26386, 44787, 13059, 40416, 19863, 46022, 24761, 17862, 31558, 18502, 25364, 37131, 30188, 25115, 22354, 37068, 6852, 37621, 17367, 26809, 38432, 11033, 38170, 18782, 38352, 17233, 43827, 40091, 39054, 39693, 34785, 26802, 41509, 15626, 20052, 11848, 39178, 38629, 43151, 41954, 23806, 41250, 36723, 23550, 28350, 34766],[43573, 46147, -1, 36250, 15116, 28052, 35774, 41619, 14674, 34594, 26981, 41511, 35071, 42503, 43892, 45034, 22973, 30652, 11079, 12974, 46063, 22725, 21456, 31928, 12423, 34968, 33067, 46303, 20934, 21118, 44656, 39229, 40503, 25326, 19730, 28998, 43926, 45904, 21634, 11798, 18110, 44923, 38298, 42538, 9900, 33172, 10643, 25084, 23119, 27654, 33189, 26714, 25140, 31458, 37463, 26411, 45615, 13489, 44138, 34929, 39997, 33803, 20140, 6904, 43696, 38492, 43519, 16824, 36457, 14239, 41709, 18403, 34325, 13964, 20476, 32137, 40037, 31136, 6045, 43868, 33905, 45807, 37980, 37624, 43796, 17967, 15323, 26473, 19641, 23773, 5040, 32089, 34016, 35381, 43004, 12864, 30893, 23431, 37144, 45150, 31897, 31417, 37028, 23414, 16325, 26414, 25458, 43412, 34673, 42793, 12533, 25104, 11959, 41451, 12633, 24737, 35004, 37389, 33639, 21168, 40716, 45802, 40823, 45631, 27435, 8094, 43795, 25403, 20384, 39976, 44565, 41585, 43957, 16131, 35496, 44953, 30359, 24765, 45326, 39313, 10607, 2268, 43461, 30701, 21432, 29125, 40835, 43275, 35198, 37030, 42231, 30049, 31842, 44729, 33381, 33911, 42652, 41547, 40273, 11772, 33701, 38220, 18577, 37652, 29723, 36025, 27870, 13171, 42726, 20788, 7949, 43994, 34772, 36791, 39955, 41070, 34459, 14871, 45016, 35742, 15709, 24025, 35351, 29271, 31896, 45272, 31682, 44995, 19951, 45995, 41154, 44042, 37293, 30079, 44401, 45932, 4235, 26104, 42615, 18499, 34038, 39941, 41919, 21965, 33106, 37691, 17046, 45574, 4707, 45841, 35187, 33933, 34144, 40269, 26023, 12929, 32986, 33598, 28602, 46084, 38131, 43192, 38807, 11887, 26238, 24181, 19958, 38409, 38977, 39793, 30680, 23263, 25694, 45565, 21009, 27888, 24733, 8756, 43316, 30680, 32461, 19298, 23784, 19218, 19773, 12537, 42815, 27987, 21764, 46257, 18776, 31941, 15727, 41136, 30785, 39933, 30493],[9615, 35342, 36250, -1, 22660, 41753, 28297, 31373, 30315, 27246, 40985, 12972, 31644, 28091, 42485, 42199, 29640, 29006, 37888, 42169, 26751, 18809, 42783, 38542, 20350, 12884, 21041, 34978, 20998, 46198, 15070, 33763, 22886, 42514, 33794, 43137, 36835, 33649, 22906, 13905, 23530, 12735, 16280, 37493, 45619, 36096, 43873, 45678, 39529, 40935, 36491, 7242, 24742, 41699, 41226, 37594, 26714, 5740, 41011, 17690, 11162, 34219, 10072, 29433, 44712, 10285, 36309, 34948, 46210, 29950, 32474, 32234, 31269, 39670, 38815, 18624, 45554, 35764, 38275, 34528, 37388, 32807, 20903, 43330, 29420, 32148, 24149, 32278, 37771, 25382, 20938, 9334, 28178, 21185, 44232, 41098, 29554, 10181, 16824, 9328, 40570, 29077, 42751, 32098, 23851, 44066, 36643, 19286, 43193, 41548, 26189, 40699, 16053, 41616, 11121, 24122, 40856, 7407, 45734, 16104, 23421, 23320, 34428, 34213, 38324, 33422, 45231, 14689, 32210, 4147, 42299, 8857, 30084, 38087, 16279, 45433, 35057, 41377, 36834, 44839, 37041, 19463, 14498, 45063, 43905, 34743, 41108, 27919, 32881, 41093, 18875, 10360, 46162, 15024, 16326, 39011, 31652, 37210, 41907, 21865, 35467, 45796, 18886, 17414, 30908, 7744, 25115, 14486, 28974, 22880, 38059, 39027, 39834, 37841, 24826, 45496, 5727, 26795, 38342, 2931, 46246, 36888, 44553, 28142, 23833, 37116, 39633, 20285, 36806, 17232, 31245, 45248, 19932, 43573, 43264, 34154, 45740, 37236, 36346, 32979, 29602, 42228, 16577, 32761, 45447, 38076, 6841, 35429, 36993, 42579, 25076, 44941, 43232, 9569, 45462, 19138, 11717, 22336, 18153, 40272, 6193, 27720, 15184, 27046, 41418, 42807, 8889, 29585, 43710, 22501, 15547, 28629, 42040, 40702, 38187, 30595, 36751, 36624, 27372, 31686, 43787, 33546, 13550, 42545, 34707, 43473, 32973, 29280, 45543, 32994, 41794, 28071, 21663, 41019, 21424, 8981, 37339],[34053, 32611, 15116, 22660, -1, 11028, 45569, 42971, 32598, 41544, 21033, 45804, 35382, 25994, 43492, 12871, 21458, 30799, 35040, 42036, 41432, 3116, 9216, 9170, 39524, 39187, 36181, 24646, 17868, 38883, 23299, 45825, 34890, 28069, 35549, 12982, 41870, 19042, 36296, 38260, 42186, 45489, 12532, 39646, 46011, 37709, 41065, 19253, 35463, 15737, 9236, 38022, 31078, 19197, 39280, 22191, 15550, 23828, 15316, 37585, 45943, 26184, 45232, 7829, 19342, 43661, 31908, 23682, 36062, 40116, 45436, 44166, 38161, 43052, 35048, 22092, 27497, 13962, 36468, 43854, 17537, 36859, 19680, 32388, 43705, 13950, 7772, 28406, 10456, 39301, 39299, 21131, 24309, 36514, 39928, 43970, 34153, 42303, 45541, 39792, 27897, 24792, 34230, 44945, 45719, 37536, 40050, 17073, 21829, 20725, 33339, 29877, 44500, 18368, 29868, 37459, 45228, 45112, 36886, 23563, 12101, 46281, 46191, 32539, 16589, 34532, 30230, 3992, 34667, 25605, 14501, 40292, 35535, 36565, 27955, 41522, 16730, 35979, 27483, 36885, 36549, 40010, 40674, 37101, 16077, 42459, 44032, 22234, 44899, 33551, 14271, 45724, 37795, 44633, 21136, 4578, 23108, 21278, 30129, 38651, 38991, 21068, 19677, 19764, 33254, 20837, 31269, 42304, 26873, 32464, 31947, 44992, 34275, 40764, 26273, 41528, 18385, 25891, 46108, 8278, 22403, 32190, 31455, 37515, 37126, 44779, 5248, 14481, 31582, 25868, 38921, 43167, 32536, 32211, 39532, 42991, 13063, 21106, 40329, 15120, 44023, 40804, 27965, 31263, 36590, 44522, 39471, 5874, 25322, 7709, 37087, 18389, 33388, 27356, 29702, 40147, 18475, 44758, 10341, 23068, 42811, 6939, 28559, 31456, 41493, 36349, 30645, 28936, 35162, 16781, 44480, 38819, 17670, 45889, 1489, 15538, 28238, 41178, 28259, 39687, 45901, 44106, 21131, 3145, 24134, 35788, 38595, 6810, 13281, 23473, 41020, 33349, 38587, 34625, 32604, 32446, 45548],[37354, 42509, 28052, 41753, 11028, -1, 38701, 30364, 37249, 23565, 33147, 16865, 44534, 18571, 38202, 26319, 13545, 45606, 11545, 36054, 19619, 26606, 32116, 43313, 33030, 41028, 5433, 27095, 42333, 22200, 44841, 19194, 34143, 43116, 36361, 34617, 32051, 42728, 30643, 29150, 26496, 44962, 41618, 32189, 26623, 11397, 45204, 16779, 45878, 36340, 22217, 31135, 24274, 32234, 45538, 23884, 10594, 28151, 28693, 41675, 23035, 14059, 7829, 25755, 18292, 34098, 40193, 28234, 34547, 38310, 30247, 19566, 41088, 43874, 8891, 31593, 7357, 25738, 44287, 37182, 6670, 39917, 35075, 34742, 37039, 9587, 30582, 20271, 16262, 32957, 23321, 38550, 33740, 32870, 29428, 42587, 40675, 22550, 20794, 33115, 46219, 36594, 11554, 35486, 44061, 36618, 39817, 36653, 43288, 45215, 39934, 35995, 29016, 40683, 38237, 35481, 26314, 4865, 45058, 19132, 33352, 21876, 46321, 46312, 20587, 25949, 21608, 36798, 31536, 43913, 29865, 42595, 34692, 37376, 34438, 9793, 35339, 46231, 45732, 37507, 39529, 28814, 38905, 32186, 3845, 44032, 30868, 38437, 45196, 34486, 15518, 23854, 31406, 12215, 21528, 42799, 45251, 30965, 39630, 31054, 34731, 38354, 31206, 40417, 44826, 19371, 33074, 15722, 45376, 34651, 32045, 38115, 18239, 34258, 14259, 40245, 34164, 20127, 39799, 38779, 24864, 41477, 26306, 41153, 24191, 36980, 45629, 28221, 9055, 42004, 33260, 39751, 39894, 23406, 31376, 33107, 37609, 34297, 46220, 35711, 38319, 23029, 36082, 32246, 38269, 45730, 39583, 22540, 14664, 30532, 42525, 19334, 39596, 31809, 35580, 20200, 37626, 21076, 40047, 12018, 42113, 29752, 18711, 26683, 46329, 44736, 34886, 31553, 42915, 45607, 43159, 19073, 42288, 45879, 40090, 44237, 45763, 23390, 27103, 40358, 28500, 32826, 33910, 28195, 25688, 32586, 44592, 21704, 45450, 18622, 41214, 22305, 19664, 29543, 10709, 39432, 16205],[38340, 17427, 35774, 28297, 45569, 38701, -1, 32719, 16040, 25834, 25969, 13807, 29997, 39803, 10182, 42501, 40355, 16649, 34653, 32218, 31231, 37430, 37891, 31629, 31420, 24650, 40460, 36903, 44608, 25687, 44428, 20617, 42890, 12096, 23314, 40662, 26356, 14718, 19691, 6227, 39827, 42815, 34563, 37500, 19759, 30841, 26005, 41123, 38453, 38763, 43519, 37982, 44114, 14165, 42151, 32583, 35789, 33952, 44131, 3754, 34728, 43962, 25556, 27960, 36150, 12468, 45854, 34693, 35396, 30193, 21548, 23423, 44330, 43996, 37230, 34866, 25622, 29958, 10733, 25489, 45754, 45990, 42790, 35150, 35392, 24519, 35719, 21458, 31721, 37755, 26772, 40032, 33481, 35210, 30172, 20020, 10319, 34668, 39211, 28715, 45412, 43674, 33677, 9803, 31598, 15276, 7552, 35258, 38149, 26462, 38668, 23415, 24998, 41738, 19391, 32105, 34019, 25991, 39064, 34574, 17587, 38932, 41798, 21861, 30828, 41667, 33051, 44606, 28708, 27992, 36472, 44617, 33815, 43300, 46185, 11795, 14003, 45054, 37097, 30492, 28816, 19846, 44949, 17927, 39721, 44694, 34228, 29407, 35181, 9895, 30304, 36231, 39331, 42583, 35882, 32025, 22690, 23744, 38665, 18335, 8063, 45590, 29381, 45036, 40001, 43180, 32986, 42744, 19499, 21707, 18400, 31313, 21766, 42635, 46078, 40429, 43552, 26129, 10572, 30225, 7218, 29763, 36201, 24587, 45209, 31062, 43393, 17343, 22077, 33080, 1727, 44107, 46040, 46040, 34255, 23919, 33960, 32505, 37651, 35607, 31220, 27054, 21575, 15352, 37628, 45698, 27379, 38676, 15919, 20065, 34533, 31208, 17021, 36021, 46281, 39270, 45012, 46141, 41112, 31672, 27251, 39294, 35201, 18578, 5873, 36380, 24348, 44460, 46292, 32259, 37854, 20401, 23509, 42428, 38757, 32533, 18527, 23640, 15504, 45869, 28136, 23062, 44276, 46182, 39001, 24405, 23427, 39128, 4270, 43263, 21593, 26072, 23822, 21124, 21921, 23439, 32980],[30193, 30894, 41619, 31373, 42971, 30364, 32719, -1, 28979, 39306, 41334, 38115, 43362, 44836, 31344, 29957, 39989, 32931, 16194, 36669, 45334, 33330, 32157, 24139, 36128, 30968, 39640, 42594, 31027, 31394, 40330, 39503, 45583, 26600, 28127, 5315, 42401, 39163, 36836, 12021, 23773, 44750, 33617, 33645, 18596, 18093, 39718, 19685, 16152, 21317, 24761, 44860, 36385, 11943, 42958, 41718, 18171, 19479, 29117, 40006, 34237, 37955, 19921, 45482, 44647, 26089, 39610, 19692, 21185, 19420, 44690, 33322, 26908, 26611, 34818, 38758, 15250, 38142, 22640, 30402, 17827, 11215, 42149, 44876, 4722, 29030, 40199, 38783, 31555, 44271, 41603, 36734, 42158, 32374, 23944, 26986, 8501, 34032, 29634, 37376, 46039, 34738, 9342, 44804, 20889, 25818, 41647, 24359, 39631, 33886, 26969, 44134, 33221, 40393, 37815, 40309, 44150, 35676, 40846, 41670, 33829, 39107, 14374, 22540, 43147, 17216, 34881, 41846, 17453, 44171, 21203, 10358, 38804, 30077, 32127, 19028, 20070, 43292, 46152, 28469, 17894, 36966, 33002, 35101, 18482, 38565, 25530, 30390, 42722, 33809, 35266, 28726, 37992, 28702, 20786, 26586, 37261, 14668, 6453, 42246, 43428, 41155, 33284, 1242, 40512, 20053, 16339, 25344, 2324, 45992, 18163, 29581, 25333, 28929, 31625, 33882, 36449, 9943, 36506, 38629, 18670, 42825, 45807, 36655, 44238, 42508, 43550, 19048, 40974, 39326, 8429, 27794, 28581, 12375, 24934, 39031, 21282, 31239, 36922, 44761, 37628, 28918, 36160, 3009, 29307, 32614, 38722, 35033, 39806, 37385, 31367, 29960, 41278, 41045, 28879, 27818, 45511, 16962, 18045, 28430, 29671, 22462, 44108, 3554, 40367, 37985, 30736, 18507, 37896, 19922, 46277, 45569, 45643, 38602, 45257, 29499, 19580, 4708, 38745, 34982, 31766, 36306, 15779, 6712, 6478, 40657, 22919, 30414, 19281, 45054, 10218, 34629, 29347, 14646, 34171, 30114, 24753],[24216, 33654, 14674, 30315, 32598, 37249, 16040, 28979, -1, 28732, 40381, 34419, 43006, 35672, 44358, 9719, 23616, 26657, 33122, 31630, 13877, 41192, 12091, 20129, 19994, 45956, 16274, 23841, 16417, 17810, 37670, 12149, 26549, 16085, 25882, 43680, 22837, 26290, 45860, 36602, 30517, 41655, 36112, 42307, 42374, 35491, 32521, 43397, 23494, 17252, 32836, 40882, 38316, 16225, 43155, 30434, 33891, 41047, 14673, 38978, 35119, 27210, 39083, 29029, 42043, 21824, 42545, 34173, 37621, 35410, 28078, 25303, 35754, 25999, 42063, 44001, 46065, 34353, 37051, 24448, 12562, 33314, 24943, 27072, 19216, 43630, 26860, 30235, 32609, 40736, 39580, 34332, 29262, 38105, 43110, 24509, 37806, 30956, 17518, 39969, 15368, 38526, 43700, 26732, 44831, 44578, 45360, 42976, 39486, 7154, 40381, 37283, 44708, 43916, 45426, 34196, 33952, 33978, 17335, 29915, 10403, 35263, 30734, 14960, 31553, 21366, 20593, 28254, 8708, 45625, 19130, 21024, 35396, 30746, 45328, 43350, 28255, 26650, 13160, 30735, 33804, 17871, 26022, 17398, 42629, 32680, 45029, 32878, 40352, 34357, 23221, 38470, 35925, 32881, 37748, 39133, 38391, 38515, 37286, 33711, 23131, 23304, 42110, 9626, 20086, 30179, 39705, 35964, 39650, 31914, 38206, 23349, 45673, 25370, 39239, 13984, 46203, 21630, 15749, 11173, 27012, 22799, 39832, 17927, 31535, 19465, 44848, 34965, 25148, 45781, 39843, 40076, 26136, 21786, 45021, 44655, 42284, 34754, 27400, 37983, 22483, 9614, 30047, 42483, 42212, 31936, 25276, 31945, 22241, 44985, 24913, 17377, 43040, 9054, 21059, 25831, 40192, 38195, 36565, 38541, 32382, 44226, 13904, 14796, 33163, 30802, 30150, 37777, 27639, 29210, 44965, 15156, 18217, 45564, 38827, 10072, 43497, 42118, 40173, 10019, 35250, 16008, 31944, 14368, 30167, 11796, 17957, 19856, 29819, 2136, 37176, 20193, 20313, 36141, 44900, 23961, 11868],[24839, 26594, 34594, 27246, 41544, 23565, 25834, 39306, 28732, -1, 1706, 8396, 45058, 2598, 25692, 9723, 39653, 8915, 29582, 22098, 42034, 46173, 33759, 45556, 45764, 33569, 38883, 30906, 43841, 32710, 30870, 14780, 35483, 32046, 28695, 38686, 12152, 40734, 29141, 35325, 17200, 27390, 19083, 13049, 42798, 29533, 30941, 24037, 40987, 16749, 34590, 39309, 3079, 27024, 37963, 34168, 28028, 25637, 42648, 36639, 40339, 23222, 41104, 36069, 38828, 35205, 21907, 35107, 34320, 32449, 35934, 21849, 21660, 41272, 30312, 46018, 10521, 26437, 29521, 12958, 4432, 29231, 38704, 20818, 35553, 27532, 42454, 35128, 38559, 26817, 46135, 34340, 24072, 42352, 4881, 44405, 38104, 36185, 32979, 31214, 27124, 20167, 42685, 37770, 41554, 9686, 41072, 17768, 39515, 33200, 30452, 27010, 22187, 36754, 39777, 31348, 43235, 39803, 44992, 23356, 41583, 28965, 43430, 45490, 25544, 26249, 20588, 6451, 13498, 33819, 29198, 20123, 24052, 25192, 45339, 15097, 32130, 18201, 29883, 28040, 25719, 16002, 45681, 9436, 15301, 35308, 1928, 23106, 43053, 24020, 9205, 39932, 43850, 39783, 36648, 33347, 26038, 24437, 14612, 26543, 14821, 22918, 17589, 31711, 31322, 16908, 40445, 31881, 37114, 39496, 16797, 40621, 32092, 19750, 16763, 46035, 23574, 40261, 16354, 32518, 34828, 38170, 45085, 22365, 34747, 17145, 24142, 19190, 20447, 23996, 38316, 45601, 8812, 26780, 19206, 26815, 46114, 34404, 15474, 22007, 40245, 44794, 34260, 40400, 32986, 36700, 25561, 35443, 34610, 5840, 43312, 23298, 43877, 9982, 41549, 35870, 27002, 26060, 31543, 24352, 26713, 31460, 44776, 44536, 42962, 15393, 26792, 37772, 28617, 34518, 45252, 34874, 40594, 37191, 45179, 21011, 45791, 10045, 13710, 19923, 41359, 40717, 16179, 33737, 42118, 25528, 35910, 30935, 26063, 15964, 42451, 41391, 41917, 39754, 21372, 26474, 27782],[14155, 29589, 26981, 40985, 21033, 33147, 25969, 41334, 40381, 1706, -1, 24167, 31271, 6406, 10557, 31929, 45071, 13574, 41753, 40449, 10756, 29531, 32355, 2930, 20204, 29619, 41796, 44052, 44481, 43149, 45306, 40700, 15185, 35290, 26819, 46089, 25789, 27630, 31903, 43590, 9241, 34079, 10052, 34605, 32313, 43503, 13513, 37316, 38584, 42343, 23247, 32615, 21825, 22064, 23106, 40449, 7515, 22593, 29897, 44185, 31437, 44334, 43002, 43122, 11102, 31927, 43319, 36736, 45101, 23331, 39166, 25666, 38421, 40846, 31685, 23603, 45931, 33024, 44781, 45532, 39826, 33009, 46314, 46311, 40682, 26331, 36097, 45166, 29315, 45424, 45876, 30300, 36886, 18458, 14539, 15023, 12373, 41839, 19051, 45224, 30180, 27888, 29605, 26583, 14112, 16787, 45624, 32724, 36055, 22962, 17204, 38370, 24840, 13105, 41465, 37934, 30106, 28149, 30336, 25711, 41403, 33951, 20540, 39995, 40882, 31941, 41936, 7505, 32092, 19870, 32409, 31582, 17059, 36987, 31699, 19596, 41753, 38741, 22275, 18480, 27368, 38720, 43530, 30265, 44309, 33764, 35327, 43256, 19871, 25821, 32911, 34744, 40609, 42442, 31272, 34814, 40951, 18077, 34422, 29923, 16925, 30852, 42689, 25450, 25700, 44074, 43777, 28586, 26479, 13593, 41709, 27334, 22241, 40085, 10213, 43835, 22669, 39254, 27206, 17936, 42221, 17373, 36391, 33322, 13302, 44565, 36262, 16366, 14168, 17690, 25418, 37394, 40813, 35549, 37086, 20972, 13212, 37560, 26471, 40942, 30262, 44860, 21391, 16242, 25190, 10138, 33766, 41724, 38990, 37776, 39985, 37456, 34948, 32373, 35669, 39310, 26188, 36166, 37982, 17486, 39981, 45891, 43184, 16404, 19912, 27350, 11096, 10987, 24865, 40534, 19438, 38852, 37565, 35760, 5275, 36212, 40354, 39262, 35128, 43653, 43756, 23511, 13660, 20316, 44314, 11786, 32438, 36206, 12986, 28225, 9459, 9583, 38485, 25507, 40314, 8490, 43312],[33971, 13957, 41511, 12972, 45804, 16865, 13807, 38115, 34419, 8396, 24167, -1, 34900, 34332, 41671, 41110, 44008, 20639, 30293, 34472, 35626, 24574, 31991, 10413, 4699, 37134, 38260, 7121, 26704, 35239, 20200, 36849, 18067, 38770, 19131, 13996, 27855, 21963, 43028, 40710, 32435, 30535, 20332, 10937, 32079, 31925, 40780, 7503, 44726, 43730, 42741, 37929, 44758, 31400, 36833, 26851, 20249, 35950, 19959, 31456, 37894, 37853, 38326, 42725, 21390, 19261, 44474, 32864, 44874, 33753, 41717, 38429, 23650, 33221, 26270, 40977, 34485, 20587, 32459, 40909, 14244, 40599, 44024, 36623, 12099, 45003, 40105, 43395, 27159, 17405, 20847, 4956, 12789, 44440, 6920, 30780, 27304, 34660, 33570, 40414, 18320, 9159, 8438, 31870, 23701, 33860, 43081, 35725, 12777, 28995, 39969, 35063, 20156, 35951, 38804, 11664, 44958, 6206, 33604, 33774, 24384, 34083, 39933, 26842, 25853, 33200, 35729, 31251, 38772, 24420, 14365, 43470, 32782, 39085, 33337, 28398, 30181, 34019, 36112, 11729, 28491, 13861, 25367, 44245, 41715, 40501, 17222, 42152, 34516, 33293, 40333, 20571, 37691, 39967, 35203, 37932, 29924, 40776, 16202, 43763, 6424, 41848, 44530, 15283, 30470, 42810, 14981, 35948, 29245, 45926, 45698, 26663, 19287, 24888, 29602, 31016, 15467, 39757, 43469, 33652, 42867, 36109, 32240, 14731, 36782, 42964, 32996, 29892, 34609, 43586, 9187, 41000, 42766, 23632, 37296, 45159, 42217, 25589, 29088, 28459, 17967, 16136, 45103, 27270, 5814, 42051, 36388, 40338, 43319, 30440, 33135, 31555, 43505, 30776, 25105, 41990, 45567, 20014, 23327, 39607, 34148, 40132, 29387, 38736, 38139, 45708, 23560, 36361, 42331, 20960, 39802, 13997, 42377, 32043, 25783, 35131, 41792, 12881, 30170, 24677, 37029, 43129, 44224, 39491, 37316, 25801, 39660, 22892, 22112, 13435, 34034, 24336, 8272, 46293, 36091, 28819, 40348],[42882, 29487, 35071, 31644, 35382, 44534, 29997, 43362, 43006, 45058, 31271, 34900, -1, 21935, 26726, 41759, 46001, 42749, 34048, 36811, 43538, 45652, 44884, 38824, 44337, 32617, 24948, 45847, 45620, 40097, 42206, 21597, 23968, 43376, 15346, 29282, 20392, 18725, 14277, 41308, 39286, 45151, 24052, 30429, 34244, 30260, 28794, 42800, 25692, 42789, 40631, 29589, 45867, 45390, 16072, 35498, 39805, 26406, 27213, 32263, 43695, 21271, 37645, 28986, 30111, 34552, 45734, 27428, 44536, 44577, 18370, 40501, 42513, 25736, 41378, 14800, 32312, 15909, 41671, 44100, 27022, 27466, 43533, 13852, 40580, 45654, 34239, 30943, 44741, 43218, 30436, 13474, 46000, 37141, 8015, 40709, 44228, 41633, 20554, 34547, 15162, 34215, 38498, 19635, 6980, 29134, 43422, 29803, 36276, 38972, 29243, 24784, 46321, 34688, 40784, 9013, 45099, 44429, 34020, 34396, 34902, 44393, 23224, 3300, 42292, 45533, 36509, 43630, 38218, 28097, 31577, 43308, 41500, 38774, 43676, 38036, 30781, 39466, 11143, 21775, 29076, 23923, 42866, 40013, 33193, 33610, 41896, 38848, 24931, 39728, 18571, 32780, 38364, 43956, 42601, 25255, 42100, 36229, 28990, 33301, 19371, 19632, 26671, 26413, 37356, 20146, 25422, 35462, 5802, 41297, 38032, 8973, 25379, 36629, 24236, 28982, 30582, 10922, 19181, 43432, 22154, 38016, 18325, 24694, 40342, 40342, 14688, 27017, 38711, 32123, 38755, 40406, 25250, 20464, 45489, 34382, 17696, 20989, 26091, 35391, 33891, 30759, 38592, 45042, 45190, 39978, 42285, 25734, 36324, 25020, 34301, 39657, 40120, 33910, 32987, 39240, 33135, 23989, 4584, 26066, 32071, 18849, 11988, 10543, 29178, 45255, 36217, 26958, 43770, 38819, 28073, 29158, 36729, 35603, 37353, 19547, 44067, 33327, 36701, 44081, 46040, 31759, 29437, 38803, 38099, 25923, 41366, 32518, 21044, 44791, 6389, 35591, 36245, 34997, 37723, 22865, 24022],[31783, 33091, 42503, 28091, 25994, 18571, 39803, 44836, 35672, 2598, 6406, 34332, 21935, -1, 35270, 39731, 31734, 17240, 10638, 38785, 29866, 42413, 44668, 33298, 12060, 32987, 42601, 45531, 45114, 46044, 39237, 32043, 5153, 33445, 46182, 18729, 26790, 43838, 28309, 27280, 46004, 26412, 13180, 43026, 12310, 30236, 20709, 27847, 19505, 23299, 9588, 2577, 42068, 43545, 34876, 44997, 36883, 20889, 27807, 27223, 34168, 17232, 29582, 15451, 19407, 26192, 43807, 29687, 46278, 27914, 43596, 36892, 41267, 30880, 36482, 31380, 45070, 25292, 23484, 18899, 24209, 44196, 39298, 41659, 38218, 45934, 12933, 27322, 15799, 46142, 18301, 32970, 23218, 32056, 26376, 44768, 30298, 39782, 22262, 37294, 35960, 17475, 23678, 35883, 36265, 38861, 12490, 30167, 42478, 35306, 35169, 37570, 41206, 6226, 7979, 31659, 45516, 34307, 3414, 8716, 13899, 45052, 8505, 22069, 43690, 23031, 43175, 41639, 37182, 19091, 32703, 14687, 19166, 27395, 22823, 34589, 22446, 7536, 28502, 38743, 17405, 33081, 25252, 33731, 19573, 44276, 43333, 30811, 22669, 34280, 44194, 2976, 6539, 27262, 45787, 45894, 45190, 46185, 30871, 40201, 15920, 36949, 17175, 44996, 25620, 23963, 41618, 10446, 40969, 30314, 39008, 43314, 11091, 36270, 31906, 21760, 42133, 43107, 25641, 18684, 17933, 29752, 40838, 14502, 25552, 16887, 23277, 11569, 6832, 4693, 40671, 45340, 25475, 37104, 34804, 43311, 45184, 22438, 45224, 42997, 6280, 32605, 40028, 28642, 39159, 23071, 30597, 28504, 23680, 31753, 42765, 42735, 29859, 36783, 31726, 22893, 18579, 42785, 28419, 31972, 16969, 12287, 22899, 11930, 34105, 37776, 45341, 35120, 38071, 29006, 34399, 43149, 35891, 20833, 38402, 13163, 30659, 37847, 29282, 13253, 25987, 29997, 31264, 45575, 26504, 14817, 14758, 35906, 40202, 40440, 37023, 38529, 41073, 33068, 25295, 33603, 5162],[28952, 35201, 43892, 42485, 43492, 38202, 10182, 31344, 44358, 25692, 10557, 41671, 26726, 35270, -1, 29783, 12697, 36784, 24771, 5382, 26075, 43185, 11925, 41440, 43046, 25454, 39929, 24595, 42000, 39049, 26644, 30589, 41801, 42222, 39019, 15801, 28929, 38836, 43301, 21064, 9538, 33633, 9832, 44791, 46157, 36751, 38535, 17602, 25763, 20983, 31640, 27555, 39449, 33788, 1148, 18654, 37604, 6737, 26712, 35362, 8746, 41908, 38651, 27890, 3203, 39124, 36142, 45058, 37161, 43229, 27121, 41509, 45365, 21548, 38972, 10889, 23532, 46261, 21507, 40646, 26387, 39770, 41065, 24059, 36542, 31725, 46256, 38189, 21915, 22270, 31622, 24545, 39764, 30910, 32873, 39907, 20711, 26279, 45463, 45236, 32400, 33425, 27257, 14028, 10555, 25177, 35228, 18237, 13954, 23837, 40515, 15557, 28459, 16348, 44794, 42494, 18692, 22981, 33890, 7595, 23460, 24109, 42940, 29822, 44556, 20709, 32544, 36682, 14106, 22615, 39464, 29637, 15170, 43591, 46013, 41180, 34085, 35963, 18022, 32487, 45980, 38074, 19577, 31828, 41422, 40453, 25594, 16717, 43510, 29560, 15788, 38115, 27907, 22739, 36584, 26986, 41424, 43950, 19458, 17742, 20939, 11309, 19046, 29552, 38982, 38635, 39612, 42910, 35880, 42775, 45010, 38874, 28060, 34746, 41480, 34619, 3892, 20506, 21695, 45599, 35427, 33742, 45660, 16035, 33848, 19309, 33198, 36533, 40977, 39639, 31346, 42903, 34945, 38092, 36759, 42191, 19166, 21158, 16697, 23995, 19808, 19600, 29124, 33082, 35904, 42951, 32340, 26848, 34207, 39757, 25397, 16555, 34264, 46073, 16570, 24219, 30966, 20892, 32523, 40964, 37251, 28543, 40456, 40385, 5272, 42153, 29459, 23405, 26026, 10877, 45997, 30064, 35783, 21650, 38711, 38658, 16167, 26960, 17806, 44571, 18938, 35777, 31655, 36442, 43510, 3379, 23330, 45735, 42563, 39517, 30274, 28394, 32526, 28422, 14361, 29628, 5461],[41223, 43358, 45034, 42199, 12871, 26319, 42501, 29957, 9719, 9723, 31929, 41110, 41759, 39731, 29783, -1, 35701, 39060, 22400, 41003, 22483, 39577, 23799, 34649, 44265, 43565, 29110, 40266, 39384, 32026, 39309, 32727, 38107, 43385, 24499, 31152, 44339, 36049, 35319, 14703, 42997, 31577, 8263, 16160, 8077, 6506, 32995, 40291, 30322, 43625, 42749, 27186, 17571, 19228, 23373, 16584, 43868, 36182, 23359, 37321, 45040, 35467, 45572, 37742, 31626, 44042, 41039, 34988, 12804, 29738, 29452, 35679, 31410, 5178, 27727, 27478, 39148, 29458, 34052, 29374, 12780, 37183, 42952, 40182, 31785, 38482, 21130, 44732, 19209, 28062, 42854, 32885, 37994, 38007, 20761, 32494, 9973, 19685, 38098, 43719, 33079, 25396, 19317, 15679, 44724, 31423, 32338, 43201, 23401, 43581, 40260, 26648, 18049, 25367, 27215, 44242, 43428, 36278, 27014, 31007, 42222, 45808, 24035, 42983, 30872, 11791, 35083, 28058, 27662, 42662, 12445, 44627, 22424, 29045, 43402, 34810, 28197, 39927, 29305, 33002, 45861, 19792, 28002, 19766, 22783, 12704, 27301, 33681, 41636, 17153, 18753, 26685, 45811, 33156, 34540, 33366, 23603, 31659, 43129, 33292, 25020, 15264, 46312, 38038, 24489, 4673, 44150, 46176, 32555, 41879, 38082, 30227, 40993, 28936, 23596, 26606, 26705, 38227, 32129, 33000, 31660, 28642, 26978, 45962, 32823, 35631, 40596, 41600, 32377, 34905, 42327, 27383, 36282, 32358, 45933, 40276, 36470, 34151, 22755, 33960, 37099, 28608, 29441, 27253, 22272, 30113, 21952, 43954, 8403, 39709, 27194, 30543, 42295, 37537, 43074, 33479, 34333, 20119, 37807, 41621, 27985, 24438, 24051, 10932, 41612, 39142, 28622, 26057, 25099, 24219, 23295, 12695, 38896, 38929, 40850, 32323, 44535, 15117, 45964, 34020, 37971, 30921, 40168, 24832, 21720, 28329, 39688, 17421, 33349, 23501, 35909, 25617, 45357, 36118, 35809, 40906, 44075],[35164, 35258, 22973, 29640, 21458, 13545, 40355, 39989, 23616, 39653, 45071, 44008, 46001, 31734, 12697, 35701, -1, 37530, 4484, 14060, 16632, 31045, 17368, 29577, 17072, 46040, 10280, 40027, 30148, 37406, 19633, 39042, 33941, 37147, 31392, 11995, 29496, 35493, 46154, 42360, 10553, 28177, 33965, 30441, 27801, 37271, 43692, 32573, 29040, 43414, 20695, 15916, 14274, 44326, 36408, 36291, 46321, 22896, 33009, 27362, 43847, 18304, 10175, 23013, 14775, 41940, 28991, 43047, 12617, 11036, 38690, 29832, 21786, 22409, 36628, 44534, 33120, 43231, 29906, 37100, 21239, 33764, 24709, 35752, 12518, 36470, 18376, 31502, 37185, 14447, 45028, 45986, 45665, 24517, 29591, 22304, 30792, 18894, 40001, 12381, 45526, 39747, 29807, 11170, 38130, 33786, 36085, 28362, 32068, 20950, 28725, 24992, 31821, 28642, 16136, 13643, 29148, 38604, 39571, 35268, 29484, 20724, 8126, 819, 40730, 21448, 9822, 34154, 21442, 45311, 39512, 39881, 27735, 36907, 37021, 22139, 39961, 33220, 24960, 40675, 31565, 39298, 23900, 32835, 35982, 9690, 34554, 37965, 40508, 36268, 36501, 38934, 34026, 34371, 24830, 42218, 3794, 42820, 21520, 32319, 18978, 16825, 21200, 40166, 33863, 34662, 37503, 36328, 11786, 22703, 23260, 26578, 9006, 43468, 35693, 33254, 42795, 27409, 33649, 44790, 18590, 40452, 44903, 44638, 40905, 44976, 42993, 21148, 45072, 42490, 18972, 25325, 27966, 10768, 10783, 45437, 36548, 19806, 44626, 37882, 41471, 42525, 38639, 26624, 8838, 22929, 20054, 35950, 6999, 32040, 21734, 38721, 32108, 45351, 42357, 29012, 21411, 30097, 36010, 23593, 37674, 6319, 38673, 46178, 28538, 45688, 39145, 23408, 44446, 26349, 38928, 18661, 37769, 40587, 43644, 30633, 42951, 16626, 45590, 28537, 5211, 10287, 45245, 44214, 46279, 16966, 25034, 35371, 25842, 43531, 30690, 31994, 44996, 32995, 43151, 7257, 38957],[37913, 30174, 30652, 29006, 30799, 45606, 16649, 32931, 26657, 8915, 13574, 20639, 42749, 17240, 36784, 39060, 37530, -1, 42745, 38383, 8782, 40446, 8309, 33700, 28124, 3666, 43331, 42376, 27582, 19874, 17331, 39315, 39045, 29104, 16075, 45617, 28878, 42103, 43399, 33576, 42786, 41374, 36103, 25412, 36189, 35767, 43159, 41653, 8995, 29632, 26294, 30425, 21297, 40919, 42136, 28546, 33019, 15403, 17970, 42733, 13003, 22263, 13959, 21315, 33993, 22196, 41578, 35839, 15922, 29099, 28325, 38353, 39823, 29138, 37901, 41717, 43835, 40755, 31144, 36389, 43613, 27401, 45572, 25340, 40052, 37624, 45268, 34233, 27233, 43530, 26802, 23461, 17947, 23116, 22138, 22228, 45578, 25358, 39524, 11739, 43201, 17553, 40430, 43626, 26425, 38955, 39309, 24908, 12148, 29720, 34139, 25467, 28448, 39674, 43257, 40024, 23594, 36540, 40520, 24458, 44515, 26311, 44684, 41830, 3358, 42503, 35224, 14919, 26756, 38223, 31702, 38209, 10395, 28970, 46163, 34742, 19485, 28985, 45703, 36728, 27745, 40447, 41079, 24271, 15017, 15952, 37930, 18705, 17400, 32126, 36827, 41870, 40925, 45062, 32869, 41082, 44440, 38604, 21683, 40907, 20121, 33126, 43355, 33688, 20811, 11814, 44683, 35958, 27167, 16278, 17349, 43844, 20358, 43875, 36897, 23939, 25298, 30619, 45584, 17950, 19408, 27893, 16303, 45610, 28384, 7705, 40780, 27734, 21053, 8956, 39536, 42271, 42516, 6220, 43553, 30530, 45463, 38198, 39729, 46252, 4381, 30792, 33862, 17465, 37338, 19900, 27594, 15753, 6197, 26674, 34169, 44838, 25906, 46042, 20553, 38562, 33339, 35954, 24852, 33558, 27655, 7090, 14583, 35836, 30109, 34520, 40871, 40547, 10773, 37503, 25066, 12471, 23247, 23778, 40481, 39043, 42422, 40325, 25165, 9859, 11433, 19417, 20975, 37699, 32078, 30962, 20712, 36506, 14852, 36186, 30601, 14191, 43129, 27584, 36973, 37527, 46157],[43713, 35972, 11079, 37888, 35040, 11545, 34653, 16194, 33122, 29582, 41753, 30293, 34048, 10638, 24771, 22400, 4484, 42745, -1, 32998, 15916, 42741, 27000, 41051, 12444, 36366, 13034, 37977, 31772, 38786, 18961, 7826, 33568, 33607, 32423, 40155, 45178, 37112, 34384, 42160, 28831, 14581, 28664, 37260, 26531, 44093, 45367, 25589, 29718, 44805, 9358, 40269, 29460, 17404, 37776, 12624, 41570, 38201, 30040, 31622, 30901, 11333, 12725, 27049, 42888, 30438, 21718, 45680, 30351, 15210, 40329, 45876, 33528, 37221, 25393, 26184, 41494, 44176, 33112, 36581, 25730, 25297, 7641, 19950, 24990, 39355, 19878, 44254, 40085, 41670, 40287, 35178, 24944, 26203, 34583, 31865, 41346, 25481, 43389, 37547, 44758, 29058, 43686, 4179, 10149, 39108, 37649, 6098, 17704, 33980, 38003, 38984, 36586, 45990, 23804, 13414, 28348, 41067, 24678, 10283, 30980, 22814, 24210, 29639, 16229, 13822, 42799, 19923, 38454, 27713, 15855, 19908, 16712, 15157, 35667, 21006, 45571, 22314, 5106, 41053, 26251, 35175, 19529, 29067, 46261, 32598, 39636, 39099, 37097, 29751, 4303, 33180, 17217, 32559, 43251, 3762, 33132, 42265, 34519, 43112, 19281, 38985, 25470, 44402, 45925, 21918, 30782, 41696, 44014, 31977, 44829, 27147, 37434, 24260, 22273, 42220, 4723, 37056, 23586, 38642, 22714, 32970, 28423, 39518, 43828, 43931, 35753, 12757, 32500, 17385, 34367, 44658, 26553, 38830, 40399, 12728, 14916, 25073, 35291, 38715, 41115, 24230, 33520, 31983, 43448, 30633, 20162, 23574, 35245, 28864, 9784, 13952, 44608, 37022, 28074, 36151, 6975, 24066, 30697, 30585, 9396, 28347, 31129, 25825, 38993, 32579, 35655, 39340, 40574, 22795, 39707, 41444, 46181, 36398, 18313, 26925, 43399, 46102, 34575, 34101, 24904, 45348, 22613, 41061, 17385, 9752, 34629, 21893, 34035, 17860, 31876, 23428, 42771, 39069, 26001, 20758, 29763],[3797, 39125, 12974, 42169, 42036, 36054, 32218, 36669, 31630, 22098, 40449, 34472, 36811, 38785, 5382, 41003, 14060, 38383, 32998, -1, 38690, 40541, 41035, 41064, 25141, 38331, 28867, 38357, 29142, 29641, 11834, 26073, 21679, 25599, 36570, 15602, 21393, 33143, 20772, 34811, 36211, 20439, 31345, 17148, 18616, 29169, 44883, 20956, 23631, 30696, 41170, 33124, 33463, 41476, 14670, 34617, 3098, 42619, 38169, 44114, 40017, 42914, 45105, 38056, 39420, 39762, 39662, 21646, 39052, 18422, 28165, 46156, 22373, 32418, 27757, 20934, 36672, 31133, 40310, 22554, 42209, 40565, 40421, 15369, 45179, 13740, 37184, 36479, 37555, 1959, 32209, 38119, 28038, 41648, 42908, 12285, 13935, 25232, 34045, 20683, 43153, 38280, 36747, 42697, 36783, 20471, 32833, 39074, 9628, 43294, 30944, 27782, 21859, 28429, 23302, 41270, 8725, 31862, 39086, 25371, 44420, 34746, 39126, 7510, 39099, 16079, 36750, 34227, 25758, 31016, 38049, 24171, 39087, 32655, 39222, 45797, 28907, 28942, 36510, 39680, 34713, 41215, 26745, 30120, 42196, 24923, 41519, 28644, 29251, 39932, 29410, 8270, 35996, 24369, 46018, 40369, 10949, 44441, 44408, 18584, 42457, 37916, 38874, 33655, 46183, 42617, 25534, 25554, 21440, 40580, 26035, 29351, 38216, 39843, 24515, 39119, 33102, 38509, 23369, 41652, 31741, 42766, 37834, 15702, 37072, 43745, 45859, 27835, 44986, 22537, 40485, 28212, 26258, 27991, 29165, 36693, 5520, 37367, 38181, 41771, 46145, 37465, 42204, 11579, 42090, 27408, 32612, 41454, 38478, 31974, 45347, 45920, 33431, 39151, 23071, 38963, 36967, 34683, 15634, 36593, 22850, 41665, 13470, 45694, 29327, 41850, 43020, 19637, 42613, 31453, 35651, 33148, 14799, 14423, 33051, 44227, 30067, 32975, 1204, 6169, 31692, 45999, 27979, 41065, 45727, 14172, 11165, 32946, 42850, 22779, 40651, 16814, 22080, 23940, 37261, 22688, 43965],[41127, 37599, 46063, 26751, 41432, 19619, 31231, 45334, 13877, 42034, 10756, 35626, 43538, 29866, 26075, 22483, 16632, 8782, 15916, 38690, -1, 18133, 34594, 36068, 37336, 11759, 17861, 41587, 26934, 26128, 30622, 44073, 28579, 11195, 29785, 20135, 22347, 25224, 17961, 36371, 34142, 36110, 21951, 16732, 27525, 12220, 35311, 29622, 3783, 23238, 42007, 40291, 20234, 32171, 612, 14273, 23197, 15343, 16258, 19902, 30011, 42756, 43949, 33405, 36209, 42290, 45456, 14727, 45153, 18429, 44742, 31072, 29961, 34965, 31415, 42666, 34372, 34760, 19145, 27369, 44196, 43424, 44934, 41169, 43294, 39551, 26299, 40898, 23121, 26177, 25980, 39961, 40237, 7604, 34204, 44848, 38945, 42387, 37958, 36435, 36519, 16743, 26063, 31482, 18932, 34061, 28814, 44362, 46324, 38662, 46155, 43557, 30672, 39203, 35863, 26704, 40971, 26239, 45587, 29671, 13513, 23818, 27221, 43316, 25753, 26708, 8969, 30804, 32867, 31040, 32184, 33214, 45073, 32332, 34499, 17152, 43429, 39801, 34400, 23354, 41615, 12694, 16889, 27695, 22301, 25164, 24948, 40859, 24600, 42213, 2284, 44332, 33367, 16887, 21017, 37167, 29666, 31015, 9713, 45262, 30300, 42025, 23019, 37591, 30939, 34192, 42582, 39481, 23512, 45577, 38341, 34602, 43138, 39564, 43679, 32868, 34352, 42895, 41954, 32115, 40918, 7149, 41202, 42418, 11921, 24086, 37986, 31204, 28429, 40240, 3660, 23679, 21232, 44016, 43913, 37859, 43645, 10931, 17346, 24892, 42342, 35575, 34638, 8029, 38195, 42662, 40219, 23202, 39685, 40182, 25945, 42338, 9023, 43646, 15393, 15011, 39698, 46261, 32218, 36746, 45182, 12052, 3946, 29165, 25090, 17435, 33455, 28972, 21919, 40539, 18572, 40239, 34549, 46166, 6736, 24942, 36524, 44053, 29596, 30728, 34089, 41484, 14508, 23770, 44658, 28771, 7841, 44187, 38427, 46086, 23710, 17100, 33861, 11127, 43224, 29770, 31818],[40021, 42420, 22725, 18809, 3116, 26606, 37430, 33330, 41192, 46173, 29531, 24574, 45652, 42413, 43185, 39577, 31045, 40446, 42741, 40541, 18133, -1, 29372, 44871, 25416, 21499, 40522, 45608, 41552, 30479, 10015, 11473, 28602, 34295, 35363, 20790, 16603, 27221, 43030, 21663, 30248, 33674, 40676, 41907, 33131, 39539, 38502, 27422, 33264, 45743, 36818, 33854, 35510, 35165, 27296, 32112, 29735, 39594, 42282, 26401, 13231, 24428, 3728, 28105, 41307, 44544, 31776, 13814, 29522, 12676, 31506, 31634, 30969, 33726, 22458, 44331, 36933, 29334, 28279, 16267, 7251, 29973, 38343, 31192, 29894, 29213, 18589, 36127, 8020, 31247, 18638, 45036, 21526, 45832, 40413, 32910, 40415, 33449, 39663, 39264, 29622, 43248, 14412, 15610, 37826, 34988, 38645, 45336, 22977, 20596, 42417, 2714, 14070, 35390, 43703, 43943, 39493, 40964, 32620, 41415, 12420, 46288, 44115, 45483, 10912, 39858, 46001, 31969, 19343, 23773, 45873, 34956, 37656, 42297, 29651, 27525, 38943, 46015, 16873, 28613, 37034, 26187, 28636, 31365, 27557, 26352, 24452, 28956, 26749, 27150, 41923, 16431, 41351, 42257, 32104, 41244, 39408, 45079, 45721, 39853, 23814, 7965, 14646, 37193, 31255, 42176, 40830, 39290, 35293, 42259, 39970, 35227, 8474, 44363, 30740, 44561, 45889, 34197, 43081, 40351, 18123, 25991, 29288, 23185, 14712, 28940, 34764, 21413, 45709, 41711, 42915, 38215, 9139, 19020, 35542, 14405, 36260, 41673, 25337, 45178, 10899, 43378, 33656, 37378, 30542, 28452, 44772, 29676, 37626, 44913, 15149, 14485, 43000, 41168, 27044, 37503, 17612, 26026, 34987, 28333, 42280, 42712, 15713, 35651, 20956, 41252, 42780, 43555, 41920, 33486, 44724, 29675, 8012, 44274, 11991, 39508, 38624, 41269, 42355, 19115, 26596, 34070, 36348, 40962, 17072, 35558, 12450, 42206, 42959, 13870, 18681, 44725, 22524, 21506, 45059, 30095, 14324],[40789, 21314, 21456, 42783, 9216, 32116, 37891, 32157, 12091, 33759, 32355, 31991, 44884, 44668, 11925, 23799, 17368, 8309, 27000, 41035, 34594, 29372, -1, 29747, 10008, 29894, 44197, 37586, 39610, 10025, 43651, 35552, 22120, 15108, 10735, 45777, 35699, 42616, 44906, 43696, 32040, 9928, 36919, 8337, 17001, 36867, 41211, 40788, 43316, 39377, 44063, 35155, 45939, 11723, 46025, 38292, 24003, 42186, 32816, 16821, 38290, 23914, 34141, 7089, 8102, 40647, 44167, 27305, 43714, 42423, 22505, 28189, 34707, 35280, 27539, 30545, 39847, 36592, 34274, 35117, 31025, 43852, 18654, 27174, 36824, 16347, 23678, 44724, 17216, 19588, 9219, 22720, 41968, 42701, 21163, 40008, 28317, 38554, 40773, 43727, 33243, 40627, 33020, 9098, 34328,