204
[[-1, 13978, 45942, 42782, 44356, 41611, 30384, 19141, 44122, 36427, 44265, 25032, 43712, 30383, 36871, 38367, 24561, 32780, 29437, 33615, 33070, 41251, 24541, 14029, 28762, 40572, 15101, 22256, 26863, 41031, 31289, 26572, 32027, 25356, 26947, 28214, 33001, 42383, 36430, 41399, 39360, 41695, 30252, 10130, 36861, 33381, 25825, 36371, 25484, 40294, 34629, 32201, 28339, 41225, 25636, 23607, 35949, 31595, 41501, 28781, 12510, 43305, 38332, 42092, 30434, 17804, 43535, 31064, 11264, 40734, 45899, 16521, 36428, 36053, 12920, 43455, 6735, 30735, 32178, 35815, 29950, 36437, 32111, 45890, 37855, 45656, 10737, 22846, 28260, 35868, 27770, 31101, 36796, 25836, 41680, 41052, 23406, 19597, 25477, 35744, 42228, 31613, 26814, 12612, 26300, 25711, 34373, 26286, 20642, 25481, 15618, 26951, 42650, 26731, 9582, 37400, 35970, 9878, 43942, 14174, 40544, 46142, 33876, 20355, 29166, 13298, 15276, 12720, 26955, 40181, 34020, 36576, 39994, 16735, 24009, 37202, 45707, 45192, 33319, 40207, 45714, 31021, 22816, 38754, 34158, 27934, 41243, 43782, 33247, 22995, 36217, 32598, 18132, 22530, 41058, 30373, 24797, 17085, 42122, 39218, 43620, 41541, 24077, 42450, 35862, 30745, 36660, 19093, 23070, 45526, 28020, 23288, 42624, 46052, 15530, 43815, 39243, 23258, 35826, 30304, 43938, 41805, 11430, 41171, 39881, 25613, 10237, 38622, 40573, 40747, 43746, 36738, 35732, 31357, 20639, 41621, 30606, 44304, 37594, 12312, 42679, 39560, 20988, 23753],[13978, -1, 17979, 40600, 38819, 8639, 25579, 33011, 42340, 44402, 42006, 44683, 45390, 27476, 33619, 37227, 15991, 44542, 35885, 34679, 35796, 36737, 39120, 33166, 38921, 32197, 39581, 41059, 14897, 43473, 33039, 36340, 768, 41669, 45174, 14035, 43719, 46033, 24389, 13994, 22869, 25398, 41258, 20765, 26971, 25906, 30205, 43561, 42695, 44428, 30940, 39037, 17185, 29807, 24696, 16079, 44347, 22928, 17451, 14713, 26824, 15880, 35962, 33117, 21190, 23096, 41389, 40757, 38788, 30112, 33051, 8534, 29587, 45872, 31453, 43142, 28529, 44837, 16578, 35260, 30845, 25604, 33796, 40535, 33839, 42807, 39027, 37560, 42949, 21150, 41326, 23979, 39213, 19696, 20554, 30447, 43966, 42579, 24752, 35594, 17715, 40755, 18697, 40948, 34489, 34667, 20222, 28699, 23190, 27380, 10928, 40993, 18376, 23049, 33788, 42070, 29029, 32924, 26854, 41318, 39868, 38434, 44373, 25801, 43818, 32372, 42991, 40605, 41830, 42433, 17002, 11810, 34148, 42885, 2141, 23196, 37047, 45314, 35946, 21046, 28269, 20493, 44704, 37834, 35559, 39741, 38263, 39867, 29314, 24089, 29777, 33993, 33573, 40784, 40500, 24708, 23385, 44066, 23970, 12402, 42690, 37324, 34849, 33180, 18662, 39420, 45826, 34302, 29470, 44619, 8930, 43389, 40897, 43394, 29515, 43997, 23588, 31903, 29226, 42136, 38342, 38795, 26193, 39908, 15504, 44827, 34740, 24421, 9878, 32466, 32121, 43540, 45144, 43125, 30328, 38614, 43714, 22008, 33855, 29834, 39528, 23463, 4816, 44527],[45942, 17979, -1, 45030, 43228, 41652, 30469, 31896, 31137, 23418, 41028, 30374, 40542, 15890, 43460, 17535, 15372, 23799, 46085, 33297, 37210, 35443, 45791, 34854, 22825, 41691, 36971, 29103, 12657, 36239, 44814, 9991, 22403, 45782, 41097, 40355, 26579, 18551, 35145, 30020, 24722, 26520, 27239, 35127, 41533, 41513, 38233, 42896, 34012, 24807, 19752, 24831, 44388, 38942, 24299, 40852, 41213, 17457, 18805, 45280, 41114, 21828, 32290, 39360, 36753, 27049, 9989, 32697, 36157, 42883, 42988, 27308, 33961, 22580, 24837, 41249, 34139, 40270, 45822, 35342, 42375, 27886, 22423, 20648, 41592, 42623, 34473, 9984, 40906, 11067, 41069, 44287, 44263, 31718, 42254, 22905, 40945, 46091, 39835, 12688, 33011, 38603, 30026, 20627, 42597, 44528, 38099, 46171, 23929, 17443, 24841, 6040, 45395, 25419, 42201, 14544, 24884, 41497, 42301, 38640, 24406, 37487, 24082, 28994, 31042, 27206, 36564, 18626, 19634, 36130, 43576, 43187, 43474, 38739, 24356, 37981, 34445, 14108, 15834, 44891, 19419, 17507, 28224, 21866, 33898, 34190, 43886, 35276, 27939, 33193, 14236, 25088, 39301, 39844, 46257, 17601, 31726, 45031, 40231, 24733, 10139, 46067, 30787, 37729, 45261, 27059, 39868, 9979, 36951, 23583, 10522, 35070, 23877, 35988, 37185, 12924, 45890, 41934, 29633, 45009, 12183, 34259, 31925, 29826, 26008, 21229, 23187, 35919, 29351, 18325, 20379, 20232, 36226, 31527, 42110, 19393, 31914, 28287, 34078, 23531, 15821, 42465, 4657, 30549],[42782, 40600, 45030, -1, 31960, 26532, 41956, 42573, 24132, 29879, 37923, 43372, 34408, 6208, 42893, 40502, 38559, 18330, 22449, 25508, 35517, 40190, 17514, 37631, 17958, 33812, 26214, 38982, 34932, 37379, 28371, 24406, 40272, 32996, 38668, 42449, 44993, 41630, 28674, 28781, 32783, 5206, 27605, 31464, 41183, 29597, 43254, 44468, 42007, 18799, 25458, 44524, 42250, 29178, 24257, 20971, 39939, 37014, 38799, 40359, 37241, 46150, 33190, 42966, 32406, 34762, 922, 19528, 42061, 37695, 30007, 35684, 36098, 22271, 43088, 32272, 35812, 3782, 18640, 35538, 36415, 26332, 26701, 36234, 31884, 38575, 25709, 34422, 39925, 40702, 41453, 19735, 45239, 34372, 21196, 35832, 22612, 29088, 35370, 30271, 26505, 45073, 26304, 37347, 45483, 39219, 40096, 25410, 19570, 6444, 28299, 31901, 39539, 24121, 41753, 15516, 10231, 22235, 40347, 4961, 40481, 11382, 26464, 39814, 21057, 44885, 44920, 37597, 18906, 16846, 41287, 43020, 26515, 23152, 15714, 43096, 20427, 20191, 37992, 41995, 40888, 10674, 40528, 21951, 14978, 44821, 28980, 34809, 16058, 45529, 44169, 37710, 36521, 28867, 18902, 45234, 30238, 32016, 33363, 26209, 24376, 39413, 34537, 37026, 40576, 16511, 19309, 32039, 25075, 28857, 7373, 35183, 42481, 18250, 42084, 7697, 41749, 37543, 41013, 32674, 28529, 35674, 33536, 26088, 25465, 42755, 35756, 22191, 36265, 25550, 39351, 36053, 25049, 13470, 40047, 34110, 31659, 23759, 9724, 14956, 28442, 6870, 33590, 30894],[44356, 38819, 43228, 31960, -1, 39950, 22504, 39790, 37486, 43966, 32292, 42374, 44566, 20218, 27603, 28858, 24952, 36396, 36819, 21336, 18662, 29769, 36960, 32488, 40246, 36742, 8359, 24676, 15105, 11558, 32799, 30026, 31174, 43613, 35181, 15291, 30437, 43541, 29830, 24489, 38788, 42460, 36260, 42319, 38262, 44890, 31098, 25558, 27931, 27152, 32904, 43906, 32421, 45219, 35260, 30342, 45813, 29755, 33957, 20484, 44651, 33471, 31390, 38640, 34883, 31247, 44202, 26647, 43953, 18722, 41621, 44319, 23390, 39985, 22645, 32472, 44301, 42836, 28419, 36044, 30808, 44617, 31056, 41880, 15218, 11234, 39961, 40457, 41330, 39970, 43508, 41292, 17731, 18401, 32364, 43464, 27640, 15313, 19788, 34049, 22261, 39618, 34456, 4721, 23386, 22374, 44392, 41147, 45866, 21476, 35847, 42055, 29706, 35155, 44538, 38816, 36631, 31509, 22301, 26813, 30970, 43964, 19142, 24656, 25222, 36637, 27146, 43419, 22415, 22698, 33022, 12324, 41036, 34493, 17216, 32087, 45010, 40718, 10886, 37711, 42405, 32373, 38981, 38501, 36360, 39642, 35613, 10548, 24927, 14720, 24383, 35751, 32547, 31812, 41308, 19682, 15708, 43120, 7037, 41666, 46036, 32790, 44756, 28719, 45261, 24513, 26643, 26465, 34720, 36581, 42578, 36408, 27744, 9580, 33718, 27209, 24534, 44617, 34971, 33669, 32383, 19343, 39058, 44884, 44276, 43086, 25683, 40463, 45575, 40142, 33860, 27953, 11427, 44059, 40205, 31989, 15779, 10955, 42329, 45072, 19254, 27294, 46313, 25446],[41611, 8639, 41652, 26532, 39950, -1, 38025, 29982, 35457, 38316, 21746, 42095, 43288, 40896, 38649, 30645, 28925, 33059, 28099, 42163, 20753, 43330, 18063, 45098, 23289, 35410, 34755, 24710, 41994, 24370, 21272, 40568, 42061, 44077, 33854, 23207, 35516, 43760, 28410, 24126, 28988, 23307, 45313, 33455, 5408, 7120, 12273, 24858, 46203, 25644, 19779, 25001, 39397, 9780, 5797, 23617, 18318, 16573, 28551, 17828, 42159, 39834, 38158, 40184, 29875, 23471, 38846, 35793, 37966, 24198, 16275, 35113, 31978, 19106, 29981, 26118, 31815, 39586, 33251, 40872, 30065, 1930, 31303, 18882, 31245, 36968, 41364, 30925, 42845, 15306, 9569, 39661, 36412, 16084, 43854, 37440, 42940, 21317, 42076, 35110, 33404, 43406, 11227, 18364, 43258, 35856, 42708, 33837, 44396, 31661, 36499, 45697, 43710, 37061, 32155, 20200, 38096, 20707, 41047, 43158, 11744, 40063, 40865, 32263, 24368, 30078, 30004, 42732, 24056, 29528, 28053, 33780, 32447, 18946, 43476, 37574, 33285, 39556, 34622, 44512, 30736, 19883, 32821, 31543, 24636, 31026, 33192, 4056, 12813, 34218, 41855, 45273, 29394, 24474, 43646, 20612, 32565, 11213, 44573, 33049, 44258, 29206, 32829, 45744, 37860, 37082, 42648, 41626, 20245, 20013, 22909, 33642, 36513, 5267, 39322, 5594, 40575, 37655, 20664, 35291, 42141, 37713, 38213, 28209, 18880, 43230, 43566, 36886, 34535, 40360, 43714, 35739, 16528, 41876, 38352, 26546, 14372, 38484, 42609, 42704, 24900, 22651, 30188, 38347],[30384, 25579, 30469, 41956, 22504, 38025, -1, 31959, 13273, 40694, 20975, 7388, 19637, 45108, 7638, 11440, 13930, 42556, 45821, 40824, 36968, 26903, 16011, 16252, 39709, 17173, 23707, 31874, 31178, 41495, 40288, 29485, 37620, 17221, 20976, 19161, 12656, 21173, 35797, 42709, 35095, 34419, 42141, 17267, 26493, 41613, 31409, 36347, 18527, 45324, 45982, 36752, 8528, 33310, 18387, 14943, 38831, 21415, 10670, 29127, 33104, 36080, 17575, 34411, 25508, 36008, 29936, 21166, 43247, 29489, 33905, 45831, 33414, 27705, 19952, 36886, 33533, 34821, 40916, 19082, 13369, 34568, 21871, 45013, 27050, 40685, 23867, 39031, 30300, 39257, 23282, 44590, 43703, 12107, 31698, 15522, 12208, 33001, 24259, 39280, 30352, 3923, 20085, 28144, 40147, 37137, 20221, 18331, 45796, 37022, 39982, 15485, 44572, 26715, 41300, 29341, 38294, 38465, 33704, 28851, 36721, 23071, 35557, 29995, 39652, 35399, 10025, 46098, 30655, 40646, 35572, 42328, 42958, 22235, 43610, 38747, 36792, 34311, 43761, 32927, 5830, 31133, 27710, 24204, 16462, 32614, 36396, 29145, 37927, 31806, 23494, 42295, 34539, 8396, 32029, 17790, 29545, 10504, 38068, 39925, 37038, 2512, 34844, 45453, 45279, 19516, 8728, 38959, 10178, 11850, 40914, 16134, 39322, 41855, 35716, 34554, 37398, 19478, 44481, 17902, 27957, 44414, 39464, 11832, 44287, 27866, 20897, 12843, 43299, 34800, 32220, 20753, 8524, 38768, 16079, 20601, 13699, 43987, 40830, 41413, 46141, 6065, 22652, 23896],[19141, 33011, 31896, 42573, 39790, 29982, 31959, -1, 35388, 37668, 36004, 14551, 44588, 44675, 18073, 26379, 29724, 42897, 40373, 45799, 38911, 12939, 45933, 39389, 32219, 41825, 25175, 15589, 24315, 24641, 20876, 14860, 40225, 42823, 37144, 29927, 44137, 20379, 17949, 44378, 25219, 35349, 28440, 20827, 40376, 6210, 27415, 37167, 13425, 38749, 20960, 39416, 41913, 16450, 5574, 4238, 32948, 42615, 39551, 30996, 23459, 16165, 41077, 20396, 36692, 26721, 25661, 30729, 35887, 6877, 32810, 38281, 23019, 29305, 15352, 31652, 36261, 13178, 35156, 42070, 20274, 13754, 26284, 8337, 45029, 33481, 9153, 22368, 44528, 31449, 45749, 23042, 38941, 11031, 23811, 29122, 30907, 19890, 26479, 18767, 27589, 17341, 36362, 9470, 35482, 25055, 24059, 45093, 18581, 36835, 28516, 20451, 44767, 22254, 33476, 45578, 18028, 43149, 16027, 43657, 34556, 34070, 10487, 14985, 46154, 16347, 38559, 40970, 29924, 38852, 22689, 11576, 42778, 44306, 45546, 42388, 44165, 9651, 30099, 42679, 33895, 40255, 34503, 26591, 32525, 19566, 39845, 39489, 42718, 21934, 37885, 31816, 23656, 23699, 44320, 41344, 42052, 33546, 18646, 32328, 42729, 43554, 10804, 19024, 6534, 40694, 15194, 40004, 44244, 35244, 34600, 32402, 34030, 40716, 16798, 41881, 31100, 44489, 25065, 45691, 16345, 28464, 38833, 36770, 35832, 16778, 13935, 46236, 19546, 39408, 19366, 43393, 32712, 23513, 46163, 14498, 6240, 12636, 44047, 42380, 26884, 41238, 45636, 24823],[44122, 42340, 31137, 24132, 37486, 35457, 13273, 35388, -1, 42602, 33356, 29505, 43328, 18785, 42984, 20804, 34729, 37303, 41490, 38351, 41025, 40732, 41272, 45558, 38211, 31933, 26628, 11632, 22248, 13871, 14348, 27748, 39119, 6160, 32624, 37328, 39685, 34607, 33952, 40827, 17614, 33636, 25431, 23318, 16203, 44581, 12180, 22842, 29186, 45363, 40112, 23202, 10506, 29062, 36288, 37124, 40900, 33577, 20362, 38694, 6165, 20582, 42954, 37262, 41099, 33852, 19674, 30833, 39884, 33632, 28719, 43759, 44270, 22809, 32628, 27464, 35787, 39449, 40037, 23334, 22115, 21221, 21448, 35585, 39908, 37239, 24325, 40745, 20226, 29954, 45085, 45966, 31215, 12295, 35881, 44452, 34355, 38229, 26478, 15630, 30587, 25980, 33644, 44694, 10809, 7164, 44190, 45443, 42104, 38886, 36200, 33382, 30956, 27988, 34295, 37106, 28204, 37300, 39082, 42715, 30259, 18389, 28343, 31994, 42942, 37609, 7212, 11364, 32522, 36011, 39956, 11751, 41979, 39248, 40630, 45254, 39065, 43135, 8491, 30360, 27510, 24722, 28888, 29882, 46162, 14685, 28686, 33803, 23927, 23029, 35945, 43910, 37733, 37494, 42470, 19884, 24833, 27254, 39647, 43295, 10641, 44180, 41196, 28445, 9388, 5069, 35939, 17848, 24074, 42982, 6084, 37202, 33045, 42131, 42246, 45884, 42646, 32165, 37549, 44794, 33638, 14397, 27525, 32051, 33882, 32257, 36216, 27652, 45573, 15785, 35888, 42728, 33312, 34825, 37056, 38060, 46251, 7074, 35767, 20888, 29928, 40212, 5254, 36052],[36427, 44402, 23418, 29879, 43966, 38316, 40694, 37668, 42602, -1, 39906, 45128, 33843, 24707, 34448, 18765, 41391, 29309, 22999, 18938, 17195, 38996, 45967, 15470, 34762, 37827, 31132, 32680, 45455, 45097, 43263, 41842, 31292, 32127, 33617, 26756, 39628, 43727, 23667, 34233, 35248, 39496, 31593, 42389, 22807, 7108, 40188, 34816, 42891, 44000, 40654, 12767, 32438, 44896, 39794, 28723, 10291, 23151, 42315, 23201, 28767, 31215, 38103, 34668, 29372, 41931, 22473, 46125, 42801, 45962, 21840, 10261, 40240, 33135, 29114, 9790, 22070, 35504, 24576, 25656, 12038, 33229, 43250, 7237, 42910, 19113, 19225, 31526, 40346, 15079, 39903, 10036, 19801, 34190, 44297, 30774, 23978, 22755, 44300, 46294, 25597, 26050, 34540, 8652, 28353, 14517, 35576, 20622, 40810, 39718, 41420, 14388, 3341, 25199, 29426, 34687, 28570, 25808, 42846, 27537, 40502, 39480, 23203, 5046, 35347, 25238, 29170, 25896, 37589, 36752, 24148, 29185, 30708, 43403, 32374, 23032, 30372, 11701, 39775, 46083, 33734, 36424, 39263, 10041, 42961, 41098, 37924, 38675, 27601, 16344, 35216, 45437, 45253, 10463, 39097, 45565, 32712, 8570, 32009, 34367, 29702, 30621, 22774, 20581, 32570, 44211, 45947, 45037, 41727, 33527, 38401, 43865, 22037, 25784, 38163, 44516, 13048, 28182, 27845, 29819, 24200, 43230, 18381, 33839, 42928, 44775, 12692, 28062, 33882, 33001, 42745, 7147, 31651, 15820, 15601, 11736, 21737, 44323, 39676, 4101, 37860, 14274, 44996, 30739],[44265, 42006, 41028, 37923, 32292, 21746, 20975, 36004, 33356, 39906, -1, 34884, 44532, 34411, 35317, 24419, 30235, 41157, 39042, 33876, 32147, 27620, 32773, 25745, 44570, 38258, 15739, 25806, 27777, 40156, 5140, 30661, 30971, 17517, 43904, 23284, 32056, 36768, 27260, 24566, 26308, 31632, 32838, 41418, 13553, 15529, 45910, 35052, 25338, 35721, 40651, 42219, 14004, 16628, 34918, 19004, 40310, 29719, 26565, 20888, 41124, 40100, 43921, 6557, 18340, 16513, 34324, 41960, 46184, 30011, 31603, 42920, 19488, 34016, 37454, 42959, 36299, 32854, 43592, 43449, 30800, 22604, 24321, 43845, 28781, 45606, 18118, 41050, 43786, 27454, 37499, 39186, 19014, 30329, 45456, 44079, 42341, 42018, 31717, 34442, 15074, 43553, 30710, 45471, 34473, 29210, 43198, 22628, 33766, 27025, 11718, 35472, 37285, 23286, 44000, 34289, 27802, 20235, 35100, 15816, 45135, 25841, 20096, 43905, 41586, 7466, 33921, 33519, 33556, 46141, 38961, 34288, 28194, 25894, 12736, 32531, 36048, 45394, 11557, 42566, 42183, 17020, 39503, 42251, 29940, 31957, 15310, 42372, 39104, 23514, 41645, 38937, 38049, 32555, 36005, 10351, 35823, 36995, 10122, 12248, 41670, 27731, 24965, 25127, 5161, 28175, 26620, 29327, 35000, 30829, 13342, 32423, 37492, 29636, 31643, 37726, 46304, 8409, 41895, 31811, 31974, 38776, 45299, 44051, 25878, 22611, 43040, 37437, 32755, 40445, 29233, 35379, 36272, 40274, 33525, 36743, 31371, 38107, 39027, 42096, 9615, 37067, 31938, 45585],[25032, 44683, 30374, 43372, 42374, 42095, 7388, 14551, 29505, 45128, 34884, -1, 45693, 35303, 45510, 43817, 39763, 40359, 6654, 41689, 15773, 31039, 7686, 41245, 41955, 33082, 19806, 37259, 34929, 26434, 44127, 22306, 24417, 40827, 29053, 30791, 44357, 45759, 19633, 44891, 37562, 28930, 27413, 24317, 38388, 38418, 43520, 19537, 30981, 28250, 7327, 38168, 45327, 42884, 34479, 37404, 1021, 7780, 30008, 44753, 35293, 31473, 9397, 41406, 35221, 45080, 35007, 24097, 25221, 39973, 38101, 43497, 18945, 18217, 19026, 6320, 39858, 29569, 10155, 22617, 40540, 22559, 41949, 18269, 38836, 31759, 41780, 33677, 18870, 35698, 16194, 34397, 21776, 39642, 34845, 45765, 39156, 8845, 42433, 33131, 30342, 34732, 46268, 19378, 16266, 44329, 25950, 40325, 25766, 19449, 42596, 5567, 34002, 40064, 44226, 25348, 18740, 34452, 24372, 23893, 29543, 40784, 16152, 34077, 40908, 18298, 6974, 5866, 27635, 15457, 37311, 14359, 38157, 11052, 26326, 36217, 24418, 45997, 29957, 35100, 44630, 34529, 14467, 36934, 24526, 31501, 25476, 41227, 24020, 31802, 13364, 36629, 19134, 19736, 13924, 32157, 2815, 28667, 29966, 31391, 16005, 43089, 13960, 17027, 2939, 43950, 44247, 31340, 36206, 43004, 39119, 38227, 34050, 38254, 29872, 32889, 15614, 3778, 41620, 34417, 29731, 27189, 44258, 7378, 19457, 21516, 34407, 38318, 18815, 42026, 32961, 32507, 5917, 13326, 14668, 13627, 23146, 44289, 45342, 37476, 31915, 26866, 45061, 6257],[43712, 45390, 40542, 34408, 44566, 43288, 19637, 44588, 43328, 33843, 44532, 45693, -1, 38012, 21577, 29409, 39485, 26607, 25502, 43237, 40944, 16657, 20019, 40020, 18384, 42975, 45667, 22939, 43753, 19179, 38277, 21364, 42356, 13488, 42882, 11104, 29278, 31607, 33849, 39601, 6996, 42627, 39940, 22958, 40220, 42389, 9587, 37326, 36420, 34680, 23760, 44486, 36947, 43409, 14539, 32688, 22449, 46211, 38707, 35379, 43209, 27093, 29189, 20498, 6388, 41615, 7841, 30821, 12047, 38588, 39998, 42335, 40089, 34889, 18743, 32351, 24721, 21434, 18544, 44326, 21557, 31981, 31777, 32022, 31968, 31438, 34501, 2779, 21743, 17782, 11397, 13925, 26445, 40843, 21534, 35303, 44712, 33628, 44138, 27689, 37668, 27813, 42785, 19959, 19553, 36402, 29051, 37140, 21947, 16864, 44552, 25779, 45392, 41362, 43925, 31380, 32534, 26423, 14264, 40897, 38737, 42604, 33294, 33138, 12498, 45282, 20484, 42315, 42795, 38171, 36851, 25494, 13673, 33514, 35823, 11741, 31998, 30667, 32842, 45547, 31750, 41243, 40691, 15548, 7475, 22369, 41549, 39444, 35050, 43792, 30136, 15241, 22918, 13087, 44745, 44459, 43535, 35388, 40610, 18832, 46073, 7672, 33404, 41643, 15512, 31782, 43706, 19406, 15973, 39424, 15838, 29637, 40123, 35470, 20220, 44449, 42005, 32958, 23804, 22926, 22767, 24911, 43123, 17055, 39561, 5684, 35727, 18378, 41667, 39467, 36695, 20985, 24712, 41607, 13882, 19756, 12176, 43049, 21815, 25813, 15167, 23252, 15478, 18518],[30383, 27476, 15890, 6208, 20218, 40896, 45108, 44675, 18785, 24707, 34411, 35303, 38012, -1, 25301, 23319, 37961, 31995, 19008, 19980, 18736, 22404, 31226, 21978, 29345, 20676, 36836, 43763, 44779, 8500, 34031, 12823, 8617, 6308, 34344, 40665, 45348, 18440, 20946, 27631, 40707, 45192, 9001, 43645, 29316, 38183, 10063, 28671, 40677, 10691, 27548, 14909, 35458, 36433, 39320, 31674, 17831, 19174, 28207, 46085, 37246, 25974, 36491, 40899, 21195, 10364, 39108, 25033, 27035, 19561, 36662, 16176, 4010, 27070, 16319, 18465, 21320, 27345, 32108, 44210, 43261, 33538, 37900, 21346, 42703, 14201, 21135, 38116, 33616, 9526, 15157, 25888, 44244, 22971, 32046, 34164, 18930, 41342, 32174, 36960, 27038, 46011, 26992, 41198, 38984, 14328, 46326, 37726, 29610, 19374, 29250, 37995, 16001, 30025, 9999, 45063, 20998, 28273, 28553, 7423, 29136, 42066, 12101, 40212, 27869, 45756, 23672, 11298, 20846, 18549, 36100, 32407, 21823, 40947, 45442, 42707, 36134, 41868, 24448, 31954, 34889, 35071, 46186, 12530, 41274, 43241, 43726, 37401, 27186, 14761, 22160, 39018, 44351, 25793, 44871, 28166, 35281, 45170, 7184, 44602, 43284, 41306, 16419, 33511, 33498, 36642, 12936, 45714, 39367, 11224, 29154, 30785, 37288, 26142, 39996, 13537, 24693, 42951, 8286, 31446, 34171, 33460, 41861, 39600, 45230, 46158, 25477, 13300, 32974, 34162, 26669, 42513, 5171, 36613, 9694, 41198, 37741, 31767, 38332, 23795, 35450, 43347, 40031, 32195],[36871, 33619, 43460, 42893, 27603, 38649, 7638, 18073, 42984, 34448, 35317, 45510, 21577, 25301, -1, 35720, 22270, 43867, 38993, 19769, 22987, 41733, 43233, 11686, 37637, 43081, 36462, 24670, 45505, 37224, 40537, 42949, 27627, 14915, 27706, 35187, 37316, 21217, 21899, 13131, 8190, 9996, 8024, 40127, 16207, 40385, 43311, 44621, 41009, 40552, 30264, 37535, 40970, 19223, 44897, 23169, 42851, 32137, 13871, 27386, 28063, 33998, 40645, 34947, 17399, 42430, 43796, 33116, 38277, 23423, 39793, 25708, 28194, 18193, 36733, 15141, 16491, 43423, 30596, 19294, 44648, 25683, 29373, 45223, 27870, 23813, 18296, 45444, 3052, 39920, 3928, 43648, 42733, 43335, 8322, 35735, 26415, 28041, 29081, 22301, 20994, 40120, 24368, 39695, 35468, 35777, 5122, 44851, 35881, 9651, 46111, 41451, 36078, 13729, 39189, 25097, 42588, 41513, 37946, 12547, 30792, 25941, 42048, 8138, 21149, 26038, 16609, 24345, 13332, 40063, 21351, 15278, 20380, 29477, 30863, 35285, 37834, 10812, 22725, 12698, 12320, 22869, 41107, 42663, 46099, 33628, 41488, 36088, 44441, 23155, 3653, 9180, 40148, 46075, 24918, 34237, 31249, 33195, 43279, 31867, 12494, 32323, 41527, 46055, 45644, 15475, 5627, 39052, 37233, 30966, 26292, 36417, 4747, 8791, 41480, 13229, 46005, 25295, 38495, 36023, 44703, 40336, 33128, 40609, 11624, 43862, 28824, 28355, 45429, 45573, 46316, 16416, 37086, 40729, 12675, 46145, 10626, 34504, 42091, 21096, 28342, 30199, 34837, 25265],[38367, 37227, 17535, 40502, 28858, 30645, 11440, 26379, 20804, 18765, 24419, 43817, 29409, 23319, 35720, -1, 43622, 33393, 34801, 20220, 41941, 12483, 25886, 46013, 32680, 21709, 34284, 31510, 13421, 46014, 35174, 44761, 15545, 45739, 39415, 5679, 14653, 6473, 28679, 38704, 43770, 16706, 30014, 33288, 34022, 11327, 40521, 35373, 18200, 1402, 17035, 32097, 5063, 5967, 40109, 27594, 35139, 39377, 45510, 26022, 29642, 23192, 41371, 42355, 28220, 24589, 34732, 37038, 23772, 45077, 29729, 35330, 27397, 19147, 28290, 39562, 43181, 34178, 46002, 16310, 42494, 14724, 36005, 25188, 44074, 34206, 16639, 26187, 17853, 19717, 41364, 31715, 17543, 34558, 44834, 41891, 42999, 26998, 44212, 28227, 28850, 28640, 45024, 29146, 36658, 35062, 27187, 30496, 17525, 21027, 37000, 42734, 37143, 45786, 25391, 35320, 44811, 22043, 44746, 40347, 43278, 18206, 12442, 37032, 23367, 30614, 23098, 46078, 42638, 42155, 37228, 1536, 30731, 18158, 43320, 45494, 39880, 37978, 34309, 33167, 29637, 22673, 34040, 40695, 43639, 38388, 25905, 46115, 33702, 42208, 39022, 21444, 37792, 28504, 30888, 34882, 25844, 35059, 25640, 37300, 35699, 25137, 37933, 38576, 43447, 39639, 39848, 46119, 38880, 20836, 33319, 28160, 37629, 37991, 33884, 46287, 19915, 32797, 46059, 45858, 40965, 43092, 14524, 24796, 35036, 42460, 16928, 40914, 21355, 42246, 17125, 22294, 45140, 42106, 43192, 37410, 18394, 12606, 23707, 38633, 43390, 31975, 41575, 40914],[24561, 15991, 15372, 38559, 24952, 28925, 13930, 29724, 34729, 41391, 30235, 39763, 39485, 37961, 22270, 43622, -1, 30827, 28809, 21037, 15054, 44818, 32923, 21332, 41953, 39100, 41847, 21391, 32733, 43869, 36362, 40351, 37249, 21555, 20311, 30495, 29101, 34149, 43002, 35187, 39989, 22084, 38501, 15607, 45687, 20555, 22311, 34581, 40264, 20637, 43427, 45501, 38802, 39849, 34448, 37687, 44441, 38401, 15358, 44611, 30563, 2205, 26689, 34726, 28615, 37603, 32557, 7223, 18206, 20399, 20967, 43389, 38616, 42325, 21608, 42179, 29412, 31747, 27846, 10738, 25876, 27029, 24203, 30009, 45485, 18843, 43402, 44310, 40358, 32844, 19299, 34532, 27223, 44130, 30525, 44424, 38298, 42765, 26210, 11659, 18767, 42992, 39645, 23155, 41840, 35815, 7506, 37292, 36849, 33297, 41301, 26656, 42695, 45101, 33128, 32243, 21232, 24342, 44409, 30895, 25260, 38536, 37611, 33205, 36212, 19238, 22585, 27936, 40988, 20373, 22773, 9210, 41300, 38769, 32559, 43758, 22655, 10475, 42251, 43198, 45448, 39992, 33699, 19591, 10847, 31162, 32284, 40298, 29899, 31443, 40826, 39075, 20660, 7981, 40270, 7705, 43383, 35773, 28896, 38910, 17203, 38410, 33448, 42684, 18366, 23735, 25086, 40142, 7791, 20041, 23898, 41526, 45452, 40208, 40375, 43101, 44514, 21040, 43252, 43716, 25541, 36361, 35560, 23603, 34934, 44234, 22272, 24872, 45654, 10707, 19389, 35128, 20876, 41370, 8316, 19744, 28664, 24232, 11009, 3629, 37893, 13637, 35222, 29912],[32780, 44542, 23799, 18330, 36396, 33059, 42556, 42897, 37303, 29309, 41157, 40359, 26607, 31995, 43867, 33393, 30827, -1, 16378, 35499, 33744, 23039, 44739, 19882, 29714, 34731, 18512, 30608, 1906, 15635, 43411, 38559, 40933, 32621, 43715, 6591, 44212, 42344, 26673, 39530, 25283, 6128, 35749, 34211, 18283, 36527, 29542, 45170, 35115, 36537, 37749, 37956, 42288, 38003, 27316, 19718, 18304, 45604, 25805, 35898, 42348, 37809, 41505, 38112, 25221, 37950, 5588, 43468, 14700, 41581, 33114, 25454, 34538, 27967, 35025, 27148, 33571, 30221, 18876, 30135, 38429, 38168, 16109, 42177, 28943, 22811, 43221, 44422, 20166, 19028, 40510, 33065, 37516, 40773, 41269, 37770, 31002, 18272, 40094, 43009, 7302, 38472, 5000, 22945, 37431, 37442, 41109, 11638, 44345, 40539, 39616, 20562, 20616, 21605, 20894, 41891, 33738, 33084, 36722, 16653, 45750, 24298, 28459, 16042, 32799, 6989, 41723, 37540, 35950, 42804, 29038, 21293, 36925, 34088, 18010, 34976, 45012, 44282, 31466, 11155, 23085, 46161, 42926, 29956, 10574, 27432, 38527, 41496, 11754, 31186, 22655, 37572, 19909, 44405, 35358, 37094, 22635, 30684, 42573, 7059, 33389, 37389, 34350, 33546, 35147, 26525, 40481, 36778, 40927, 35754, 44677, 29342, 36129, 41992, 22532, 31377, 41935, 42619, 33326, 26664, 35306, 34222, 45403, 34372, 853, 43593, 29631, 11816, 25456, 29440, 31894, 44566, 39913, 41315, 23678, 25041, 32184, 37856, 27954, 44494, 29897, 43512, 38215, 40597],[29437, 35885, 46085, 22449, 36819, 28099, 45821, 40373, 41490, 22999, 39042, 6654, 25502, 19008, 38993, 34801, 28809, 16378, -1, 46272, 43506, 30705, 37993, 38095, 41975, 26971, 40426, 30491, 15155, 5075, 44593, 34590, 5348, 22016, 34924, 34557, 26460, 36880, 21052, 33080, 40903, 38089, 44661, 39814, 12139, 17101, 36633, 17575, 37199, 14423, 38449, 37212, 28728, 15778, 25125, 23686, 39410, 31092, 25360, 35221, 27868, 12412, 22906, 23379, 38400, 32767, 7528, 6650, 22896, 16073, 44614, 30390, 41511, 42292, 9462, 43500, 41541, 31750, 38189, 20286, 28594, 36067, 16297, 44966, 32953, 42314, 34176, 40250, 45054, 9113, 44580, 42115, 39472, 27883, 32106, 37786, 37454, 37075, 16224, 30485, 10217, 44074, 44944, 44236, 38114, 39769, 39727, 38490, 38948, 31999, 39459, 24672, 39771, 40689, 15281, 39148, 28357, 20259, 46103, 15074, 38123, 20458, 38863, 42435, 13622, 5662, 31309, 23369, 42304, 43484, 13841, 28476, 35255, 35230, 15227, 30112, 21530, 42471, 38811, 30780, 33665, 23008, 26643, 44049, 11338, 31211, 37742, 23192, 27150, 44605, 39377, 22729, 36007, 41287, 32566, 25106, 25944, 29954, 23829, 42916, 42394, 33834, 37541, 37160, 45462, 24447, 42089, 45884, 35010, 30357, 34526, 42596, 33331, 44764, 25876, 17614, 15345, 40427, 42487, 26188, 26580, 35744, 37037, 6406, 45854, 27019, 23822, 40560, 15748, 22669, 3211, 17643, 4494, 34331, 42596, 43194, 26127, 40711, 37664, 24899, 23817, 40538, 26621, 29410],[33615, 34679, 33297, 25508, 21336, 42163, 40824, 45799, 38351, 18938, 33876, 41689, 43237, 19980, 19769, 20220, 21037, 35499, 46272, -1, 39403, 8008, 39712, 45095, 35945, 30141, 21106, 24017, 41721, 39473, 20056, 40940, 17457, 44055, 42725, 37588, 27040, 29984, 26336, 37188, 34161, 22812, 34244, 26795, 42546, 26387, 23148, 39836, 31375, 44617, 42115, 24866, 30464, 33448, 32986, 45151, 18302, 34352, 27351, 11828, 46146, 36384, 29656, 35924, 12393, 39367, 35511, 27467, 29488, 6618, 41336, 16798, 25261, 37027, 21457, 30301, 31954, 23946, 39802, 29044, 39011, 42387, 40623, 37903, 43755, 43610, 39594, 46302, 36166, 34426, 17393, 31709, 30883, 42562, 7633, 25393, 22327, 43992, 38100, 36728, 15080, 37913, 37212, 36468, 35935, 36208, 30835, 26776, 41587, 44462, 46049, 44204, 28784, 43884, 5474, 22970, 8021, 45354, 38315, 24814, 11140, 23194, 34810, 14341, 37837, 5521, 21258, 25470, 45551, 24789, 34735, 42204, 33889, 43153, 40879, 24072, 45924, 45158, 31945, 25243, 24778, 41448, 26006, 36753, 25528, 11260, 27230, 45005, 21020, 37345, 28392, 44000, 2384, 21465, 23194, 34803, 42574, 16688, 9249, 45589, 27115, 28488, 30503, 25995, 39693, 38357, 44657, 11030, 44699, 16807, 40250, 34198, 33746, 22786, 31249, 39958, 25690, 2207, 19500, 41925, 34712, 33446, 22936, 20706, 36445, 41415, 31576, 19036, 26303, 33432, 23450, 39296, 44731, 43763, 31461, 36113, 27508, 28485, 32134, 18510, 6129, 34591, 39904, 22229],[33070, 35796, 37210, 35517, 18662, 20753, 36968, 38911, 41025, 17195, 32147, 15773, 40944, 18736, 22987, 41941, 15054, 33744, 43506, 39403, -1, 30641, 42265, 30730, 41921, 41981, 24398, 21063, 44454, 33912, 4716, 34317, 35973, 14311, 29220, 42077, 17747, 8326, 24802, 26438, 41256, 22567, 35207, 28650, 16925, 32606, 28266, 25393, 45302, 24299, 27502, 45295, 37406, 35093, 44513, 24585, 38435, 13897, 42210, 45954, 46048, 13297, 22354, 14119, 32873, 31231, 45773, 29069, 34436, 36706, 32245, 15009, 18926, 46130, 40242, 24052, 38276, 27931, 38508, 46285, 37892, 33704, 37811, 24359, 24715, 5184, 41340, 26933, 21466, 23464, 43841, 27135, 17779, 18649, 41431, 37867, 17667, 46265, 42649, 16467, 38386, 27867, 29570, 41377, 16117, 17260, 26773, 35448, 39084, 19148, 33778, 15956, 16111, 38755, 41351, 29100, 45099, 24201, 44145, 33464, 34643, 26625, 36572, 30669, 27162, 45534, 26246, 35176, 25005, 40517, 28627, 44052, 40461, 39352, 43248, 14082, 45876, 39381, 41042, 43129, 38151, 37150, 45573, 21711, 23854, 41515, 36012, 28464, 29554, 13779, 38255, 27512, 20500, 36904, 31824, 6942, 19479, 17589, 42631, 6860, 34519, 38835, 44317, 42986, 46319, 34282, 26851, 20959, 16900, 29049, 34321, 20968, 15772, 26238, 26512, 45161, 25835, 43620, 27517, 10676, 26339, 21669, 37484, 36257, 15674, 28705, 43396, 35093, 29207, 40567, 31782, 26648, 26635, 23411, 43036, 31414, 21397, 22472, 45027, 18769, 35159, 40843, 34440, 45796],[41251, 36737, 35443, 40190, 29769, 43330, 26903, 12939, 40732, 38996, 27620, 31039, 16657, 22404, 41733, 12483, 44818, 23039, 30705, 8008, 30641, -1, 28712, 6911, 12598, 31930, 39131, 40463, 27328, 36222, 17840, 31612, 45541, 31851, 29151, 31314, 30036, 32765, 29986, 44042, 4915, 38477, 41354, 23497, 32243, 31781, 33580, 25107, 12186, 7830, 41083, 32076, 38477, 37875, 35995, 19397, 45208, 28681, 41785, 21422, 45511, 38522, 41936, 41339, 5534, 24168, 11985, 44154, 14117, 19735, 18618, 22033, 37232, 46184, 42683, 37378, 28808, 22491, 42614, 40440, 21271, 18654, 31896, 18329, 32622, 30672, 42604, 35610, 43074, 29885, 23304, 24196, 20054, 29882, 39599, 24929, 9208, 12283, 46201, 26226, 9488, 38106, 43210, 44592, 23990, 11432, 36902, 25538, 31603, 12113, 24623, 38904, 7622, 39778, 26571, 26602, 37475, 14719, 5684, 45071, 37992, 32881, 39221, 37025, 23219, 21443, 38283, 39797, 37816, 40007, 12535, 26799, 43792, 27292, 22977, 36751, 24677, 23862, 39889, 8422, 39064, 23286, 33293, 25205, 30353, 22759, 36877, 22404, 36792, 41415, 26077, 31005, 24684, 43371, 44600, 22295, 31141, 28859, 35171, 36684, 34337, 35579, 36728, 30197, 38965, 20402, 45302, 19250, 38510, 12518, 12901, 42681, 36530, 36105, 43274, 7509, 19748, 10957, 9528, 7357, 14586, 35267, 25029, 44060, 41224, 29561, 23845, 14722, 35224, 29392, 41695, 29929, 44073, 45221, 23073, 34148, 26672, 29180, 14160, 35949, 21668, 43428, 40777, 41347],[24541, 39120, 45791, 17514, 36960, 18063, 16011, 45933, 41272, 45967, 32773, 7686, 20019, 31226, 43233, 25886, 32923, 44739, 37993, 39712, 42265, 28712, -1, 35825, 29805, 24420, 23020, 10004, 22348, 42766, 38363, 31312, 17981, 44086, 43066, 40516, 43785, 42081, 29039, 38354, 12802, 44362, 32342, 30208, 45327, 43774, 41495, 26389, 38243, 45176, 44371, 26955, 24329, 33192, 12985, 43733, 20436, 44909, 43622, 30716, 36968, 22623, 40611, 16691, 40275, 42973, 29346, 33385, 38767, 44511, 20809, 43202, 13585, 40829, 34450, 5050, 35782, 33090, 27814, 27407, 24548, 5365, 23496, 14137, 44822, 43085, 32289, 45997, 38383, 28802, 31658, 40196, 46325, 37474, 7665, 42393, 23433, 37355, 17399, 44000, 39451, 4172, 11520, 31256, 35068, 26679, 39204, 44232, 34994, 45033, 31464, 44081, 43741, 40380, 8713, 38038, 29381, 44358, 39625, 42338, 29232, 28832, 24567, 13365, 31753, 19327, 32750, 46144, 30419, 23976, 34072, 26238, 28044, 34273, 33458, 31734, 38714, 46040, 15741, 41263, 23322, 44845, 34515, 30148, 21755, 35076, 45492, 41962, 18417, 26114, 38686, 26973, 1906, 30538, 40907, 13899, 29039, 22827, 31610, 38956, 34176, 29033, 10044, 34675, 36899, 1166, 30627, 45258, 20966, 30239, 41257, 19627, 11865, 20691, 23832, 15657, 18938, 19712, 28985, 33311, 27721, 41163, 18092, 21048, 34515, 20024, 39911, 36464, 20499, 45088, 44164, 23596, 31108, 12395, 36932, 35893, 38219, 18982, 39666, 27799, 26226, 14633, 20267, 19428],[14029, 33166, 34854, 37631, 32488, 45098, 16252, 39389, 45558, 15470, 25745, 41245, 40020, 21978, 11686, 46013, 21332, 19882, 38095, 45095, 30730, 6911, 35825, -1, 34212, 10668, 40421, 37013, 23307, 11990, 37712, 12872, 40903, 43172, 46283, 42686, 35575, 45526, 24007, 31963, 7710, 34870, 28092, 19286, 44987, 40873, 38221, 38519, 19698, 30383, 46054, 37458, 26996, 29997, 45220, 17830, 45526, 21749, 32023, 42180, 23499, 26476, 38695, 35362, 30335, 24806, 20375, 42140, 39273, 41383, 35362, 14614, 20253, 20689, 19951, 6029, 44235, 6488, 34375, 24796, 21500, 31671, 36639, 27188, 28192, 38582, 39819, 31702, 11596, 35995, 45934, 44711, 20684, 43604, 25441, 20289, 45264, 37461, 32384, 31403, 26877, 35066, 42175, 11678, 44484, 36545, 31248, 17569, 30673, 24292, 38082, 39873, 22286, 44398, 13221, 17832, 42430, 42386, 21367, 35361, 40581, 45489, 41392, 25849, 30295, 42873, 42544, 26804, 38162, 29821, 45518, 42544, 10234, 36807, 45674, 23129, 24965, 15525, 29617, 7901, 27390, 44322, 29179, 41433, 34861, 24965, 41792, 43792, 36401, 24102, 42782, 26807, 26425, 42166, 39256, 37016, 33886, 10713, 24843, 38262, 22662, 45678, 45742, 29229, 38324, 26062, 13908, 23478, 9407, 41623, 32597, 15461, 40780, 34610, 19506, 41835, 41637, 37998, 39160, 34503, 38145, 23945, 40574, 46112, 40742, 43825, 36920, 35745, 20306, 35914, 39230, 41949, 28549, 31309, 26738, 35259, 45778, 22923, 44843, 40021, 44054, 7879, 44969, 41296],[28762, 38921, 22825, 17958, 40246, 23289, 39709, 32219, 38211, 34762, 44570, 41955, 18384, 29345, 37637, 32680, 41953, 29714, 41975, 35945, 41921, 12598, 29805, 34212, -1, 39984, 17412, 22294, 33611, 12854, 26938, 40679, 15670, 35274, 31404, 45781, 46105, 33233, 34088, 19771, 35488, 16751, 8249, 11482, 22651, 13977, 19960, 35145, 9881, 40386, 4514, 38331, 20458, 20415, 22145, 42851, 29363, 45749, 37735, 36928, 37502, 38195, 36466, 20665, 13913, 37839, 44563, 28652, 23746, 33777, 39440, 21287, 25225, 41739, 44104, 22378, 40352, 13909, 43521, 33888, 40615, 24551, 25651, 31886, 10302, 43487, 42670, 7593, 38199, 41405, 31022, 42198, 13731, 37604, 46120, 43803, 29485, 28197, 33687, 40254, 41550, 11492, 39643, 20082, 39238, 19791, 26932, 27713, 43185, 41208, 13545, 29000, 20970, 37901, 39698, 29727, 40358, 37393, 33165, 19384, 44856, 21872, 23657, 44359, 34446, 45600, 15013, 19765, 42462, 38188, 32165, 43047, 19859, 36268, 33226, 19972, 39720, 35865, 41348, 37567, 43354, 19313, 30252, 41950, 45418, 28741, 37076, 41260, 40040, 18935, 21193, 40811, 26523, 29804, 20077, 14944, 33600, 45165, 23394, 28408, 23988, 31278, 39128, 44658, 45297, 29958, 30192, 20207, 22525, 39051, 18470, 26060, 45420, 45780, 39663, 23329, 28528, 45354, 12038, 31285, 40296, 9736, 19596, 37778, 39636, 33948, 42528, 41048, 10447, 9881, 33479, 6900, 38025, 28484, 6471, 39153, 34112, 43197, 21884, 18851, 24784, 41797, 5605, 44159],[40572, 32197, 41691, 33812, 36742, 35410, 17173, 41825, 31933, 37827, 38258, 33082, 42975, 20676, 43081, 21709, 39100, 34731, 26971, 30141, 41981, 31930, 24420, 10668, 39984, -1, 40899, 15758, 27526, 21733, 8825, 38244, 41134, 28073, 23134, 8852, 31127, 36343, 45086, 20808, 15868, 41284, 43594, 43574, 21757, 38676, 16158, 45751, 38374, 45531, 31299, 19870, 22038, 44007, 46292, 21874, 42872, 32330, 45204, 37653, 15024, 35132, 38806, 21752, 44775, 40020, 38376, 26239, 36525, 37837, 27772, 29319, 37798, 27156, 31266, 24275, 14723, 31793, 34527, 41866, 36055, 20758, 42384, 36164, 40222, 41266, 20886, 44201, 29159, 30713, 29698, 43715, 31227, 11834, 19151, 31291, 28964, 32328, 40013, 40108, 34489, 38951, 17244, 16498, 28905, 37152, 38289, 39335, 27226, 35792, 30624, 29037, 44244, 29562, 27454, 10085, 34406, 27497, 29252, 31397, 45997, 40724, 32890, 24424, 45601, 30371, 34604, 32451, 32263, 6980, 39404, 45348, 43078, 32765, 6875, 12182, 37940, 46202, 23912, 30335, 28240, 43299, 30634, 8668, 23018, 29707, 19547, 42847, 24136, 15994, 21096, 20977, 33354, 35594, 29293, 35154, 36971, 31144, 43063, 40323, 31672, 38057, 7289, 46003, 38317, 20166, 35243, 46046, 3394, 25417, 21280, 14575, 39304, 37750, 45639, 25105, 16174, 44250, 28711, 45102, 36387, 6224, 21353, 29225, 22739, 23180, 25951, 36906, 44294, 45307, 32975, 21903, 43575, 29704, 21439, 35889, 31509, 30201, 34364, 36006, 28082, 41833, 24420, 34345],[15101, 39581, 36971, 26214, 8359, 34755, 23707, 25175, 26628, 31132, 15739, 19806, 45667, 36836, 36462, 34284, 41847, 18512, 40426, 21106, 24398, 39131, 23020, 40421, 17412, 40899, -1, 25930, 8768, 17957, 45446, 25695, 39421, 44708, 35297, 41007, 31069, 46006, 15989, 21282, 17936, 31773, 24940, 38482, 28882, 8798, 38926, 41754, 36439, 27408, 33504, 12412, 30558, 33036, 34300, 14977, 43005, 35792, 34583, 20758, 17139, 44890, 42730, 42556, 26183, 35028, 36226, 32197, 40805, 17915, 41898, 42891, 45932, 24682, 41502, 26680, 30679, 39545, 31366, 40981, 16293, 31160, 43343, 24188, 46217, 13554, 44045, 41555, 35023, 31812, 27218, 34359, 26728, 41238, 19710, 46293, 24556, 23027, 31745, 39541, 3978, 41424, 12267, 29991, 42382, 25806, 18111, 25222, 45054, 24704, 23844, 25092, 36502, 39577, 14005, 40689, 12546, 4483, 29901, 26405, 22287, 6976, 28996, 41225, 34282, 37890, 9792, 23171, 41376, 13586, 45158, 41806, 22321, 45174, 28406, 46034, 24362, 21586, 34155, 28670, 38401, 31361, 22078, 41795, 8758, 41297, 14846, 34291, 19357, 14333, 28791, 27606, 27595, 34771, 23245, 35871, 33889, 45420, 38196, 38909, 37259, 27361, 27391, 15282, 39632, 36952, 45983, 32191, 42466, 35920, 4764, 9285, 37114, 19106, 44107, 23803, 4320, 36618, 33239, 24927, 10870, 8397, 9780, 37731, 10548, 36377, 43426, 29673, 15759, 6044, 18559, 42498, 31994, 41057, 23189, 17105, 42421, 14018, 38881, 37971, 24817, 45207, 37781, 30312],[22256, 41059, 29103, 38982, 24676, 24710, 31874, 15589, 11632, 32680, 25806, 37259, 22939, 43763, 24670, 31510, 21391, 30608, 30491, 24017, 21063, 40463, 10004, 37013, 22294, 15758, 25930, -1, 39475, 24299, 16674, 15542, 45615, 24220, 43399, 35858, 23561, 39503, 27405, 36659, 42602, 34243, 34643, 27204, 21863, 21593, 15697, 24286, 21947, 41903, 45307, 18484, 37264, 45682, 42324, 23637, 20910, 38889, 24188, 40030, 34232, 37926, 42695, 38417, 32410, 35477, 26411, 45468, 26070, 24965, 39370, 43027, 25919, 32410, 40655, 21748, 20461, 44816, 35649, 36913, 36357, 2909, 43697, 42137, 30420, 40110, 30370, 42151, 32518, 38530, 38119, 35602, 44528, 39939, 11386, 42903, 22953, 30571, 41764, 20669, 37131, 2776, 25364, 20665, 43022, 28443, 15812, 31841, 43670, 39175, 39489, 45967, 36055, 17357, 26762, 34689, 28260, 40115, 41014, 38234, 36797, 21168, 12996, 36629, 16477, 41381, 44642, 33153, 43361, 17720, 8960, 43697, 24366, 45121, 26010, 41145, 27474, 15454, 31910, 31986, 36872, 24441, 46175, 35160, 20965, 43317, 45393, 15544, 40408, 42582, 42935, 43436, 38820, 29569, 29940, 39666, 30990, 9721, 35352, 43494, 30436, 24904, 29439, 9811, 42375, 33919, 18735, 43370, 41615, 15055, 40996, 25350, 13905, 35473, 35703, 38733, 33981, 40690, 43622, 35853, 17779, 32041, 7847, 22978, 41396, 41430, 43670, 41553, 4249, 34706, 42688, 26260, 32730, 9512, 41469, 36879, 31685, 30958, 28284, 19113, 42723, 42567, 31492, 33426],[26863, 14897, 12657, 34932, 15105, 41994, 31178, 24315, 22248, 45455, 27777, 34929, 43753, 44779, 45505, 13421, 32733, 1906, 15155, 41721, 44454, 27328, 22348, 23307, 33611, 27526, 8768, 39475, -1, 31983, 42030, 30009, 31664, 17384, 29826, 44884, 39829, 15846, 33583, 39881, 30182, 37821, 24468, 9646, 24466, 14994, 40788, 44