150
[[-1, 43240, 24437, 24598, 12985, 28919, 46330, 34806, 42463, 31050, 32754, 26601, 25367, 45195, 42745, 17988, 42008, 12641, 42421, 17030, 46318, 33790, 21760, 25432, 18709, 6334, 36670, 19215, 41039, 38500, 41302, 38594, 18549, 41012, 44876, 38032, 25863, 32531, 25566, 35621, 21360, 40086, 19036, 19351, 33130, 28415, 25248, 33267, 30346, 19090, 20823, 45077, 37057, 34597, 16139, 43984, 38825, 30332, 25284, 36419, 46175, 22141, 3188, 45618, 29017, 36688, 10795, 38044, 30679, 34780, 40350, 34334, 35826, 41513, 39604, 44475, 20183, 34770, 34534, 18041, 44398, 5471, 45132, 41968, 46208, 37687, 20601, 44042, 35818, 14111, 28705, 24045, 42576, 15019, 10056, 35402, 22152, 38222, 42079, 40834, 37042, 22938, 33876, 38554, 36320, 30014, 41738, 22950, 38603, 21024, 42609, 44427, 4296, 44433, 45006, 13324, 46302, 43085, 41118, 23549, 39606, 36286, 44519, 45135, 14769, 18506, 38655, 31148, 20989, 34855, 36895, 44649, 14915, 40620, 41924, 16722, 43071, 42642, 40926, 17897, 42417, 36445, 15105, 30384, 37241, 36023, 28653, 46328, 43274, 14409],[43240, -1, 35566, 22681, 28872, 46030, 35215, 19094, 43475, 8726, 16627, 16408, 44597, 21009, 32675, 18803, 22060, 33514, 34805, 33696, 45118, 23050, 29261, 38121, 39146, 34834, 10637, 41655, 28821, 37286, 17389, 7489, 14434, 21636, 39986, 45545, 27422, 37285, 26389, 35735, 37671, 8404, 26180, 41224, 37872, 27668, 18039, 32467, 45167, 25940, 43724, 15257, 10456, 33651, 34755, 12218, 33211, 22135, 45465, 23523, 32755, 32593, 14189, 32277, 29736, 30065, 11053, 27056, 45076, 25622, 25805, 6026, 39575, 43179, 42461, 28385, 44719, 17745, 39742, 45698, 11928, 37488, 29140, 44080, 39264, 39512, 23209, 26427, 23587, 41401, 37146, 20932, 31891, 16656, 42761, 23999, 38086, 36242, 7489, 25473, 32800, 20813, 44828, 26959, 42669, 16367, 30886, 41711, 6165, 31701, 12358, 15247, 30281, 37723, 43686, 45037, 42105, 39578, 40189, 39761, 32118, 15651, 14602, 39956, 41494, 41532, 33342, 25013, 12055, 39065, 31004, 33479, 36813, 41715, 35516, 39739, 34890, 20852, 31550, 39015, 25084, 35607, 38101, 22279, 42398, 12779, 17336, 10713, 18065, 35835],[24437, 35566, -1, 42485, 10560, 34564, 43277, 36164, 29829, 38969, 39657, 21962, 44002, 44746, 32686, 37804, 42543, 12880, 37703, 23155, 21078, 28092, 43267, 22652, 42645, 42240, 40165, 9502, 41070, 26922, 43008, 46143, 23291, 40286, 39046, 38105, 44757, 45006, 34580, 35524, 44790, 32616, 40924, 40895, 27893, 27809, 32031, 14660, 41751, 39858, 19591, 37141, 40316, 44029, 7074, 35460, 26794, 42344, 46210, 20959, 4115, 18397, 23448, 42384, 36202, 19069, 45088, 17527, 23765, 33097, 39794, 44303, 9813, 41421, 32706, 35228, 38042, 32881, 23604, 28002, 26640, 36177, 21108, 25559, 16872, 23449, 39575, 39420, 17458, 43254, 29645, 44353, 26146, 32492, 41282, 2466, 13076, 37143, 45277, 35987, 36397, 44630, 46269, 32569, 9869, 25887, 22613, 34253, 28851, 35560, 37934, 34934, 14007, 46028, 18960, 44176, 22245, 31913, 39743, 34246, 18126, 33184, 24763, 31814, 41128, 43743, 42120, 43404, 40831, 43577, 45016, 12941, 21715, 29118, 44033, 34692, 39804, 30869, 22098, 37543, 45185, 16804, 31919, 39648, 30357, 44568, 18066, 30484, 33009, 13636],[24598, 22681, 42485, -1, 21005, 19258, 7407, 13450, 29034, 40211, 26541, 39227, 6956, 34665, 39325, 18935, 33391, 39656, 46338, 26003, 7778, 39621, 45900, 5872, 35286, 13462, 15005, 30812, 41107, 23130, 27857, 40209, 13610, 19471, 44838, 36419, 36762, 27294, 25071, 44197, 33513, 18356, 42569, 16422, 24260, 30537, 33872, 43414, 41580, 26862, 26569, 39011, 33103, 34152, 17612, 28292, 8402, 44950, 35546, 39946, 37148, 34324, 19132, 31373, 45802, 27663, 17517, 42997, 3369, 46107, 42261, 44133, 40165, 45707, 19071, 19332, 29625, 42628, 24678, 41086, 42571, 26800, 45763, 31944, 45875, 18435, 35647, 40505, 44963, 3237, 37119, 14017, 44292, 37226, 24805, 20593, 44599, 18070, 33414, 26948, 23867, 35997, 44562, 29835, 46242, 39517, 41593, 33768, 43253, 12241, 28837, 32911, 15170, 41103, 23020, 32677, 38073, 37422, 43496, 11460, 46280, 39662, 15338, 29031, 34919, 21642, 34957, 37716, 30049, 41320, 29910, 41307, 18140, 44054, 39258, 41539, 45532, 45090, 17492, 18286, 26678, 37072, 9080, 43668, 35042, 42000, 45133, 40493, 43961, 45277],[12985, 28872, 10560, 21005, -1, 4750, 38140, 44150, 45250, 4557, 13246, 42357, 21381, 39431, 5360, 34528, 34798, 22312, 45392, 41922, 27175, 31670, 22866, 45783, 15250, 46279, 42768, 20645, 16620, 33953, 29887, 28912, 41383, 21154, 14761, 5045, 32133, 40184, 31404, 41398, 31273, 45493, 42012, 11799, 44894, 32986, 41409, 25472, 28851, 31535, 34999, 27867, 45287, 10805, 38631, 23383, 22263, 37441, 4524, 23007, 21233, 17361, 36768, 29535, 11013, 29540, 44425, 46243, 46263, 25602, 38363, 42505, 16967, 39981, 15316, 37075, 40480, 40142, 29921, 44132, 44284, 36941, 18212, 29622, 10187, 17134, 40054, 25873, 45901, 33054, 40534, 20036, 23871, 45197, 45777, 19606, 39357, 36928, 44208, 36158, 39462, 14216, 27995, 10618, 19724, 26782, 10489, 27169, 23734, 39974, 36978, 30082, 41615, 42307, 37388, 6688, 10322, 42528, 45146, 44298, 25859, 35924, 26374, 16125, 23060, 19093, 32210, 32347, 35003, 37645, 13730, 26771, 21676, 35174, 4279, 31687, 31873, 41181, 33024, 26408, 40724, 8912, 39157, 36616, 46222, 43419, 37929, 45355, 46066, 37650],[28919, 46030, 34564, 19258, 4750, -1, 36681, 28890, 29583, 17290, 40899, 36524, 37087, 18584, 18956, 39797, 8145, 37455, 23203, 28507, 28191, 41606, 20711, 40663, 33306, 28027, 19813, 26718, 38185, 43013, 10862, 30234, 43275, 30576, 16124, 31434, 45276, 7148, 15312, 28398, 38089, 43110, 30863, 42496, 6871, 44985, 41267, 37151, 35926, 45764, 45187, 37159, 15362, 32926, 30285, 32450, 18677, 37243, 37419, 38578, 28571, 42563, 31510, 45103, 32676, 22951, 25398, 39552, 43885, 18473, 46079, 16750, 6788, 45768, 34560, 33738, 35274, 35567, 27857, 38707, 41507, 33010, 29309, 26726, 41595, 6621, 26292, 27335, 24308, 34018, 26482, 35161, 45772, 38016, 35043, 34040, 45827, 42335, 15639, 33978, 12398, 38001, 37280, 36530, 31613, 16490, 30171, 44938, 35886, 31220, 22090, 26317, 46261, 45524, 40190, 12076, 15905, 41039, 22766, 32246, 44344, 25147, 36812, 19819, 28105, 27454, 16062, 38182, 38277, 14877, 32510, 10907, 35960, 31977, 16197, 23782, 30792, 45235, 42420, 36115, 32772, 41134, 15256, 25407, 31905, 20413, 19527, 17067, 46314, 28494],[46330, 35215, 43277, 7407, 38140, 36681, -1, 9372, 43295, 40817, 39463, 31941, 16981, 39269, 38341, 17742, 43704, 32582, 33261, 23859, 30075, 9483, 35577, 38672, 34141, 5272, 38441, 28741, 40469, 45216, 23297, 25759, 27691, 19870, 34595, 21957, 35373, 42536, 24333, 42359, 28290, 43985, 43808, 33392, 30166, 40257, 45656, 23934, 44583, 41867, 34825, 12634, 42734, 34627, 22505, 45158, 45181, 42364, 26892, 13937, 28075, 38859, 28403, 10115, 7320, 14122, 27540, 15129, 21270, 29811, 14791, 24710, 17142, 15147, 44399, 36492, 41172, 24556, 40753, 39598, 26240, 19635, 27284, 9072, 39193, 37674, 31521, 12878, 27848, 33675, 31835, 34782, 46270, 30745, 15900, 20034, 40687, 33925, 22311, 36765, 35205, 23674, 21026, 25247, 37270, 34037, 21985, 27451, 32132, 42011, 31419, 21854, 36232, 44065, 30995, 39333, 23938, 9368, 12122, 6625, 30433, 29626, 38267, 43005, 13207, 32247, 21042, 38634, 40009, 11059, 10902, 40568, 27199, 43592, 33697, 35458, 42820, 30451, 40991, 18581, 34083, 15345, 46016, 39848, 36342, 45731, 38001, 41124, 24152, 43783],[34806, 19094, 36164, 13450, 44150, 28890, 9372, -1, 6475, 35396, 40160, 20628, 42043, 19161, 41786, 40619, 36443, 40189, 33830, 29132, 42792, 31031, 26843, 12740, 41468, 27714, 31445, 38489, 32091, 39480, 37348, 35121, 21296, 16381, 2545, 13224, 37724, 33446, 45998, 40235, 32188, 41497, 24681, 17696, 45325, 19918, 36497, 28286, 21484, 19480, 35524, 38455, 12866, 22588, 13241, 11639, 28651, 23139, 42710, 29681, 26934, 46318, 12441, 40984, 36675, 24150, 43469, 39724, 41083, 41261, 32164, 28676, 27126, 26927, 1877, 18600, 35111, 42620, 7357, 33520, 32028, 44445, 24360, 9820, 44941, 31695, 40022, 17359, 13835, 10359, 30125, 19927, 29792, 35584, 29696, 7474, 3092, 31369, 37477, 30308, 40212, 41425, 17882, 28600, 18943, 27198, 41009, 39546, 23119, 30957, 38332, 35639, 36831, 20343, 34801, 28543, 43991, 36303, 21582, 24723, 14122, 37411, 45854, 35797, 46110, 19662, 26902, 11004, 20576, 35039, 36071, 27961, 13374, 25417, 45458, 10308, 15752, 42951, 10172, 31446, 14194, 32805, 43580, 40854, 40481, 41555, 35765, 27798, 33019, 38059],[42463, 43475, 29829, 29034, 45250, 29583, 43295, 6475, -1, 33949, 42819, 32844, 42405, 46322, 44690, 20686, 32020, 11141, 18181, 10022, 21144, 17900, 35409, 40065, 31908, 11307, 39219, 16396, 34870, 28989, 45033, 42716, 44019, 41265, 26689, 42440, 43029, 44304, 34771, 24076, 45156, 41900, 41109, 25702, 830, 41341, 7117, 17972, 27575, 25481, 44075, 46307, 41668, 10332, 18060, 41892, 42541, 43328, 38388, 44778, 15731, 25141, 41281, 28920, 8847, 37466, 13425, 20288, 20200, 41970, 16967, 41607, 24001, 14240, 33104, 39296, 32225, 38235, 10679, 40743, 33838, 27554, 21947, 24224, 21241, 38889, 18330, 42377, 38668, 38857, 19458, 15529, 31792, 32797, 28158, 21323, 38305, 38986, 32307, 40773, 32182, 38699, 38612, 15285, 19896, 41021, 22094, 40650, 21644, 31100, 40265, 23826, 33545, 27083, 36537, 15084, 36015, 20629, 40048, 39634, 11365, 32861, 24616, 43186, 28957, 6936, 11199, 35111, 24317, 40085, 9337, 43610, 42459, 35937, 45142, 24909, 19857, 40539, 40731, 33617, 13414, 45261, 42777, 15946, 23111, 41279, 19524, 26522, 9644, 40365],[31050, 8726, 38969, 40211, 4557, 17290, 40817, 35396, 33949, -1, 26780, 30443, 11082, 11604, 41531, 40737, 38462, 42338, 28630, 26789, 40349, 16027, 13753, 39755, 39061, 29572, 29303, 34120, 14615, 35738, 31430, 43037, 43215, 41822, 26927, 22341, 24943, 27935, 32777, 29928, 34076, 23804, 40206, 18118, 36235, 29209, 27039, 27197, 36146, 36131, 26250, 23095, 28363, 39021, 26606, 19076, 26425, 21578, 38452, 41818, 2864, 40490, 3673, 41227, 40719, 42486, 16916, 41759, 44322, 40923, 22935, 45611, 29821, 45130, 3379, 31277, 14739, 29118, 44219, 43234, 44822, 29537, 13023, 28297, 25361, 43884, 43757, 33716, 22922, 21930, 33742, 39962, 35182, 20313, 25993, 12765, 24469, 45158, 38581, 41387, 41973, 27720, 25315, 18440, 39580, 31188, 39326, 40371, 40298, 14032, 29230, 41345, 22554, 43979, 23106, 41791, 41405, 31165, 8220, 39442, 25811, 43029, 43027, 32864, 41512, 35936, 33721, 24143, 19585, 29428, 34887, 11779, 18882, 30583, 37287, 34387, 11873, 40058, 25680, 39519, 20308, 24379, 36524, 37667, 17825, 33309, 15582, 45942, 27547, 36312],[32754, 16627, 39657, 26541, 13246, 40899, 39463, 40160, 42819, 26780, -1, 35723, 46249, 37255, 26558, 27156, 36600, 34517, 45370, 38334, 11007, 23546, 44445, 30201, 28421, 42298, 34580, 16639, 18585, 35072, 27685, 42744, 36539, 26328, 18784, 6236, 38992, 14992, 19243, 34635, 38682, 42728, 28900, 32117, 17062, 39103, 44221, 29406, 41648, 41944, 30794, 19189, 40803, 40402, 33316, 18315, 31119, 39240, 36765, 44495, 34487, 30957, 34278, 31027, 28207, 42836, 13960, 32504, 31192, 19021, 37987, 36111, 27644, 24043, 21215, 27472, 26610, 46313, 33567, 4494, 13316, 44267, 40558, 25396, 39901, 6831, 45378, 38283, 34130, 24774, 12716, 39470, 40078, 29368, 45114, 27727, 41110, 7555, 7513, 30567, 41304, 26020, 14224, 34074, 20996, 17921, 42786, 33493, 44439, 24923, 40620, 25623, 40158, 42297, 40889, 36466, 25221, 41342, 44521, 10182, 36293, 38641, 9734, 25557, 32799, 40138, 12141, 25660, 41296, 39334, 39049, 13563, 22523, 39011, 22762, 5631, 26366, 28674, 32976, 6555, 46338, 33758, 42685, 197, 30681, 23163, 34264, 14279, 43175, 30724],[26601, 16408, 21962, 39227, 42357, 36524, 31941, 20628, 32844, 30443, 35723, -1, 28247, 45819, 41919, 38859, 21047, 12503, 27184, 8779, 44083, 43243, 17667, 21490, 27020, 21028, 32194, 40946, 7786, 36516, 32409, 25086, 26683, 17045, 44063, 9211, 11879, 28658, 35291, 14659, 5104, 9430, 8312, 8553, 23597, 32991, 33464, 39395, 43716, 46084, 26252, 43144, 30116, 38768, 20670, 29266, 25804, 39488, 2292, 39330, 11275, 38746, 41948, 45559, 39647, 41507, 23425, 40537, 38312, 30801, 44976, 30030, 41563, 43358, 44642, 36122, 44500, 35600, 27179, 15821, 37699, 42974, 30993, 26020, 43418, 4604, 26954, 22407, 39958, 12009, 9948, 34273, 23997, 43176, 43163, 12644, 19586, 31251, 38694, 40656, 31350, 36370, 31555, 4254, 23191, 33584, 28577, 34097, 45125, 10228, 44135, 7891, 12419, 40051, 30536, 8921, 27963, 44214, 41148, 40162, 31004, 43627, 30275, 30500, 25179, 46177, 36197, 4325, 12989, 42887, 18420, 44780, 34122, 32523, 43593, 34377, 32469, 5734, 38018, 43766, 41088, 43012, 20817, 29095, 39590, 38700, 2717, 32320, 39503, 36703],[25367, 44597, 44002, 6956, 21381, 37087, 16981, 42043, 42405, 11082, 46249, 28247, -1, 45253, 45663, 18752, 44543, 38771, 26477, 35552, 15188, 37106, 13025, 44999, 28215, 44166, 19900, 19554, 41804, 38133, 37139, 36611, 27137, 32154, 44064, 37587, 16554, 41820, 27817, 8791, 27673, 40189, 21689, 44473, 37952, 44975, 36705, 21230, 14352, 13912, 21279, 38110, 39778, 12895, 33207, 23628, 41011, 39942, 45885, 14252, 20728, 23818, 28724, 11207, 35153, 43205, 45855, 35030, 45934, 16830, 39940, 41731, 31166, 43479, 12782, 29182, 40296, 39730, 43104, 13855, 29292, 34581, 42042, 34456, 40218, 43643, 33157, 36370, 31876, 13665, 16757, 30686, 17586, 17097, 34181, 43033, 40282, 26640, 46115, 32432, 34230, 27092, 22160, 36531, 32294, 22527, 35456, 615, 7449, 31112, 29777, 39307, 38989, 46207, 42398, 25019, 16334, 39494, 44265, 41180, 32985, 38759, 40346, 26094, 38343, 37323, 43879, 12734, 15886, 38626, 46139, 35269, 35587, 37913, 37078, 44994, 40795, 42478, 28571, 24570, 44319, 32007, 10301, 37694, 25238, 21565, 31888, 40417, 33110, 31635],[45195, 21009, 44746, 34665, 39431, 18584, 39269, 19161, 46322, 11604, 37255, 45819, 45253, -1, 36170, 41847, 5127, 45630, 35032, 22943, 43319, 42162, 23643, 40675, 25825, 45307, 29039, 33798, 45410, 16417, 45957, 20386, 33465, 16499, 37058, 30515, 26397, 27856, 17847, 42614, 40243, 27061, 35490, 35249, 32046, 41165, 36767, 39639, 40126, 17805, 30524, 32743, 27179, 43859, 43940, 33435, 13290, 42888, 44941, 21007, 41961, 43185, 31731, 29650, 11821, 17999, 46206, 41701, 43985, 32828, 30665, 29754, 39725, 22791, 17044, 38753, 35424, 15705, 30819, 42777, 36535, 44045, 34354, 33498, 31475, 20905, 4510, 27015, 37156, 32788, 41564, 11649, 34303, 16220, 32735, 40744, 24430, 40551, 15783, 30495, 39989, 26288, 31679, 4429, 34798, 31525, 9196, 25288, 30223, 44252, 8815, 8928, 35779, 44209, 44558, 42888, 37726, 14951, 44951, 23464, 30377, 38813, 36184, 19392, 41541, 13748, 44347, 30893, 19401, 40522, 30509, 5260, 45447, 27969, 24703, 45821, 37467, 38043, 19931, 32315, 16862, 36114, 21616, 46214, 33617, 5826, 27890, 23903, 19669, 14064],[42745, 32675, 32686, 39325, 5360, 18956, 38341, 41786, 44690, 41531, 26558, 41919, 45663, 36170, -1, 37892, 10090, 36528, 12910, 33133, 42862, 35064, 42938, 12581, 34888, 33182, 40527, 28581, 36846, 34507, 23288, 41730, 22385, 23903, 45212, 41685, 22720, 29601, 34156, 21908, 38696, 37827, 38976, 39101, 11942, 37839, 43125, 22841, 37187, 36236, 36750, 29309, 24618, 26532, 43697, 43382, 30516, 18698, 28923, 45704, 33060, 12740, 7240, 41421, 37127, 42699, 45690, 23369, 39037, 21457, 7548, 38066, 6921, 25100, 40810, 27056, 23902, 11244, 33164, 33032, 40786, 20205, 24065, 17177, 40191, 24389, 14759, 21562, 28386, 42185, 35706, 13785, 44511, 44610, 33972, 18798, 32120, 26980, 44667, 32260, 39910, 30758, 15538, 26753, 27982, 30838, 20707, 26738, 34364, 39728, 39263, 34362, 46115, 11884, 42407, 44403, 39344, 46187, 26720, 33353, 42758, 40742, 27373, 24087, 37539, 40437, 42588, 25547, 30876, 28435, 40202, 31240, 3151, 43057, 41953, 11620, 14287, 16723, 16643, 6763, 14997, 36025, 24132, 19308, 36098, 43645, 34975, 27696, 24799, 25504],[17988, 18803, 37804, 18935, 34528, 39797, 17742, 40619, 20686, 40737, 27156, 38859, 18752, 41847, 37892, -1, 42507, 33700, 45182, 14293, 38885, 2514, 20680, 37334, 20525, 44986, 39408, 29741, 43229, 28512, 33435, 27714, 38705, 42824, 34089, 39751, 38105, 23418, 27619, 17230, 36291, 45780, 24658, 23297, 30341, 44608, 43405, 42943, 24622, 13790, 40555, 42379, 16524, 38503, 38779, 32284, 33347, 7301, 19930, 36737, 40904, 16636, 9616, 15990, 45329, 27834, 33141, 13912, 35114, 39840, 11103, 44939, 16931, 36648, 43325, 25938, 43553, 28236, 32846, 41257, 27308, 18806, 31626, 33528, 45981, 13458, 36432, 41517, 43806, 45466, 10204, 41097, 19533, 18616, 20435, 45457, 16542, 46159, 40609, 23837, 17893, 30165, 23702, 38257, 37777, 12224, 39939, 37991, 44992, 42812, 36033, 38063, 43894, 43974, 33620, 26522, 26815, 20784, 37135, 42225, 15243, 28620, 28286, 8469, 45702, 43049, 34930, 35668, 43351, 21193, 31534, 45603, 46339, 43553, 32083, 21520, 34370, 44985, 33097, 23375, 36303, 18088, 36530, 40660, 34170, 36993, 5584, 4213, 19866, 21366],[42008, 22060, 42543, 33391, 34798, 8145, 43704, 36443, 32020, 38462, 36600, 21047, 44543, 5127, 10090, 42507, -1, 18923, 30759, 28667, 31326, 29224, 41223, 32982, 19662, 44706, 18572, 19328, 45804, 37759, 22640, 35442, 30427, 24377, 19633, 26854, 35677, 19766, 36397, 36084, 30541, 28051, 28700, 28132, 31331, 45072, 44868, 44760, 44653, 43364, 40505, 20951, 38420, 12138, 33666, 43859, 44325, 14877, 8411, 31602, 46131, 28567, 36663, 43302, 21464, 37096, 29797, 27757, 44620, 13804, 37563, 13637, 44100, 25903, 28515, 38678, 35845, 31039, 19117, 23639, 39910, 23575, 31215, 24731, 35901, 4508, 21939, 29771, 35580, 35275, 14476, 37715, 25841, 42088, 8898, 41728, 34672, 29415, 22148, 17253, 18522, 28289, 36000, 42479, 40185, 30937, 42864, 42746, 35430, 44959, 40401, 38424, 33170, 9181, 35503, 2039, 33065, 5898, 46183, 37697, 25647, 34716, 16990, 43915, 38332, 40855, 39036, 13252, 39149, 39329, 37846, 32992, 46081, 25563, 19417, 38981, 38435, 33367, 12720, 18511, 30874, 34538, 34791, 12940, 39225, 45369, 43506, 44782, 43944, 40498],[12641, 33514, 12880, 39656, 22312, 37455, 32582, 40189, 11141, 42338, 34517, 12503, 38771, 45630, 36528, 33700, 18923, -1, 45274, 37642, 28267, 42192, 44265, 44810, 21744, 41649, 32283, 38736, 16823, 26449, 44662, 44724, 8938, 39122, 35748, 32102, 19833, 42462, 44367, 45399, 44833, 38567, 39213, 36318, 46239, 39833, 45676, 42033, 23689, 43023, 16501, 17362, 44237, 29672, 30080, 44621, 14326, 43414, 13907, 23591, 30830, 28714, 45739, 32300, 36130, 12065, 43447, 40997, 32254, 36014, 7581, 45816, 30825, 27501, 35803, 42613, 14361, 36103, 16649, 35235, 39364, 36394, 37748, 38900, 23160, 21396, 30987, 41296, 31582, 16695, 39078, 35363, 21176, 39147, 27003, 34853, 16164, 24348, 42906, 20222, 11313, 36863, 43919, 21734, 1795, 41294, 42061, 38643, 21861, 30503, 18852, 38589, 40129, 17895, 13914, 27697, 37777, 18045, 17003, 42935, 43499, 44976, 33820, 38416, 21793, 30597, 42079, 30971, 42337, 13466, 29497, 38922, 13074, 37574, 45278, 38452, 36096, 13295, 36222, 40998, 39718, 37343, 20237, 46160, 12362, 35293, 43043, 45802, 41081, 27893],[42421, 34805, 37703, 46338, 45392, 23203, 33261, 33830, 18181, 28630, 45370, 27184, 26477, 35032, 12910, 45182, 30759, 45274, -1, 44718, 10835, 21334, 27312, 41526, 32907, 39968, 44447, 25658, 40980, 43757, 25015, 41473, 11878, 45547, 33613, 34750, 34607, 7888, 38582, 42425, 42334, 22818, 14832, 28839, 27394, 30767, 33750, 37919, 22778, 36566, 39511, 43377, 35030, 26631, 15422, 23952, 22646, 38383, 38490, 20946, 34122, 40901, 29362, 22816, 14750, 38673, 39261, 35811, 13725, 21023, 18941, 46126, 13386, 17477, 40478, 18450, 36665, 37723, 38356, 34446, 7018, 40688, 42829, 36149, 16863, 38288, 45882, 38589, 44859, 28980, 41056, 44285, 46033, 37353, 32086, 36044, 37024, 8369, 26264, 29265, 28531, 34277, 36275, 36735, 14259, 24412, 8459, 38915, 38583, 45812, 35919, 27598, 38755, 6710, 33035, 14400, 43774, 45936, 20357, 34985, 33647, 41694, 17196, 18766, 20097, 36538, 36619, 44126, 24825, 40913, 28558, 34947, 35030, 38388, 44433, 40521, 27184, 27016, 31878, 37765, 34333, 31563, 33275, 27182, 41030, 39598, 23442, 31731, 40407, 43441],[17030, 33696, 23155, 26003, 41922, 28507, 23859, 29132, 10022, 26789, 38334, 8779, 35552, 22943, 33133, 14293, 28667, 37642, 44718, -1, 37366, 29829, 28401, 23641, 12307, 46305, 16316, 39691, 25677, 40665, 43827, 27318, 37361, 23840, 36087, 34592, 30407, 34550, 34459, 40578, 18527, 27298, 18422, 45041, 30323, 42664, 30763, 20971, 35962, 29063, 6614, 30704, 36383, 29181, 28091, 22732, 29218, 27475, 33417, 46063, 45848, 43315, 43111, 38034, 35702, 39073, 20525, 24412, 32920, 15649, 40756, 44195, 33853, 43094, 41672, 23671, 15642, 19399, 45995, 45022, 28352, 23539, 35005, 17986, 41307, 29202, 34838, 21316, 39652, 45996, 19643, 41537, 18175, 42631, 33427, 33576, 31610, 28747, 15614, 40077, 575, 23101, 28970, 46200, 38923, 43030, 37085, 18657, 18344, 41809, 22528, 24507, 40673, 39933, 38018, 35304, 10739, 18572, 45136, 35878, 44901, 12393, 4791, 46333, 39674, 40124, 31471, 23933, 22834, 10049, 18035, 19824, 33924, 36616, 31393, 17651, 24356, 38079, 33001, 12190, 40724, 42641, 31915, 34491, 45540, 33580, 28683, 15250, 43721, 25872],[46318, 45118, 21078, 7778, 27175, 28191, 30075, 42792, 21144, 40349, 11007, 44083, 15188, 43319, 42862, 38885, 31326, 28267, 10835, 37366, -1, 33138, 30651, 36969, 25414, 29600, 36407, 38745, 40170, 44922, 45020, 39763, 7881, 13974, 42380, 43429, 9506, 24631, 11105, 26730, 39826, 16756, 45631, 30625, 39861, 24400, 43672, 38008, 44167, 18228, 41208, 24557, 19490, 20180, 18622, 39526, 41607, 20314, 37645, 37828, 36379, 27886, 44200, 42859, 27272, 877, 42053, 45942, 45065, 24263, 13384, 42657, 6487, 4680, 41636, 34051, 32941, 5957, 33182, 6708, 26440, 41928, 31576, 34018, 45043, 21948, 41926, 39397, 34225, 14810, 42270, 39181, 5945, 42587, 27686, 13089, 27945, 37490, 40136, 28217, 38933, 22870, 25810, 7032, 35496, 45148, 9112, 24755, 24550, 39417, 13314, 32477, 23670, 37837, 34607, 33795, 42018, 43298, 36287, 37626, 45240, 21215, 22451, 24546, 34111, 6493, 36244, 11239, 21888, 30520, 31216, 44108, 28222, 22202, 5315, 28023, 32784, 14970, 45693, 32528, 29615, 43319, 25652, 40007, 22799, 30267, 36861, 41465, 37209, 26043],[33790, 23050, 28092, 39621, 31670, 41606, 9483, 31031, 17900, 16027, 23546, 43243, 37106, 42162, 35064, 2514, 29224, 42192, 21334, 29829, 33138, -1, 33156, 15140, 37979, 35981, 22292, 39859, 32538, 21666, 33446, 39579, 30817, 44788, 19175, 38108, 32098, 32627, 45705, 46220, 37084, 9738, 40730, 32062, 32570, 30712, 28364, 7210, 33602, 15869, 42471, 38955, 23710, 16857, 36736, 44965, 25277, 43885, 35732, 45694, 46325, 5182, 14311, 44955, 45926, 26868, 28866, 40833, 33831, 13627, 46029, 13742, 29937, 3864, 37621, 42575, 26253, 43687, 33294, 37579, 16704, 46055, 14652, 24190, 29698, 39745, 26760, 13053, 34942, 26627, 10482, 45938, 23051, 42282, 45285, 20850, 41610, 14404, 17518, 25841, 44686, 36045, 44353, 25573, 45116, 2388, 19221, 41515, 44621, 35852, 33643, 26935, 41255, 41640, 34041, 20115, 34380, 44171, 43393, 46178, 42702, 15317, 24981, 21946, 41325, 27318, 44716, 21083, 31882, 44087, 21330, 42461, 18601, 42654, 37138, 42458, 29771, 43097, 46145, 40327, 39358, 41424, 4333, 29996, 20060, 38641, 15914, 14871, 45285, 45872],[21760, 29261, 43267, 45900, 22866, 20711, 35577, 26843, 35409, 13753, 44445, 17667, 13025, 23643, 42938, 20680, 41223, 44265, 27312, 28401, 30651, 33156, -1, 44947, 16497, 19637, 31063, 23279, 37284, 28278, 27054, 32343, 37738, 34509, 34954, 28102, 39899, 29585, 29026, 29169, 36175, 22717, 37582, 31873, 14521, 9469, 44379, 31589, 45441, 15926, 34238, 30312, 42057, 19921, 37001, 20913, 30506, 37673, 32752, 23199, 27337, 37510, 31636, 39366, 44723, 30649, 43065, 45092, 15336, 37611, 28126, 10370, 30676, 14645, 38114, 33470, 2305, 32681, 41052, 10569, 34364, 43344, 35866, 35684, 9669, 13126, 39454, 45084, 20229, 35039, 16824, 38319, 18687, 36047, 16948, 40393, 31214, 33321, 23352, 45605, 44046, 26973, 34258, 30926, 34408, 16246, 44534, 29021, 44667, 33823, 27394, 23237, 22321, 22780, 21273, 38146, 33999, 41812, 42301, 39360, 38166, 43917, 40066, 38603, 10040, 30816, 12947, 41993, 15485, 35247, 42274, 39761, 43647, 33261, 27359, 24370, 42430, 39252, 9865, 38927, 37350, 43343, 27086, 6511, 24294, 34558, 13074, 34129, 14780, 26237],[25432, 38121, 22652, 5872, 45783, 40663, 38672, 12740, 40065, 39755, 30201, 21490, 44999, 40675, 12581, 37334, 32982, 44810, 41526, 23641, 36969, 15140, 44947, -1, 10304, 10039, 39569, 39585, 21300, 38790, 25600, 11820, 20223, 44775, 41171, 35524, 11589, 14412, 26301, 34965, 39930, 39356, 29410, 26922, 38907, 26262, 17290, 32568, 40112, 21603, 40760, 30767, 45173, 26597, 31844, 34554, 14664, 18469, 27509, 9947, 24728, 35374, 24926, 12261, 33934, 22979, 44835, 44188, 8077, 34030, 27854, 29771, 39772, 25178, 25818, 41838, 27084, 19686, 34283, 31962, 36766, 36390, 6892, 38454, 31847, 29340, 12598, 27884, 33492, 28994, 37441, 19456, 24647, 33563, 45150, 33925, 46182, 11489, 40313, 40221, 43070, 26689, 15629, 24481, 40885, 13222, 31674, 36732, 30063, 38195, 22751, 40866, 26175, 23998, 26380, 26397, 38368, 15946, 8345, 25936, 32438, 24996, 46078, 31101, 30225, 41584, 45423, 5336, 41304, 16017, 19215, 43211, 16943, 39233, 39415, 44358, 42749, 37157, 11635, 39121, 25890, 39048, 15883, 18221, 29819, 42790, 30266, 2736, 43203, 29156],[18709, 39146, 42645, 35286, 15250, 33306, 34141, 41468, 31908, 39061, 28421, 27020, 28215, 25825, 34888, 20525, 19662, 21744, 32907, 12307, 25414, 37979, 16497, 10304, -1, 45579, 39182, 22556, 12065, 32801, 33041, 34512, 34189, 16833, 9808, 21701, 39036, 29731, 37788, 21012, 38615, 31453, 45233, 28873, 38142, 43297, 27963, 22927, 12335, 28412, 28613, 45175, 19859, 29416, 8767, 42021, 38804, 31569, 27650, 43434, 32452, 40981, 13056, 29303, 17176, 29725, 41970, 13174, 39721, 15913, 37027, 36684, 46229, 35168, 14592, 17516, 36052, 26117, 29582, 38535, 42760, 45587, 40777, 45032, 38597, 34888, 42882, 30608, 45671, 22840, 24165, 40301, 24587, 27392, 28755, 25645, 31740, 46201, 19807, 39655, 13240, 26854, 33317, 40095, 25074, 35822, 31826, 40039, 40077, 15375, 34058, 24746, 42528, 42066, 45881, 40091, 35102, 37119, 38313, 43482, 44201, 23151, 34659, 20989, 37158, 41685, 35882, 44170, 8740, 34454, 40489, 42120, 31499, 35101, 39312, 24353, 41296, 46118, 42539, 32974, 28573, 13174, 42751, 25044, 44085, 33718, 34818, 42606, 40278, 32436],[6334, 34834, 42240, 13462, 46279, 28027, 5272, 27714, 11307, 29572, 42298, 21028, 44166, 45307, 33182, 44986, 44706, 41649, 39968, 46305, 29600, 35981, 19637, 10039, 45579, -1, 15685, 10945, 44015, 44636, 24686, 36014, 20708, 34522, 40077, 39273, 37103, 23879, 30807, 27458, 44990, 31287, 22025, 22568, 33447, 42580, 35796, 24583, 35363, 40751, 28599, 21699, 34549, 27450, 44520, 32637, 21174, 24036, 40158, 37346, 45318, 25272, 11265, 22001, 12076, 43337, 29494, 20455, 45465, 44396, 22949, 5501, 18521, 38978, 44946, 45705, 5604, 10594, 41042, 24598, 39456, 23231, 43245, 41601, 23714, 31960, 42232, 40660, 39375, 13539, 44349, 36846, 45147, 44345, 11103, 26365, 37231, 10768, 19588, 26138, 33783, 43537, 29489, 39275, 15845, 42444, 45109, 14376, 31924, 32193, 39104, 12358, 19546, 42380, 34767, 45528, 42822, 25735, 39237, 40301, 30239, 19421, 39423, 5920, 37141, 41854, 41823, 31243, 29261, 45219, 20818, 35576, 36453, 23903, 12008, 29909, 37139, 45641, 39076, 37254, 12053, 23005, 45131, 10708, 43458, 34550, 22985, 41002, 45390, 32774],[36670, 10637, 40165, 15005, 42768, 19813, 38441, 31445, 39219, 29303, 34580, 32194, 19900, 29039, 40527, 39408, 18572, 32283, 44447, 16316, 36407, 22292, 31063, 39569, 39182, 15685, -1, 13582, 20608, 38690, 41635, 29031, 32347, 43506, 26563, 36196, 41644, 12685, 42737, 29651, 39545, 33823, 27880, 41870, 45828, 14106, 33347, 17873, 45864, 22831, 17548, 21978, 42429, 30888, 26997, 9514, 4850, 34414, 11965, 29111, 31575, 42949, 36918, 45499, 18999, 20420, 45999, 29745, 43255, 32027, 24859, 12031, 23469, 39481, 31421, 19218, 18029, 36108, 21921, 28397, 40349, 32859, 26040, 42886, 41234, 33188, 42333, 23965, 26130, 22008, 28868, 28117, 34055, 10258, 25039, 39162, 31402, 9078, 40790, 8596, 42541, 43318, 25309, 18551, 27385, 28914, 42922, 21726, 36043, 36438, 40702, 12016, 26811, 19272, 35302, 31817, 30146, 34526, 33891, 40952, 27842, 30718, 21531, 32724, 45422, 27326, 44291, 21567, 46317, 15554, 27699, 32633, 35489, 45271, 23434, 33296, 35562, 25336, 30041, 33953, 42930, 36397, 20284, 19092, 16253, 38834, 14908, 36132, 39806, 7689],[19215, 41655, 9502, 30812, 20645, 26718, 28741, 38489, 16396, 34120, 16639, 40946, 19554, 33798, 28581, 29741, 19328, 38736, 25658, 39691, 38745, 39859, 23279, 39585, 22556, 10945, 13582, -1, 24906, 22537, 29076, 31590, 32775, 20815, 44223, 26137, 26826, 23529, 43373, 15894, 33105, 32226, 19085, 41219, 46162, 16411, 35935, 42597, 26760, 4560, 12137, 6327, 44003, 39602, 8891, 12069, 24360, 44707, 29689, 17878, 40024, 39917, 40781, 39557, 19246, 38691, 33455, 11558, 31531, 16801, 12794, 27223, 41876, 31960, 45260, 32449, 33130, 11133, 24156, 41773, 37415, 37845, 29319, 27570, 33443, 44764, 32875, 19299, 30734, 25525, 44544, 36885, 27496, 24162, 44721, 38251, 45961, 41996, 45773, 40707, 28677, 41285, 20226, 28900, 21180, 45053, 32534, 39582, 42985, 7897, 35103, 8015, 19405, 18221, 24019, 19595, 36320, 27812, 31563, 36284, 42802, 11586, 45186, 43054, 32643, 36458, 18787, 32050, 34208, 15904, 11893, 32355, 24336, 36331, 34840, 43120, 10079, 25927, 622, 21376, 13100, 22020, 12168, 43876, 33341, 20111, 28961, 45460, 43886, 37007],[41039, 28821, 41070, 41107, 16620, 38185, 40469, 32091, 34870, 14615, 18585, 7786, 41804, 45410, 36846, 43229, 45804, 16823, 40980, 25677, 40170, 32538, 37284, 21300, 12065, 44015, 20608, 24906, -1, 13628, 28044, 34761, 20600, 43042, 46119, 34656, 20055, 36142, 29291, 18946, 34084, 43385, 45433, 21638, 41941, 34624, 9117, 34062, 10774, 20112, 44324, 38204, 39023, 26927, 32608, 45434, 24851, 28652, 33471, 21442, 27616, 33861, 40476, 45321, 43678, 43515, 31602, 13830, 17527, 42555, 42898, 35662, 14736, 36335, 21017, 39824, 33102, 15678, 19475, 27822, 19569, 38022, 32060, 29941, 25709, 31799, 30148, 44265, 40579, 21345, 43665, 20710, 32877, 35649, 21216, 7072, 32658, 39967, 40575, 41511, 32977, 36447, 35299, 27976, 45880, 11027, 14585, 40542, 39398, 31911, 15092, 23600, 19672, 40034, 46025, 46100, 43902, 43457, 36012, 25440, 40913, 42103, 33194, 17952, 23751, 34526, 26175, 38984, 30581, 42192, 33303, 40184, 39622, 40496, 45057, 30067, 42485, 4867, 46067, 19226, 32443, 42903, 24726, 20852, 11316, 23001, 22349, 22470, 36622, 26273],[38500, 37286, 26922, 23130, 33953, 43013, 45216, 39480, 28989, 35738, 35072, 36516, 38133, 16417, 34507, 28512, 37759, 26449, 43757, 40665, 44922, 21666, 28278, 38790, 32801, 44636, 38690, 22537, 13628, -1, 22119, 43578, 14660, 44770, 28169, 16009, 40956, 4963, 43380, 13145, 13749, 11277, 41518, 35894, 44624, 2196, 19706, 46317, 16282, 40896, 41001, 13138, 27959, 45073, 34216, 41333, 44020, 26563, 29563, 42546, 13728, 44752, 43535, 32837, 31392, 41684, 18919, 28182, 39651, 32612, 28395, 41033, 38774, 6318, 40663, 21384, 31762, 41011, 37192, 24931, 9566, 17216, 44555, 21944, 44749, 30015, 34877, 31370, 44066, 38064, 24949, 32252, 43158, 31995, 39385, 44254, 33643, 19985, 13498, 44304, 7658, 36966, 32515, 36515, 40750, 16290, 31933, 28043, 37969, 29716, 30857, 34317, 15701, 25045, 11610, 22816, 38864, 16736, 40619, 16637, 39182, 27067, 45099, 46023, 38375, 44939, 22720, 39854, 3842, 45650, 15663, 29657, 33724, 22844, 42950, 30309, 23471, 42504, 45779, 19615, 37570, 37399, 6356, 33729, 30888, 45194, 44625, 23899, 6105, 21930],[41302, 17389, 43008, 27857, 29887, 10862, 23297, 37348, 45033, 31430, 27685, 32409, 37139, 45957, 23288, 33435, 22640, 44662, 25015, 43827, 45020, 33446, 27054, 25600, 33041, 24686, 41635, 29076, 28044, 22119, -1, 44284, 41191, 29807, 40237, 36928, 29122, 30372, 36945, 40194, 15042, 10852, 41616, 37345, 32738, 33817, 18490, 42057, 29100, 39481, 17657, 32778, 42709, 13403, 8399, 8159, 34342, 22601, 28748, 11972, 40048, 23376, 13858, 19881, 36924, 31088, 18796, 44358, 20830, 36095, 45085, 30520, 34305, 40558, 45925, 11813, 31765, 25933, 41181, 35442, 37695, 790, 34082, 44741, 29458, 38984, 20641, 35425, 45306, 35637, 20019, 43954, 40800, 45779, 20617, 41176, 34873, 30973, 41140, 38848, 23083, 44393, 36824, 15360, 39482, 38075, 28280, 3139, 25791, 41329, 38845, 32276, 27317, 27135, 36710, 16653, 32820, 37243, 37327, 30595, 33443, 40938, 18132, 40033, 35157, 28316, 937, 45728, 17667, 28585, 29263, 25507, 37854, 38715, 42706, 13798, 32130, 23993, 37248, 33884, 18795, 33666, 45164, 31619, 45367, 22889, 39982, 40939, 22802, 44321],[38594, 7489, 46143, 40209, 28912, 30234, 25759, 35121, 42716, 43037, 42744, 25086, 36611, 20386, 41730, 27714, 35442, 44724, 41473, 27318, 39763, 39579, 32343, 11820, 34512, 36014, 29031, 31590, 34761, 43578, 44284, -1, 46021, 17843, 36778, 16162, 33569, 21833, 24346, 34186, 23562, 6271, 42027, 22764, 11760, 29797, 37463, 26112, 27732, 23358, 28589, 45120, 31915, 17299, 42120, 34837, 23584, 43055, 31173, 32396, 43486, 45226, 21925, 18304, 32226, 23834, 20520, 45065, 43075, 44344, 31818, 43171, 30402, 44228, 31596, 20627, 41689, 43769, 37513, 31656, 33399, 40652, 41472, 17007, 32215, 31051, 46253, 29674, 9526, 21287, 36332, 37159, 41803, 20965, 41889, 38637, 34034, 34213, 11826, 33426, 30989, 20140, 5033, 33064, 43620, 37039, 21901, 5262, 16766, 31532, 37317, 24496, 29259, 23132, 42768, 43239, 42208, 37212, 39470, 45546, 42418, 45532, 5063, 42179, 29790, 21886, 40975, 28435, 21873, 35139, 44275, 19805, 41788, 46286, 40001, 14665, 35757, 44412, 37078, 43905, 43114, 21931, 34420, 33634, 9626, 33124, 42747, 45099, 43562, 42094],[18549, 14434, 23291, 13610, 41383, 43275, 27691, 21296, 44019, 43215, 36539, 26683, 27137, 33465, 22385, 38705, 30427, 8938, 11878, 37361, 7881, 30817, 37738, 20223, 34189, 20708, 32347, 32775, 20600, 14660, 41191, 46021, -1, 6555, 4652, 26714, 43501, 27119, 42857, 16731, 18958, 24206, 21970, 20927, 28239, 31120, 9809, 17458, 43912, 40623, 45391, 30443, 36689, 29012, 22653, 44723, 43341, 33465, 40928, 12221, 37615, 21329, 3629, 43691, 31302, 16533, 39262, 18526, 32128, 10052, 16841, 44887, 30019, 40324, 20464, 40001, 44991, 3291, 44614, 38555, 46088, 21744, 33023, 26429, 23894, 46082, 42377, 22393, 45785, 21654, 34641, 18978, 38624, 32303, 20820, 26977, 33819, 42222, 40766, 10767, 41580, 26378, 40639, 38531, 44003, 42381, 26742, 39101, 31692, 45626, 19582, 28057, 44846, 40873, 40657, 34712, 44213, 40828, 38486, 33381, 19488, 41152, 21984, 45341, 34789, 26798, 19491, 39381, 45489, 30808, 44943, 20623, 31697, 11404, 36476, 39272, 41498, 44830, 44082, 16063, 23715, 37793, 32114, 18579, 39602, 25375, 35679, 26455, 25998, 39678],[41012, 21636, 40286, 19471, 21154, 30576, 19870, 16381, 41265, 41822, 26328, 17045, 32154, 16499, 23903, 42824, 24377, 39122, 45547, 23840, 13974, 44788, 34509, 44775, 16833, 34522, 43506, 20815, 43042, 44770, 29807, 17843, 6555, -1, 13445, 10266, 15959, 23624, 45750, 39009, 8847, 16121, 24458, 28025, 22920, 23142, 24585, 8605, 18862, 39818, 35644, 9090, 19803, 14242, 24605, 9219, 22947, 40295, 15777, 10753, 45854, 37604, 17676, 20014, 37405, 45876, 42805, 21673, 39394, 31367, 38958, 38019, 30137, 27913, 33740, 22819, 36860, 31530, 44958, 11384, 21339, 7284, 24905, 42431, 24067, 5303, 39336, 27771, 19489, 41911, 28502, 43516, 40411, 25176, 42164, 36385, 30163, 32129, 27309, 23566, 28753, 44683, 42106, 28817, 37448, 44909, 31128, 28168, 20956, 42166, 45629, 23022, 22857, 27131, 28533, 35370, 32985, 25791, 42742, 37468, 30470, 31068, 45974, 46100, 41313, 10206, 24036, 24180, 18628, 45237, 34424, 45910, 25986, 23051, 42374, 29409, 20263, 41112, 40140, 40559, 31461, 17076, 28984, 29760, 27830, 43389, 21233, 22512, 19529, 25253],[44876, 39986, 39046, 44838, 14761, 16124, 34595, 2545, 26689, 26927, 18784, 44063, 44064, 37058, 45212, 34089, 19633, 35748, 33613, 36087, 42380, 19175, 34954, 41171, 9808, 40077, 26563, 44223, 46119, 28169, 40237, 36778, 4652, 13445, -1, 42193, 40819, 38403, 43692, 35283, 13738, 40071, 19485, 15267, 14661, 45699, 23902, 28500, 18385, 23488, 26005, 10548, 40727, 23430, 39571, 24558, 25394, 19502, 22462, 19893, 13885, 38971, 25460, 24722, 6271, 36867, 33190, 34585, 35702, 41535, 23487, 40096, 29369, 21138, 39229, 24946, 39659, 27937, 28020, 42880, 43243, 25955, 18849, 40605, 36476, 38497, 17189, 28036, 38086, 40358, 42881, 11855, 32101, 31446, 29756, 18902, 43746, 39620, 46113, 18134, 29388, 39987, 34714, 20405, 27126, 39643, 3417, 31847, 45941, 8939, 25708, 36913, 35661, 38587, 42154, 31304, 41012, 35565, 18153, 45917, 39141, 45680, 38338, 25850, 36326, 35508, 43275, 17299, 41306, 33698, 42395, 44922, 38646, 44542, 37194, 18202, 41468, 12346, 42120, 26397, 7288, 44194, 25816, 37344, 37472, 21135, 39200, 36935, 28220, 39150],[38032, 45545, 38105, 36419, 5045, 31434, 21957, 13224, 42440, 22341, 6236, 9211, 37587, 30515, 41685, 39751, 26854, 32102, 34750, 34592, 43429, 38108, 28102, 35524, 21701, 39273, 36196, 26137, 34656, 16009, 36928, 16162, 26714, 10266, 42193, -1, 40106, 20499, 34310, 21620, 27956, 23408, 45255, 34942, 23520, 13594, 4540, 35740, 14515, 37672, 37286, 37869, 44771, 43357, 36480, 33844, 5405, 30353, 20392, 46256, 18564, 24983, 45083, 21013, 20462, 44445, 28465, 38987, 38993, 34982, 24446, 38935, 32798, 41026, 18770, 43367, 42047, 27318, 12300, 28403, 39544, 41276, 45719, 28433, 33014, 45027, 28278, 43250, 38396, 2010, 20262, 22491, 19311, 42911, 20911, 37310, 35521, 33541, 38815, 28884, 36758, 26842, 35116, 36980, 24971, 3248, 17828, 25922, 39829, 39115, 42372, 36629, 44961, 17867, 45405, 40466, 4973, 34293, 41295, 26752, 9688, 33547, 40713, 20270, 8113, 40941, 43226, 34713, 35863, 32397, 42206, 19734, 31311, 23430, 42171, 35481, 28979, 40061, 35008, 18225, 16763, 26546, 24888, 44625, 4951, 10653, 26611, 33827, 35075, 35076],[25863, 27422, 44757, 36762, 32133, 45276, 35373, 37724, 43029, 24943, 38992, 11879, 16554, 26397, 22720, 38105, 35677, 19833, 34607, 30407, 9506, 32098, 39899, 11589, 39036, 37103, 41644, 26826, 20055, 40956, 29122, 33569, 43501, 15959, 40819, 40106, -1, 42908, 39507, 21052, 31834, 32003, 24557, 33401, 43520, 26954, 45693, 32808, 43645, 30619, 39574, 38185, 39723, 23136, 27303, 16411, 9163, 40068, 19535, 33319, 46278, 20003, 30159, 9121, 33064, 34677, 31515, 31272, 40499, 42964, 29848, 24758, 39956, 16660, 31419, 40357, 12351, 39513, 18502, 35406, 35893, 22847, 7544, 22258, 27972, 46277, 32763, 39804, 33704, 38631, 33316, 31210, 29723, 45659, 25862, 36428, 40937, 45402, 32780, 43252, 39027, 27554, 35395, 36106, 9294, 19740, 13891, 5866, 42101, 16807, 35576, 39120, 36123, 37409, 42681, 18797, 44700, 44014, 35167, 30858, 41819, 18638, 26244, 30186, 44527, 35326, 26875, 24218, 40167, 36729, 31001, 24337, 39299, 3713, 33554, 39060, 41618, 41082, 15466, 21876, 45062, 12132, 29212, 11998, 43461, 44036, 31146, 8319, 17962, 35324],[32531, 37285, 45006, 27294, 40184, 7148, 42536, 33446, 44304, 27935, 14992, 28658, 41820, 27856, 29601, 23418, 19766, 42462, 7888, 34550, 24631, 32627, 29585, 14412, 29731, 23879, 12685, 23529, 36142, 4963, 30372, 21833, 27119, 23624, 38403, 20499, 42908, -1, 44012, 10741, 44202, 44834, 32006, 17021, 42741, 4873, 11555, 41939, 31163, 24197, 30863, 36496, 44388, 17742, 42271, 40573, 38747, 26952, 27992, 34792, 30620, 35786, 45794, 24561, 23108, 22984, 41273, 28431, 38427, 36668, 35067, 31202, 35278, 17681, 23475, 32798, 29085, 44307, 41592, 41303, 43159, 38658, 26365, 18226, 39768, 45209, 46228, 31306, 40019, 20142, 30733, 32442, 36184, 35806, 20494, 42608, 44075, 30126, 29253, 41003, 30817, 35888, 44897, 30217, 45389, 23128, 45320, 25847, 45527, 43845, 24595, 44501, 44823, 38274, 16854, 39649, 31043, 28054, 4492, 34528, 29890, 39160, 25527, 44189, 27461, 14359, 19957, 28083, 44931, 21247, 19971, 12137, 39934, 44445, 25763, 38940, 20848, 16433, 26095, 43356, 39617, 45013, 26973, 38292, 45451, 17528, 44372, 40179, 45261, 26823],[25566, 26389, 34580, 25071, 31404, 15312, 24333, 45998, 34771, 32777, 19243, 35291, 27817, 17847, 34156, 27619, 36397, 44367, 38582, 34459, 11105, 45705, 29026, 26301, 37788, 30807, 42737, 43373, 29291, 43380, 36945, 24346, 42857, 45750, 43692, 34310, 39507, 44012, -1, 30476, 35179, 32220, 26134, 42043, 19293, 39456, 40554, 35996, 42008, 24334, 44277, 21207, 36396, 29606, 21834, 36213, 41347, 9984, 43996, 25046, 8282, 27630, 27696, 