165
[[-1, 45584, 30886, 13563, 36048, 44831, 29141, 20454, 22160, 34657, 21259, 39052, 36922, 14108, 32794, 26332, 42846, 13217, 35137, 44865, 28970, 24957, 42003, 43723, 17866, 35083, 12930, 30242, 37821, 37284, 45553, 45206, 31542, 25789, 31513, 23604, 44067, 29754, 28979, 19198, 30777, 43378, 17212, 14298, 20637, 37323, 24522, 40301, 29913, 29970, 36784, 26308, 14844, 43906, 21239, 24498, 7077, 14618, 35786, 42567, 43274, 31035, 28202, 11797, 36890, 8215, 36915, 28679, 31092, 33106, 35876, 15806, 18316, 28593, 33617, 24215, 25586, 29974, 29044, 41433, 37156, 10593, 26759, 30841, 7457, 13004, 43482, 19884, 41848, 32823, 30494, 33521, 28071, 16518, 43903, 23909, 12612, 45810, 46176, 19604, 16005, 39232, 14615, 37972, 13059, 31895, 39205, 3662, 32248, 42800, 26295, 24148, 16910, 35551, 41573, 18088, 34848, 26897, 41422, 28650, 23577, 46085, 31829, 16603, 31642, 45958, 26845, 37753, 26874, 44401, 33350, 37090, 40807, 30929, 36227, 46310, 31431, 35075, 43471, 41001, 23873, 12136, 35348, 28233, 35665, 19862, 45211, 45125, 44817, 10115, 19192, 40355, 34233, 35143, 33008, 31243, 37623, 46055, 24978, 46204, 8846, 44721, 8056, 30546, 28125],[45584, -1, 36332, 14880, 42111, 35117, 22661, 20371, 31226, 5080, 27729, 32106, 27929, 18124, 31383, 20486, 36591, 36541, 29218, 32445, 41485, 18305, 39032, 26569, 22428, 36011, 33800, 36997, 28238, 38295, 20569, 21439, 42890, 9840, 43483, 18836, 42174, 30316, 38696, 37712, 29358, 10870, 23904, 33539, 32431, 37159, 21650, 30742, 8295, 9935, 21664, 18998, 29392, 21949, 13623, 34592, 42796, 21510, 18866, 16896, 43500, 17790, 39902, 45265, 35319, 29010, 42179, 45078, 24937, 23670, 38743, 41807, 5154, 34099, 17776, 37186, 31777, 34884, 28796, 18884, 32160, 19741, 33838, 28335, 25428, 22995, 21039, 39437, 38855, 37316, 30379, 31083, 45210, 43831, 34072, 12782, 3531, 23881, 24906, 31091, 30173, 42065, 24954, 14587, 37788, 44801, 42987, 12407, 39289, 19005, 44679, 14290, 33278, 44999, 37104, 31695, 25796, 7166, 40832, 25144, 45436, 41777, 20484, 24118, 29750, 46271, 14397, 42582, 22731, 30685, 26943, 5777, 31425, 5475, 24989, 35865, 34151, 36832, 40788, 43238, 41157, 22668, 39622, 3285, 36210, 44539, 18877, 22614, 30321, 32183, 39428, 41505, 29268, 14204, 45730, 35454, 36912, 42801, 33854, 28613, 41801, 23155, 13863, 38023, 32004],[30886, 36332, -1, 34986, 30874, 31696, 40036, 14999, 27462, 35770, 17322, 41651, 25187, 13223, 44016, 34367, 36445, 11441, 21611, 30996, 16387, 23257, 39712, 34695, 31125, 12050, 24008, 22919, 39293, 30254, 39965, 18239, 36549, 13681, 22863, 45247, 12877, 44217, 37722, 31400, 23391, 20054, 32057, 43074, 30002, 43689, 29806, 15173, 16340, 17790, 4105, 34323, 7254, 41342, 42672, 22614, 39362, 13181, 32408, 35351, 31253, 45763, 24322, 29475, 35170, 30512, 35080, 32922, 9693, 21280, 31952, 35584, 29757, 36556, 6799, 35985, 31752, 16786, 41693, 45145, 25510, 31364, 6933, 10027, 27072, 7132, 20422, 41157, 35221, 42399, 15604, 40767, 30978, 24576, 32234, 42718, 32618, 26505, 31343, 16218, 41992, 41067, 42518, 23937, 38400, 24524, 45476, 36611, 43865, 45993, 33473, 32130, 37219, 27282, 27669, 35905, 33638, 43015, 20150, 33572, 22292, 13841, 43025, 13340, 13182, 42529, 37054, 35375, 21808, 21716, 24951, 32451, 25106, 33201, 37760, 44774, 25681, 28631, 35304, 45436, 14242, 35074, 14243, 35490, 42249, 35804, 21430, 36090, 44474, 45647, 21427, 42090, 36584, 13713, 42901, 38208, 26605, 13819, 16844, 34698, 34761, 29716, 41247, 34936, 36336],[13563, 14880, 34986, -1, 44939, 43880, 8717, 25985, 45217, 40963, 15854, 44738, 45344, 20298, 29752, 39709, 40945, 40595, 33251, 37419, 42040, 9751, 35336, 27489, 44395, 29123, 17747, 41249, 37232, 34527, 15825, 34316, 44267, 28924, 25168, 26733, 3524, 20744, 46216, 38958, 30294, 27062, 39011, 41462, 43175, 18524, 36849, 39837, 39947, 43153, 44278, 24277, 44048, 24274, 11785, 45186, 44422, 33414, 37247, 22023, 42000, 33543, 33337, 44328, 12549, 29104, 37083, 14368, 11570, 44765, 26634, 36943, 40933, 31462, 20715, 37200, 28490, 32835, 32244, 32078, 30559, 45392, 8909, 27920, 45778, 41287, 45249, 22482, 45007, 30599, 27635, 43769, 45144, 38313, 16131, 34261, 19691, 15510, 27693, 36892, 43340, 42281, 41427, 11054, 20908, 44259, 46158, 30841, 37072, 42448, 36954, 46135, 42347, 35404, 21800, 25915, 43718, 2637, 41401, 35961, 27477, 23632, 27416, 17186, 30414, 31295, 8423, 46295, 25587, 11554, 12543, 43558, 21194, 28530, 27774, 25785, 23563, 37692, 35991, 7905, 35034, 16668, 15562, 10852, 31814, 10679, 34112, 30596, 33529, 33046, 23957, 33920, 24094, 27348, 36814, 29253, 13755, 45569, 32150, 43222, 23006, 27370, 29415, 32426, 40131],[36048, 42111, 30874, 44939, -1, 42863, 36340, 37327, 26586, 33769, 17221, 39715, 12740, 43512, 40094, 43856, 2014, 7646, 36744, 6496, 44968, 31749, 33923, 34323, 22098, 15471, 21765, 28637, 33450, 33899, 41438, 28053, 25526, 31548, 6577, 32589, 33300, 21338, 16401, 21395, 23398, 33133, 40258, 38282, 21435, 39029, 16838, 40480, 37967, 27947, 43127, 29537, 17636, 21905, 20514, 27024, 34193, 28422, 45471, 34128, 18497, 24227, 35749, 32173, 36620, 44682, 16121, 37870, 34382, 34731, 21780, 42753, 13186, 31566, 39436, 8147, 18734, 7453, 36466, 14855, 26892, 24122, 19198, 39885, 35379, 43550, 43922, 33748, 17996, 42930, 42895, 19391, 30779, 30043, 32123, 28511, 29351, 36362, 42163, 45665, 31583, 15151, 38793, 35693, 29653, 30102, 46035, 26168, 9240, 38266, 37797, 19853, 26357, 34736, 41304, 45034, 44123, 45229, 31805, 34657, 29396, 36839, 15341, 33642, 41850, 32355, 36249, 41182, 39942, 24579, 36833, 42742, 26904, 36124, 28510, 45051, 39807, 44469, 27766, 21404, 17450, 44312, 30030, 25405, 26913, 44622, 40790, 39595, 32258, 40645, 28160, 18188, 34251, 45651, 29961, 20600, 10029, 34840, 43893, 30373, 12926, 45726, 27210, 9135, 41931],[44831, 35117, 31696, 43880, 42863, -1, 13332, 38689, 38016, 36390, 26071, 26185, 30196, 36282, 18229, 24102, 17384, 37243, 7092, 39124, 36947, 36391, 35891, 11740, 41660, 25434, 24317, 16395, 11930, 41372, 19178, 42557, 21624, 33283, 9487, 15644, 26432, 1763, 27710, 38673, 10514, 31099, 44411, 24016, 4452, 43029, 25228, 37390, 24423, 29008, 36656, 9229, 35066, 36735, 36793, 35104, 40127, 46084, 33344, 32287, 29456, 32725, 40395, 42697, 31831, 42347, 27398, 31589, 14414, 43681, 41780, 9836, 21714, 28693, 10562, 25844, 42679, 22602, 40645, 12311, 37035, 45437, 38635, 30233, 16323, 18286, 34893, 41986, 41937, 42816, 43770, 27603, 43993, 45345, 38601, 6284, 33323, 22022, 37907, 16818, 9155, 10863, 40564, 34753, 41280, 14544, 22336, 31686, 36393, 36048, 35618, 30999, 9745, 11004, 42330, 36050, 27476, 22511, 41491, 43164, 38662, 34983, 33507, 8712, 38448, 45053, 28492, 35049, 19344, 39020, 36910, 30669, 26178, 8435, 27823, 39022, 43321, 36332, 22813, 42303, 38816, 37500, 17834, 40850, 41634, 37350, 13606, 40810, 42883, 21681, 46025, 25001, 34628, 31582, 37280, 44418, 32455, 23924, 12988, 39366, 37891, 22428, 27534, 32593, 31160],[29141, 22661, 40036, 8717, 36340, 13332, -1, 11751, 30307, 28841, 43165, 8302, 20832, 36773, 46132, 40943, 22698, 32792, 37276, 25035, 18390, 29693, 42339, 19007, 43722, 25502, 24980, 7388, 42056, 19812, 45171, 34359, 37601, 28002, 35583, 41857, 44696, 39195, 35105, 27784, 35594, 31044, 37784, 38402, 15477, 12391, 33137, 44691, 36664, 39873, 44737, 23353, 23886, 44368, 32101, 37159, 42575, 43787, 35498, 35680, 22674, 45481, 38480, 31642, 39615, 6368, 31250, 46151, 22911, 12496, 44699, 32194, 27448, 30549, 34266, 22261, 36083, 38295, 16465, 40390, 32377, 24876, 38505, 43004, 34782, 28644, 26854, 27266, 24108, 27934, 21626, 41831, 34707, 17894, 6204, 33560, 40879, 41041, 34138, 39370, 11739, 26891, 44675, 25181, 32298, 44947, 26177, 33545, 28568, 40019, 42541, 30346, 38211, 21792, 29877, 18028, 35107, 26503, 44261, 42897, 4883, 45563, 18042, 30001, 38705, 43290, 24165, 15522, 27418, 35168, 37096, 9696, 8863, 36363, 14383, 9887, 44572, 12979, 26019, 46074, 28752, 11846, 3910, 21166, 44691, 26957, 45573, 36782, 39606, 37671, 26717, 40771, 39217, 12198, 31934, 25849, 32393, 29107, 43289, 43284, 40471, 39528, 6068, 35595, 44855],[20454, 20371, 14999, 25985, 37327, 38689, 11751, -1, 30275, 31966, 31135, 32943, 15711, 26701, 38352, 46091, 38227, 13481, 30743, 23650, 24177, 31610, 20715, 30632, 37372, 16252, 30268, 25463, 40764, 12040, 29558, 21106, 26306, 42087, 22732, 45781, 19291, 10562, 34247, 42455, 38610, 28197, 42086, 17012, 38624, 29215, 41364, 37393, 42676, 21413, 33660, 41513, 43289, 32897, 22160, 17254, 30975, 34244, 44602, 6779, 9253, 33690, 40390, 45773, 45082, 28383, 39248, 40552, 42263, 23366, 44270, 27686, 45166, 43394, 40705, 17616, 35376, 26248, 39327, 1938, 26044, 20926, 42449, 25868, 45257, 41575, 38623, 28974, 26266, 41581, 22031, 44248, 6476, 22072, 21032, 10758, 31202, 45629, 25763, 30752, 23964, 34398, 31149, 15839, 34296, 20766, 20747, 8278, 12726, 11494, 31803, 38315, 41000, 30836, 44278, 46145, 36408, 46229, 42900, 41971, 16804, 38984, 17600, 40983, 16084, 2850, 43277, 13942, 35385, 36038, 27121, 43363, 43630, 45033, 19140, 26641, 43468, 29949, 28003, 41011, 43950, 20294, 30008, 44038, 21876, 26030, 23600, 15902, 27374, 11897, 35864, 25217, 30537, 29402, 38995, 27500, 45679, 24184, 13885, 46042, 27183, 19862, 31693, 32827, 40130],[22160, 31226, 27462, 45217, 26586, 38016, 30307, 30275, -1, 1712, 40299, 25940, 43410, 32371, 14578, 20192, 43663, 41764, 46208, 12895, 20353, 35308, 33661, 45718, 45163, 45882, 26113, 30382, 24723, 18916, 38174, 41702, 31047, 43261, 35587, 4078, 43238, 11021, 39766, 35300, 34876, 41835, 33857, 45966, 35271, 18417, 6898, 30510, 34122, 22628, 16442, 36113, 18329, 39711, 31247, 44725, 28157, 44189, 37258, 35403, 37792, 38880, 36165, 43297, 41577, 22818, 21720, 31800, 34722, 27317, 40953, 40437, 43868, 30923, 40600, 33456, 29708, 22286, 46122, 41024, 34809, 39459, 34607, 45566, 34785, 45957, 45194, 44595, 30466, 26904, 32590, 8421, 10467, 18179, 3589, 31975, 44824, 43583, 38861, 13028, 28810, 20804, 27331, 41640, 16483, 19522, 44748, 15821, 37817, 11512, 41226, 16652, 25360, 41661, 23413, 7264, 11522, 43265, 32591, 45420, 36079, 30824, 41222, 44480, 26320, 41270, 41938, 41355, 22514, 41191, 29053, 26569, 22917, 44883, 28063, 21386, 20235, 25252, 42489, 19648, 37444, 41914, 46145, 11130, 17838, 34088, 23858, 12863, 30269, 38442, 37025, 22141, 21043, 40006, 36998, 43114, 29652, 43330, 27884, 28543, 27773, 42479, 24894, 32008, 36456],[34657, 5080, 35770, 40963, 33769, 36390, 28841, 31966, 1712, -1, 26976, 30999, 33129, 44805, 17246, 27544, 30584, 13039, 15929, 14228, 42125, 36436, 23726, 45570, 37885, 23314, 21191, 34826, 45019, 42202, 37533, 21511, 29061, 1625, 34883, 31730, 40699, 42051, 18536, 34975, 42318, 21732, 30996, 30698, 33481, 37451, 44349, 39606, 41974, 38960, 14458, 44164, 31189, 23828, 32385, 25212, 16248, 7351, 19130, 29883, 34126, 10499, 45250, 12187, 25127, 40502, 26205, 22117, 36949, 43484, 44025, 39808, 45433, 36990, 41167, 17800, 43119, 8789, 26702, 33045, 20314, 28155, 28901, 19680, 35323, 36844, 36903, 32661, 29065, 35215, 22296, 40014, 29244, 40132, 17082, 45230, 39776, 37342, 43116, 21564, 41553, 44533, 39476, 39261, 44793, 28343, 43690, 36783, 20093, 41000, 12676, 43164, 37803, 45893, 28312, 39027, 6976, 11290, 22833, 20565, 21416, 19914, 29021, 43956, 12897, 15113, 33864, 28303, 44879, 38563, 33345, 17612, 30642, 45930, 33862, 18049, 45358, 18445, 38215, 11778, 16825, 42210, 1920, 21512, 46325, 38257, 10521, 21715, 31031, 43858, 35594, 32461, 45653, 21131, 44734, 23872, 28892, 26886, 30435, 33007, 37352, 14143, 25351, 41383, 24359],[21259, 27729, 17322, 15854, 17221, 26071, 43165, 31135, 40299, 26976, -1, 34816, 41440, 25599, 38285, 40510, 37109, 35688, 37099, 22791, 42113, 27910, 17554, 31962, 37789, 38237, 43882, 45271, 44137, 41573, 20995, 30571, 21521, 37200, 33410, 34075, 42284, 28150, 39189, 38043, 33344, 31029, 6982, 44478, 40095, 20277, 22926, 41126, 22917, 26925, 31890, 38381, 24887, 35701, 41549, 14186, 31621, 36453, 35635, 41636, 39962, 18421, 3925, 34645, 33914, 45646, 40360, 19722, 25214, 8573, 29381, 42315, 34735, 31644, 27478, 10841, 29235, 28924, 42870, 42027, 45884, 34207, 19854, 24028, 32815, 28769, 10167, 24983, 23708, 27913, 26564, 37887, 38848, 41765, 33233, 41748, 41913, 31981, 41249, 45033, 37238, 20003, 37889, 17966, 12156, 26570, 25895, 46076, 45707, 13978, 18694, 36405, 28460, 1092, 40545, 19629, 26935, 44288, 36686, 29074, 42290, 35962, 16657, 45951, 43436, 33200, 38519, 43473, 42620, 37633, 9827, 21209, 43237, 40536, 38484, 35554, 39974, 26804, 39091, 14440, 40619, 27110, 26921, 28631, 44410, 43757, 41591, 41524, 42300, 35879, 5688, 44347, 42653, 28670, 16865, 34866, 6429, 21831, 40526, 31200, 39818, 46193, 36124, 45419, 44935],[39052, 32106, 41651, 44738, 39715, 26185, 8302, 32943, 25940, 30999, 34816, -1, 28570, 17930, 36116, 35743, 35790, 44207, 38125, 27950, 15319, 38877, 19036, 39934, 32960, 20575, 42437, 40653, 6629, 23451, 34081, 37707, 34833, 29378, 38421, 33458, 4608, 45765, 42293, 31898, 18463, 38154, 40421, 41265, 45084, 43295, 36780, 18704, 27534, 25477, 15025, 36712, 27606, 43553, 26134, 37024, 23054, 28198, 20867, 41824, 44899, 22310, 32892, 19665, 35551, 28731, 26749, 19418, 42416, 18016, 44151, 28073, 23474, 35548, 23502, 42696, 33490, 19089, 8444, 8061, 5189, 42349, 34494, 43543, 27494, 33736, 28895, 41913, 17443, 27908, 35100, 40551, 36615, 38042, 23893, 32185, 12323, 14271, 33075, 42488, 43896, 13348, 45999, 31836, 30137, 12495, 46146, 23919, 33557, 45846, 23631, 37989, 22125, 17579, 25872, 40409, 31738, 35611, 27543, 44437, 15156, 36969, 45184, 14887, 29716, 40558, 31093, 33820, 36091, 28229, 28379, 8776, 45856, 22871, 17297, 40414, 39150, 26798, 2775, 45718, 40378, 41727, 24547, 41527, 44400, 37890, 31433, 36498, 44408, 36343, 32186, 32572, 43570, 44622, 35164, 25056, 42168, 14009, 40937, 38138, 32411, 7681, 7792, 42770, 37551],[36922, 27929, 25187, 45344, 12740, 30196, 20832, 15711, 43410, 33129, 41440, 28570, -1, 41992, 45124, 14091, 46257, 14846, 42563, 8700, 21743, 13006, 36006, 35937, 22689, 37510, 38905, 26857, 26762, 39924, 45455, 31539, 39419, 4783, 43214, 44899, 38078, 35696, 40571, 28464, 11692, 22019, 32996, 36714, 37238, 21273, 31794, 41050, 40957, 18428, 37187, 36769, 24589, 11117, 35170, 37950, 38201, 39432, 30071, 37129, 15724, 33977, 27256, 34634, 46152, 45803, 31615, 42825, 26093, 33515, 43666, 30127, 40504, 26572, 35570, 38527, 19966, 42853, 5262, 33594, 39517, 15559, 41023, 36768, 25555, 39972, 34785, 21905, 39509, 24635, 32391, 32899, 4393, 39883, 15614, 10745, 21134, 30587, 17343, 30104, 45217, 14797, 28151, 28111, 29602, 35279, 33385, 1779, 27166, 31455, 23288, 14171, 32276, 31167, 33705, 28852, 25283, 31108, 16478, 38150, 16369, 23389, 43258, 34804, 26029, 22465, 39824, 31606, 46263, 42639, 43834, 21645, 40108, 33927, 30155, 43027, 26997, 14212, 35529, 26982, 15820, 34477, 7808, 45746, 32521, 38510, 39507, 9223, 42204, 16185, 46247, 18342, 41907, 34230, 37779, 45828, 28825, 35876, 15101, 9661, 38742, 34654, 26444, 10861, 27286],[14108, 18124, 13223, 20298, 43512, 36282, 36773, 26701, 32371, 44805, 25599, 17930, 41992, -1, 23495, 45890, 30431, 30103, 37549, 35170, 44516, 38263, 44821, 45570, 30498, 12809, 28823, 41799, 38196, 40126, 27477, 17650, 12152, 42609, 39179, 31969, 42882, 41591, 35505, 43427, 8990, 44318, 43731, 12556, 21936, 40110, 35175, 18893, 5805, 15231, 43102, 7761, 27981, 41735, 7619, 40899, 2442, 13739, 21743, 33470, 40793, 25911, 36141, 13292, 44108, 39632, 33609, 37317, 25433, 32343, 46242, 28214, 34602, 24188, 41696, 20251, 20999, 35950, 44626, 40090, 27205, 21549, 42803, 25082, 38378, 41029, 32193, 41482, 42307, 45882, 15466, 30408, 11480, 46206, 43320, 27902, 39006, 15903, 28090, 30740, 41121, 41802, 43009, 25714, 36096, 26198, 37469, 21717, 43155, 41570, 12554, 19797, 30770, 38892, 14870, 30964, 10484, 17777, 42517, 41353, 42700, 44785, 46018, 38393, 36637, 23112, 14647, 37428, 8819, 43571, 30256, 37220, 7588, 18364, 10784, 16797, 39976, 37752, 31787, 37329, 20740, 43815, 43294, 17166, 17304, 28642, 39489, 21862, 29844, 33410, 36727, 24904, 33034, 37655, 45988, 20425, 37806, 20594, 18701, 41816, 8972, 43706, 46024, 10067, 35557],[32794, 31383, 44016, 29752, 40094, 18229, 46132, 38352, 14578, 17246, 38285, 36116, 45124, 23495, -1, 27551, 32048, 38464, 36805, 32904, 44641, 41746, 32288, 45339, 37846, 9290, 43903, 27551, 22494, 33241, 25004, 25282, 33488, 42350, 9065, 33249, 21711, 25911, 34103, 41865, 11715, 16056, 45725, 26284, 31371, 34085, 23354, 16605, 44640, 26926, 34612, 36375, 36717, 40050, 42866, 38354, 33361, 37004, 38617, 38296, 41985, 13976, 26359, 33551, 44960, 32106, 8364, 33498, 44551, 28588, 24494, 45478, 42460, 38786, 14434, 23612, 41079, 40843, 24538, 31539, 19322, 28769, 44702, 29528, 13384, 27021, 29250, 40138, 37548, 41171, 37717, 5458, 45533, 45437, 33990, 37281, 46115, 35886, 26842, 17508, 44271, 1562, 10931, 41473, 45845, 42491, 22608, 36412, 33888, 22251, 21123, 21609, 44583, 42913, 42575, 33672, 23644, 3567, 31045, 15732, 26135, 15025, 27662, 28884, 42206, 38950, 43779, 37236, 26539, 10785, 44998, 18009, 46306, 21457, 43650, 40820, 36467, 32159, 16784, 2651, 26339, 29671, 37621, 45030, 7990, 41025, 26337, 45749, 12179, 17965, 41657, 35319, 33652, 38952, 23432, 46187, 37851, 33582, 41546, 21972, 42764, 42512, 43119, 29651, 35400],[26332, 20486, 34367, 39709, 43856, 24102, 40943, 46091, 20192, 27544, 40510, 35743, 14091, 45890, 27551, -1, 16099, 13538, 26560, 31869, 23475, 26186, 22922, 42207, 33848, 12455, 24608, 39514, 31018, 28952, 25344, 4625, 28707, 39563, 39776, 32591, 37206, 22381, 13412, 28218, 42983, 13267, 44029, 39503, 39947, 38203, 7487, 21963, 34986, 21414, 40830, 34663, 43843, 42117, 44280, 32540, 29188, 15448, 9982, 27009, 28638, 23947, 23838, 28115, 24076, 26964, 30053, 18834, 39993, 39591, 38094, 11991, 27249, 29808, 33985, 9052, 23081, 13221, 25865, 43063, 39358, 41611, 44022, 16172, 30371, 40331, 27920, 45171, 38344, 31339, 5187, 27404, 31588, 27904, 29442, 45234, 22022, 27206, 8143, 30247, 43047, 36649, 23527, 30495, 35057, 33267, 36494, 36914, 34972, 14181, 23095, 28408, 33385, 5726, 20393, 9937, 29263, 30424, 45090, 18707, 26483, 27601, 41211, 39447, 25743, 39409, 22478, 17316, 20174, 19798, 44512, 33800, 27348, 39303, 15624, 11347, 33152, 18614, 13885, 43510, 42783, 14417, 24511, 24195, 45553, 22209, 40848, 5332, 34490, 13347, 41426, 22881, 31117, 44654, 26329, 38140, 31584, 45625, 19129, 35916, 46082, 45011, 18614, 45135, 27950],[42846, 36591, 36445, 40945, 2014, 17384, 22698, 38227, 43663, 30584, 37109, 35790, 46257, 30431, 32048, 16099, -1, 9915, 42277, 19599, 35626, 29435, 42604, 9701, 21019, 12343, 19114, 23940, 31871, 23999, 33531, 45565, 36166, 44456, 17016, 39196, 26801, 23867, 33624, 24586, 29679, 36806, 19010, 36617, 18140, 26726, 41168, 31814, 28112, 35101, 37602, 34214, 34200, 21243, 26351, 42367, 42063, 33341, 44124, 45908, 38149, 40922, 30400, 10531, 27489, 36724, 4848, 18323, 35608, 39839, 43056, 35916, 30443, 41943, 34355, 27244, 37473, 38548, 13695, 12975, 26819, 12615, 38206, 43332, 39316, 39350, 16046, 43284, 35164, 36306, 18062, 23560, 35906, 41465, 20854, 24381, 11905, 34217, 44811, 42892, 28526, 8633, 30079, 40184, 34989, 28082, 34693, 43903, 13185, 20647, 18363, 33063, 46052, 26230, 43170, 23339, 42781, 26753, 25313, 33640, 19245, 43949, 45689, 12809, 30443, 28351, 45314, 32738, 16820, 32118, 31340, 36975, 35732, 30576, 13707, 28814, 37211, 44465, 33591, 41105, 18948, 39514, 37699, 27325, 7821, 42786, 31107, 32551, 43692, 44427, 44849, 23620, 41962, 46265, 8709, 40428, 7393, 17068, 28282, 32969, 36012, 44359, 19302, 20098, 44987],[13217, 36541, 11441, 40595, 7646, 37243, 32792, 13481, 41764, 13039, 35688, 44207, 14846, 30103, 38464, 13538, 9915, -1, 41358, 32150, 44382, 36395, 35207, 33731, 24703, 21082, 9396, 45006, 44601, 32977, 2431, 14179, 37542, 45833, 44318, 28182, 41027, 24412, 41787, 30308, 24356, 21267, 43080, 20123, 17799, 32194, 44696, 37765, 18984, 25605, 44390, 19293, 16834, 29244, 44109, 7616, 40161, 39727, 43484, 11508, 35771, 36706, 5640, 31093, 20596, 46211, 30887, 23242, 34754, 25730, 33187, 46177, 34880, 33896, 40905, 34371, 29124, 38189, 20389, 35045, 37975, 39097, 36013, 21466, 12754, 25225, 44931, 45237, 26415, 38895, 44233, 37497, 31729, 42510, 40186, 23627, 44030, 45712, 43976, 24895, 45549, 29487, 25517, 35705, 30270, 37255, 12471, 15427, 29111, 15116, 39388, 36161, 36983, 22349, 38540, 8777, 21665, 20425, 8496, 45295, 41034, 37918, 39815, 32541, 45950, 37662, 36798, 7806, 44831, 30135, 39354, 30208, 26542, 27447, 45616, 34462, 18754, 14463, 19023, 8538, 12626, 25063, 37032, 35661, 34884, 34276, 23673, 39011, 39625, 43643, 36455, 18290, 41278, 29074, 25617, 38012, 30066, 13671, 33319, 22477, 43953, 39213, 45570, 35841, 43112],[35137, 29218, 21611, 33251, 36744, 7092, 37276, 30743, 46208, 15929, 37099, 38125, 42563, 37549, 36805, 26560, 42277, 41358, -1, 38749, 36321, 26068, 26081, 30452, 12941, 33466, 16626, 29960, 8763, 27434, 4270, 31922, 31372, 32214, 43094, 34237, 35080, 42219, 38528, 38185, 45933, 39344, 46281, 26301, 26205, 38568, 9641, 43054, 41288, 11545, 15034, 33603, 37749, 25121, 44972, 4893, 28120, 35502, 18121, 43651, 28686, 28026, 19745, 34858, 32586, 25313, 26667, 39533, 37160, 27095, 26297, 33041, 33769, 45418, 15114, 45108, 35389, 32791, 44470, 30218, 27520, 23689, 45342, 24623, 38120, 43932, 23680, 20716, 35649, 41016, 43912, 20725, 13243, 39071, 32702, 44498, 45684, 41598, 40436, 31233, 45260, 44164, 40615, 37350, 28608, 41777, 9145, 27387, 43940, 41488, 33585, 34404, 15660, 12347, 39408, 39949, 34940, 20217, 45574, 25958, 12684, 31281, 36359, 42871, 40422, 36052, 45993, 9204, 32434, 37937, 35232, 17323, 38888, 23069, 37318, 29602, 42029, 5500, 41844, 10822, 28049, 9542, 30684, 32359, 29480, 43693, 38591, 18562, 37404, 28739, 38458, 24091, 28202, 45038, 32823, 33296, 37065, 39609, 43083, 44866, 33337, 26227, 34977, 43855, 25016],[44865, 32445, 30996, 37419, 6496, 39124, 25035, 23650, 12895, 14228, 22791, 27950, 8700, 35170, 32904, 31869, 19599, 32150, 38749, -1, 31806, 9623, 36472, 40038, 43472, 21755, 42377, 35047, 20928, 16657, 14892, 16216, 40063, 18268, 30263, 43637, 27253, 39013, 45640, 38353, 28100, 44707, 41331, 26849, 22897, 25156, 42409, 22878, 42246, 36581, 43833, 9063, 22068, 11630, 31605, 41316, 30546, 26190, 40958, 43484, 42274, 11826, 28671, 30678, 18863, 32534, 45648, 20954, 25918, 42954, 36692, 44369, 45887, 15739, 34637, 39986, 40406, 41354, 40029, 20945, 38209, 29324, 12712, 30881, 43319, 34586, 31761, 41068, 35985, 32346, 37815, 27395, 30088, 28942, 28057, 40071, 37168, 32363, 26494, 43467, 38128, 43499, 43463, 29600, 22536, 20651, 39702, 19969, 17830, 13220, 5704, 18580, 32115, 30290, 39368, 19977, 24032, 44211, 24437, 22593, 43183, 22001, 20994, 43110, 45812, 30028, 18211, 17894, 45412, 10111, 39199, 46025, 4461, 20871, 22695, 30216, 42123, 39660, 24131, 45532, 28828, 39206, 24485, 18772, 15911, 13237, 35069, 24487, 19032, 30997, 30854, 30928, 26073, 45525, 33417, 44178, 34750, 44908, 35928, 40676, 23051, 26908, 40292, 37193, 35882],[28970, 41485, 16387, 42040, 44968, 36947, 18390, 24177, 20353, 42125, 42113, 15319, 21743, 44516, 44641, 23475, 35626, 44382, 36321, 31806, -1, 30456, 3895, 24945, 33397, 34459, 12869, 18613, 45206, 44954, 40356, 23624, 27562, 27983, 33644, 40924, 42002, 29480, 40106, 17240, 25256, 38306, 39952, 46201, 20216, 27399, 45248, 39133, 29723, 38165, 32106, 44997, 39446, 46023, 45780, 45328, 20494, 25475, 42424, 44206, 41904, 20699, 25445, 40130, 33436, 6632, 43052, 38800, 36248, 43694, 20162, 24949, 22101, 18297, 17065, 32244, 33706, 12940, 12882, 36311, 20640, 36238, 23489, 5453, 45193, 38079, 19829, 22542, 26826, 31015, 43925, 22880, 40841, 35751, 40414, 14982, 15276, 34459, 36022, 46067, 39407, 39906, 21285, 45838, 37005, 40671, 35071, 28868, 22630, 43449, 36896, 44434, 31608, 45018, 42578, 45504, 22438, 37458, 43887, 16429, 43073, 23987, 18224, 19233, 29872, 38108, 43797, 29696, 39730, 27801, 45051, 11221, 22024, 42687, 29523, 36497, 38115, 33421, 19132, 27227, 17553, 42437, 32090, 29021, 23966, 43709, 37795, 32818, 43587, 42994, 39748, 41519, 15858, 36761, 44305, 9680, 29205, 13183, 31017, 23753, 24034, 34360, 44595, 16698, 34511],[24957, 18305, 23257, 9751, 31749, 36391, 29693, 31610, 35308, 36436, 27910, 38877, 13006, 38263, 41746, 26186, 29435, 36395, 26068, 9623, 30456, -1, 8788, 35419, 41882, 30361, 36593, 30673, 43877, 33809, 29845, 31588, 27227, 41030, 16305, 46071, 22159, 29814, 23518, 38341, 23892, 31394, 28300, 39099, 9707, 13306, 44923, 42959, 15891, 31312, 17660, 22690, 40827, 7818, 43568, 29601, 25082, 18582, 44946, 45738, 22508, 41784, 20843, 46207, 11098, 35586, 24250, 22863, 28366, 38869, 36860, 44253, 42997, 19668, 14359, 24086, 41744, 30107, 37206, 38601, 18455, 22768, 31969, 30940, 38248, 4529, 7991, 37194, 20001, 27024, 44468, 39497, 42595, 33177, 24417, 21773, 46333, 30200, 38461, 38849, 36200, 22374, 43014, 25914, 41722, 31049, 45747, 20179, 19832, 37744, 32756, 33571, 37493, 23945, 24573, 43666, 45657, 33783, 30401, 34215, 20217, 45603, 42941, 18628, 27403, 38439, 37234, 20854, 30177, 41361, 28613, 30541, 20439, 41934, 27246, 39870, 33731, 41122, 43297, 35009, 30697, 28472, 35506, 32324, 42850, 25967, 27625, 41711, 37042, 46087, 32058, 14283, 15677, 28629, 41425, 31390, 35240, 29315, 27819, 16987, 34793, 37202, 33219, 42028, 28109],[42003, 39032, 39712, 35336, 33923, 35891, 42339, 20715, 33661, 23726, 17554, 19036, 36006, 44821, 32288, 22922, 42604, 35207, 26081, 36472, 3895, 8788, -1, 32524, 8988, 17368, 39802, 28943, 13744, 27224, 32803, 26791, 40519, 42306, 13150, 16515, 30255, 35010, 40737, 16802, 27742, 22333, 20247, 44184, 38034, 11768, 32411, 40480, 37830, 20310, 13572, 45697, 39124, 40045, 32959, 33162, 25537, 23086, 41036, 41126, 38334, 34677, 37253, 37236, 36049, 43175, 43056, 40977, 42217, 8366, 27595, 39324, 37731, 27616, 32837, 38880, 44743, 28359, 35300, 35135, 36963, 11472, 40500, 42401, 46265, 28774, 35903, 20664, 34695, 37090, 43304, 39209, 40111, 46163, 16083, 45669, 29900, 17136, 11802, 38255, 20182, 29384, 44714, 24626, 36749, 21387, 37628, 27714, 34461, 22513, 22012, 39394, 35315, 41230, 35506, 43997, 32262, 16474, 22657, 31191, 27073, 38699, 13708, 30072, 30198, 40463, 37517, 27960, 20047, 12322, 43082, 27972, 44087, 28787, 38988, 30751, 26567, 26583, 45668, 38164, 36603, 40866, 40317, 34342, 45676, 39422, 33964, 27342, 23743, 46248, 43700, 40711, 29750, 41763, 20934, 45431, 25768, 11715, 25380, 37935, 14554, 20955, 31889, 36881, 4326],[43723, 26569, 34695, 27489, 34323, 11740, 19007, 30632, 45718, 45570, 31962, 39934, 35937, 45570, 45339, 42207, 9701, 33731, 30452, 40038, 24945, 35419, 32524, -1, 35084, 34692, 43164, 16690, 4579, 40131, 38613, 29049, 35736, 26336, 25393, 25503, 23468, 33186, 13581, 43201, 43334, 36298, 45166, 16843, 39173, 37651, 18236, 20945, 9429, 15101, 44152, 36443, 17837, 35959, 31487, 8032, 37299, 25386, 27354, 31939, 35072, 33922, 34304, 39481, 32284, 25155, 45691, 33126, 43455, 37746, 35371, 38224, 41231, 33436, 29800, 44602, 43705, 13899, 36601, 37966, 26903, 20115, 16900, 19318, 39670, 26246, 38446, 34831, 21803, 4672, 41456, 35537, 40242, 29752, 44766, 36371, 21536, 43495, 23306, 44980, 5099, 42393, 43752, 43607, 39668, 12615, 34060, 35101, 42485, 43718, 19553, 7842, 34953, 33455, 15994, 14123, 34695, 31075, 14067, 37033, 23033, 40465, 16478, 11947, 7853, 45573, 46162, 41702, 32485, 32466, 26153, 20376, 41706, 29006, 38634, 41131, 41481, 44276, 19577, 5688, 40251, 17017, 35011, 35210, 29022, 35201, 40723, 24914, 25590, 38371, 26032, 45686, 8807, 39980, 43010, 42240, 14170, 32476, 31404, 25675, 33110, 38931, 45180, 28965, 24533],[17866, 22428, 31125, 44395, 22098, 41660, 43722, 37372, 45163, 37885, 37789, 32960, 22689, 30498, 37846, 33848, 21019, 24703, 12941, 43472, 33397, 41882, 8988, 35084, -1, 35140, 14895, 28255, 5287, 34431, 23740, 36400, 39425, 4933, 35922, 39069, 17678, 44550, 8995, 40846, 45694, 42885, 37546, 31016, 44915, 44626, 37213, 34527, 33132, 40053, 27747, 30467, 40165, 15910, 28022, 32170, 44312, 37845, 22444, 38296, 45040, 46261, 45102, 23242, 39112, 42411, 22212, 35418, 22486, 29829, 33806, 45049, 10625, 44919, 24444, 41241, 41164, 35086, 34479, 5714, 33304, 2755, 17081, 15340, 31404, 34622, 21188, 27010, 33902, 20358, 4890, 42596, 6699, 44462, 28055, 27703, 38532, 39139, 25049, 23102, 43131, 42626, 17199, 26398, 28544, 13603, 43484, 40538, 42692, 6183, 34163, 40450, 24315, 46084, 6109, 25607, 30999, 44099, 39214, 34814, 37206, 31390, 44963, 27688, 39003, 45590, 36701, 34983, 21344, 43613, 43987, 36530, 40591, 32010, 29788, 38747, 26643, 11876, 24967, 29716, 33409, 19837, 32392, 36583, 40015, 41677, 28653, 32148, 44513, 44364, 26538, 43300, 31963, 26513, 28770, 44461, 21035, 26683, 25500, 16264, 35032, 44722, 41817, 37069, 18231],[35083, 36011, 12050, 29123, 15471, 25434, 25502, 16252, 45882, 23314, 38237, 20575, 37510, 12809, 9290, 12455, 12343, 21082, 33466, 21755, 34459, 30361, 17368, 34692, 35140, -1, 40364, 42169, 43861, 37252, 4427, 34051, 30173, 35658, 9157, 22111, 44643, 37160, 12654, 15495, 44912, 32286, 21030, 34109, 27389, 22453, 46184, 29311, 30609, 41980, 33256, 38799, 45315, 21817, 11021, 43054, 35210, 32103, 30878, 31360, 30340, 36222, 32821, 33901, 45419, 7645, 36595, 33074, 27723, 21773, 39324, 40787, 41039, 38034, 8826, 41091, 35470, 13102, 42131, 37933, 19687, 34315, 42932, 25237, 45490, 27610, 28189, 45494, 14115, 38357, 29075, 29545, 30603, 44229, 20011, 39828, 22016, 45112, 12339, 16878, 16764, 37525, 32331, 17157, 35786, 38675, 38176, 33965, 45230, 37358, 17504, 34731, 24379, 37540, 13230, 40453, 41617, 12357, 40707, 44895, 30433, 22250, 22325, 39060, 28657, 26854, 44554, 27437, 33348, 31337, 33530, 37700, 17808, 20473, 39172, 35214, 9765, 36888, 42489, 10043, 37452, 36593, 19014, 41820, 44152, 8122, 18931, 44023, 13155, 42905, 25067, 22255, 34323, 30360, 40401, 43092, 44875, 15168, 46333, 37434, 20127, 25687, 31212, 25264, 34718],[12930, 33800, 24008, 17747, 21765, 24317, 24980, 30268, 26113, 21191, 43882, 42437, 38905, 28823, 43903, 24608, 19114, 9396, 16626, 42377, 12869, 36593, 39802, 43164, 14895, 40364, -1, 37008, 37533, 14523, 42347, 7911, 32774, 30994, 24381, 43184, 10787, 32324, 34740, 10387, 40212, 31340, 36156, 39105, 33031, 43952, 24202, 42739, 40620, 37420, 22621, 32760, 42333, 11646, 41689, 45598, 27251, 37315, 23284, 15146, 35007, 33707, 34126, 32997, 36544, 39015, 25344, 39681, 31061, 45871, 30726, 44556, 20537, 43130, 29724, 31105, 35942, 14088, 32950, 7071, 37644, 40974, 10748, 18637, 29982, 27610, 11194, 42656, 16880, 32727, 31726, 40917, 28893, 24788, 36932, 46028, 36807, 30977, 45090, 46020, 30894, 15967, 23624, 20090, 43195, 20558, 16458, 38529, 44883, 22050, 36047, 45505, 40452, 41832, 33838, 15697, 26595, 36727, 16939, 35540, 37351, 19640, 45669, 31962, 29884, 38299, 34441, 45122, 44483, 21060, 25728, 25790, 43272, 9891, 34543, 32513, 35873, 35823, 12203, 33930, 12676, 41430, 24874, 35492, 40826, 28061, 13761, 38127, 28576, 23543, 33556, 41324, 31740, 39402, 36325, 44543, 40041, 5770, 29751, 13073, 42044, 19061, 31500, 20593, 24300],[30242, 36997, 22919, 41249, 28637, 16395, 7388, 25463, 30382, 34826, 45271, 40653, 26857, 41799, 27551, 39514, 23940, 45006, 29960, 35047, 18613, 30673, 28943, 16690, 28255, 42169, 37008, -1, 43558, 45047, 22538, 27144, 27188, 10056, 43941, 23571, 29240, 34659, 15612, 5750, 18862, 31347, 20301, 37162, 43814, 33854, 22881, 25537, 36509, 16950, 19258, 13022, 12830, 32919, 23580, 36676, 15714, 29117, 34608, 36882, 11043, 44828, 39186, 43365, 19824, 29626, 31352, 22313, 46243, 28722, 40673, 44997, 35797, 33706, 10187, 36614, 33953, 32921, 25642, 11853, 35868, 11462, 30101, 9996, 22126, 8321, 21735, 28669, 22939, 31037, 27388, 35540, 37445, 38400, 16978, 17758, 37549, 26515, 34456, 37666, 36722, 29073, 41188, 37029, 32272, 41213, 33727, 37588, 42552, 11768, 31893, 40188, 10334, 34612, 7049, 29286, 19771, 27422, 45544, 37524, 42664, 32066, 17459, 31528, 14457, 31799, 12902, 24825, 26366, 29296, 7919, 45119, 36235, 29740, 33358, 15493, 41609, 29958, 27697, 37687, 42303, 36444, 41221, 43236, 42342, 30468, 28235, 45704, 15962, 39300, 37545, 30652, 19656, 43704, 15344, 22736, 41752, 37088, 33921, 17679, 37013, 15931, 24540, 32186, 24135],[37821, 28238, 39293, 37232, 33450, 11930, 42056, 40764, 24723, 45019, 44137, 6629, 26762, 38196, 22494, 31018, 31871, 44601, 8763, 20928, 45206, 43877, 13744, 4579, 5287, 43861, 37533, 43558, -1, 29090, 42622, 22072, 21909, 12639, 42932, 16167, 32014, 22379, 42304, 12315, 19367, 21517, 23763, 6195, 41968, 36432, 15711, 45944, 25552, 36969, 35740, 45540, 40086, 16436, 25714, 18080, 16339, 28727, 38041, 11865, 43316, 38733, 27408, 29299, 26005, 42326, 18250, 32917, 38273, 34617, 44665, 23319, 39107, 45609, 40391, 40508, 8765, 22258, 32126, 24291, 44865, 44203, 43529, 28974, 4882, 12356, 24648, 43240, 20619, 21130, 41759, 27698, 5621, 9433, 39573, 35694, 27199, 28407, 43774, 32375, 45783, 2940, 26084, 32418, 19532, 40596, 40003, 39866, 44517, 39381, 15382, 1361, 37685, 40979, 31500, 12119, 20562, 45286, 30590, 21778, 40685, 40022, 31940, 44310, 28077, 36937, 39553, 33476, 34277, 36491, 36077, 31062, 36386, 12756, 36795, 15127, 15395, 46147, 22552, 28917, 14786, 45163, 41471, 43632, 34829, 26088, 23403, 37691, 19170, 18948, 31194, 41102, 24778, 19355, 17470, 41336, 35195, 13318, 26515, 6377, 36124, 26124, 5022, 44220, 40345],[37284, 38295, 30254, 34527, 33899, 41372, 19812, 12040, 18916, 42202, 41573, 23451, 39924, 40126, 33241, 28952, 23999, 32977, 27434, 16657, 44954, 33809, 27224, 40131, 34431, 37252, 14523, 45047, 29090, -1, 31594, 45497, 35466, 23539, 44400, 31620, 45819, 19703, 45018, 43060, 16136, 29691, 11810, 38420, 44689, 36276, 33790, 39344, 44881, 40270, 12973, 11306, 22974, 27336, 45770, 7832, 36619, 40367, 37958, 33556, 41114, 33414, 21056, 22078, 10836, 41798, 24276, 46227, 6201, 14851, 37314, 17259, 37263, 36174, 25712, 20658, 20858, 40261, 43454, 38713, 44068, 40028, 31077, 22208, 29012, 36099, 21414, 45985, 17092, 31998, 10643, 41010, 43170, 34043, 34099, 31025, 43828, 32683, 25610, 43708, 44527, 32215, 28707, 39962, 16331, 42924, 7672, 40250, 37251, 16464, 29127, 24848, 34895, 38473, 40849, 6954, 37282, 9020, 42289, 43301, 33379, 28886, 16415, 32830, 14021, 24169, 44819, 37960, 46060, 41154, 38580, 33893, 35643, 33598, 44489, 27980, 11058, 31247, 42906, 14527, 31787, 32334, 27554, 22090, 42450, 29498, 36536, 14847, 21160, 41638, 19528, 34180, 45379, 38842, 46150, 15577, 24388, 30486, 37077, 26239, 7135, 40852, 34676, 19187, 28850],[45553, 20569, 39965, 15825, 41438, 19178, 45171, 29558, 38174, 37533, 20995, 34081, 45455, 27477, 25004, 25344, 33531, 2431, 4270, 14892, 40356, 29845, 32803, 38613, 23740, 4427, 42347, 22538, 42622, 31594, -1, 21861, 9300, 3801, 37168, 33795, 24369, 5822, 33830, 40674, 33379, 46295, 45769, 30452, 46033, 39126, 26965, 38522, 9771, 27346, 16574, 22953, 40492, 11250, 37845, 17253, 28197, 26151, 35241, 33422, 40635, 33901, 36826, 45271, 43472, 22927, 35954, 45708, 31900, 28373, 43330, 41965, 44842, 3905, 38812, 9692, 42753, 31620, 31250, 37769, 40772, 36908, 31916, 37099, 41506, 29160, 38569, 24022, 20823, 11216, 36659, 11625, 23816, 21594, 34021, 35827, 42961, 45188, 24402, 40344, 24781, 37282, 32325, 41461, 39105, 11704, 43086, 39742, 22588, 24496, 36281, 40162, 43068, 40576, 28584, 36304, 18029, 44528, 18145, 14724, 31954, 23774, 43078, 20381, 16910, 39752, 31612, 40436, 20530, 35634, 8064, 33271, 22338, 21146, 32578, 35376, 36420, 38707, 25566, 18391, 11753, 40127, 16199, 30094, 27969, 42239, 35024, 14842, 32216, 11874, 5038, 16638, 42286, 30977, 37017, 33250, 42723, 36045, 20297, 14330, 45576, 35817, 42890, 16551, 38689],[45206, 21439, 18239, 34316, 28053, 42557, 34359, 21106, 41702, 21511, 30571, 37707, 31539, 17650, 25282, 4625, 45565, 14179, 31922, 16216, 23624, 31588, 26791, 29049, 36400, 34051, 7911, 27144, 22072, 45497, 21861, -1, 27892, 33530, 39494, 11678, 8759, 34097, 26923, 30487, 17166, 41609, 21821, 40987, 19298, 12972, 43604, 24773, 6249, 19183, 41958, 38031, 43655, 26155, 16614, 41001, 33567, 39501, 19208, 41442, 44292, 38137, 14786, 32661, 38119, 12478, 32403, 7056, 17603, 33305, 19952, 18799, 42732, 32193, 20893, 40133, 15776, 22053, 38922, 25923, 23309, 31308, 22572, 11486, 30333, 2239, 36783, 27975, 14065, 45893, 38094, 39885, 8799, 29736, 40707, 12001, 28730, 25301, 26922, 37985, 8473, 28523, 43809, 45435, 26896, 25759, 37090, 46081, 40051, 43719, 25520, 25871, 22958, 45257, 46094, 25090, 38489, 41353, 8505, 10980, 33598, 35139, 44182, 26976, 39863, 21778, 13867, 41022, 44280, 35101, 31422, 42432, 25227, 22736, 35824, 30766, 37259, 39539, 18357, 13955, 12600, 44626, 18961, 45536, 21176, 25881, 6218, 12270, 28232, 41026, 24213, 9929, 14585, 12868, 16834, 13600, 39685, 5084, 7401, 43686, 32131, 26678, 25561, 23545, 29282],[31542, 42890, 36549, 44267, 25526, 21624, 37601, 26306, 31047, 29061, 21521, 34833, 39419, 12152, 33488, 28707, 36166, 37542, 31372, 40063, 27562, 27227, 40519, 35736, 39425, 30173, 32774, 27188, 21909, 35466, 9300, 27892, -1, 15159, 13456, 45727, 42208, 36118, 44754, 44048, 35859, 31672, 35997, 42358, 46261, 13481, 37840, 23588, 28124, 44484, 45721, 20279, 45176, 44778, 42824, 13954, 36016, 20369, 21688, 42911, 44725, 43964, 41254, 17801, 18280, 34608, 7326, 41478, 27840, 29490, 25042, 37554, 37195, 25228, 28750, 37521, 43453, 39036, 42809, 35628, 23626, 21647, 16555, 31561, 18493, 32989, 44971, 34339, 37954, 41507, 30423, 30071, 34268, 35143, 44494, 21653, 28667, 43971, 24246, 29261, 41272, 23642, 28137, 28899, 38413, 44542, 35501, 17621, 26430, 19636, 45760, 13749, 32388, 41396, 37491, 31283, 18232, 35611, 44212, 42305, 42026, 38789, 34947, 29362, 43194, 32621, 36054, 36931, 32324, 11988, 34141, 29613, 18327, 29884, 17265, 21384, 36264, 12641, 17609, 27971, 41801, 23977, 44622, 26983, 8528, 31798, 17064, 42353, 16303, 22496, 41932, 36290, 28372, 37190, 43045, 29748, 33788, 21959, 45063, 7791, 39539, 21589, 33740, 33931, 13147],[25789, 9840, 13681, 28924, 31548, 33283, 28002, 42087, 43261, 1625, 37200, 29378, 4783, 42609, 42350, 39563, 44456, 45833, 32214, 18268, 27983, 41030, 42306, 26336, 4933, 35658, 30994, 10056, 12639, 23539, 3801, 33530, 15159, -1, 39070, 28786, 40950, 12692, 46156, 44480, 27832, 35651, 44744, 45577, 36598, 26143, 35935, 22810, 33509, 18795, 34245, 38965, 5514, 42671, 28423, 10419, 43512, 43019, 17104, 20636, 28940, 27521, 42837, 10813, 10622, 35602, 40762, 33857, 41197, 9435, 20184, 37035, 18322, 40910, 34366, 20897, 27706, 25789, 43525, 41685, 34339, 28868, 42353, 35707, 18210, 41952, 16934, 40399, 24605, 33384, 31568, 45457, 31924, 46122, 44729, 44242, 44904, 28347, 38355, 15983, 43546, 41091, 38922, 45829, 31977, 31834, 29177, 42872, 33935, 24980, 40708, 16381, 31855, 44257, 38198, 29651, 33313, 30471, 38151, 23916, 39184, 38528, 2954, 38616, 39430, 24583, 43041, 34002, 19677, 36091, 45636, 22989, 30634, 7156, 39591, 20807, 30129, 37671, 37214, 28915, 39636, 29236, 7315, 14815, 42092, 44009, 15886, 37581, 44856, 31367, 11153, 11626, 42662, 32997, 42963, 35091, 38949, 41135, 21285, 39421, 42413, 39309, 34218, 19747, 31871],[31513, 43483, 22863, 25168, 6577, 9487, 35583, 22732, 35587, 34883, 33410, 38421, 43214, 39179, 9065, 39776, 17016, 44318, 43094, 30263, 33644, 16305, 13150, 25393, 35922, 9157, 24381, 43941, 42932, 44400, 37168, 39494, 13456, 39070, -1, 33073, 31877, 40369, 7941, 12519, 28137, 39102, 29903, 28253, 34651, 3626, 31115, 42694, 41071, 41492, 38208, 42272, 31201, 33241, 43201, 41742, 23801, 42305, 41200, 38028, 21195, 17204, 6632, 40975, 16567, 32873, 15750, 29311, 21375, 43811, 30462, 1738, 29153, 41810, 34697, 30168, 34204, 19047, 34628, 20074, 43141, 34479, 30286, 13359, 27183, 32164, 11842, 11577, 46303, 33356, 8573, 43971, 24244, 23810, 32470, 19955, 30559, 18550, 16324, 18301, 14873, 18608, 33079, 28007, 28358, 6238, 33436, 33750, 25921, 29178, 22738, 30582, 9780, 27153, 32196, 33429, 29450, 15258, 10563, 8690, 37320, 39781, 46192, 44365, 45688, 23784, 37148, 20537, 31145, 20212, 28402, 40325, 33699, 41161, 41039, 32765, 22007, 39480, 41001, 22649, 32342, 17615, 35953, 41690, 13736, 23684, 44194, 24497, 18531, 34855, 43289, 14471, 24656, 7442, 35