197
[[-1, 21415, 38289, 38957, 36267, 30141, 43443, 20884, 20070, 25595, 34171, 39050, 35354, 43453, 37372, 35773, 41745, 43033, 4073, 31547, 18588, 25625, 22234, 36435, 30537, 43778, 23072, 41992, 30425, 42312, 43116, 23241, 39985, 20661, 29814, 43157, 18816, 39811, 25774, 27782, 44736, 19008, 44761, 42754, 20650, 26273, 19980, 25571, 32487, 35253, 36616, 31746, 24547, 14146, 33736, 31691, 9876, 16850, 32227, 46143, 34707, 6566, 37020, 11998, 45885, 24877, 45882, 37869, 45745, 15062, 41001, 15094, 39090, 11612, 43588, 42183, 16748, 37014, 26685, 29374, 41694, 33509, 34494, 43790, 18912, 36610, 39482, 30289, 30359, 21970, 38035, 42026, 37257, 44356, 13330, 15567, 35153, 23709, 36519, 39253, 43406, 44769, 27310, 41406, 33535, 21724, 40787, 23710, 29348, 41825, 44980, 18523, 7380, 45056, 30657, 36541, 33410, 21210, 44091, 32323, 40782, 34478, 25804, 27689, 38036, 21379, 46195, 22972, 26843, 25954, 35792, 41000, 32644, 40756, 12799, 24929, 41922, 46250, 37087, 32043, 28691, 45769, 23952, 26330, 45517, 43810, 22789, 34082, 19167, 44178, 20715, 41875, 42454, 21388, 42490, 40467, 19950, 8946, 23192, 36537, 11993, 20886, 40515, 40040, 19648, 33449, 27820, 27904, 40703, 40674, 36821, 45995, 14533, 37839, 41763, 8682, 30836, 44264, 27590, 22274, 39999, 26993, 30975, 29285, 41054, 43143, 38964, 39051, 45514, 36673, 40551, 24869, 38613, 37976, 23750, 37569, 15109],[21415, -1, 38363, 44356, 33850, 34621, 39961, 26998, 37252, 31465, 31862, 11848, 31681, 26781, 36377, 29492, 35480, 37200, 43269, 30448, 27204, 36457, 20437, 24250, 27171, 40476, 35696, 42864, 42283, 43918, 43432, 31856, 33167, 21393, 41882, 26897, 36916, 38249, 44531, 16779, 36258, 16231, 23195, 43730, 6150, 32356, 16542, 45149, 9475, 33986, 18762, 44783, 9842, 28348, 38653, 3876, 38740, 5277, 45735, 26123, 43506, 45162, 27512, 25230, 34039, 22242, 40078, 44653, 34487, 34844, 42685, 35170, 16200, 43093, 39409, 10408, 45447, 14473, 39295, 44926, 39743, 41387, 30185, 15515, 40234, 20433, 39627, 38185, 45873, 36018, 35858, 34984, 44874, 29029, 41843, 40519, 39802, 32482, 39531, 26338, 33287, 7387, 27247, 19228, 42416, 20244, 8619, 46073, 31461, 27599, 29954, 19829, 41838, 13033, 10994, 29419, 21145, 35688, 11268, 29718, 32846, 38757, 38566, 20759, 43352, 33846, 25834, 22848, 44831, 37247, 41217, 13618, 34679, 33186, 5102, 40543, 41604, 35285, 12649, 41048, 35610, 43205, 39192, 22464, 27859, 37095, 17983, 43142, 42896, 29408, 14662, 41067, 2989, 25395, 42319, 7219, 33178, 26757, 28302, 35287, 11342, 28259, 44522, 30538, 12512, 21328, 18259, 44776, 39919, 43100, 33725, 30810, 43572, 26633, 28478, 32700, 41228, 22930, 38170, 34921, 44184, 42200, 41703, 38780, 25969, 43930, 28503, 24665, 11577, 4148, 28223, 28239, 20369, 8513, 42267, 45435, 21154],[38289, 38363, -1, 27344, 28616, 18329, 27353, 21424, 29958, 40171, 28241, 37905, 31925, 38436, 41843, 28408, 46041, 29244, 25649, 33709, 26276, 24873, 29237, 45891, 27849, 27682, 38101, 37303, 39474, 16347, 23964, 44520, 30457, 23693, 44011, 41232, 32819, 43408, 17138, 31321, 43782, 32284, 6266, 38754, 38139, 45340, 39772, 36477, 43596, 37239, 41670, 27412, 35040, 46093, 44461, 45405, 10785, 40359, 38035, 42509, 37739, 41609, 39594, 40910, 31574, 32959, 8734, 43495, 22135, 28993, 41128, 33394, 28781, 30684, 42838, 29871, 13804, 27436, 26860, 32912, 41932, 32468, 29093, 31488, 31261, 26848, 30491, 32931, 25027, 15538, 36545, 41444, 9380, 21350, 36871, 13919, 27664, 43415, 10745, 40426, 21760, 29541, 28289, 34590, 40576, 14352, 31521, 21539, 37591, 27093, 43803, 34508, 37146, 44478, 38914, 9329, 31683, 20981, 16140, 26630, 28746, 40156, 37710, 23635, 34403, 31288, 43770, 33612, 8510, 21039, 43561, 41049, 44602, 19667, 39015, 31386, 37300, 42840, 13643, 4445, 20698, 33572, 36868, 25239, 33609, 18590, 43134, 45702, 44644, 5198, 13102, 40941, 34721, 35713, 14112, 30233, 36969, 40081, 44457, 29439, 30431, 39226, 16471, 16933, 18578, 46221, 2693, 15374, 26083, 33140, 24974, 12194, 31429, 36072, 6672, 20803, 44075, 42813, 37121, 40623, 35460, 36029, 10555, 19744, 33565, 43198, 44080, 45936, 28148, 21094, 39812, 18619, 14315, 34148, 35942, 22890, 29607],[38957, 44356, 27344, -1, 41256, 40815, 38795, 23761, 34804, 43907, 30668, 24934, 40497, 43616, 36316, 33199, 15928, 17949, 7935, 42308, 42494, 18019, 25876, 35337, 34411, 31358, 38454, 38716, 18491, 18447, 35266, 41038, 23710, 11401, 29541, 42821, 46301, 35758, 35271, 45719, 38007, 37169, 42022, 33444, 23145, 33084, 19400, 13621, 38004, 24446, 27657, 29488, 20107, 17515, 22543, 32481, 42276, 41144, 44208, 29162, 23944, 7928, 27860, 44391, 29945, 38428, 23542, 34591, 25821, 29783, 40687, 26275, 41188, 38328, 45288, 37665, 39300, 21261, 31238, 39468, 39733, 45392, 44194, 31282, 11097, 19431, 32195, 16398, 27330, 22744, 30612, 37216, 41932, 4079, 41309, 26931, 6782, 23380, 24952, 6789, 30183, 40207, 31875, 44500, 34462, 19257, 16432, 8077, 26836, 20670, 30076, 35100, 37987, 43383, 39744, 10690, 22987, 34495, 43753, 34856, 19488, 44048, 35356, 41599, 37774, 35448, 42751, 36531, 23257, 21380, 7045, 22420, 35588, 13331, 34890, 8878, 39604, 13000, 11761, 38974, 43224, 27652, 44304, 45930, 44036, 39556, 45356, 41056, 39670, 34104, 11083, 26820, 44840, 33982, 3912, 28988, 43998, 43059, 33061, 44694, 3913, 6688, 36329, 16435, 20746, 30300, 23477, 8366, 46175, 9646, 38274, 41365, 25881, 41911, 10946, 22650, 28015, 13409, 42355, 33953, 34925, 33748, 46332, 20354, 43969, 7074, 38051, 36720, 24258, 44976, 33838, 32970, 34982, 36856, 36056, 9913, 36036],[36267, 33850, 28616, 41256, -1, 41081, 39366, 44148, 30626, 20697, 23361, 45921, 16787, 14949, 29825, 33404, 26847, 29466, 10194, 7641, 34332, 17510, 17753, 16724, 3394, 23413, 38988, 33942, 42051, 27371, 39452, 18258, 35942, 13754, 42512, 36677, 37956, 22381, 11507, 36558, 39709, 21526, 15678, 25907, 35908, 15715, 29742, 15522, 28173, 24414, 43058, 31966, 17581, 46114, 20627, 23298, 34460, 5979, 26237, 40884, 25829, 16867, 20129, 8756, 21347, 27373, 41570, 38329, 40040, 39275, 19043, 29789, 21163, 43809, 34600, 20616, 28109, 26049, 18030, 19128, 19222, 34250, 34947, 24778, 32847, 28089, 36230, 39215, 32710, 15002, 24610, 37226, 45658, 36364, 31978, 43080, 41517, 31525, 25288, 18062, 11111, 27335, 41692, 42034, 40028, 22948, 40262, 28816, 23833, 32553, 41783, 23003, 13129, 22593, 37044, 45321, 20138, 30620, 45337, 35710, 30886, 38157, 29115, 40347, 21337, 20490, 40321, 8166, 36883, 41555, 46102, 43247, 18301, 38822, 40615, 35051, 27773, 17869, 9055, 17323, 44538, 34086, 39502, 37693, 28708, 29541, 28339, 45480, 30093, 21142, 38778, 46035, 40962, 20901, 25542, 17684, 28247, 35704, 46318, 7856, 42353, 45465, 45585, 17040, 33867, 29902, 8147, 24142, 32396, 31086, 27783, 34366, 23014, 22271, 43672, 7332, 39903, 35639, 15862, 14003, 46290, 45219, 43661, 11957, 34386, 23330, 45449, 38030, 18838, 26123, 28526, 32068, 33433, 33029, 45406, 17521, 46067],[30141, 34621, 18329, 40815, 41081, -1, 17345, 34257, 17851, 44429, 24119, 39824, 42068, 33435, 41399, 13117, 37834, 35128, 42579, 41254, 41594, 20788, 34518, 40287, 21760, 30631, 35910, 38010, 12054, 17282, 18913, 9046, 24121, 33539, 42324, 12390, 27009, 20459, 44236, 33723, 28059, 27978, 24646, 16874, 43812, 42582, 19022, 10365, 17861, 11090, 12155, 37761, 27622, 24933, 34446, 34965, 27371, 13945, 38325, 10024, 44094, 19401, 31311, 21878, 44332, 46219, 24427, 21943, 9800, 13775, 45825, 45422, 31894, 18923, 45110, 44793, 19220, 28976, 43251, 35346, 45735, 46195, 34310, 25365, 24858, 38408, 40800, 21175, 25822, 38919, 16601, 36022, 24653, 33722, 37746, 31203, 40730, 33356, 42891, 33235, 44197, 30773, 8404, 23703, 31892, 41731, 43820, 41586, 31774, 13414, 44467, 19484, 13521, 9225, 29021, 43641, 21625, 37443, 15041, 36239, 11027, 3084, 22606, 43601, 45153, 23885, 38687, 40613, 18744, 13050, 25457, 35907, 45180, 37688, 37013, 43255, 44013, 33016, 16852, 24397, 45711, 22988, 24965, 44092, 25287, 30152, 44384, 13195, 44854, 20383, 29338, 14376, 30647, 44473, 38595, 44014, 37883, 34563, 40194, 33625, 33289, 20806, 24232, 41441, 39047, 35711, 43652, 20649, 42714, 22703, 20784, 27918, 23204, 29014, 35334, 21455, 19411, 40545, 30105, 34641, 25916, 19677, 9322, 15191, 38588, 8733, 37102, 34965, 35664, 35834, 21557, 41025, 44108, 30367, 42884, 37256, 28909],[43443, 39961, 27353, 38795, 39366, 17345, -1, 45843, 30274, 21281, 39362, 39317, 18906, 41654, 22680, 29163, 29541, 31590, 40993, 22670, 43875, 26383, 24253, 25882, 25692, 41942, 21207, 43551, 39471, 7462, 22193, 44195, 41533, 43509, 46112, 24751, 40413, 23056, 23694, 21682, 15953, 32542, 22002, 5514, 20847, 39650, 45349, 14879, 38180, 16558, 40153, 15558, 43418, 42351, 15490, 32698, 15124, 31601, 37389, 14409, 38735, 25042, 5953, 42084, 26243, 41010, 35519, 45942, 29162, 17901, 45841, 39359, 46035, 40457, 42443, 24080, 41530, 41764, 43806, 46227, 34645, 26246, 44045, 14499, 35856, 14931, 15683, 30305, 36948, 42740, 46036, 28805, 22135, 14218, 34841, 44863, 27638, 24726, 11163, 31200, 36132, 42908, 25250, 26934, 15845, 27354, 25443, 38012, 43177, 9910, 25133, 20949, 39916, 14242, 39410, 12862, 28778, 20982, 31355, 33473, 7975, 32566, 21295, 29536, 34016, 26972, 39558, 46068, 32963, 35562, 33417, 2991, 31956, 15767, 35836, 33442, 18616, 30408, 40049, 42459, 26656, 43868, 35289, 21903, 35037, 24804, 23668, 12730, 45906, 31097, 11072, 38110, 39231, 24325, 24859, 42376, 14422, 38907, 45058, 32366, 25520, 24856, 33546, 26425, 32422, 24949, 40635, 23099, 41439, 24743, 42969, 33170, 37538, 29148, 29280, 22147, 13569, 37025, 28245, 16411, 42334, 44795, 25988, 36545, 30332, 39319, 45073, 43312, 35834, 23684, 36450, 28391, 34105, 40240, 12754, 24597, 44956],[20884, 26998, 21424, 23761, 44148, 34257, 45843, -1, 25922, 37748, 9370, 37097, 18255, 38511, 35936, 38023, 19415, 35945, 31848, 32581, 33316, 44596, 46137, 28859, 45315, 14707, 33449, 12703, 40311, 32870, 46068, 6207, 38094, 2425, 37120, 36150, 41292, 36550, 13312, 6469, 33864, 41617, 39292, 34629, 44288, 44407, 42837, 27303, 30977, 32018, 10850, 2440, 29515, 30333, 36532, 32764, 32442, 42098, 41450, 40664, 40693, 16144, 23750, 42906, 8924, 4873, 24791, 5851, 27490, 13583, 45247, 21465, 43354, 24181, 40872, 27885, 32389, 31962, 30115, 40541, 35815, 15350, 46212, 42704, 42328, 34860, 25416, 13683, 37090, 37183, 1432, 31475, 30428, 21227, 4876, 19573, 31656, 37534, 33388, 43785, 41759, 26169, 35307, 45118, 36789, 25462, 45938, 42468, 15464, 29481, 38301, 37207, 41850, 33404, 41308, 21004, 30378, 28323, 29159, 15906, 43458, 42367, 15009, 44792, 16097, 43503, 43473, 28349, 7817, 29120, 44026, 14912, 33428, 35738, 31418, 11302, 7645, 11376, 28919, 29289, 18557, 28654, 41558, 35867, 33033, 42332, 18973, 19161, 41198, 40837, 18798, 43518, 32331, 21261, 13111, 43422, 40377, 13635, 12501, 16928, 40160, 7341, 20401, 26661, 42016, 8418, 4099, 37819, 25250, 33668, 41164, 25253, 38450, 31029, 41910, 36548, 31979, 38751, 18374, 34674, 28079, 38762, 36720, 21074, 12584, 43630, 30242, 19406, 11594, 39750, 39627, 31423, 32660, 24765, 43981, 40747, 24521],[20070, 37252, 29958, 34804, 30626, 17851, 30274, 25922, -1, 28402, 18468, 15327, 22440, 32505, 38090, 44694, 31555, 32111, 27133, 26312, 37312, 26450, 43582, 38682, 40735, 35442, 42056, 15897, 37766, 22772, 31594, 42901, 21032, 25097, 20712, 32516, 32925, 27593, 41701, 12013, 38651, 29763, 32848, 22538, 41476, 27930, 30641, 20582, 39288, 29310, 17062, 36382, 32281, 28342, 41156, 15191, 41503, 35618, 25219, 19431, 22923, 35879, 27971, 25079, 43489, 33397, 43540, 4962, 34685, 14937, 15697, 31198, 40971, 40379, 43248, 42427, 4357, 22895, 20278, 26578, 9089, 26854, 21492, 34094, 45895, 42291, 11700, 28099, 34203, 29986, 19482, 41979, 30746, 31159, 30698, 28592, 36363, 11394, 29354, 29491, 40754, 27747, 28156, 45351, 29044, 15416, 36735, 45241, 14721, 34360, 40944, 42687, 44937, 45898, 36423, 27723, 31792, 44196, 33311, 38863, 10313, 37942, 28930, 19603, 23286, 43691, 42576, 5489, 41228, 23181, 41338, 24830, 37684, 20480, 36324, 44837, 46094, 33806, 31995, 10671, 40070, 25663, 28982, 40743, 30457, 29295, 12561, 40591, 25247, 43370, 20759, 19559, 28764, 24227, 27987, 22355, 42410, 46330, 46138, 45915, 12806, 45096, 22684, 14794, 35438, 45299, 43807, 31302, 40929, 17277, 27688, 22684, 21784, 42827, 46196, 24188, 45248, 40704, 14911, 16808, 37186, 21137, 37098, 31352, 45920, 24925, 13602, 7873, 42610, 23398, 35281, 15968, 44142, 42631, 42229, 30299, 18175],[25595, 31465, 40171, 43907, 20697, 44429, 21281, 37748, 28402, -1, 34922, 34247, 22440, 30288, 22663, 26338, 10488, 23419, 43862, 39056, 26383, 30854, 45015, 24348, 32295, 45782, 25656, 21278, 41842, 46102, 13755, 32952, 40026, 5467, 15092, 19772, 35720, 35490, 38227, 45396, 33407, 31616, 37528, 45141, 41706, 19556, 25297, 29107, 26889, 37323, 30791, 36812, 32081, 22814, 41824, 41561, 26454, 10150, 15360, 34095, 32326, 39812, 27467, 45862, 19318, 43583, 26353, 42032, 30661, 9050, 42072, 44907, 39455, 32974, 22140, 27990, 22145, 34878, 38514, 27477, 42985, 39463, 19985, 22812, 37961, 37972, 28470, 30073, 25385, 41081, 45848, 32619, 38282, 38427, 20233, 34822, 38737, 21906, 6360, 30572, 19497, 30499, 29186, 41922, 14827, 18688, 44469, 19511, 27483, 37678, 41823, 19286, 45800, 32487, 22239, 18185, 34541, 41147, 32935, 45739, 31378, 15456, 42794, 34773, 36929, 45805, 35243, 13561, 22368, 39504, 40896, 37293, 37615, 36825, 29384, 43298, 26335, 39355, 27209, 29615, 39734, 21418, 2917, 34200, 44320, 13551, 45826, 9988, 21631, 13749, 37983, 19308, 37847, 43394, 39459, 17228, 44192, 35152, 15578, 23133, 30207, 37855, 41174, 21951, 33880, 35597, 22464, 17273, 29210, 15885, 31362, 28299, 44311, 13431, 36576, 15171, 29215, 10884, 44799, 45681, 46004, 19038, 44951, 25398, 39846, 42614, 35596, 19042, 42652, 18303, 32788, 23355, 26470, 5235, 41611, 43026, 20678],[34171, 31862, 28241, 30668, 23361, 24119, 39362, 9370, 18468, 34922, -1, 45078, 18353, 39885, 34122, 45101, 40567, 31493, 29249, 28254, 34107, 31468, 19363, 21185, 31680, 37753, 40941, 25535, 41301, 22540, 41306, 16667, 43599, 35909, 20237, 28838, 30565, 40784, 42122, 9430, 30253, 32921, 35845, 35131, 34724, 28476, 23391, 2622, 36229, 46243, 30986, 6357, 17655, 35214, 45429, 46189, 45555, 44906, 40127, 39036, 31991, 40748, 42325, 43833, 30595, 26167, 21754, 24248, 27787, 25956, 12883, 22705, 37099, 41269, 27963, 44471, 20019, 44646, 42903, 30170, 31074, 40785, 38699, 39171, 45032, 23131, 25420, 45013, 31304, 11396, 34846, 30410, 29852, 28195, 43926, 10536, 11935, 22915, 4681, 32847, 31419, 38878, 42816, 42987, 45016, 37888, 34310, 29039, 16506, 42176, 42144, 43492, 39562, 21886, 34682, 20932, 28510, 35140, 44133, 21752, 10197, 35864, 39008, 39514, 42094, 17453, 15301, 20385, 30011, 27320, 38461, 35040, 30965, 21389, 45488, 30884, 32807, 19367, 21902, 31917, 15745, 23466, 33664, 43132, 32044, 35239, 30978, 42440, 15343, 45303, 28860, 18561, 33035, 43181, 10332, 29798, 41434, 17509, 14238, 41988, 44580, 38904, 42203, 14665, 13624, 36645, 28071, 41804, 45408, 30120, 40960, 34184, 29280, 20137, 23407, 24399, 40484, 41580, 42464, 30351, 46030, 26628, 43066, 33970, 41861, 34073, 27941, 10012, 45296, 29936, 21916, 17735, 32491, 30159, 45799, 28108, 13859],[39050, 11848, 37905, 24934, 45921, 39824, 39317, 37097, 15327, 34247, 45078, -1, 40035, 36151, 29917, 35185, 19482, 9320, 18216, 19351, 27691, 43117, 7769, 15917, 32049, 37158, 37730, 45471, 31181, 43067, 20922, 15914, 40255, 40533, 27244, 8379, 17348, 7839, 14459, 43117, 38939, 12200, 43272, 14658, 25274, 38102, 33613, 45425, 26854, 43912, 29256, 34876, 7664, 21024, 7978, 37715, 35821, 44733, 29305, 28867, 29972, 10400, 42180, 17952, 36745, 27057, 45540, 43740, 20063, 43780, 28939, 35418, 20200, 36517, 43577, 27831, 33341, 16876, 34781, 29630, 15965, 35949, 27973, 27700, 37989, 35507, 44853, 33227, 34095, 34425, 23607, 36341, 35118, 5384, 36664, 33382, 23760, 46234, 11702, 36029, 21041, 30337, 41209, 44918, 19767, 10778, 42800, 9119, 35453, 8307, 40642, 22051, 46272, 44638, 21904, 32754, 16947, 36829, 31748, 24297, 39048, 46091, 11548, 42039, 45511, 27997, 35835, 38773, 22909, 8387, 19952, 41501, 38969, 21241, 41966, 45265, 43205, 5975, 18943, 44045, 29525, 42212, 38563, 12285, 19008, 12090, 45572, 36518, 22067, 39242, 29755, 10995, 35183, 29128, 24410, 16464, 39219, 27406, 27293, 34349, 32486, 23524, 43913, 33414, 21490, 45153, 19007, 42910, 24818, 32545, 45504, 41899, 28232, 25574, 46051, 14863, 35429, 28593, 44967, 39713, 36311, 29976, 37334, 44838, 40236, 43532, 42286, 39824, 37050, 8596, 44386, 21700, 10286, 15671, 39500, 41614, 39964],[35354, 31681, 31925, 40497, 16787, 42068, 18906, 18255, 22440, 22440, 18353, 40035, -1, 19948, 17191, 44861, 41007, 45814, 40959, 34878, 16513, 23983, 23765, 38170, 21419, 7252, 39774, 31833, 43644, 32533, 22922, 27574, 38260, 44871, 41065, 10221, 44568, 31577, 27769, 34184, 31528, 34297, 39682, 2132, 15913, 34545, 20763, 15258, 40628, 43021, 35082, 29761, 33280, 25882, 40386, 32703, 40625, 22367, 20064, 29287, 36007, 30833, 22996, 20471, 44276, 42139, 38311, 40062, 43350, 42616, 9482, 41267, 29961, 40152, 30004, 13151, 22579, 45390, 18357, 19953, 45085, 33829, 4183, 27474, 23861, 35926, 11291, 32615, 25577, 38313, 41988, 33877, 42500, 36006, 44081, 44802, 17793, 18317, 33664, 9420, 27513, 44686, 35291, 42276, 41278, 24240, 14716, 43150, 22898, 18256, 41695, 45255, 33035, 38266, 38963, 36139, 41157, 37729, 7566, 45802, 19314, 35856, 25813, 34998, 30893, 22427, 42412, 17898, 45887, 42797, 22639, 24452, 31153, 22461, 33552, 38863, 38824, 36104, 13027, 44981, 35569, 30864, 8168, 10312, 21589, 43654, 22845, 21058, 43974, 33722, 25413, 38108, 28008, 34341, 39317, 33818, 31784, 36023, 20658, 25070, 42276, 21034, 25875, 35889, 34096, 25140, 13232, 34083, 24873, 24265, 35446, 43272, 22537, 14825, 44501, 42387, 44975, 29396, 42503, 44889, 14852, 38434, 20624, 22389, 7675, 10225, 46069, 32642, 30135, 43718, 38932, 43825, 9719, 44972, 16816, 35682, 28046],[43453, 26781, 38436, 43616, 14949, 33435, 41654, 38511, 32505, 30288, 39885, 36151, 19948, -1, 21687, 16385, 19963, 35043, 39932, 39230, 40789, 40565, 35910, 30141, 43726, 32645, 37130, 45507, 39121, 43060, 26701, 32019, 32821, 33059, 42093, 37241, 42642, 20208, 19225, 46225, 22688, 30270, 32437, 20123, 29697, 36897, 31677, 42531, 41705, 35196, 9680, 31571, 44259, 36744, 35010, 22238, 36325, 23974, 43886, 25879, 36145, 38068, 42253, 38938, 37818, 32555, 8356, 26674, 36104, 38696, 24815, 44087, 28742, 14290, 17025, 31100, 41580, 6662, 39864, 5699, 34583, 43792, 33933, 41958, 44197, 27041, 5980, 31502, 17600, 33060, 44564, 7755, 40675, 34267, 13711, 35335, 38494, 41692, 45946, 17875, 34306, 23292, 36817, 45126, 36412, 35168, 40600, 13559, 14442, 42169, 34457, 34341, 40786, 28089, 10689, 20736, 28687, 45549, 35668, 36176, 44902, 35098, 40686, 43143, 20871, 20246, 38520, 22172, 16366, 27011, 22212, 43348, 24382, 33508, 43433, 21112, 26807, 46329, 17099, 10769, 33148, 27257, 19012, 22885, 17795, 31545, 30207, 21256, 18974, 37711, 33224, 35351, 36759, 19301, 25716, 40373, 40272, 26724, 35514, 21472, 43011, 21512, 33706, 23786, 31277, 11220, 32689, 44132, 39521, 20780, 45550, 20009, 45614, 14392, 14770, 35572, 19162, 29573, 39474, 44800, 36559, 43251, 17338, 45200, 45736, 33981, 42923, 33642, 44630, 44538, 38775, 12689, 34645, 37935, 46160, 24866, 32746],[37372, 36377, 41843, 36316, 29825, 41399, 22680, 35936, 38090, 22663, 34122, 29917, 17191, 21687, -1, 6130, 12670, 24891, 43703, 39725, 37513, 7301, 33267, 35639, 17287, 22341, 16809, 37152, 36276, 43576, 30796, 43076, 39689, 27387, 27742, 11068, 17848, 30845, 39438, 42380, 3709, 42493, 14019, 34277, 30412, 37278, 30319, 12116, 15209, 33558, 28252, 33381, 33422, 39017, 11988, 40966, 14133, 23103, 31636, 28887, 29712, 15017, 37074, 25733, 37761, 36649, 20282, 24955, 24357, 19143, 43970, 39357, 19879, 33077, 13457, 42843, 30041, 20293, 31930, 33621, 33327, 32309, 40581, 18119, 46308, 39500, 43041, 43922, 17927, 13470, 36748, 10399, 38302, 30597, 30025, 42797, 39889, 44529, 35992, 45319, 31261, 31931, 32246, 37387, 39967, 34520, 20449, 22379, 32198, 25763, 13697, 27521, 36100, 34035, 27685, 30098, 28785, 43434, 43290, 14893, 35600, 44771, 37377, 15804, 38120, 42586, 17330, 31081, 44397, 20021, 23205, 43938, 23278, 12881, 25220, 33260, 33400, 40776, 20812, 28724, 40758, 25284, 32308, 36680, 21594, 40998, 25582, 32984, 34797, 43432, 24305, 43451, 36576, 31467, 15720, 24406, 35376, 44505, 27475, 42441, 33551, 42639, 20057, 34202, 36020, 30898, 44622, 31033, 33747, 16245, 43975, 43400, 21887, 40707, 34710, 29803, 43269, 36325, 20775, 45917, 44566, 39302, 42308, 45063, 24730, 39472, 29784, 41697, 36414, 27953, 23843, 19110, 16761, 39681, 37057, 38072, 16197],[35773, 29492, 28408, 33199, 33404, 13117, 29163, 38023, 44694, 26338, 45101, 35185, 44861, 16385, 6130, -1, 23981, 8960, 25717, 40777, 40446, 39692, 41169, 25823, 31865, 16385, 22968, 15957, 30906, 39257, 46287, 37470, 36666, 42951, 30951, 14042, 42880, 33063, 46115, 45684, 43911, 38266, 32786, 22351, 44218, 36477, 18032, 30417, 40736, 44352, 9486, 41900, 28749, 39262, 21881, 28424, 32542, 21526, 44361, 42737, 30665, 39630, 43834, 37005, 40874, 41481, 36993, 19888, 31272, 45472, 34219, 35730, 20300, 41553, 22327, 39765, 27872, 39128, 43050, 33770, 45248, 31316, 39087, 44236, 22172, 16399, 34918, 23764, 14931, 30323, 37147, 27611, 29333, 35436, 15507, 5996, 43463, 42041, 44808, 33272, 30378, 40260, 28490, 37177, 19369, 26790, 7402, 38914, 26980, 21702, 36472, 26646, 35703, 32457, 38427, 32324, 34750, 19382, 24982, 30391, 33161, 43067, 40416, 41586, 43274, 42679, 36253, 26310, 23812, 27155, 44340, 27049, 16334, 25140, 38852, 41544, 42220, 13653, 45635, 32496, 36271, 19262, 14149, 42774, 38660, 27835, 33852, 19697, 34943, 15333, 35538, 11809, 29187, 43133, 26872, 35060, 19952, 17597, 44165, 15170, 16666, 23518, 24699, 37795, 16745, 38826, 44804, 23819, 45239, 17197, 37198, 39909, 23493, 40942, 42272, 35979, 5087, 19303, 20267, 29058, 41102, 43180, 18394, 39104, 15388, 18735, 45927, 24699, 35951, 32693, 38977, 20017, 16856, 22157, 30162, 44766, 38814],[41745, 35480, 46041, 15928, 26847, 37834, 29541, 19415, 31555, 10488, 40567, 19482, 41007, 19963, 12670, 23981, -1, 32937, 38846, 43965, 45976, 22431, 19316, 23531, 27302, 39366, 45369, 41667, 40918, 19254, 14782, 32166, 23101, 39263, 42854, 35151, 13386, 36286, 40186, 43750, 38498, 45554, 12864, 31406, 26944, 34372, 27997, 19269, 29658, 26279, 29238, 33366, 34420, 15699, 16915, 35195, 33941, 29857, 43034, 31777, 42862, 44392, 24798, 45087, 29626, 44120, 30767, 41757, 32004, 19930, 36516, 22852, 43661, 28135, 15886, 7850, 41217, 13631, 39279, 32228, 30750, 39651, 10275, 33176, 30233, 35937, 25461, 30946, 30789, 37896, 42279, 4271, 37580, 31152, 42471, 10247, 9920, 42608, 41601, 20996, 9941, 45707, 28971, 21740, 37817, 46103, 39396, 28344, 36508, 36673, 38012, 29228, 36318, 37879, 38414, 23454, 16689, 41322, 44832, 30145, 46139, 27913, 26281, 38571, 23330, 40083, 25714, 32496, 46181, 9171, 28745, 31375, 6635, 34256, 35077, 43396, 37848, 10271, 37949, 6268, 34916, 37687, 15839, 25211, 39775, 25451, 5515, 39151, 33270, 17813, 44139, 21369, 21788, 34551, 27618, 36609, 11162, 21764, 29854, 7727, 45063, 31279, 41247, 38790, 10762, 12119, 38791, 21942, 33254, 33560, 29829, 26364, 28893, 13513, 34795, 23205, 24011, 28928, 27027, 20135, 32553, 34805, 16227, 16384, 34680, 19665, 25071, 14735, 38504, 15794, 35217, 39084, 7683, 18376, 28248, 29031, 41070],[43033, 37200, 29244, 17949, 29466, 35128, 31590, 35945, 32111, 23419, 31493, 9320, 45814, 35043, 24891, 8960, 32937, -1, 6799, 6356, 27709, 17189, 28359, 21466, 39702, 22293, 37172, 41164, 31824, 40290, 12174, 44962, 16196, 46005, 33902, 25327, 34578, 41780, 36627, 21640, 12412, 21654, 41417, 39236, 41876, 43811, 14761, 38333, 45182, 35676, 34578, 12743, 39563, 29355, 28580, 28902, 39939, 9664, 24936, 22335, 10669, 14657, 4698, 17856, 20330, 5852, 43858, 45594, 34819, 27820, 16175, 28524, 42404, 41126, 9293, 24914, 28524, 25521, 33886, 36501, 22652, 29396, 38239, 34581, 13982, 38793, 39823, 34469, 34022, 7834, 32782, 44179, 25683, 43487, 11908, 40418, 35199, 25493, 42223, 14270, 31619, 19277, 35242, 31857, 32068, 44955, 45521, 45883, 40458, 45829, 36138, 14499, 26312, 31664, 41420, 37575, 29478, 29918, 13126, 34339, 37310, 12667, 35819, 31827, 26024, 34913, 45163, 34636, 10597, 30254, 18332, 30192, 28558, 28823, 38314, 45778, 11788, 38176, 26494, 43681, 45807, 21897, 24788, 39954, 14421, 24085, 27890, 9562, 30222, 35669, 40542, 39209, 37167, 24938, 34388, 19773, 20331, 37843, 27010, 34111, 36261, 33854, 33979, 46117, 37239, 44976, 38034, 18422, 26391, 22235, 45992, 36821, 40835, 44699, 14744, 31226, 19505, 28132, 24388, 15748, 46117, 25729, 43860, 37438, 42931, 21147, 41728, 13550, 43379, 30337, 37502, 34009, 44703, 19531, 19178, 27824, 22376],[4073, 43269, 25649, 7935, 10194, 42579, 40993, 31848, 27133, 43862, 29249, 18216, 40959, 39932, 43703, 25717, 38846, 6799, -1, 41151, 20574, 24876, 25552, 38364, 31634, 41589, 43991, 42784, 40698, 45932, 39993, 38009, 34358, 32763, 16835, 36775, 46124, 18465, 35235, 35214, 44876, 29057, 45904, 42291, 44880, 28761, 36781, 19836, 19556, 27109, 25939, 25727, 28855, 39638, 45814, 23928, 42214, 37430, 38735, 851, 23988, 17545, 7961, 17918, 42308, 30617, 17369, 45276, 34247, 30810, 27143, 27810, 43218, 41948, 33372, 20999, 42215, 37296, 32118, 27953, 12982, 43591, 44420, 43391, 21059, 42579, 26208, 41037, 44012, 23049, 10086, 31533, 16075, 18902, 27330, 43357, 45429, 29689, 16438, 27259, 32563, 11611, 36872, 38029, 35454, 31277, 20750, 42906, 21111, 41547, 44638, 26454, 37517, 30809, 32056, 29412, 38454, 32226, 43838, 26450, 36167, 24182, 18558, 43489, 27920, 32098, 22497, 37423, 10047, 28805, 30272, 26572, 27883, 41162, 22998, 21763, 40137, 11154, 26886, 44699, 44659, 20075, 29186, 36196, 31142, 33566, 37944, 24846, 28439, 25379, 41416, 11376, 34690, 10502, 38125, 1011, 8157, 30752, 10616, 24283, 15789, 30078, 33703, 16221, 40103, 45679, 25585, 22223, 36788, 39729, 41338, 24150, 37203, 42984, 32005, 29046, 20721, 39854, 20020, 14714, 33370, 34590, 28669, 45815, 31588, 5061, 43775, 29080, 33459, 33652, 42372, 38489, 42325, 19668, 33845, 24204, 28571],[31547, 30448, 33709, 42308, 7641, 41254, 22670, 32581, 26312, 39056, 28254, 19351, 34878, 39230, 39725, 40777, 43965, 6356, 41151, -1, 29901, 20565, 20576, 33492, 34513, 32788, 44038, 40776, 34908, 14980, 34865, 22586, 34044, 32361, 23845, 29423, 24409, 14510, 34103, 28120, 25376, 3106, 26902, 39919, 45590, 43761, 46023, 43840, 42575, 38039, 43522, 26803, 8404, 33615, 26915, 31587, 40601, 44471, 31130, 17698, 43988, 20677, 11255, 28233, 33261, 45174, 23039, 22439, 45744, 19277, 17870, 36870, 29153, 10605, 34264, 9761, 17743, 29955, 21370, 27315, 25503, 35904, 22440, 21705, 29095, 32348, 43367, 42747, 29389, 27688, 19023, 34885, 28292, 37143, 45744, 16636, 35242, 40289, 39846, 23337, 35330, 31186, 43535, 33168, 15944, 12220, 33675, 27702, 38690, 41596, 30325, 23961, 18815, 8816, 14435, 5182, 35964, 13429, 11694, 10305, 20847, 21200, 16912, 43289, 20187, 36623, 18146, 41561, 7577, 27712, 45159, 45433, 42968, 40478, 36715, 45387, 29534, 16124, 17241, 27361, 28255, 19074, 35345, 27320, 39573, 33612, 39066, 26466, 43166, 42744, 37167, 16642, 25895, 32971, 24366, 38091, 45890, 28385, 17517, 26934, 46290, 39094, 31072, 19689, 44998, 31429, 18863, 31158, 28742, 6099, 27127, 27594, 19623, 37323, 38179, 36936, 45697, 2832, 37554, 42007, 10345, 33438, 20707, 37843, 27485, 32769, 45486, 18613, 42337, 35725, 45430, 18515, 17292, 40362, 35266, 37750, 45322],[18588, 27204, 26276, 42494, 34332, 41594, 43875, 33316, 37312, 26383, 34107, 27691, 16513, 40789, 37513, 40446, 45976, 27709, 20574, 29901, -1, 33932, 20874, 31261, 39611, 40228, 38959, 14562, 41735, 18189, 35484, 38571, 36224, 33190, 39261, 43680, 32793, 37238, 37148, 8966, 36529, 29475, 38380, 27554, 30083, 40371, 41192, 44131, 17378, 41215, 45109, 19570, 26557, 14948, 29309, 32785, 20089, 40176, 4660, 25056, 33394, 39605, 18917, 26836, 35536, 30527, 29415, 45485, 24025, 45750, 40663, 29335, 36522, 28263, 31916, 36883, 39579, 43296, 5222, 9980, 37592, 39526, 41192, 44722, 34746, 33771, 37516, 30575, 29422, 41543, 21748, 41679, 40298, 13552, 36216, 24372, 20947, 39520, 23458, 8277, 45208, 9772, 45047, 23888, 44540, 43305, 27480, 35477, 24598, 42742, 37113, 25472, 41185, 32924, 43146, 22051, 46212, 21341, 40009, 34854, 40669, 34473, 20715, 34092, 19223, 44880, 36658, 44533, 22010, 11741, 8115, 33465, 24982, 33965, 33585, 27608, 14781, 5144, 35416, 29366, 39014, 16471, 38013, 41024, 37847, 40695, 36062, 15144, 45868, 40551, 8189, 11608, 44500, 31878, 43295, 11717, 26411, 41761, 27335, 35178, 32662, 38751, 6308, 11707, 35915, 30794, 27646, 45277, 44995, 33916, 44517, 33854, 37429, 23882, 13082, 11833, 28212, 32616, 34278, 32961, 40481, 13669, 20151, 15553, 38195, 31097, 34361, 26926, 14729, 35821, 25878, 38120, 27678, 8902, 44044, 43780, 28815],[25625, 36457, 24873, 18019, 17510, 20788, 26383, 44596, 26450, 30854, 31468, 43117, 23983, 40565, 7301, 39692, 22431, 17189, 24876, 20565, 33932, -1, 33019, 14645, 12300, 32967, 26250, 43029, 41009, 39883, 36817, 16511, 43837, 30375, 23115, 16781, 18313, 28567, 20908, 22360, 46024, 42984, 23007, 44658, 33514, 39968, 46293, 41779, 45716, 42952, 45676, 24275, 29592, 37069, 28851, 41991, 13204, 33078, 36794, 40943, 28663, 38122, 44786, 41455, 14638, 22558, 18491, 37911, 38407, 11144, 42755, 32903, 23627, 15860, 21939, 41511, 44530, 41380, 39583, 41318, 30430, 45063, 44564, 34205, 30301, 45819, 38665, 22142, 35942, 35290, 39257, 32658, 45681, 27093, 14501, 17605, 29531, 37252, 5608, 7478, 29776, 19263, 37219, 37229, 29394, 34693, 19568, 26843, 32526, 44193, 33816, 28074, 28833, 36791, 10656, 22520, 42043, 28420, 25220, 28609, 40841, 20941, 36845, 9655, 18661, 42425, 42126, 38672, 24257, 46050, 35054, 25793, 39671, 33383, 11972, 41308, 38282, 19841, 45570, 15691, 35542, 28507, 22644, 35268, 39307, 43066, 41323, 16303, 33225, 16106, 11839, 40700, 38518, 45885, 42536, 42525, 33605, 45669, 39997, 41723, 9448, 9032, 40963, 29735, 17506, 41393, 15926, 40575, 32466, 39645, 45388, 41549, 20635, 34262, 34181, 25624, 31881, 37473, 22213, 27395, 33139, 44455, 44177, 33668, 25725, 40393, 36772, 13355, 43708, 43615, 43553, 40286, 43503, 40630, 41523, 41881, 12391],[22234, 20437, 29237, 25876, 17753, 34518, 24253, 46137, 43582, 45015, 19363, 7769, 23765, 35910, 33267, 41169, 19316, 28359, 25552, 20576, 20874, 33019, -1, 41487, 6586, 19961, 33501, 34588, 16896, 34605, 42694, 28573, 41375, 38491, 46079, 42007, 28456, 36387, 40503, 37629, 22108, 18644, 44270, 39169, 41296, 31673, 37197, 35393, 43379, 24335, 15356, 33907, 44973, 38369, 29644, 31405, 45245, 23847, 41030, 23752, 39590, 38167, 39075, 44025, 36472, 37827, 22282, 30959, 20086, 11671, 32534, 15980, 41599, 45618, 19445, 25651, 42815, 36789, 45261, 17302, 37199, 23225, 29091, 43560, 28611, 27811, 43855, 44939, 45848, 19082, 42514, 37036, 31192, 31321, 34248, 26835, 39389, 42116, 11944, 14273, 38645, 15655, 9096, 29944, 17952, 25640, 14285, 20665, 24611, 37475, 9187, 31143, 12650, 27831, 39920, 29647, 24989, 28388, 1708, 45137, 40067, 40735, 23410, 33262, 6796, 36975, 20617, 19679, 45517, 24156, 35396, 10944, 42231, 37204, 42276, 41499, 27109, 33103, 39898, 20965, 27611, 37393, 22089, 28126, 41862, 45383, 15242, 34407, 38916, 27349, 30612, 23919, 37393, 7050, 36494, 40370, 8983, 23153, 34088, 34111, 46171, 31769, 39771, 24011, 39172, 45739, 14718, 17035, 44617, 30766, 17790, 30061, 40014, 36168, 43061, 29906, 41458, 23965, 25032, 41117, 38760, 42547, 30759, 26885, 37592, 27652, 27553, 20575, 33135, 36919, 39688, 27133, 27571, 42169, 6876, 41871, 36696],[36435, 24250, 45891, 35337, 16724, 40287, 25882, 28859, 38682, 24348, 21185, 15917, 38170, 30141, 35639, 25823, 23531, 21466, 38364, 33492, 31261, 14645, 41487, -1, 40080, 39072, 23536, 36885, 42766, 39424, 44594, 18135, 25150, 15086, 41187, 18330, 35981, 29988, 22141, 35870, 39353, 36405, 39022, 18591, 24144, 40686, 41563, 24793, 22170, 44917, 27861, 20297, 21094, 16615, 29386, 27507, 38837, 8182, 17426, 17982, 43765, 25517, 44868, 31272, 39432, 31333, 31298, 23261, 40028, 45928, 29961, 13516, 28640, 11685, 6122, 23992, 44816, 23848, 25214, 44378, 28425, 27322, 39808, 38903, 31393, 41956, 38207, 36680, 24164, 36107, 29675, 5847, 37372, 24642, 21811, 35274, 34765, 41102, 25301, 31432, 16785, 10860, 23165, 22372, 33955, 45279, 36057, 19567, 23024, 27421, 28899, 41452, 40492, 14298, 30617, 45448, 18369, 32781, 24933, 12552, 30171, 34727, 44641, 44626, 30221, 33949, 28179, 35175, 33828, 23155, 39856, 41423, 32755, 29346, 25350, 33338, 11582, 36288, 23384, 44348, 36097, 10630, 16957, 25164, 29174, 30188, 39551, 9573, 37140, 34900, 41362, 35097, 40536, 43896, 41986, 26869, 16305, 10142, 42120, 38970, 29072, 45825, 12540, 41518, 32850, 33566, 43861, 29317, 14678, 29446, 17497, 30166, 36782, 34080, 27794, 7673, 20041, 2548, 38923, 45075, 15680, 43908, 32948, 12607, 39484, 24829, 32023, 29196, 30662, 34794, 44577, 14857, 39659, 41024, 17830, 19424, 34665],[30537, 27171, 27849, 34411, 3394, 21760, 25692, 45315, 40735, 32295, 31680, 32049, 21419, 43726, 17287, 31865, 27302, 39702, 31634, 34513, 39611, 12300, 6586, 40080, -1, 33123, 7070, 45533, 46072, 37736, 40456, 38047, 21000, 34350, 25415, 38067, 40471, 43921, 39601, 29491, 35561, 33061, 36373, 26596, 15587, 16280, 43099, 24975, 40214, 42255, 44780, 45808, 31936, 37921, 42431, 12865, 19592, 31923, 17477, 30031, 20251, 36899, 43443, 42201, 28311, 29789, 25130, 20272, 31630, 35819, 44204, 39766, 10256, 20905, 41338, 23499, 35931, 38685, 20456, 43945, 46189, 33295, 11572, 16628, 31374, 43163, 22319, 43767, 35309, 42496, 19770, 28676, 38867, 18016, 42581, 7782, 12055, 38440, 22536, 2511, 39631, 45067, 37179, 6419, 7607, 43895, 40850, 22855, 39681, 29309, 23592, 44734, 36629, 10899, 22626, 23224, 33419, 22279, 43747, 41286, 8948, 43266, 38536, 36528, 38358, 32247, 19224, 37637, 28922, 28798, 45098, 34263, 35372, 45442, 30825, 35979, 24706, 34407, 45818, 44508, 31922, 44144, 41942, 30902, 40565, 8822, 44422, 39288, 35404, 45217, 36745, 43933, 26507, 16650, 40237, 23161, 36249, 42448, 9215, 46232, 32075, 33731, 37429, 45207, 45741, 28606, 35868, 38675, 45317, 20226, 38965, 32908, 14506, 16614, 42007, 45530, 30482, 31417, 38324, 27674, 42269, 38131, 23907, 18577, 20244, 42787, 24185, 39574, 5405, 42623, 24084, 42181, 27382, 14687, 37659, 45162, 24926],[43778, 40476, 27682, 31358, 23413, 30631, 41942, 14707, 35442, 45782, 37753, 37158, 7252, 32645, 22341, 16385, 39366, 22293, 41589, 32788, 40228, 32967, 19961, 39072, 33123, -1, 21174, 19147, 7560, 13854, 37348, 27722, 45311, 37769, 35980, 20305, 17581, 45821, 35566, 27774, 36516, 32129, 45860, 13048, 37913, 40765, 35934, 34324, 28210, 32795, 35790, 38304, 15619, 35199, 28701, 9077, 24763, 12073, 43093, 40869, 25396, 17221, 29736, 19842, 42343, 37875, 33305, 20682, 43757, 28525, 42937, 34405, 29932, 35334, 39034, 32520, 34145, 33008, 23138, 34946, 25102, 22872, 34529, 23744, 42837, 33588, 30945, 45340, 26343, 36935, 24640, 37280, 15744, 42032, 39796, 23949, 39770, 24741, 46136, 28559, 43409, 30690, 17710, 9159, 25332, 37730, 12478, 45197, 25001, 33938, 37852, 12996, 26480, 38498, 33665, 44683, 30834, 38596, 32280, 31266, 33499, 8200, 37638, 11333, 41802, 46038, 36193, 44448, 35442, 24733, 36222, 15334, 42318, 43045, 42551, 25811, 26431, 45711, 40366, 19381, 31583, 29925, 34733, 40208, 13317, 22107, 42298, 32399, 17978, 17176, 11960, 40475, 46198, 15719, 35483, 44695, 38135, 45360, 19288, 31819, 34959, 34510, 41182, 31442, 30498, 12240, 37336, 37963, 32675, 27056, 25881, 16836, 21999, 25937, 21184, 28650, 11994, 36683, 35959, 29609, 46328, 36646, 33223, 8716, 41602, 30357, 33093, 35316, 26132, 39942, 19392, 32435, 36927, 15223, 19347, 11188, 20998],[23072, 35696, 38101, 38454, 38988, 35910, 21207, 33449, 42056, 25656, 40941, 37730, 39774, 37130, 16809, 22968, 45369, 37172, 43991, 44038, 38959, 26250, 33501, 23536, 7070, 21174, -1, 4217, 16242, 37476, 27011, 40466, 37173, 38648, 21661, 7022, 18217, 29756, 38632, 20940, 45249, 24905, 41768, 38933, 27232, 29765, 31498, 31066, 34633, 38174, 33315, 32477, 32771, 4301, 45003, 33636, 39293, 22862, 30925, 17535, 29182, 39520, 42143, 36451, 29369, 46242, 35355, 28920, 14741, 35278, 31484, 43931, 15021, 11609, 44481, 35052, 29068, 42621, 31231, 34141, 20351, 29307, 9484, 43686, 24594, 41918, 22459, 46178, 27499, 30290, 24784, 12354, 31855, 41067, 37615, 23828, 41673, 25127, 27940, 40448, 15957, 38643, 39925, 37371, 23848, 32491, 19462, 25860, 20785, 45554, 33327, 44207, 26515, 45325, 42962, 16684, 42996, 38230, 28582, 37818, 30551, 30953, 44702, 38724, 36554, 32042, 43926, 46238, 37830, 22653, 35495, 22048, 33414, 29802, 37154, 30533, 8247, 29159, 25346, 24802, 39307, 31083, 36944, 10488, 28249, 25633, 40873, 32972, 36227, 4404, 42496, 42780, 31907, 29952, 10719, 45449, 33721, 36450, 35279, 6112, 33855, 23515, 44503, 12275, 35311, 39873, 27049, 34317, 29320, 36833, 42982, 22659, 45294, 46285, 33296, 42633, 6064, 45128, 23732, 33757, 20336, 21071, 17943, 22847, 45484, 30515, 23555, 40455, 42473, 42273, 45831, 46124, 14325, 29287, 6557, 14349, 45070],[41992, 42864, 37303, 38716, 33942, 38010, 43551, 12703, 15897, 21278, 25535, 45471, 31833, 45507, 37152, 15957, 41667, 41164, 42784, 40776, 14562, 43029, 34588, 36885, 45533, 19147, 4217, -1, 42638, 43300, 33292, 36513, 19559, 37311, 15162, 41950, 31044, 16209, 15519, 24928, 22442, 8641, 33357, 43332, 28715, 30654, 30519, 28248, 18905, 3925, 35520, 19848, 26098, 31247, 36511, 36205, 42821, 21133, 15282, 14805, 24740, 25576, 23379, 23159, 24323, 35902, 22540, 21227, 40519, 24422, 36936, 44927, 37775, 38113, 38472, 15816, 42783, 36413, 30979, 20004, 32733, 39484, 29041, 44552, 33685, 18205, 32517, 37898, 28297, 40285, 36152, 39460, 27546, 39036, 28581, 39497, 29855, 43233, 38561, 15100, 41582, 25407, 39658, 40853, 19200, 43027, 26011, 42272, 33104, 41492, 37717, 31304, 21230, 39935, 7914, 23859, 29661, 14589, 35007, 18934, 43362, 43407, 42024, 25697, 39867, 31899, 34086, 34746, 20209, 45387, 45166, 29801, 34011, 27856, 26127, 42316, 35297, 36959, 37915, 28721, 41174, 25749, 34873, 8544, 22683, 8282, 18561, 39707, 33488, 32990, 35203, 39024, 34534, 40560, 22690, 36572, 45088, 37907, 34985, 44361, 34451, 16260, 40035, 40515, 32097, 24683, 45542, 2997, 45190, 15556, 44776, 13318, 35135, 45082, 45066, 30335, 40615, 34961, 28942, 41816, 45163, 38664, 39639, 27039, 21883, 41509, 12348, 42113, 33332, 21568, 45945, 44324, 29522, 43726, 45468, 27499, 44965],[30425, 42283, 39474, 18491, 42051, 12054, 39471, 40311, 37766, 41842, 41301, 31181, 43644, 39121, 36276, 30906, 40918, 31824, 40698, 34908, 41735, 41009, 16896, 42766, 46072, 7560, 16242, 42638, -1, 42147, 38724, 30086, 16972, 34363, 42418, 25611, 40632, 45293, 39627, 31192, 43911, 44957, 37733, 31348, 21324, 33402, 15212, 11878, 41654, 24124, 39391, 23311, 18968, 33506, 37232, 42304, 38651, 33618, 38157, 13532, 34598, 26384, 8758, 43408, 43422, 38613, 14979, 46055, 25506, 17771, 31528, 5802, 38433, 13946, 43736, 35941, 44199, 39098, 22709, 11827, 12518, 7009, 32301, 8134, 42429, 44082, 27050, 36794, 33275, 37086, 44387, 40158, 21898, 35368, 34457, 25232, 6144, 39917, 44423, 45345, 33833, 43340, 36567, 36607, 18537, 22020, 35231, 37881, 22075, 27859, 16720, 33931, 32181, 41905, 42861, 30744, 21950, 25624, 39027, 25328, 32752, 43521, 35670, 32752, 43890, 43879, 27300, 22941, 45803, 18203, 7439, 22755, 4249, 20215, 39091, 34510, 19679, 26269, 42610, 33560, 32850, 23782, 45656, 31967, 42145, 30240, 46011, 38436, 30618, 33595, 45346, 36338, 45661, 30293, 10921, 43273, 41829, 44379, 17356, 41854, 31423, 20708, 35054, 19844, 22549, 28644, 24322, 37027, 33519, 27244, 11945, 44055, 30007, 36535, 22981, 31103, 43884, 37263, 29613, 33001, 41128, 39247, 11295, 24033, 33456, 29005, 5786, 43090, 34370, 19811, 35485, 44372, 39399, 9673, 28747, 21927, 14332],[42312, 43918, 16347, 18447, 27371, 17282, 7462, 32870, 22772, 46102, 22540, 43067, 32533, 43060, 43576, 39257, 19254, 40290, 45932, 14980, 18189, 39883, 34605, 39424, 37736, 13854, 37476, 43300, 42147, -1, 45621, 6407, 41114, 4518, 44489, 44325, 42949, 12809, 36988, 30424, 32518, 39576, 18309, 35886, 32752