153
[[-1, 37250, 32135, 36936, 28421, 16577, 19150, 23371, 12217, 39640, 39991, 30679, 1928, 24886, 38708, 41889, 43834, 39710, 15842, 37796, 25295, 32919, 31285, 40704, 19953, 36670, 38364, 15874, 42683, 43086, 34123, 37751, 40539, 41921, 40559, 44492, 12083, 42084, 36830, 31826, 21266, 42893, 45063, 14775, 18433, 34026, 41044, 22973, 44305, 43076, 34914, 37775, 45016, 36672, 22409, 42698, 33413, 33004, 21719, 29104, 42868, 41140, 4817, 4680, 3639, 27540, 41310, 38634, 43783, 44961, 18151, 30556, 28726, 39040, 16327, 11648, 40212, 15685, 34274, 42977, 29339, 24230, 34250, 46055, 44436, 23455, 40645, 36751, 15616, 26307, 41840, 39389, 44313, 44091, 37500, 13426, 39789, 24480, 29964, 27408, 27200, 39650, 20653, 12413, 6372, 37727, 33298, 39091, 25547, 40959, 19012, 43640, 23982, 11974, 25845, 33509, 34535, 29570, 19866, 37049, 30648, 41193, 39681, 24674, 18800, 38706, 22893, 21867, 37487, 39057, 30492, 31939, 46133, 46186, 36425, 39912, 45881, 23139, 34793, 21868, 16983, 39903, 41364, 10655, 20302, 43383, 1093, 21575, 34680, 16450, 37757, 42172, 44083],[37250, -1, 30592, 42246, 25997, 44152, 16660, 39196, 34480, 32233, 41163, 32796, 42381, 42171, 12596, 26585, 37270, 43383, 37053, 27331, 38337, 42786, 37525, 38878, 32989, 23874, 21597, 46106, 39205, 29511, 20124, 43730, 14409, 37336, 16847, 33981, 40350, 42771, 15477, 40319, 41407, 4283, 22901, 46282, 11261, 44203, 35974, 45227, 23889, 6470, 45432, 13316, 41974, 42332, 31296, 35911, 28412, 43667, 36135, 10544, 25607, 42485, 41022, 22372, 38616, 31186, 11173, 28424, 33679, 44231, 4634, 37047, 34870, 20862, 39962, 40479, 13421, 36857, 38909, 36288, 20027, 28781, 29782, 4983, 34680, 42877, 29972, 34578, 38514, 44397, 5426, 22386, 38258, 42673, 20189, 26903, 40710, 5936, 26507, 39718, 44604, 46284, 36316, 33646, 11852, 42580, 43005, 32354, 22901, 30314, 28268, 16290, 17778, 8503, 18138, 46203, 37006, 14660, 43088, 29997, 44472, 39222, 26021, 38002, 18374, 15505, 13379, 45897, 43829, 32220, 38642, 19898, 29096, 38167, 36384, 35534, 36059, 16081, 27398, 42287, 21231, 33389, 23562, 39395, 46251, 26879, 32173, 33532, 26635, 41005, 10772, 44396, 45398],[32135, 30592, -1, 31150, 16305, 36812, 41288, 39754, 9167, 12858, 20966, 31378, 32937, 44756, 20873, 30855, 38153, 34215, 38125, 30513, 36465, 44921, 4374, 37534, 30884, 5556, 28169, 41296, 36827, 37315, 27598, 22466, 14600, 41516, 18829, 30766, 25288, 31647, 42339, 34387, 30750, 37436, 14459, 45979, 11247, 39599, 9468, 27204, 42865, 23861, 40604, 40548, 36420, 37939, 36344, 31604, 34382, 32405, 36429, 38100, 29234, 42382, 27075, 21748, 40828, 30908, 27095, 20162, 19720, 24673, 30482, 23945, 42598, 28619, 39377, 23354, 32834, 23432, 30325, 43244, 33740, 43518, 37882, 24891, 41178, 32541, 27059, 37893, 20059, 43769, 31830, 34175, 4800, 26232, 20639, 34003, 3323, 10368, 29211, 18273, 15950, 19172, 46324, 44849, 32320, 36764, 36872, 16675, 31153, 34894, 21775, 32613, 41424, 39349, 6421, 32252, 9627, 32880, 43562, 35029, 39148, 28111, 19268, 29554, 25351, 45091, 26813, 28522, 44094, 42124, 35552, 17542, 17526, 13762, 16707, 45442, 20439, 32595, 21040, 19919, 20903, 21678, 16068, 22377, 45304, 42397, 14012, 39130, 10498, 43624, 29393, 6177, 38782],[36936, 42246, 31150, -1, 33890, 44325, 38163, 13066, 19728, 31983, 26416, 44530, 5466, 45028, 31841, 24970, 32887, 33445, 33351, 41715, 30370, 6536, 26626, 37846, 44925, 21616, 29295, 35294, 37645, 43011, 32781, 43264, 43478, 46270, 46085, 44512, 45620, 32120, 43111, 42392, 42435, 43813, 38394, 39694, 25828, 42689, 5888, 21190, 34415, 32494, 31851, 31444, 37900, 41147, 22196, 8352, 44824, 33270, 31642, 26019, 42862, 41627, 25998, 36520, 3637, 40520, 34750, 23474, 32586, 34971, 31145, 23034, 25838, 26305, 33459, 18633, 33053, 39922, 43861, 44874, 16949, 39343, 36563, 37748, 27554, 45189, 35298, 40794, 3668, 39889, 12133, 32635, 31192, 34969, 40233, 35187, 34875, 26168, 39532, 34875, 29401, 3931, 45942, 38706, 19589, 37274, 12548, 36855, 31593, 16263, 10676, 42732, 20931, 38098, 30799, 19004, 15460, 33237, 44338, 23079, 11191, 38047, 29604, 10757, 26855, 30800, 31009, 22052, 38441, 31093, 24874, 8910, 10374, 26666, 39075, 42682, 34904, 41574, 35025, 22264, 24243, 37540, 6257, 31850, 22270, 7493, 21787, 39300, 40658, 26591, 34293, 25113, 16700],[28421, 25997, 16305, 33890, -1, 34519, 29207, 43521, 34277, 20981, 37085, 32370, 19252, 45206, 20775, 28491, 43805, 35560, 27751, 36918, 37975, 30177, 34957, 46311, 19259, 30060, 27941, 39901, 38707, 45518, 28001, 22236, 26000, 29734, 16008, 29901, 45283, 39619, 44532, 35149, 3993, 35774, 27558, 5431, 29350, 27010, 33463, 36734, 42610, 26771, 37470, 19835, 41041, 27127, 28585, 12511, 32984, 43826, 38480, 44044, 45403, 45442, 39462, 45851, 43628, 38368, 38107, 46177, 13072, 15630, 43327, 46093, 32800, 35873, 40572, 13557, 28533, 26354, 35159, 29294, 25446, 41933, 15127, 32561, 45884, 24540, 44778, 35565, 11722, 18090, 36877, 31739, 24162, 14931, 30947, 28177, 17821, 32127, 30952, 22745, 36599, 29871, 36807, 19405, 43005, 41079, 45312, 37554, 10751, 20356, 26026, 27807, 30280, 23735, 14359, 43089, 30286, 42981, 13184, 46201, 32144, 39405, 44475, 41686, 32945, 33064, 24779, 15746, 43335, 45587, 26291, 24426, 35765, 41019, 40021, 27235, 6822, 38205, 42537, 26172, 30828, 16595, 22516, 16301, 15112, 35193, 40367, 28936, 29978, 35004, 9283, 34768, 32210],[16577, 44152, 36812, 44325, 34519, -1, 28198, 44209, 30084, 34416, 26822, 23973, 26307, 37605, 42327, 30652, 32481, 45637, 36192, 33626, 43106, 30337, 39826, 42435, 41978, 20214, 45532, 46037, 15546, 39852, 44075, 35532, 28437, 30687, 38749, 24120, 25375, 41569, 45823, 43144, 24150, 24677, 36984, 11494, 20080, 45875, 27220, 29383, 27824, 39160, 46065, 30535, 37439, 10819, 35811, 42900, 33778, 18064, 37836, 23742, 30360, 42181, 25802, 23369, 43327, 27431, 41751, 40797, 26699, 18736, 28414, 34619, 40799, 40642, 42814, 26997, 44127, 40586, 39505, 44709, 38356, 30150, 36968, 11359, 35761, 45722, 35997, 20638, 37790, 34868, 32344, 32233, 14455, 34317, 33647, 20901, 40341, 32006, 43453, 23693, 32346, 40153, 40322, 11260, 33613, 17627, 32338, 23349, 42301, 19321, 43207, 45202, 34821, 17745, 23191, 33368, 38699, 31005, 41278, 36821, 40808, 34066, 31306, 18734, 41837, 42724, 24310, 38337, 41120, 45133, 30833, 24949, 37720, 19289, 34332, 22131, 42361, 46333, 16995, 33370, 44386, 46088, 9708, 37807, 33742, 41108, 15307, 39238, 40476, 12298, 40733, 33367, 44024],[19150, 16660, 41288, 38163, 29207, 28198, -1, 34846, 46312, 19649, 41323, 38969, 39634, 11411, 44161, 1571, 40395, 35645, 39408, 37922, 32586, 39051, 39157, 22142, 39456, 29427, 44732, 10992, 31673, 34353, 37908, 38252, 21253, 39444, 17913, 32864, 39990, 44139, 42139, 45950, 34704, 40779, 43529, 21704, 27752, 880, 41385, 40019, 11130, 29092, 4984, 29089, 13510, 29881, 34901, 36379, 40137, 20133, 36459, 27042, 23871, 4010, 15589, 25391, 39799, 26448, 34839, 41427, 28774, 15579, 40278, 29920, 16050, 38086, 36337, 33449, 30398, 13952, 20927, 27672, 38926, 38025, 36175, 32728, 36729, 43296, 25244, 32990, 20782, 40314, 40219, 29492, 40882, 44088, 45397, 10708, 28880, 7955, 32444, 39674, 35464, 35613, 33061, 23475, 31867, 46271, 10955, 30017, 28525, 35701, 45137, 41423, 43929, 25705, 8337, 45376, 43123, 28108, 12557, 43820, 21416, 38056, 27555, 46134, 44955, 16044, 45275, 38705, 32384, 39637, 27070, 29506, 34074, 37885, 32263, 25027, 30154, 32313, 28072, 46156, 31284, 45700, 32321, 23893, 40002, 43759, 2634, 771, 37831, 42762, 33283, 38083, 36704],[23371, 39196, 39754, 13066, 43521, 44209, 34846, -1, 21672, 39371, 14577, 15932, 12846, 9659, 32109, 10802, 44829, 34397, 27147, 40606, 32371, 36742, 42932, 34873, 34530, 34614, 40528, 11841, 24117, 44711, 16322, 15137, 15082, 30629, 14866, 20352, 37756, 42858, 13584, 23420, 41668, 22081, 46272, 37430, 29678, 37138, 27537, 29367, 32743, 6393, 31031, 23272, 32879, 24306, 17173, 27898, 31365, 26675, 30747, 45811, 31454, 42034, 44793, 33686, 39269, 40978, 37304, 28941, 18128, 41059, 31934, 38022, 28785, 45398, 17074, 10793, 20953, 44358, 33636, 38009, 27109, 43834, 40397, 37932, 38616, 28893, 33481, 37502, 37224, 26610, 20796, 12974, 31102, 43498, 5207, 38513, 13070, 18550, 14172, 42476, 45544, 43489, 36121, 21551, 31488, 26130, 27158, 38109, 44782, 7129, 46340, 30536, 19548, 23647, 42781, 38231, 44909, 20034, 15210, 16976, 38413, 44011, 30831, 19430, 45209, 39688, 27980, 20881, 28540, 34618, 20376, 34805, 26316, 39206, 34654, 27425, 19706, 41652, 16420, 40844, 41940, 37282, 8559, 38628, 25549, 38363, 45076, 21536, 30702, 21699, 37496, 35191, 41105],[12217, 34480, 9167, 19728, 34277, 30084, 46312, 21672, -1, 32728, 13775, 15567, 32261, 11450, 13530, 23989, 31574, 27312, 40409, 18629, 42870, 34393, 32145, 26378, 20299, 32919, 43849, 29212, 39646, 25182, 16458, 15910, 37993, 8011, 45496, 27744, 36023, 23633, 14479, 31496, 25145, 27042, 41282, 45524, 32878, 28226, 43693, 39619, 33900, 37728, 27540, 45182, 36997, 41713, 30575, 38021, 17721, 36800, 15371, 3942, 30042, 45411, 29116, 32207, 29033, 26211, 24286, 45721, 46273, 10870, 42510, 25478, 12640, 44947, 22918, 16810, 25977, 32919, 44467, 33249, 38878, 10950, 21170, 7212, 43769, 41477, 18846, 13900, 37774, 45884, 43002, 35812, 44139, 32102, 38430, 44171, 20628, 35844, 43954, 41108, 40432, 24053, 46192, 40475, 42632, 14913, 43692, 11599, 14628, 29511, 42335, 29464, 44629, 34825, 18693, 11707, 24907, 45492, 15220, 26087, 38282, 35357, 38493, 39976, 42821, 40040, 26411, 34317, 33984, 31990, 27104, 29497, 31842, 18987, 42425, 13489, 39086, 20939, 38938, 40664, 31887, 32882, 15011, 35909, 42446, 32717, 21840, 44939, 44951, 18256, 19412, 33068, 35747],[39640, 32233, 12858, 31983, 20981, 34416, 19649, 39371, 32728, -1, 26413, 45195, 17578, 43521, 39593, 40828, 37300, 27325, 40054, 21156, 28999, 28276, 25742, 38972, 33595, 21100, 18103, 42535, 19316, 34927, 38943, 35063, 40546, 9489, 40710, 18147, 17894, 21217, 30416, 40928, 40948, 20823, 46183, 23360, 31666, 44952, 10697, 22097, 25967, 31756, 23774, 14341, 3543, 32501, 35953, 36887, 44019, 30319, 46301, 30732, 8043, 21266, 46218, 27525, 38724, 32877, 29109, 35693, 36573, 29869, 22580, 34463, 40359, 38103, 5393, 24579, 44627, 33789, 43282, 45335, 34585, 16653, 44965, 9531, 38992, 38065, 40236, 28522, 39846, 35403, 25267, 29201, 26985, 26310, 27541, 33116, 21124, 37547, 36813, 30323, 31686, 31480, 36803, 40816, 46219, 38442, 31130, 15084, 44943, 36540, 39139, 44458, 34422, 29347, 14968, 32227, 31279, 33423, 34587, 27558, 36507, 16134, 34362, 44425, 36809, 30004, 19047, 7039, 43535, 33050, 23468, 35912, 30269, 30827, 39528, 15920, 14540, 17401, 7850, 12935, 42525, 41524, 25516, 34078, 34493, 34746, 29619, 40271, 21155, 13341, 44823, 27160, 31736],[39991, 41163, 20966, 26416, 37085, 26822, 41323, 14577, 13775, 26413, -1, 12376, 37645, 22913, 22237, 25015, 42745, 23820, 22619, 41242, 17374, 43072, 26258, 10338, 20382, 42909, 18314, 43924, 17107, 15464, 40006, 5805, 45777, 42416, 15866, 25121, 27819, 45689, 38968, 41633, 26154, 15529, 29339, 26279, 36463, 44687, 29908, 33060, 24355, 40315, 36805, 40467, 24874, 29366, 38350, 38816, 41974, 36162, 29424, 20665, 43920, 14333, 13766, 31578, 37053, 46193, 33875, 32964, 39948, 41995, 36206, 25736, 43459, 45378, 12415, 44258, 40831, 41071, 37247, 10863, 35008, 41894, 37579, 41125, 37310, 20927, 38170, 34885, 17562, 36806, 17664, 38534, 40382, 41322, 12050, 36000, 33462, 4009, 22054, 43447, 5659, 22235, 30312, 31357, 44548, 31824, 29347, 14366, 34364, 21671, 26939, 42218, 40105, 25127, 38753, 28590, 14136, 41218, 41156, 44433, 8294, 43500, 43280, 18472, 26382, 16210, 29467, 28577, 33019, 28912, 43345, 44441, 12774, 16819, 17870, 45883, 32384, 35210, 33545, 40127, 26935, 32479, 36752, 41367, 28784, 45233, 12007, 22798, 23099, 25447, 34827, 18518, 25988],[30679, 32796, 31378, 44530, 32370, 23973, 38969, 15932, 15567, 45195, 12376, -1, 42773, 41703, 41382, 36971, 22715, 23467, 44756, 31190, 36583, 33726, 28299, 28641, 6622, 39373, 26336, 27183, 44005, 38614, 39582, 5478, 32486, 41323, 23765, 33128, 38313, 17009, 33967, 30254, 28275, 39294, 45450, 43526, 43871, 26372, 43959, 41943, 35052, 44731, 35490, 11934, 24341, 44063, 17604, 43064, 44477, 32075, 39806, 31323, 34936, 11814, 40597, 40001, 14764, 18858, 23567, 41714, 41453, 36406, 39552, 18220, 42290, 21062, 45325, 44208, 31883, 41095, 40179, 30116, 34274, 14436, 18655, 26394, 33256, 40412, 34723, 45705, 24369, 42868, 44944, 40841, 19464, 45601, 31405, 37904, 14567, 30435, 30771, 31092, 44501, 38962, 43318, 28407, 28890, 28722, 19628, 36604, 44625, 9316, 39139, 32825, 38361, 17993, 37046, 24531, 28257, 35758, 34540, 38499, 23213, 21640, 40266, 40647, 22218, 27930, 42463, 45247, 19295, 27947, 29019, 28057, 20256, 43088, 46266, 41726, 19756, 42456, 41397, 38012, 43579, 43285, 35952, 39190, 16168, 43760, 32410, 25298, 32729, 38723, 41034, 44356, 23621],[1928, 42381, 32937, 5466, 19252, 26307, 39634, 12846, 32261, 17578, 37645, 42773, -1, 31615, 44049, 31258, 39962, 10908, 37577, 25451, 18316, 3418, 23406, 42103, 2517, 29341, 12178, 20691, 20456, 5032, 40785, 31064, 39182, 6119, 33989, 36320, 41473, 18379, 23106, 41940, 41542, 32075, 44962, 41753, 41970, 31059, 27445, 29265, 39701, 28888, 45438, 19938, 4903, 22473, 30092, 14242, 21908, 20508, 43602, 33225, 15060, 44031, 15846, 13535, 3635, 30072, 37409, 27366, 39827, 39217, 36241, 36012, 32319, 33035, 20550, 45074, 29166, 38717, 42765, 12752, 14554, 43830, 39317, 41296, 41148, 34228, 26741, 20465, 36312, 19820, 43814, 43350, 43874, 41791, 12042, 16996, 34302, 17386, 19460, 24780, 6493, 42014, 28963, 12507, 36466, 36094, 35339, 35068, 33359, 37885, 25340, 46105, 44307, 42829, 22648, 41561, 43278, 4058, 38404, 41935, 32308, 34642, 12494, 38088, 31257, 27710, 28851, 26152, 43790, 38908, 40780, 41191, 36570, 33708, 38153, 26458, 36123, 25323, 37766, 44034, 24806, 20635, 39737, 22977, 18430, 39412, 38042, 29583, 30973, 13555, 43933, 38558, 36853],[24886, 42171, 44756, 45028, 45206, 37605, 11411, 9659, 11450, 43521, 22913, 41703, 31615, -1, 42874, 41075, 41715, 31164, 41657, 12736, 34122, 45208, 11014, 18676, 25979, 45166, 34831, 35790, 32234, 25664, 45496, 35184, 41007, 25459, 42589, 40179, 44478, 38845, 40861, 42507, 40921, 44047, 12126, 36008, 26200, 37175, 23890, 15603, 40548, 46320, 36752, 8848, 18761, 41452, 32179, 31457, 10134, 616, 45911, 35010, 31545, 10799, 41593, 45865, 26225, 46051, 8852, 41187, 9058, 20788, 18328, 24823, 29124, 29302, 11303, 39289, 32128, 45551, 9234, 41732, 46003, 38901, 31632, 32940, 44977, 21290, 28791, 36580, 32084, 45812, 24887, 41165, 34906, 35423, 43920, 41242, 42259, 41082, 24691, 28845, 15950, 35668, 21135, 30774, 31797, 12011, 30378, 27815, 26915, 22797, 26702, 33964, 31981, 34600, 33548, 12696, 31149, 32383, 15238, 7963, 38135, 7526, 38317, 43434, 44530, 41205, 20997, 29694, 38371, 43655, 32419, 29763, 38770, 33671, 19519, 5934, 35443, 41364, 9513, 40408, 42256, 39572, 41102, 25249, 41610, 27598, 38589, 38109, 46019, 25965, 45572, 21529, 34298],[38708, 12596, 20873, 31841, 20775, 42327, 44161, 32109, 13530, 39593, 22237, 41382, 44049, 42874, -1, 30566, 14021, 7121, 39078, 34035, 31697, 28701, 41770, 3810, 30555, 42846, 28272, 27584, 38173, 28277, 31477, 3855, 45339, 38372, 45867, 40217, 19403, 45450, 17862, 19862, 42386, 13389, 46218, 43006, 11987, 37260, 28448, 24173, 12610, 39374, 33366, 38704, 42469, 24575, 26314, 5747, 44430, 33413, 33095, 14663, 20427, 34214, 22671, 34572, 2997, 42976, 11831, 15259, 20105, 23931, 31238, 39785, 15711, 36616, 27362, 42750, 36711, 38133, 42319, 44326, 26053, 24887, 42302, 36532, 39016, 32022, 35292, 10025, 42425, 46003, 43592, 37488, 36301, 37354, 44334, 42538, 42354, 39858, 31372, 27769, 45258, 35244, 38245, 43220, 35563, 44549, 32032, 37935, 18011, 42355, 35280, 31173, 10556, 40461, 11712, 20458, 32116, 40640, 7487, 22007, 46277, 33714, 5913, 33257, 21403, 14483, 28384, 46156, 38023, 43339, 38881, 25492, 37836, 10849, 31064, 36325, 11402, 39286, 23296, 43229, 38817, 11602, 16948, 30441, 41516, 15946, 44928, 42516, 5086, 16342, 44972, 29826, 37928],[41889, 26585, 30855, 24970, 28491, 30652, 1571, 10802, 23989, 40828, 25015, 36971, 31258, 41075, 30566, -1, 18585, 30182, 44340, 10096, 33780, 37607, 38757, 44036, 31729, 15929, 40943, 37274, 42415, 36127, 40236, 11496, 31865, 35649, 45971, 28494, 12515, 39335, 25537, 44610, 32311, 14173, 43132, 40988, 38059, 38650, 30347, 10305, 25160, 45167, 36127, 20554, 29219, 11180, 26751, 9825, 38804, 17599, 40786, 9623, 37200, 21764, 26747, 27328, 25700, 18695, 18352, 40437, 41046, 41607, 42222, 25390, 34083, 18560, 30201, 19483, 44078, 45296, 29910, 45829, 23705, 22601, 43433, 21744, 44100, 27432, 24548, 44072, 28237, 41434, 38104, 29665, 30682, 32173, 41299, 28699, 42443, 45994, 32159, 31093, 34046, 37498, 39376, 42071, 44847, 27774, 27497, 40626, 30762, 15809, 12412, 17132, 38399, 17135, 34896, 44899, 22227, 45095, 18170, 37413, 29232, 28486, 41625, 36784, 43212, 39403, 26940, 30020, 46267, 39377, 23834, 42545, 41273, 37914, 42310, 27503, 38433, 42531, 40208, 30324, 41287, 40698, 20500, 38179, 22387, 45867, 33913, 23096, 3346, 44455, 10297, 20331, 22882],[43834, 37270, 38153, 32887, 43805, 32481, 40395, 44829, 31574, 37300, 42745, 22715, 39962, 41715, 14021, 18585, -1, 24767, 42418, 39756, 46188, 29918, 36338, 41735, 35195, 45020, 42716, 20509, 10447, 32983, 8622, 13568, 17624, 27774, 37194, 39958, 38988, 17585, 31950, 27661, 40165, 35065, 37876, 41564, 36433, 19289, 45011, 14678, 21143, 34632, 44175, 42045, 41979, 17179, 5278, 6763, 35137, 43705, 36987, 20664, 27179, 35484, 26343, 27488, 35899, 22848, 18756, 20800, 33472, 41950, 9230, 39413, 39002, 41958, 42261, 24455, 23615, 39321, 33573, 28068, 28460, 31992, 34662, 40277, 32552, 43556, 10983, 45741, 35039, 35233, 34601, 18282, 24341, 40315, 21420, 32899, 19912, 36619, 17483, 31696, 27852, 18539, 8301, 32375, 20551, 26354, 35834, 39994, 7338, 46150, 35812, 32895, 44800, 10855, 27164, 24323, 39398, 36681, 41198, 12723, 42142, 30546, 45360, 29363, 24608, 7755, 33510, 36785, 15011, 41697, 28206, 19381, 45122, 39222, 36458, 39162, 27350, 44025, 31052, 30472, 37910, 22763, 37462, 44449, 43071, 5472, 33786, 35985, 45789, 44877, 25252, 38092, 12186],[39710, 43383, 34215, 33445, 35560, 45637, 35645, 34397, 27312, 27325, 23820, 23467, 10908, 31164, 7121, 30182, 24767, -1, 22431, 45583, 32538, 5946, 18186, 17472, 45958, 5310, 16391, 44195, 35678, 9873, 24925, 34331, 10904, 4756, 45577, 16535, 42709, 44317, 29505, 46182, 35571, 39350, 13467, 32294, 42108, 17794, 23299, 40381, 40255, 45166, 24692, 43544, 43096, 30213, 19062, 43352, 36364, 39577, 34666, 10288, 24214, 21271, 29427, 18645, 38059, 38817, 25326, 26626, 6866, 7295, 46252, 40298, 44282, 38010, 37428, 41393, 19932, 40645, 24668, 36090, 20516, 38630, 38805, 32292, 13742, 26321, 10696, 20606, 21451, 28572, 22660, 24299, 34518, 31074, 10366, 39802, 34273, 37329, 41101, 37017, 41160, 28551, 20138, 42340, 45994, 10209, 11572, 6547, 15436, 19437, 23071, 3698, 42443, 27552, 44750, 44684, 38799, 14338, 28928, 9950, 45693, 46054, 37864, 44317, 17862, 45864, 37467, 35173, 9956, 43935, 45624, 27379, 44151, 30791, 19373, 24400, 20731, 25111, 32354, 29872, 43104, 34783, 45385, 39956, 28026, 43090, 44760, 38198, 25215, 30150, 38776, 22832, 38210],[15842, 37053, 38125, 33351, 27751, 36192, 39408, 27147, 40409, 40054, 22619, 44756, 37577, 41657, 39078, 44340, 42418, 22431, -1, 10534, 41860, 27018, 41538, 44514, 44539, 25147, 15206, 37888, 29924, 8736, 45365, 40665, 32124, 34351, 24339, 26467, 36229, 30370, 18797, 17764, 29741, 45601, 32884, 16151, 27313, 16689, 22527, 40576, 27853, 36535, 34237, 43284, 26749, 24727, 31834, 21915, 34533, 17296, 39548, 25612, 43913, 44127, 45521, 35279, 17332, 42750, 32916, 28679, 14110, 23684, 22550, 24112, 4337, 33021, 37753, 32558, 25099, 23701, 14162, 22062, 9949, 31398, 3998, 25205, 14960, 45359, 33717, 45533, 20241, 46105, 9527, 40886, 42238, 28384, 36482, 36621, 19855, 17182, 34338, 33814, 22424, 34011, 38280, 10804, 29132, 36874, 43363, 19630, 8521, 40601, 30579, 44115, 12291, 32834, 31781, 33117, 23282, 28155, 31060, 29760, 36647, 9999, 29142, 30721, 18073, 43975, 37136, 37462, 26244, 28956, 33371, 45679, 40106, 26825, 19189, 20435, 42690, 23159, 30402, 18246, 30751, 13124, 27680, 38688, 33844, 46171, 28326, 30872, 8098, 29285, 35519, 39979, 22761],[37796, 27331, 30513, 41715, 36918, 33626, 37922, 40606, 18629, 21156, 41242, 31190, 25451, 12736, 34035, 10096, 39756, 45583, 10534, -1, 21950, 14876, 23818, 35112, 13616, 22755, 21069, 45253, 27313, 34611, 30096, 35641, 12690, 29916, 44094, 28278, 7741, 44903, 26900, 23606, 12499, 35008, 17428, 36490, 43022, 36291, 19146, 39411, 46293, 42410, 34809, 25092, 38345, 39704, 14109, 35964, 45088, 46162, 31316, 29756, 37785, 23988, 30270, 9822, 38325, 45459, 42019, 36531, 43439, 42566, 37603, 20350, 36890, 42239, 34853, 42411, 20858, 2877, 42762, 10722, 34520, 45663, 25089, 28595, 21336, 32401, 39449, 35381, 37159, 34822, 44087, 38987, 43665, 45285, 34708, 39335, 35508, 39366, 34576, 45376, 40525, 30772, 11154, 38784, 23419, 45212, 34620, 30919, 44310, 31008, 24037, 23633, 44981, 21547, 9590, 34909, 17280, 43134, 32216, 40318, 24030, 31853, 31991, 31022, 30986, 21300, 28199, 38616, 25200, 37070, 32431, 38740, 31673, 44712, 41741, 37744, 38150, 29133, 42904, 20309, 23519, 34265, 25082, 32532, 22417, 39476, 19273, 44723, 39776, 41013, 26858, 23615, 33525],[25295, 38337, 36465, 30370, 37975, 43106, 32586, 32371, 42870, 28999, 17374, 36583, 18316, 34122, 31697, 33780, 46188, 32538, 41860, 21950, -1, 26850, 10590, 41260, 32424, 26618, 34444, 43949, 36736, 22281, 33697, 11415, 38359, 39675, 38395, 11800, 40985, 16662, 20268, 40724, 32275, 14793, 40990, 22024, 32945, 21998, 43399, 32528, 32132, 23831, 27313, 17240, 12986, 31458, 33923, 34042, 26271, 4912, 40242, 30561, 29004, 44759, 15784, 10336, 12839, 14730, 28339, 22544, 39707, 39396, 23724, 40278, 40201, 15634, 35463, 40598, 1707, 19215, 26913, 14483, 28530, 24795, 39942, 44708, 12215, 7138, 18806, 9967, 18863, 24371, 38687, 43295, 46052, 17569, 39550, 36759, 30313, 32027, 36806, 30279, 31239, 22737, 31475, 43585, 30163, 41409, 23513, 35828, 30099, 35966, 28766, 46077, 31315, 16301, 39170, 16209, 27913, 31498, 32337, 32489, 25600, 36537, 42860, 29115, 40367, 26673, 25479, 28807, 28498, 32306, 27866, 39901, 34855, 24768, 42000, 41059, 44034, 19234, 18508, 23832, 40506, 41438, 38263, 31677, 17447, 26059, 33479, 27340, 42240, 19639, 42754, 44022, 34912],[32919, 42786, 44921, 6536, 30177, 30337, 39051, 36742, 34393, 28276, 43072, 33726, 3418, 45208, 28701, 37607, 29918, 5946, 27018, 14876, 26850, -1, 42680, 35257, 44759, 21888, 11977, 30280, 36626, 39636, 43810, 45820, 28279, 20387, 4406, 19759, 31867, 20318, 33634, 26022, 43822, 33079, 27650, 45652, 42679, 24095, 14048, 41642, 44406, 23615, 31394, 41005, 19617, 36455, 37080, 24216, 25083, 33483, 40386, 38907, 41063, 8482, 13839, 36661, 12292, 35080, 27591, 37483, 31537, 40515, 43297, 17824, 21246, 2818, 41466, 43768, 30478, 17072, 27430, 37573, 38371, 28342, 23049, 24894, 36578, 17070, 28467, 45097, 30167, 8885, 24274, 42604, 27688, 32991, 32209, 41433, 29221, 34740, 21963, 22908, 42834, 40716, 42210, 45459, 35120, 15181, 29814, 2258, 27171, 35042, 24740, 43636, 40014, 28196, 32339, 30198, 43002, 26826, 42191, 44869, 45818, 45067, 6778, 27866, 27875, 6872, 32968, 19169, 41022, 36556, 39423, 29307, 40331, 24431, 37640, 36525, 41450, 22119, 46128, 34315, 34690, 29256, 13756, 42922, 27798, 16437, 46286, 20906, 30414, 44963, 23624, 10486, 43944],[31285, 37525, 4374, 26626, 34957, 39826, 39157, 42932, 32145, 25742, 26258, 28299, 23406, 11014, 41770, 38757, 36338, 18186, 41538, 23818, 10590, 42680, -1, 43956, 31323, 9105, 21655, 34322, 13185, 14604, 35293, 44919, 31200, 23740, 20606, 39629, 45813, 41770, 34552, 40865, 45419, 35979, 36492, 44104, 42294, 20761, 23338, 32912, 4591, 11734, 2346, 14178, 39846, 11660, 24434, 43323, 34942, 25486, 20258, 43610, 30634, 37087, 35499, 45326, 27086, 36718, 44229, 29046, 17004, 38043, 27237, 19208, 36295, 41355, 40176, 29126, 26934, 36166, 31172, 22330, 40008, 35057, 39660, 22131, 14581, 29713, 32366, 26750, 11466, 34605, 45029, 36668, 31210, 42425, 30044, 23298, 42401, 30503, 26917, 43942, 41210, 44975, 43318, 32713, 34378, 36597, 17945, 42082, 43193, 31014, 34001, 26733, 25589, 6634, 37326, 15290, 19374, 36875, 30046, 32493, 35124, 10289, 33486, 29575, 41018, 15393, 38646, 12785, 8565, 46216, 21509, 43334, 38840, 36725, 25475, 25968, 44469, 36152, 16403, 22188, 10203, 39585, 15593, 42720, 20420, 38850, 20522, 40111, 20173, 41905, 27738, 33775, 29675],[40704, 38878, 37534, 37846, 46311, 42435, 22142, 34873, 26378, 38972, 10338, 28641, 42103, 18676, 3810, 44036, 41735, 17472, 44514, 35112, 41260, 35257, 43956, -1, 16515, 36633, 24413, 44064, 46302, 36863, 11903, 20027, 10604, 22144, 20852, 40451, 33963, 43419, 42065, 38258, 36492, 42112, 20111, 35753, 44577, 30204, 36421, 22995, 36776, 26995, 44673, 37158, 39691, 37998, 18163, 22187, 44539, 43149, 34488, 34247, 35474, 36081, 36108, 40888, 30251, 28488, 35014, 28949, 33855, 14027, 23044, 17737, 44495, 30623, 33874, 26425, 34359, 46282, 41690, 32891, 14703, 37529, 18071, 16464, 32821, 35454, 31055, 28431, 28051, 15246, 45629, 44501, 35386, 44211, 44251, 45828, 32814, 46297, 31183, 36985, 37715, 26356, 34350, 31719, 43994, 29423, 33735, 32873, 34398, 35608, 42799, 45419, 36821, 24268, 44468, 5945, 42190, 44107, 44029, 12840, 19705, 22186, 20850, 34527, 21438, 23783, 30327, 33048, 32543, 42368, 20710, 40850, 21864, 14399, 39695, 22919, 41522, 43535, 41611, 34580, 22066, 42167, 25105, 44796, 23072, 26994, 25578, 9097, 41361, 20689, 34618, 40051, 37928],[19953, 32989, 30884, 44925, 19259, 41978, 39456, 34530, 20299, 33595, 20382, 6622, 2517, 25979, 30555, 31729, 35195, 45958, 44539, 13616, 32424, 44759, 31323, 16515, -1, 27712, 45656, 42105, 25076, 21208, 38501, 37823, 34532, 7061, 41243, 32167, 26887, 11769, 35802, 44118, 34069, 43877, 32124, 4676, 15562, 36527, 25818, 33638, 32891, 39591, 18725, 19233, 31670, 38599, 22357, 19992, 22681, 36295, 32613, 45540, 25769, 22640, 40047, 38295, 11669, 23593, 22251, 34616, 35624, 45494, 36648, 25709, 13271, 10378, 27064, 9543, 28625, 44601, 25728, 15736, 32466, 31512, 27732, 28070, 21589, 22688, 42779, 8826, 45523, 14979, 40122, 37697, 31398, 17386, 33992, 39118, 17079, 17842, 45793, 42794, 40872, 41868, 39345, 26840, 27403, 42227, 12687, 25517, 13603, 39111, 34916, 3693, 35717, 25161, 39143, 20608, 45903, 32839, 21426, 10698, 42854, 30979, 39627, 38002, 32551, 43846, 22399, 43886, 38403, 31556, 25345, 35033, 15009, 10674, 36407, 13318, 42700, 41245, 24501, 41020, 34341, 44255, 44338, 42650, 37661, 32696, 36232, 28040, 44292, 31403, 28893, 44788, 31229],[36670, 23874, 5556, 21616, 30060, 20214, 29427, 34614, 32919, 21100, 42909, 39373, 29341, 45166, 42846, 15929, 45020, 5310, 25147, 22755, 26618, 21888, 9105, 36633, 27712, -1, 12256, 31667, 39266, 21829, 31590, 45240, 26691, 45735, 40378, 6703, 15878, 26518, 44410, 12114, 35015, 4734, 45079, 26605, 31204, 21439, 46066, 29941, 45360, 31956, 38584, 29500, 29674, 28875, 34610, 39608, 43564, 29562, 30676, 45982, 45512, 46007, 16437, 9377, 24088, 37783, 36605, 34713, 18328, 18238, 33820, 22974, 30768, 24626, 42473, 43744, 39108, 41997, 41901, 9244, 39168, 30417, 46050, 38924, 13155, 45475, 17275, 40507, 32475, 35559, 21087, 18452, 36607, 39783, 19175, 24961, 38049, 17671, 23370, 30533, 28955, 39646, 19517, 43628, 23518, 14712, 44992, 27209, 45228, 28208, 42694, 37989, 44655, 11402, 37870, 28165, 33045, 39813, 46264, 31422, 11905, 43010, 27156, 31887, 40485, 16425, 44042, 43084, 10286, 15230, 6943, 39613, 43925, 19960, 11147, 28928, 11496, 43180, 35435, 45286, 40070, 13533, 14329, 45873, 20806, 41061, 7133, 46278, 40683, 21191, 14259, 19319, 36206],[38364, 21597, 28169, 29295, 27941, 45532, 44732, 40528, 43849, 18103, 18314, 26336, 12178, 34831, 28272, 40943, 42716, 16391, 15206, 21069, 34444, 11977, 21655, 24413, 45656, 12256, -1, 21931, 18629, 34544, 3969, 36415, 36157, 44872, 34922, 33324, 11660, 13727, 39824, 7454, 35894, 40312, 25236, 37388, 11798, 43274, 42445, 25364, 29696, 43670, 24106, 28500, 44344, 36141, 25977, 37462, 36567, 35206, 7881, 33259, 4512, 41320, 43005, 39790, 45226, 32231, 43899, 43849, 2350, 31321, 43479, 29533, 40247, 40874, 39977, 40790, 29406, 30389, 25022, 18684, 38532, 41525, 42333, 25610, 41590, 33472, 31230, 39739, 42035, 27995, 34909, 15583, 27829, 21878, 30151, 38133, 38403, 31184, 44747, 37384, 46313, 33843, 41166, 37298, 37193, 37079, 36155, 18251, 7210, 44282, 23670, 44543, 28672, 19879, 40871, 24038, 13691, 42185, 33793, 38208, 38357, 38565, 33743, 38260, 44982, 43757, 24137, 38816, 34454, 21689, 26196, 21609, 24906, 44100, 31717, 7892, 29863, 9093, 37757, 16174, 26086, 25388, 10507, 31712, 33793, 37040, 36489, 25007, 45381, 35105, 43881, 36837, 32162],[15874, 46106, 41296, 35294, 39901, 46037, 10992, 11841, 29212, 42535, 43924, 27183, 20691, 35790, 27584, 37274, 20509, 44195, 37888, 45253, 43949, 30280, 34322, 44064, 42105, 31667, 21931, -1, 22924, 23548, 21386, 21295, 26127, 22781, 42392, 17599, 41714, 35821, 20668, 43915, 45645, 20590, 18742, 42940, 23353, 21483, 29348, 33643, 40589, 10403, 37127, 17768, 32785, 24287, 12682, 17256, 30713, 29825, 11814, 10472, 22528, 13577, 22475, 24749, 31322, 22978, 25773, 33897, 35369, 29364, 24076, 10558, 45174, 44148, 35896, 23757, 36166, 10815, 23302, 45170, 23859, 27754, 45652, 14368, 20681, 41126, 17121, 36868, 45662, 10671, 33281, 44027, 26264, 38772, 34158, 45066, 30525, 11399, 32025, 37097, 9816, 38146, 35387, 14785, 44663, 41059, 28370, 34231, 41580, 38706, 14410, 31508, 30196, 36037, 26728, 28430, 34809, 37475, 41402, 33661, 41157, 18665, 35800, 45464, 33981, 11910, 43654, 39039, 35661, 43709, 21850, 903, 41916, 40559, 38524, 45705, 37640, 24818, 9553, 25858, 15446, 14994, 44597, 34775, 16101, 31806, 26517, 28852, 30132, 35040, 22482, 32528, 13250],[42683, 39205, 36827, 37645, 38707, 15546, 31673, 24117, 39646, 19316, 17107, 44005, 20456, 32234, 38173, 42415, 10447, 35678, 29924, 27313, 36736, 36626, 13185, 46302, 25076, 39266, 18629, 22924, -1, 24664, 31692, 41708, 41932, 35390, 39830, 23392, 36235, 28249, 27551, 25173, 23687, 17913, 25388, 14886, 7035, 21211, 15907, 22347, 41864, 21550, 28837, 45550, 44067, 39413, 18314, 33492, 31749, 12573, 29362, 41604, 17839, 39134, 45292, 4358, 32624, 45615, 42522, 9582, 39046, 30320, 2324, 13229, 5160, 40574, 32166, 2642, 40247, 42519, 30813, 23664, 35937, 27335, 26604, 42328, 15453, 35723, 21645, 44252, 17580, 40837, 38496, 46258, 38007, 30374, 18878, 39293, 29888, 22166, 35280, 45672, 21411, 29615, 24161, 22060, 6530, 40528, 37856, 43781, 22948, 12450, 20522, 38892, 41168, 17665, 32505, 31930, 43587, 35463, 17205, 36915, 29922, 34750, 42043, 15338, 29980, 25602, 30462, 39954, 36580, 31335, 18703, 26116, 13113, 30535, 45261, 35697, 28373, 21499, 27927, 17869, 22261, 5456, 36185, 33288, 39298, 43039, 42652, 27667, 45737, 29988, 25606, 11936, 18301],[43086, 29511, 37315, 43011, 45518, 39852, 34353, 44711, 25182, 34927, 15464, 38614, 5032, 25664, 28277, 36127, 32983, 9873, 8736, 34611, 22281, 39636, 14604, 36863, 21208, 21829, 34544, 23548, 24664, -1, 34418, 19234, 27691, 42029, 30824, 10664, 37651, 25170, 16933, 29126, 23129, 33723, 13617, 7344, 12643, 32217, 36815, 18618, 32057, 24765, 27473, 17518, 30941, 6129, 40016, 42798, 25656, 34677, 38968, 40062, 36022, 23444, 7677, 43292, 44934, 31398, 18084, 39448, 43755, 29199, 39177, 15303, 25965, 24874, 32669, 27875, 25710, 11781, 15543, 39848, 37619, 27372, 9275, 16754, 22750, 23763, 41894, 43176, 30223, 22529, 23851, 22015, 30895, 15250, 13426, 11322, 30171, 4113, 27622, 17332, 19409, 36643, 24553, 27500, 43762, 45572, 45500, 36474, 35435, 31787, 12149, 29445, 39893, 43791, 19725, 26347, 43523, 33697, 32059, 19505, 37466, 26972, 24675, 41188, 28273, 32452, 20793, 36746, 22534, 38867, 14036, 38461, 25287, 34439, 34792, 34992, 10960, 17483, 31635, 39471, 15139, 30102, 36094, 28715, 23266, 8010, 36691, 21706, 31702, 21822, 43736, 37914, 5998],[34123, 20124, 27598, 32781, 28001, 44075, 37908, 16322, 16458, 38943, 40006, 39582, 40785, 45496, 31477, 40236, 8622, 24925, 45365, 30096, 33697, 43810, 35293, 11903, 38501, 31590, 3969, 21386, 31692, 34418, -1, 35507, 19295, 21154, 28125, 38237, 5209, 29800, 44570, 25465, 45135, 19710, 24161, 19126, 44584, 39527, 14124, 23025, 39570, 39060, 38563, 18893, 42459, 18869, 13487, 34770, 18023, 42425, 40698, 14802, 17082, 28448, 37373, 45844, 31909, 11247, 25901, 46269, 19726, 40828, 19790, 30419, 17339, 23381, 36413, 25599, 28344, 30546, 34928, 12706, 40895, 8228, 17259, 37698, 12709, 10972, 42729, 33716, 39754, 46034, 18279, 44666, 32468, 26807, 45934, 43433, 32464, 13049, 25316, 28497, 26907, 45697, 39471, 23725, 27027, 34471, 46307, 34237, 39720, 38330, 45990, 15772, 43017, 14750, 34276, 13208, 44725, 45624, 12255, 34456, 43450, 43700, 25307, 36609, 37168, 30952, 17016, 41029, 36373, 33749, 36869, 42738, 39404, 26739, 38602, 42370, 33546, 13215, 18816, 15897, 18765, 31446, 36359, 40145, 19982, 24176, 34394, 35143, 2258, 11108, 20336, 13675, 36493],[37751, 43730, 22466, 43264, 22236, 35532, 38252, 15137, 15910, 35063, 5805, 5478, 31064, 35184, 3855, 11496, 13568, 34331, 40665, 35641, 11415, 45820, 44919, 20027, 37823, 45240, 36415, 21295, 41708, 19234, 35507, -1, 34383, 43103, 31473, 36849, 20545, 43428, 17060, 43674, 19795, 40123, 44483, 29825, 40731, 30350, 27994, 20686, 42387, 4078, 26307, 35356, 38066, 21379, 42776, 20512, 19642, 20304, 37141, 10828, 43897, 45954, 21294, 28279, 19643, 31190, 37961, 19297, 43583, 41264, 41107, 39679, 31288, 45494, 25757, 35856, 19299, 30150, 11108, 24024, 37099, 36196, 24483, 44388, 11219, 36713, 24958, 12107, 40447, 44889, 23226, 22739, 32583, 41922, 34938, 22624, 37301, 16958, 20101, 23783, 30710, 23933, 45283, 41930, 2553, 5065, 31009, 11465, 30932, 36813, 31919, 19713, 11305, 39329, 32268, 7848, 24270, 43371, 25586, 12408, 16803, 24602, 36762, 44658, 34803, 34670, 20753, 42922, 43963, 37931, 25550, 28618, 39496, 21902, 37397, 32263, 20130, 44479, 25981, 27844, 26955, 44669, 30277, 32721, 28835, 19720, 28081, 25582, 27867, 43038, 34708, 26428, 39461],[40539, 14409, 14600, 43478, 26000, 28437, 21253, 15082, 37993, 40546, 45777, 32486, 39182, 41007, 45339, 31865, 17624, 10904, 32124, 12690, 38359, 28279, 31200, 10604, 34532, 26691, 36157, 26127, 41932, 27691, 19295, 34383, -1, 33393, 41107, 44785, 36203, 2921, 38180, 28185, 29242, 45672, 18192, 27125, 29131, 38272, 41304, 23620, 16841, 34396, 30874, 19596, 26163, 38541, 17303, 22772, 37041, 35871, 33742, 33971, 33497, 13986, 27238, 29699, 21617, 26082, 43463, 29698, 4217, 22127, 38658, 22486, 42744, 37024, 42306, 26947, 23649, 41710, 12400, 30137, 43949, 11606, 36720, 35768, 25531, 17813, 22045, 32480, 25726, 45853, 19330, 26421, 45520, 43634, 22266, 45047, 32191, 31326, 41189, 43097, 22554, 15722, 43264, 33126, 39404, 39729, 37113, 32237, 20068, 39043, 35588, 2090, 37948, 39638, 37225, 35532, 42366, 39657, 45433, 13166, 36366, 11027, 42133, 35369, 39005, 22086, 42331, 44949, 39287, 31752, 11486, 41496, 13161, 39263, 28856, 46242, 38640, 35697, 28712, 26350, 25352, 41706, 43871, 41110, 37091, 12136, 18393, 37469, 20299, 3654, 31128, 26362, 6195],[41921, 37336, 41516, 46270, 29734, 30687, 39444, 30629, 8011, 9489, 42416, 41323, 6119, 25459, 38372, 35649, 27774, 4756, 34351, 29916, 39675, 20387, 23740, 22144, 7061, 45735, 44872, 22781, 35390, 42029, 21154, 43103, 33393, -1, 33081, 29603, 35226, 26125, 35572, 25978, 35681, 17977, 40584, 17364, 36970, 35819, 35432, 44574, 5617, 25932, 20040, 41427, 38066, 30521, 33695, 22651, 20741, 35843, 18179, 44798, 17784, 33156, 41178, 36752, 23836, 34013, 41565, 21139, 41023, 31911, 30296, 18553, 41331, 45106, 14072, 41996, 12256, 41743, 42633, 42060, 32034, 24331, 13076, 41157, 36988, 33338, 31925, 18119, 21159, 17217, 34106, 41947, 26473, 36741, 43959, 27843, 35169, 27846, 36721, 37790, 45381, 43098, 40278, 35772, 30653, 12868, 34719, 20351, 38805, 25809, 41130, 45611, 38769, 44431, 11568, 34795, 14518, 39826, 45313, 44496, 39841, 45748, 30641, 26240, 27043, 43918, 30522, 24862, 46067, 16348, 20028, 40698, 38193, 14259, 7041, 41559, 36096, 34958, 40995, 40142, 40054, 28357, 31330, 30735, 7300, 24009, 37538, 40704, 26857, 13983, 31775, 24535, 17510],[40559, 16847, 18829, 46085, 16008, 38749, 17913, 14866, 45496, 40710, 15866, 23765, 33989, 42589, 45867, 45971, 37194, 45577, 24339, 44094, 38395, 4406, 20606, 20852, 41243, 40378, 34922, 42392, 39830, 30824, 28125, 31473, 41107, 33081, -1, 39236, 43624, 36230, 44438, 29002, 37819, 30530, 21597, 18501, 23794, 8406, 34783, 41641, 30450, 17937, 17351, 42284, 43267, 23909, 36837, 38956, 40687, 45852, 38326, 37092, 32580, 39698, 36180, 34074, 38154, 33438, 42659, 18485, 23234, 15879, 36202, 42824, 28711, 21331, 43782, 39857, 23851, 37809, 29067, 18199, 45924, 39030, 35197, 36984, 24330, 43773, 37432, 31053, 26131, 38117, 22190, 37460, 28032, 45460, 28824, 42188, 16155, 46036, 34611, 38565, 43776, 43365, 39586, 29736, 31149, 23941, 33066, 32763, 4973, 45257, 39935, 38552, 25525, 45578, 30548, 39945, 35774, 42926, 41880, 17878, 23362, 45692, 32151, 34698, 25858, 43009, 33172, 35366, 44896, 40335, 38239, 26284, 38155, 43534, 20350, 43553, 39657, 39491, 41959, 39659, 23841, 41479, 42333, 32738, 33699, 11493, 18892, 42640, 29880, 36798, 44790, 30089, 45073],[44492, 33981, 30766, 44512, 29901, 24120, 32864, 20352, 27744, 18147, 25121, 33128, 36320, 40179, 40217, 28494, 39958, 16535, 26467, 28278, 11800, 19759, 39629, 40451, 32167, 6703, 33324, 17599, 23392, 10664, 38237, 36849, 44785, 29603, 39236, -1, 44620, 34234, 28330, 21469, 10160, 13121, 33434, 39989, 31944, 39929, 33933, 34233, 45765, 41052, 37348, 20852, 19960, 40315, 35048, 31573, 43637, 22728, 13519, 20066, 42171, 37969, 26516, 29548, 25206, 38273, 29295, 30134, 5692, 14687, 35953, 18093, 37349, 17854, 23092, 42125, 23317, 24747, 13783, 21730, 41194, 39623, 35094, 12536, 41696, 37583, 31317, 13893, 21758, 44722, 44211, 40083, 42711, 35030, 18488, 33281, 39626, 45315, 34601, 32087, 46302, 37384, 27756, 20669, 28006, 9031, 21835, 36112, 28630, 34386, 24483, 33980, 26209, 35417, 28072, 31187, 32580, 39697, 30289, 7311, 46028, 31201, 24039, 45069, 13905, 30119, 36530, 37673, 28776, 34464, 30585, 25780, 9000, 30739, 18129, 5486, 32765, 13811, 15587, 35492, 10027, 9707, 39928, 28814, 22449, 38795, 32635, 34278, 21912, 24028, 34290, 40885, 31708],[12083, 40350, 25288, 45620, 45283, 25375, 39990, 37756, 36023, 17894, 27819, 38313, 41473, 44478, 19403, 12515, 38988, 42709, 36229, 7741, 40985, 31867, 45813, 33963, 26887, 15878, 11660, 41714, 36235, 37651, 5209, 20545, 36203, 35226, 43624, 44620, -1, 26235, 43302, 21628, 41562, 36823, 17065, 20906, 43521, 24578, 40583, 31412, 18943, 37559, 35322, 25229, 38693, 42141, 35934, 41013, 15117, 35062, 35583, 42662, 44472, 10655, 21901, 36670, 21006, 35034, 23838, 24125, 35148, 45438, 44880, 37146, 36486, 22806, 41128, 36896, 28967, 40371, 45899, 28040, 14566, 42790, 42278, 34829, 41559, 25553, 41084, 29739, 38602, 43354, 39980, 37625, 42089, 43205, 34765, 44505, 33630, 32846, 39739, 45453, 36687, 38180, 30140, 21101, 37609, 27675, 38355, 11555, 20650, 38133, 29598, 27585, 7740, 28569, 41083, 32600, 14089, 24225, 36089, 42091, 26073, 45212, 27965, 23822, 19087, 14182, 15708, 28488, 29938, 44958, 38043, 39961, 27733, 31836, 32396, 43006, 18983, 43595, 29148, 32613, 37265, 35948, 18535, 22890, 16154, 27802, 28129, 10559, 35180, 3239, 42075, 46023, 43410],[42084, 42771, 31647, 32120, 39619, 41569, 44139, 42858, 23633, 21217, 45689, 17009, 18379, 38845, 45450, 39335, 17585, 44317, 30370, 44903, 16662, 20318, 41770, 43419, 11769, 26518, 13727, 35821, 28249, 25170, 29800, 43428, 2921, 26125, 36230, 34234, 26235, -1, 43033, 4278, 37510, 19947, 33128, 32825, 8230, 7617, 40082, 9146, 18288, 11773, 11090, 44275, 44604, 27169, 40279, 42753, 32036, 28158, 27009, 32980, 22729, 32114, 18314, 31737, 35602, 28977, 32990, 20031, 14243, 25474, 35785, 24760, 35610, 15624, 42826, 33159, 34284, 34015, 43152, 33873, 6981, 22805, 10080, 33301, 42610, 34530, 18236, 44592, 39117, 11891, 22152, 38497, 32670, 2652, 26633, 35337, 39596, 43664, 44343, 