196
[[-1, 0, 0, 0, 0, 946082327, 168732012, 346287908, 0, 131100017, 0, 0, 964783890, 0, 1354419957, 1964660399, 0, 0, 2077818701, 0, 0, 1520814800, 0, 334927726, 0, 1660178690, 1897318382, 0, 0, 2087444228, 45137239, 0, 0, 2128380819, 0, 0, 0, 1958448805, 0, 0, 1343380560, 0, 0, 910358205, 0, 725436673, 712941075, 0, 0, 1605322137, 0, 0, 0, 1027852193, 0, 0, 1644119460, 0, 0, 1975091023, 1723600501, 773065002, 0, 0, 0, 2107118143, 0, 0, 1454013691, 0, 0, 0, 0, 0, 0, 1477302260, 439620135, 0, 1067215742, 207844870, 0, 1261907636, 0, 0, 1472063737, 0, 607756602, 452687043, 933601493, 632048836, 1880345381, 542989528, 0, 586394432, 842307470, 0, 1001948987, 0, 963461104, 0, 0, 0, 0, 1545856973, 0, 460498647, 699363325, 0, 0, 0, 0, 1149560659, 0, 0, 674325384, 0, 191993593, 0, 2084198481, 0, 0, 1238897537, 0, 0, 0, 167921665, 0, 0, 0, 359398104, 0, 0, 0, 0, 0, 1393272142, 0, 0, 190084087, 0, 1412450959, 1555886469, 2110575195, 0, 1339270746, 0, 0, 0, 0, 861035494, 333512295, 1286350194, 677637240, 0, 1687433304, 0, 0, 0, 0, 1145620099, 0, 0, 1835240859, 670516819, 0, 710300103, 256232147, 0, 0, 1115739648, 1174210496, 448109674, 0, 0, 201004725, 839849867, 0, 1730392976, 0, 1934805776, 566889722, 1836966032, 1879772863, 175115953, 0, 0, 1738217386, 0, 0, 0, 0, 0, 0, 2112256613, 2079592359, 416568435],[0, -1, 0, 0, 0, 0, 591395837, 855370104, 0, 0, 0, 0, 0, 0, 0, 29885556, 0, 0, 0, 0, 0, 818012569, 0, 0, 0, 702014201, 1945573422, 0, 1913285177, 0, 2085215905, 0, 0, 0, 1094096330, 66168613, 0, 1240409773, 1148480790, 0, 0, 1051898794, 1681092853, 0, 0, 0, 467555866, 0, 0, 2098751853, 1278078565, 1344918368, 0, 228411255, 0, 13015109, 0, 1702045290, 1875728862, 1268798814, 0, 885479328, 1367987362, 1739992601, 0, 343966172, 0, 0, 1674469082, 0, 1018121709, 1472871240, 0, 0, 0, 1112274435, 0, 665488164, 0, 662665032, 0, 0, 1968864906, 1791668066, 444992178, 935738380, 1238065958, 0, 0, 1868895759, 1364723510, 1744291728, 1448362711, 252697691, 1898233173, 1742006396, 0, 2114625405, 0, 0, 0, 0, 0, 0, 0, 0, 0, 2048482071, 496435121, 1317641500, 303856103, 1597041654, 0, 0, 646982912, 833594423, 1058854246, 1082830696, 0, 1875310256, 239484998, 0, 0, 0, 0, 2113566178, 0, 1774421642, 0, 114029298, 0, 1628697190, 512075114, 271750240, 113301123, 0, 1509392581, 0, 0, 0, 894014884, 3305125, 0, 1251987624, 0, 0, 1840466904, 0, 0, 0, 2138530963, 1116679825, 0, 0, 1108228707, 1193029674, 0, 1573217302, 0, 801091526, 0, 0, 0, 1381215109, 0, 1139647042, 1477605779, 1782902684, 0, 0, 1150691148, 72334867, 228111929, 0, 0, 0, 664282249, 0, 1383234476, 0, 0, 0, 0, 0, 962811809, 1161378028, 0, 0, 259944498, 1969172321, 1661783200, 466136920, 31020865, 0, 0, 0],[0, 0, -1, 0, 0, 25288834, 0, 1885977927, 0, 1653088871, 406567774, 0, 0, 831159644, 0, 530388345, 1475598000, 0, 0, 2015034060, 0, 0, 547165596, 217580496, 237803938, 0, 0, 0, 0, 1334028894, 1619476925, 1969804746, 0, 0, 0, 0, 1217595517, 0, 0, 810618918, 1927431938, 0, 310358989, 284888836, 0, 44960311, 793286935, 1421295822, 2143655658, 0, 756821835, 1959944560, 2019694366, 1072940052, 0, 0, 0, 639356945, 0, 0, 0, 336308232, 0, 1803744717, 0, 0, 225783418, 0, 1161102816, 966634752, 0, 0, 1832593759, 0, 977691804, 1961921154, 0, 1551156235, 1748688641, 0, 195725315, 0, 0, 0, 0, 0, 1673148291, 2125569711, 0, 1827559870, 0, 0, 0, 1246304568, 0, 630846461, 0, 0, 2097326787, 0, 1046259106, 1628493836, 487346006, 898864846, 1548591711, 0, 0, 470865872, 0, 2006222348, 1640288660, 612227680, 0, 0, 1328960406, 1729392192, 758789193, 1319273314, 0, 1256790210, 2081965001, 0, 1859431126, 788098306, 352925623, 1309474551, 0, 1805219323, 0, 497562327, 0, 326062894, 849589307, 1444917967, 0, 1586338886, 641120677, 263217477, 0, 0, 0, 0, 1461099162, 0, 1536582276, 1280034235, 740911699, 0, 0, 140404921, 0, 97834690, 1456215618, 1346904464, 553551955, 1967287427, 2053524976, 870167085, 0, 0, 1528511289, 635377550, 0, 227920629, 0, 2032955065, 0, 0, 1783399391, 0, 665774967, 2008340280, 2062075731, 0, 0, 769903113, 0, 508977565, 1260432647, 0, 2113837786, 1448076196, 1110267125, 0, 2064009294, 74272065, 0, 153444193, 1384607740, 0, 0, 223174791, 342566441, 0, 0, 798562976],[0, 0, 0, -1, 0, 0, 687291610, 0, 0, 1994878471, 1567314597, 0, 316110249, 0, 0, 0, 1950384589, 545575199, 0, 0, 1159043713, 946730241, 1028546085, 1480041365, 0, 0, 2032827949, 0, 0, 0, 2121319528, 0, 0, 1977740582, 0, 0, 250659481, 0, 1598709054, 0, 0, 0, 1549802106, 0, 0, 1529175787, 0, 1265061629, 1440245036, 202311036, 0, 1639865379, 0, 730305081, 281758860, 0, 0, 570168405, 101977982, 0, 236725073, 2022529902, 0, 66763862, 1349473868, 1607789169, 0, 188487642, 0, 732642106, 0, 0, 0, 617255314, 0, 2064087569, 1185566562, 1299697779, 1523134885, 962174649, 2021721270, 0, 0, 572458481, 1808317404, 0, 839370642, 0, 0, 0, 0, 324626409, 1779704793, 0, 1291826181, 1977258497, 639931873, 0, 2074524740, 0, 0, 0, 0, 1908451916, 0, 0, 0, 0, 1039172945, 1693613233, 0, 1968335264, 0, 0, 0, 0, 731699438, 0, 0, 0, 181261456, 498162243, 0, 971379091, 0, 0, 153923668, 303653622, 0, 1683683793, 0, 0, 0, 1613229562, 0, 1731733092, 0, 184465481, 0, 164201078, 0, 644338945, 0, 0, 0, 2003825805, 0, 0, 0, 0, 1225752524, 0, 614000265, 1572370547, 1653531801, 2141363031, 0, 0, 0, 0, 0, 269326277, 0, 0, 0, 1620866108, 1478424802, 0, 0, 1367457775, 1404900065, 0, 0, 0, 0, 1174493664, 1070596962, 376508465, 0, 984351085, 56791452, 375183319, 0, 0, 0, 0, 309754538, 0, 484825075, 0, 587747137, 1143217917, 2083097993, 0, 0, 1665233089],[0, 0, 0, 0, -1, 0, 0, 709003928, 0, 0, 0, 1932852076, 184410249, 430908104, 0, 1222072544, 2135500263, 732054934, 305013500, 0, 1496698598, 73228498, 0, 0, 1814497130, 0, 0, 0, 867835526, 1172549418, 0, 1445967450, 1730733743, 0, 0, 578940832, 0, 1210027571, 0, 735244613, 1902893244, 2107005252, 1497933740, 1614016733, 0, 1034956154, 1819843339, 1950630892, 0, 705914525, 0, 1168600493, 0, 0, 1651000873, 652107147, 0, 1494711179, 321440067, 1345878846, 0, 140516952, 1555030736, 0, 0, 953155211, 1993018214, 0, 0, 0, 0, 0, 1886913696, 961997133, 1680643297, 911909145, 0, 46914003, 1405284819, 0, 775200707, 1872275693, 0, 0, 727965057, 1693255112, 1840147524, 674825881, 0, 767931084, 0, 90285923, 0, 0, 0, 1543598014, 0, 0, 1127545401, 90257081, 0, 674402117, 0, 0, 0, 0, 1797671846, 1466137901, 0, 537039206, 0, 0, 944596317, 0, 2007358447, 664288258, 122722914, 0, 1804389738, 0, 2080030737, 842660529, 0, 1561935728, 807037062, 165952176, 0, 0, 0, 0, 83641570, 1411308178, 256873567, 1969949326, 0, 0, 0, 1003098118, 0, 466824892, 0, 0, 0, 169257095, 1459676091, 0, 0, 0, 1231345563, 906727774, 0, 1919670596, 1702237859, 1332232751, 2025708056, 669460016, 0, 895231286, 927348038, 19791454, 0, 924899357, 892060064, 1549116627, 0, 0, 1688021466, 0, 288666055, 217157259, 1228247010, 10757465, 368857278, 410933361, 0, 1877374445, 0, 808385174, 0, 1531376048, 933980069, 1900000567, 1200120919, 0, 1007807789, 0, 0, 0, 0, 0, 483433757, 1450609122, 0, 0, 677068842, 0],[946082327, 0, 25288834, 0, 0, -1, 886848474, 483687131, 662073698, 2102060753, 0, 611680258, 0, 633755028, 1125183028, 0, 0, 465433542, 0, 0, 813297152, 0, 0, 982514131, 0, 1830647747, 0, 0, 1083503816, 0, 0, 0, 0, 0, 1873962565, 0, 420230932, 0, 1794959471, 1673949684, 0, 0, 1070858933, 326665070, 598185502, 0, 1799511700, 1901086932, 1629124683, 0, 529203821, 0, 0, 1006311406, 0, 968093803, 1942019552, 1467707253, 930830360, 752580760, 0, 1263301799, 0, 0, 0, 0, 667864734, 1625979769, 0, 0, 962384603, 691051319, 0, 0, 1353506185, 0, 1266582732, 535043183, 0, 0, 268508215, 0, 836721341, 0, 0, 0, 0, 0, 870041064, 0, 688067174, 0, 0, 0, 519323213, 0, 2095792512, 0, 742880567, 1659636952, 1538470338, 1586536894, 0, 1038660957, 0, 93535131, 0, 0, 0, 126086239, 788634336, 1055740451, 1112100003, 0, 633502803, 0, 1373332115, 0, 0, 1102759431, 0, 0, 1957973650, 892784091, 0, 0, 369856820, 1957493849, 2117012567, 0, 360658493, 407662450, 0, 1040021915, 1366611410, 0, 1322557099, 0, 0, 1098225341, 0, 0, 0, 1466298077, 1288043850, 487058453, 0, 0, 0, 2117984539, 0, 576808803, 0, 378713552, 2067639068, 546904723, 1658884331, 0, 787383568, 0, 0, 0, 0, 2022328077, 1339745318, 0, 0, 0, 0, 0, 708245002, 825485821, 0, 0, 275115807, 420262861, 1353091233, 0, 301202495, 2076624150, 0, 0, 0, 586234910, 1414255422, 0, 0, 1583829395, 0, 0, 154060895, 0, 0, 2119122866, 1787587434, 1176155582],[168732012, 591395837, 0, 687291610, 0, 886848474, -1, 0, 617729771, 0, 1239231124, 0, 1772707704, 0, 0, 1245275305, 0, 1371402499, 0, 0, 0, 0, 159636966, 521184234, 1185754424, 717755753, 418382367, 0, 1672738919, 773453689, 1268237132, 778205259, 1100792351, 0, 158919171, 1707767556, 0, 1061814903, 946681580, 1458548354, 297980247, 0, 0, 0, 1799080792, 1555923937, 1001303120, 1495454017, 1417570210, 0, 0, 0, 0, 0, 275406467, 0, 893810224, 1811153618, 590728810, 0, 0, 0, 0, 0, 0, 1470833057, 760084849, 0, 715967197, 464340264, 0, 0, 0, 241265209, 0, 0, 0, 1849487619, 964045351, 0, 0, 0, 200328169, 0, 1654416627, 0, 1554687943, 292476606, 0, 2080541400, 0, 567340981, 1132166707, 0, 1554921739, 0, 0, 0, 113965853, 0, 1544424772, 1366744789, 0, 1898952230, 0, 1419946518, 1365748800, 932856483, 0, 1456601570, 0, 746814564, 927512399, 397200292, 0, 1595798328, 0, 0, 0, 0, 0, 233197805, 0, 1287526332, 1940680985, 0, 0, 981049430, 0, 1431007835, 0, 0, 0, 0, 2062221814, 688281367, 0, 0, 2019173369, 423288575, 1327372465, 0, 0, 0, 988087726, 162537548, 0, 2045481481, 0, 1111242382, 0, 953437256, 1048750025, 1207130365, 1750619075, 2119908038, 0, 0, 911362507, 0, 1338415875, 0, 0, 0, 1918211353, 559343252, 1507170596, 0, 843068446, 1846976105, 0, 882653700, 0, 0, 851381463, 718410528, 1520993515, 119068560, 1274262679, 0, 0, 333088556, 638657399, 0, 1721588278, 0, 0, 0, 730125022, 0, 1515363219, 0, 2090279907, 0, 494554618, 1132092227],[346287908, 855370104, 1885977927, 0, 709003928, 483687131, 0, -1, 1066106980, 1742426724, 0, 1755822388, 0, 0, 0, 0, 0, 1492457285, 962641325, 0, 0, 689498488, 1419341291, 0, 1386127053, 0, 854347473, 0, 598945766, 0, 27348847, 41224247, 843993345, 1849538716, 0, 0, 0, 1372701080, 1297208432, 1369013564, 0, 0, 0, 1441041661, 1437832353, 494346810, 2121839188, 637684585, 1949483743, 0, 552859737, 0, 0, 0, 955207755, 0, 0, 0, 1926670097, 0, 0, 289501778, 2025550328, 0, 456228520, 0, 340407771, 0, 0, 47058562, 494742008, 0, 0, 1600709824, 0, 303837974, 83101853, 0, 0, 0, 1087759228, 0, 0, 0, 1238400871, 0, 737805760, 1492299782, 1816365731, 0, 0, 0, 616041485, 281418725, 16897496, 0, 0, 0, 1626291226, 0, 0, 777951774, 0, 0, 0, 0, 0, 963235896, 0, 0, 114655568, 1176092248, 0, 1464133174, 576209899, 504404278, 409729124, 1233784247, 0, 1343633275, 670093987, 1350201264, 0, 478057795, 0, 841792079, 198719820, 1071211764, 0, 894805791, 1995992516, 1757538167, 1116065268, 0, 628511483, 0, 1810571010, 1719337087, 0, 0, 0, 0, 0, 0, 0, 0, 0, 1108117359, 966093768, 2092917274, 1602607156, 1383183433, 0, 1685660300, 943427420, 0, 0, 1266291472, 0, 0, 1723831327, 1010831330, 1203192893, 0, 1051198128, 0, 1098282766, 0, 1070736258, 0, 1886540592, 1540669426, 500226200, 211154532, 625256214, 0, 1483294924, 429972866, 0, 22790076, 0, 0, 927732391, 0, 0, 0, 0, 0, 2063338703, 1434189515, 0, 0, 0, 0, 0, 0],[0, 0, 0, 0, 0, 662073698, 617729771, 1066106980, -1, 255272609, 91016997, 263720910, 1662866249, 1734991807, 1701840390, 325516598, 0, 0, 440938428, 0, 0, 148045792, 0, 1575500449, 1666394182, 1063276697, 0, 627305705, 0, 610271134, 2127809893, 1158868847, 2056496171, 1505933372, 269488731, 0, 1380180244, 1933806169, 0, 0, 872170201, 0, 1664127031, 768889474, 0, 0, 0, 0, 0, 1745760394, 399683863, 674065551, 1986730794, 0, 0, 0, 0, 1650611877, 0, 0, 971372226, 0, 1135604181, 678182940, 746061953, 392375245, 0, 621466860, 15875765, 1350410634, 0, 0, 675903189, 1676251212, 1407638314, 0, 0, 0, 0, 1300816195, 0, 308437160, 0, 0, 4547925, 903057163, 0, 1473445032, 108462981, 0, 0, 1976679608, 971267907, 1220694348, 0, 0, 2147363580, 0, 0, 87722278, 1942431597, 0, 0, 1122060547, 0, 0, 0, 1951621588, 0, 0, 0, 2100445911, 203014093, 0, 1473200669, 0, 460737738, 936046041, 308624403, 0, 0, 0, 832182826, 771200595, 2017529895, 89704953, 214662324, 0, 0, 0, 0, 0, 283462457, 0, 0, 82301705, 0, 1709085996, 26493076, 1613790937, 2019435947, 0, 210945272, 0, 543728893, 0, 1363482799, 0, 224981951, 1487694740, 1782160224, 0, 0, 0, 0, 1579607315, 0, 1970789669, 0, 0, 453317137, 2043020932, 0, 0, 0, 2035869526, 1898111705, 108245548, 0, 1469862299, 244137860, 0, 0, 125005664, 0, 1409036492, 1054268717, 0, 1712438358, 0, 62565260, 0, 0, 0, 344511267, 0, 0, 0, 1492163084, 0, 0, 0, 0, 0, 488978496, 2075390264],[131100017, 0, 1653088871, 1994878471, 0, 2102060753, 0, 1742426724, 255272609, -1, 0, 1016525750, 1474322789, 4765195, 805343845, 0, 815722469, 0, 0, 0, 310555675, 0, 669911055, 0, 0, 2053865452, 383352864, 1579815686, 0, 0, 1400672494, 2065509475, 0, 809667131, 0, 0, 0, 594191320, 0, 2002576288, 1162124829, 1997026450, 0, 1777032598, 0, 0, 1151533351, 1355695705, 0, 855303426, 0, 0, 1236668059, 923155907, 0, 796638445, 0, 217266395, 1378259005, 464194084, 0, 0, 1873959870, 0, 102156911, 0, 1749831508, 0, 1373016670, 1169315683, 1077894912, 617610093, 591560623, 3506956, 0, 450353320, 0, 0, 560072456, 954832988, 1000507926, 1822421491, 0, 2140908362, 0, 0, 630576173, 1707129279, 1128713216, 0, 0, 1949397473, 0, 974854006, 345759548, 1899317088, 1292612727, 934795425, 34932840, 0, 17684639, 0, 342617804, 0, 0, 0, 1178210194, 0, 842133173, 0, 0, 223976442, 1581139771, 747871957, 452612808, 637221006, 0, 0, 1401869637, 977064856, 0, 0, 766639473, 171573733, 553446959, 0, 0, 0, 0, 769698666, 0, 221337683, 0, 990120533, 0, 0, 0, 0, 0, 0, 1815173732, 87217541, 2055571837, 1288753206, 0, 2035681334, 0, 1111232016, 0, 0, 0, 1404946459, 1221620130, 0, 0, 208103434, 0, 1074983825, 585795431, 932173186, 1735906213, 0, 1853542812, 722245329, 1667293312, 0, 1660815905, 0, 412081235, 0, 0, 615890724, 892887293, 0, 521418151, 191918686, 1160779716, 0, 1294267018, 0, 0, 0, 2091419304, 1404987470, 1450413166, 403577567, 0, 0, 0, 0, 0, 1859864944, 1732950071, 1284205653, 1568171819, 0],[0, 0, 406567774, 1567314597, 0, 0, 1239231124, 0, 91016997, 0, -1, 664703261, 0, 417662179, 1194570997, 0, 911723359, 209762819, 0, 0, 0, 0, 1231911696, 0, 563316730, 221082310, 113628584, 293265611, 1293644748, 2040352275, 0, 0, 243075196, 0, 323127801, 0, 581867849, 904388913, 0, 0, 1120656354, 0, 0, 1570240453, 0, 0, 374271687, 1679635593, 400798759, 0, 0, 1790071184, 0, 1695624506, 93431641, 391578572, 0, 673442436, 0, 1527287693, 0, 0, 2022683930, 128458497, 0, 0, 93104256, 5024341, 1489817669, 0, 0, 0, 1824979523, 0, 423507127, 367630160, 0, 0, 1696463924, 1885302401, 0, 0, 509563981, 113014664, 1422813930, 0, 364138053, 100244021, 0, 1978121224, 0, 1948403915, 1880375440, 0, 1554957635, 0, 1013833605, 0, 1746721088, 0, 0, 0, 1951585561, 945326307, 1000026271, 0, 1612627607, 631780392, 0, 0, 1127830709, 504458199, 0, 0, 640253044, 946492386, 0, 0, 0, 1533361751, 948218798, 0, 1202713586, 747436814, 1405970087, 0, 1488458290, 0, 795722764, 2131497982, 587235306, 0, 1968460568, 0, 0, 468601326, 1170193113, 1311847694, 2001967875, 1506850299, 0, 0, 0, 0, 0, 0, 0, 741331589, 835396304, 1896342993, 1679722046, 0, 0, 1989054979, 0, 1386202070, 0, 0, 0, 0, 867295102, 1890848310, 0, 0, 48959988, 799289230, 0, 0, 421981962, 0, 1339823328, 0, 0, 0, 0, 0, 0, 0, 1344409529, 172541726, 0, 987170341, 0, 0, 0, 0, 0, 1456052977, 530489732, 0, 0, 0, 0, 1034510439, 1551305143, 0],[0, 0, 0, 0, 1932852076, 611680258, 0, 1755822388, 263720910, 1016525750, 664703261, -1, 1609546276, 83023882, 0, 0, 0, 0, 0, 285185761, 0, 1891196883, 1026784202, 1059409410, 1750951164, 777792002, 1829316255, 0, 236512415, 1127525448, 0, 1654198050, 0, 0, 998533176, 0, 0, 0, 1210916524, 0, 0, 0, 371319094, 0, 988689396, 1232750503, 1127919853, 1086144978, 0, 0, 1178023708, 0, 1282845096, 0, 1500410163, 892976388, 0, 1856958689, 0, 839875633, 0, 1458201905, 449082720, 1140936917, 0, 0, 0, 0, 0, 558736542, 953005754, 743619471, 1462095657, 2046430863, 0, 1236875036, 0, 1242895325, 841613984, 977101811, 1045585018, 1712258432, 2034763988, 0, 1571289480, 0, 0, 0, 1928423618, 0, 359636124, 0, 0, 0, 2119194597, 458800749, 0, 0, 776392267, 0, 0, 446179771, 0, 0, 848825882, 0, 1211652401, 1652247948, 1516269636, 0, 1589940900, 0, 441371914, 1799503078, 1413965909, 1930882100, 0, 0, 622643247, 0, 1208886186, 0, 1858197523, 1821041318, 0, 1000012826, 0, 1446424329, 0, 92470008, 1971499986, 880708590, 532095142, 0, 0, 935040225, 1516880126, 0, 1588672831, 0, 1073331211, 0, 1037872448, 691061285, 0, 152107991, 0, 2063140721, 1052912338, 0, 0, 0, 0, 1235200582, 991347375, 0, 531972843, 0, 0, 968325682, 0, 1672100248, 775571407, 0, 1265775542, 583267150, 0, 0, 2003781665, 1713515172, 1351535882, 789867809, 427489144, 0, 0, 0, 0, 0, 385775710, 571982449, 1023000035, 0, 0, 0, 0, 0, 1309704526, 1943698367, 0, 1477778883, 0, 0, 135614926, 0, 992611760, 1621075611],[964783890, 0, 0, 316110249, 184410249, 0, 1772707704, 0, 1662866249, 1474322789, 0, 1609546276, -1, 0, 0, 929517874, 0, 651766397, 0, 807803414, 1185933642, 1822519211, 0, 475780596, 0, 0, 0, 439022881, 0, 1183352327, 370586118, 0, 331781516, 999490374, 1661007922, 2033357526, 2001191529, 0, 481234273, 0, 0, 374734000, 1659151308, 0, 0, 333354704, 1943671603, 0, 0, 7785027, 1865317953, 0, 2026272793, 0, 0, 0, 257635914, 0, 1178978485, 1359390957, 461010686, 475312366, 863455961, 0, 1683341107, 1667820923, 1407893696, 1230360827, 677442529, 1908704468, 2143646549, 968440813, 1501740540, 0, 0, 91246850, 0, 232258736, 2009305238, 0, 0, 0, 0, 0, 0, 0, 209656146, 0, 580465043, 796501783, 0, 0, 750899839, 0, 0, 2112473230, 2100528414, 0, 0, 0, 1225486046, 0, 272915139, 1438830510, 0, 0, 0, 144345259, 594302803, 0, 0, 0, 24830428, 446594892, 1441375975, 893431210, 0, 0, 0, 864686341, 0, 0, 1561668668, 0, 1850516825, 1591818030, 762303608, 0, 0, 1431874186, 0, 1415325712, 0, 609116376, 1101231423, 1209237350, 0, 1575879, 0, 0, 1981289297, 0, 0, 0, 0, 941024752, 0, 1710820955, 1984316215, 0, 0, 700313100, 464892972, 1148750326, 0, 0, 874844715, 0, 640653114, 0, 681841745, 1626582612, 1406547590, 0, 0, 0, 0, 1692990369, 0, 0, 0, 2051386279, 0, 60086933, 0, 672613463, 12603312, 0, 2055511361, 1804070286, 0, 1061181289, 1198624925, 14550629, 0, 0, 373715529, 0, 1699836668, 1622696343, 0, 1018893377, 1942567137, 1718397831, 588464782, 1190367980],[0, 0, 831159644, 0, 430908104, 633755028, 0, 0, 1734991807, 4765195, 417662179, 83023882, 0, -1, 1181600710, 0, 0, 0, 0, 0, 511604395, 879224756, 1082181714, 1036942901, 0, 1040454388, 425572316, 0, 0, 219995779, 537235784, 0, 564563699, 0, 1985264778, 2146123478, 0, 1631179545, 0, 1064749169, 0, 1063015307, 627584293, 1939004817, 0, 668775692, 0, 0, 2076342740, 0, 0, 0, 0, 0, 0, 1385424702, 0, 0, 608012398, 0, 1545241017, 1643095942, 2036188472, 0, 1203197369, 0, 680456960, 521353515, 494528175, 2110584006, 0, 0, 0, 0, 78847042, 0, 358929025, 0, 0, 109481333, 94988196, 1558064131, 0, 23919775, 981679520, 1657445851, 0, 896207639, 0, 0, 2099490599, 700532757, 0, 311096516, 1128310398, 523414887, 731356101, 0, 0, 1025535158, 1193992538, 0, 0, 0, 1556774573, 0, 0, 0, 0, 756356473, 0, 0, 1873854436, 0, 0, 72541442, 2061924597, 1609385024, 1737154595, 1893671030, 0, 0, 1748054267, 677301540, 0, 0, 0, 716147165, 1221021674, 1421840739, 888766334, 0, 595717664, 0, 0, 0, 134906521, 1366098222, 0, 819516205, 432416914, 0, 352512641, 1597358373, 559573795, 0, 484427004, 0, 329386170, 0, 0, 1163797382, 1410600587, 1564456497, 1872868072, 1926372830, 167949958, 1038963764, 0, 818365092, 1840369185, 897862417, 0, 1022652576, 0, 0, 1813126908, 1473275865, 0, 811331985, 0, 0, 489153052, 0, 0, 0, 0, 280237852, 0, 0, 1357272747, 0, 1598358497, 0, 0, 0, 0, 1767210810, 1682420643, 1927780906, 1310593203, 2011195263, 614087288, 0, 0, 879997065],[1354419957, 0, 0, 0, 0, 1125183028, 0, 0, 1701840390, 805343845, 1194570997, 0, 0, 1181600710, -1, 29175442, 0, 210346495, 0, 0, 0, 1363014125, 0, 0, 1586188033, 2100636155, 823230879, 0, 1103536769, 0, 0, 1665185245, 229266419, 858429427, 0, 0, 0, 0, 0, 14905441, 628717348, 326796564, 0, 1631207267, 229398717, 0, 1182658806, 0, 0, 1034887285, 658777223, 1102162264, 1008386794, 834579857, 0, 730176207, 0, 1709430882, 1757780906, 0, 0, 0, 0, 0, 1264393812, 0, 0, 0, 833354388, 0, 1365043952, 0, 63480592, 775492792, 1465326875, 593149165, 1557699512, 835849920, 2026657894, 1410352773, 0, 749018832, 94297287, 0, 196826974, 174981084, 1773789367, 0, 0, 364166737, 140467, 0, 0, 1322336586, 887328748, 1426980248, 0, 0, 2129832377, 0, 705280271, 0, 741872372, 0, 0, 0, 0, 1164012570, 908611133, 129974524, 137385662, 0, 1045921924, 0, 0, 641730009, 452020584, 0, 0, 1709444167, 1908607512, 1870906462, 0, 157698503, 0, 217936096, 241634259, 649215984, 789366247, 1190910798, 0, 34863753, 79705404, 0, 0, 1201845092, 1433327157, 529278087, 0, 1270610362, 0, 2147386379, 1137173250, 1262548519, 0, 292166214, 1368810612, 0, 0, 0, 0, 0, 524775061, 789949146, 0, 2086009160, 0, 0, 0, 0, 884826173, 1029280630, 1889282387, 0, 1053830592, 0, 2037170559, 1163987718, 0, 1488943914, 526706871, 1546346823, 813346129, 1378429411, 2035679796, 0, 1374734383, 393209317, 1069735773, 0, 0, 979808267, 0, 0, 1822596133, 1259389370, 0, 0, 656132027, 0, 1295769205, 2030252248, 0, 0, 0, 1560727401],[1964660399, 29885556, 530388345, 0, 1222072544, 0, 1245275305, 0, 325516598, 0, 0, 0, 929517874, 0, 29175442, -1, 0, 889075823, 0, 0, 1324826732, 1450579974, 250988692, 116133681, 0, 0, 0, 1960838363, 685511005, 683756847, 0, 0, 0, 1133689166, 0, 0, 659379470, 0, 1772323430, 1412573410, 900684865, 0, 0, 1088350990, 0, 0, 517135882, 371166035, 0, 0, 0, 664753300, 0, 0, 1335329234, 1858664094, 0, 2049821837, 0, 72847406, 0, 0, 0, 1096276853, 515463566, 1695704838, 0, 0, 2114699005, 1739191337, 1012186870, 0, 0, 1661160826, 0, 1341500181, 804204760, 319080721, 0, 0, 0, 942367048, 389484756, 1206264358, 0, 0, 1835620405, 0, 555883053, 860485996, 0, 1274515543, 0, 1280656289, 395238119, 2110608116, 1164584780, 803591438, 422190369, 1596526703, 1889450736, 0, 2039000186, 1699810253, 747935090, 0, 1483921812, 720767215, 0, 354721429, 0, 1006363745, 0, 0, 1952900672, 0, 301314035, 0, 0, 1574372652, 0, 0, 631699124, 1374064563, 0, 0, 0, 65409512, 1368409135, 0, 1724929882, 0, 0, 1939289272, 0, 943028633, 0, 0, 0, 0, 2119635745, 0, 0, 0, 0, 0, 265375406, 0, 992099281, 492319762, 0, 80348162, 1276133361, 1755475201, 82189031, 761572193, 2146892246, 0, 0, 0, 337848221, 0, 0, 0, 528490, 0, 804006443, 1570062653, 2073236966, 0, 942138094, 0, 0, 0, 413289707, 0, 1416330310, 345668311, 1902773540, 0, 109378460, 25755186, 816586664, 289950346, 2051763705, 1411519548, 0, 360957076, 0, 1771806562, 6383879, 26921088, 0, 0, 184048673, 0],[0, 0, 1475598000, 1950384589, 2135500263, 0, 0, 0, 0, 815722469, 911723359, 0, 0, 0, 0, 0, -1, 1813927097, 1494012142, 0, 0, 1389906443, 338308312, 1319541389, 511876330, 2080818327, 1538466551, 0, 0, 0, 1037118070, 0, 0, 0, 2001545983, 237025907, 2106503543, 1242053874, 0, 0, 0, 0, 0, 0, 241517689, 901857283, 0, 0, 1460947276, 1209089562, 37994925, 0, 1022827137, 605184581, 1511135901, 1740187231, 635067022, 2006619141, 2117236897, 0, 865519719, 1258092489, 0, 0, 1029662584, 1951549195, 851931431, 0, 187109180, 0, 1632904927, 1751105881, 0, 1780683471, 0, 1979297838, 0, 0, 0, 968852536, 0, 0, 1087472435, 1575575491, 0, 0, 0, 1013172917, 1498967761, 132121284, 297227744, 0, 0, 0, 0, 1097249012, 0, 0, 1372372796, 376172798, 1054647985, 0, 0, 1262858483, 1492814812, 720406511, 1625092631, 1348727808, 0, 935175863, 1780047715, 0, 1890795954, 0, 0, 1631568581, 1288915455, 120691767, 658322906, 0, 0, 129456123, 0, 0, 0, 0, 1264369450, 985060108, 0, 0, 0, 523769791, 1395432820, 1493893267, 0, 0, 0, 0, 1457329382, 0, 1550692609, 0, 462705133, 0, 1245507764, 1826617296, 2059089761, 0, 129303596, 2007141671, 0, 0, 813079238, 0, 1423831789, 0, 1362918207, 0, 522540093, 1546657378, 552219381, 1433111838, 0, 0, 0, 0, 0, 1240388752, 1911177195, 311117554, 2028664172, 173086492, 0, 0, 1723358319, 1801627224, 268698738, 0, 0, 1629244219, 0, 1137490112, 522838253, 1911739876, 0, 0, 0, 0, 0, 208177023, 0, 0, 0, 957335744, 0, 1292678642],[0, 0, 0, 545575199, 732054934, 465433542, 1371402499, 1492457285, 0, 0, 209762819, 0, 651766397, 0, 210346495, 889075823, 1813927097, -1, 0, 0, 0, 1708105956, 294033777, 603027643, 1464487174, 0, 1246684285, 2064720084, 0, 0, 0, 0, 0, 0, 767373725, 1077167486, 1935404565, 116681714, 501977394, 1312661143, 1751357167, 1779052612, 0, 0, 813935208, 467746297, 0, 542662654, 1036504245, 0, 0, 0, 61256940, 0, 0, 0, 839324288, 547322377, 0, 816899068, 1598884442, 0, 1220120403, 0, 271428629, 1735744919, 0, 0, 0, 1564302442, 0, 0, 0, 0, 0, 2017888643, 0, 393267989, 2137372363, 977562471, 0, 258073385, 0, 0, 0, 0, 0, 0, 0, 1596351268, 0, 1154463436, 0, 0, 0, 926052465, 224355599, 0, 959566664, 1740297189, 263840809, 0, 1776441064, 0, 937711131, 2004767399, 0, 1574937534, 546546979, 0, 1908639933, 0, 1594151844, 0, 106142353, 1461592498, 206685053, 1175803028, 2069027741, 0, 0, 0, 0, 551875491, 875217369, 309488629, 498555072, 0, 1194770269, 0, 0, 0, 0, 1259525607, 0, 2011588216, 0, 1470569491, 1264386543, 0, 510094759, 2140446666, 0, 0, 1206168499, 873139240, 91972501, 0, 0, 0, 0, 0, 0, 1072400194, 0, 568553109, 1359859975, 2117056181, 0, 0, 0, 0, 1195715765, 0, 518651551, 0, 371873279, 0, 1918192117, 245262208, 0, 0, 0, 0, 408771283, 971769498, 0, 436854688, 0, 80551308, 213912966, 0, 0, 0, 180706383, 1818769953, 0, 1954740217, 1726067318, 1769797467, 0, 1930146001, 462452816, 0, 0, 479242785],[2077818701, 0, 0, 0, 305013500, 0, 0, 962641325, 440938428, 0, 0, 0, 0, 0, 0, 0, 1494012142, 0, -1, 547032822, 717295556, 1317865621, 1353930273, 393690123, 0, 609307222, 0, 1059606082, 1496835512, 843135950, 864780116, 1026295681, 493674056, 1998488105, 0, 0, 69897011, 532906077, 977559032, 0, 1880289112, 0, 0, 1469684393, 0, 0, 1680253536, 447001543, 1290262991, 1922382484, 0, 717841505, 900783626, 0, 0, 792580338, 1048647173, 0, 2104410392, 281812510, 2070953806, 1131750038, 351912677, 0, 1040615904, 844872527, 0, 158491424, 1299651115, 0, 608954156, 553637645, 0, 217834180, 542837866, 0, 0, 0, 0, 0, 344148474, 994794144, 1731815509, 75399260, 234077588, 0, 0, 0, 804855694, 1300805605, 1674804157, 220234124, 966150515, 250133824, 1227283464, 531406555, 0, 1877640393, 0, 0, 263814102, 0, 0, 1692100534, 0, 0, 0, 850832272, 0, 375172390, 0, 0, 0, 171826593, 165100631, 0, 656392788, 1457839444, 0, 0, 0, 1853868430, 79530559, 0, 1322926239, 353112345, 191277469, 0, 131535344, 0, 582007036, 0, 1731226072, 1835614926, 0, 0, 1196341633, 1329806192, 2130403110, 0, 0, 0, 0, 1716792816, 0, 1095290151, 0, 0, 1300168350, 1678850072, 0, 117251873, 1553815898, 0, 560331750, 0, 912483767, 874707615, 339408636, 0, 1463410084, 0, 0, 1757849966, 1677204091, 0, 780623401, 1357363592, 1357553409, 0, 2070444293, 0, 0, 373245022, 1797472432, 0, 851142524, 0, 887047621, 1681677417, 1248802287, 0, 432105273, 0, 0, 936413007, 0, 395393469, 1306136116, 1037123306, 248277446, 0, 1275112678, 0, 1582654683, 0],[0, 0, 2015034060, 0, 0, 0, 0, 0, 0, 0, 0, 285185761, 807803414, 0, 0, 0, 0, 0, 547032822, -1, 51657391, 0, 826417302, 0, 224126913, 1692830022, 0, 88140983, 0, 0, 0, 0, 0, 0, 0, 0, 1333327571, 1581238701, 0, 91414685, 0, 1553516461, 0, 0, 491950496, 0, 0, 1584368906, 0, 0, 0, 0, 0, 1561615869, 0, 0, 0, 869480092, 0, 0, 1115021278, 1854823047, 754667889, 0, 1435512067, 327570981, 0, 0, 0, 2050762023, 1102580744, 753188239, 0, 0, 400775389, 0, 0, 1925704008, 0, 1997175008, 878469946, 1906256541, 1770050490, 0, 382239775, 0, 1338006397, 1301610367, 1715998134, 0, 634751905, 0, 0, 1247013985, 1517542156, 0, 0, 1317578684, 1895505596, 0, 0, 0, 0, 1031461264, 0, 0, 2032947828, 221077560, 712109972, 747386866, 176517818, 0, 1884809168, 0, 1186954736, 341705780, 0, 284319128, 619492476, 0, 0, 2047235297, 697869236, 328205351, 270557275, 1890551007, 565578012, 1547590344, 0, 1709134831, 416450879, 158141395, 111585229, 1394824776, 684352346, 0, 0, 1109070192, 1452861595, 407741590, 0, 0, 461982226, 0, 0, 0, 403222479, 0, 388137223, 0, 0, 1464940979, 0, 902841189, 0, 0, 0, 0, 838719025, 273963967, 0, 0, 0, 0, 0, 0, 1434704775, 826967959, 0, 0, 501435984, 0, 1552039995, 0, 0, 1645015990, 0, 322471202, 0, 899222452, 0, 519560211, 1973417788, 0, 0, 1576874911, 0, 1115432843, 1378934080, 0, 0, 643992311, 1470455881, 0, 0, 1236534780],[0, 0, 0, 1159043713, 1496698598, 813297152, 0, 0, 0, 310555675, 0, 0, 1185933642, 511604395, 0, 1324826732, 0, 0, 717295556, 51657391, -1, 2029633099, 0, 0, 561173793, 547221930, 0, 1049939603, 0, 1897680641, 0, 0, 116069407, 0, 39511938, 0, 1378126213, 1104551321, 0, 890892616, 1607915208, 478874752, 499822790, 1528943231, 1603600501, 0, 652140485, 0, 0, 0, 1138822786, 0, 249560663, 1514528150, 0, 2110021679, 0, 0, 0, 0, 11662025, 0, 1020719747, 95805576, 0, 0, 1782350418, 475876089, 1264532449, 0, 524181400, 0, 642019858, 0, 1291260968, 0, 490083195, 0, 769447095, 793418354, 0, 1629268130, 1978059462, 1732140767, 940858043, 1322774935, 1101680823, 0, 1142901110, 298943907, 620902832, 0, 0, 1591979579, 0, 0, 256087226, 1899458172, 0, 1634063895, 699232514, 1944344030, 972932623, 1471599326, 606022117, 922255666, 0, 1641430996, 2052433138, 1162161506, 1315597940, 0, 0, 149633169, 0, 0, 987583733, 1318628598, 0, 683594316, 0, 1499835613, 0, 171207407, 0, 0, 0, 1118727197, 1293543641, 0, 936981992, 0, 572232465, 0, 840699992, 0, 0, 541071710, 0, 0, 0, 0, 648515641, 0, 1521362951, 1454021113, 0, 0, 0, 1984240220, 573287970, 174946152, 0, 0, 810020625, 0, 1311676088, 770775325, 0, 1309062881, 0, 0, 0, 0, 0, 904339237, 993377892, 1190269123, 0, 1887463298, 0, 183244133, 55096087, 1236721849, 1575584937, 2066529898, 1915184332, 0, 0, 1802967674, 0, 0, 0, 414561832, 1208549712, 0, 1939021738, 0, 0, 0, 279846220, 0, 1492852147, 987071571, 1372438298, 0],[1520814800, 818012569, 0, 946730241, 73228498, 0, 0, 689498488, 148045792, 0, 0, 1891196883, 1822519211, 879224756, 1363014125, 1450579974, 1389906443, 1708105956, 1317865621, 0, 2029633099, -1, 461139733, 0, 0, 0, 176861626, 1401358037, 83083871, 1288194462, 603993209, 0, 1384260058, 402920733, 1677726687, 0, 0, 727569949, 0, 0, 1871445078, 684568949, 0, 1702665409, 831059602, 2014138619, 759661274, 1277381748, 0, 1346640621, 0, 1910519835, 531888729, 0, 0, 2134251464, 0, 1124257673, 0, 0, 1610396656, 686984860, 0, 0, 551998608, 0, 1482505593, 554981612, 1850386833, 0, 1683473333, 2132627518, 0, 0, 2129957855, 1608578790, 0, 0, 0, 0, 1367088016, 744946051, 1401838279, 0, 1479697354, 110667809, 136815185, 0, 714948527, 1384367462, 0, 0, 0, 0, 0, 0, 0, 87549444, 0, 812442269, 1588279129, 1477173725, 0, 0, 312811788, 1998003853, 0, 982777333, 0, 2106595255, 1191195526, 1429784915, 94971850, 151815641, 0, 0, 0, 0, 0, 0, 0, 0, 0, 0, 0, 1643476314, 0, 1147735887, 131491208, 0, 1925755282, 1729808468, 0, 1658099580, 0, 10372089, 317105745, 0, 0, 1285164973, 520241507, 0, 55981376, 51921609, 0, 0, 1605333229, 1831741129, 0, 505286318, 695335786, 1126351237, 434386913, 38512367, 0, 924413726, 1729090774, 0, 0, 840407944, 1980554128, 0, 0, 0, 1490434560, 0, 859581611, 0, 774087838, 1429643116, 0, 1532241053, 0, 1867832498, 0, 0, 1835929051, 723589168, 434685187, 578881574, 0, 0, 0, 2101690371, 0, 1101902638, 817427283, 0, 68729471, 0, 1834018412, 1554207319, 754023111, 251947775, 725579069, 909830294],[0, 0, 547165596, 1028546085, 0, 0, 159636966, 1419341291, 0, 669911055, 1231911696, 1026784202, 0, 1082181714, 0, 250988692, 338308312, 294033777, 1353930273, 826417302, 0, 461139733, -1, 0, 0, 917316572, 0, 0, 0, 0, 0, 0, 0, 0, 1234017708, 0, 1611787954, 2025682990, 1650602857, 681227161, 0, 0, 451173332, 574195453, 0, 0, 0, 0, 0, 0, 0, 0, 1104003693, 342452086, 625692065, 1566347415, 0, 0, 782791166, 0, 1407583812, 167250740, 1055682406, 0, 0, 1888267518, 0, 0, 0, 375850611, 1549231743, 0, 1336884878, 743679761, 0, 0, 155653330, 804347305, 0, 1628425781, 0, 0, 0, 0, 0, 1766587035, 0, 112406045, 1579339767, 0, 0, 932233161, 0, 1985970084, 1068041217, 0, 584968552, 0, 0, 0, 0, 1375414143, 866521752, 0, 0, 0, 0, 292203049, 0, 0, 0, 0, 0, 0, 0, 955052889, 0, 0, 256907323, 0, 393933985, 0, 0, 845457967, 0, 408415725, 1699285712, 0, 421715803, 209525028, 1133730443, 0, 362893377, 0, 1589224402, 1083969142, 0, 1994638148, 158565610, 0, 0, 0, 0, 1703560716, 0, 0, 0, 12795127, 0, 1052032712, 137568530, 0, 0, 0, 0, 1215578223, 1560064153, 0, 124182332, 0, 0, 0, 1217268504, 1040883313, 812026671, 0, 0, 699920354, 1131993081, 1270980294, 0, 879488061, 0, 706928271, 0, 0, 1385857563, 0, 0, 1689526983, 292476254, 1731121223, 210744791, 863977516, 0, 682803635, 713777061, 584947184, 0, 0, 0, 0, 1504034652, 782423316, 0, 0],[334927726, 0, 217580496, 1480041365, 0, 982514131, 521184234, 0, 1575500449, 0, 0, 1059409410, 475780596, 1036942901, 0, 116133681, 1319541389, 603027643, 393690123, 0, 0, 0, 0, -1, 97106133, 27688996, 1652354925, 981524702, 0, 738045323, 1396837109, 241661934, 1967858680, 0, 0, 443867160, 2058577873, 1938540898, 2105420889, 0, 194967435, 0, 0, 1502822638, 0, 2111165442, 219054447, 0, 1161045197, 0, 473009342, 0, 0, 339846684, 0, 0, 0, 0, 974597152, 29764944, 761514771, 0, 1750861138, 0, 0, 0, 0, 28099626, 0, 2121891, 0, 830423406, 2035240316, 1211991029, 285827675, 0, 0, 0, 2064822831, 390996298, 1476950177, 0, 1861918331, 0, 808729147, 1732579967, 620299761, 35443379, 627885309, 0, 1307453930, 0, 237008993, 847975412, 0, 0, 0, 0, 443713220, 0, 1832612190, 0, 1262562951, 0, 1393532242, 1852002311, 2060413749, 1590824324, 86653797, 402431722, 1635965166, 1743360738, 0, 1423002463, 0, 1107106858, 0, 0, 0, 1812736968, 1328441708, 0, 1157577606, 0, 1213767978, 0, 396618249, 143148571, 1699738809, 1515441359, 488046280, 566238325, 0, 0, 586672433, 0, 0, 700942333, 542898584, 0, 888880423, 0, 1165569798, 1653773165, 1177477216, 0, 0, 1710159776, 1375955, 1421308444, 0, 1163979904, 1544440807, 752872642, 0, 0, 825624603, 1856030947, 1851423265, 0, 0, 0, 0, 0, 671554950, 1192388602, 1951411726, 0, 348265968, 2119231521, 1943024185, 1741549287, 31455067, 0, 0, 0, 831578460, 1942080190, 732886350, 1354415125, 2131471455, 1755499258, 0, 0, 0, 2053442998, 0, 0, 0, 505201134, 0, 1907002957, 0, 0, 0, 0],[0, 0, 237803938, 0, 1814497130, 0, 1185754424, 1386127053, 1666394182, 0, 563316730, 1750951164, 0, 0, 1586188033, 0, 511876330, 1464487174, 0, 224126913, 561173793, 0, 0, 97106133, -1, 0, 344552067, 1309828785, 2046709467, 0, 1813335158, 793936613, 83801114, 835095737, 128241442, 51047650, 0, 733987125, 1509762304, 0, 0, 0, 0, 0, 1342944951, 1237676126, 0, 0, 0, 333455711, 0, 0, 0, 0, 0, 0, 1564312286, 952722375, 0, 0, 1080023420, 0, 673386473, 0, 0, 1248329921, 0, 0, 1389103470, 1535579153, 678667634, 0, 115018433, 0, 0, 133295752, 0, 0, 0, 1663374295, 1883761246, 0, 358795724, 0, 0, 0, 253248966, 443552836, 1621116610, 0, 494148952, 2003207938, 1919445854, 168277072, 548249254, 301152431, 621513728, 0, 420245948, 0, 1102439884, 0, 698070017, 2125413996, 1838969937, 1634427850, 525804620, 503510387, 1578540125, 1906727735, 588468765, 596747982, 0, 0, 0, 0, 123250438, 0, 890254090, 1301846242, 326347410, 0, 0, 0, 792092225, 0, 1731206277, 0, 0, 0, 1991313122, 0, 0, 2090975604, 819742986, 1034057789, 0, 1732314056, 1202186269, 0, 1757851319, 0, 364219615, 503120556, 763348681, 836063269, 471521165, 0, 117478220, 0, 0, 0, 0, 1540978683, 0, 0, 1750850329, 245426266, 0, 689073697, 0, 127892701, 0, 0, 0, 0, 0, 0, 0, 120076690, 1679969237, 470625854, 0, 0, 2026361778, 0, 0, 0, 1942362873, 0, 0, 727346149, 0, 1240178317, 0, 558585959, 1653046210, 0, 1917089673, 1327502120, 618851085, 0, 1486561279, 690982449, 0, 0],[1660178690, 702014201, 0, 0, 0, 1830647747, 717755753, 0, 1063276697, 2053865452, 221082310, 777792002, 0, 1040454388, 2100636155, 0, 2080818327, 0, 609307222, 1692830022, 547221930, 0, 917316572, 27688996, 0, -1, 0, 1638438165, 0, 275520639, 115250279, 53843422, 1863999872, 1250043201, 804063115, 167505312, 0, 0, 0, 0, 316454784, 0, 0, 0, 387467472, 0, 104260623, 653855173, 1571475316, 0, 1386963763, 911153105, 0, 541841046, 0, 0, 455944693, 995668151, 0, 1163669263, 0, 0, 0, 2051734522, 0, 0, 0, 0, 469294468, 126075682, 1029857838, 0, 0, 0, 409863867, 1816967335, 944947822, 759613295, 0, 0, 1654522938, 0, 1947383299, 745660455, 2082549422, 0, 0, 224228717, 0, 0, 640281505, 117622579, 0, 1184250740, 628556471, 0, 0, 539398493, 1923317083, 1318104294, 0, 1183879097, 404996558, 0, 1868361993, 807562794, 0, 0, 862579668, 0, 0, 1138746757, 0, 0, 0, 0, 0, 1037136766, 0, 0, 0, 0, 829105228, 0, 365863971, 319918722, 0, 0, 0, 0, 884377465, 0, 248953266, 0, 0, 474805033, 0, 0, 0, 332496686, 0, 0, 0, 1565802561, 0, 0, 1008376085, 1227666604, 0, 0, 0, 1137305710, 1239763642, 0, 1488952370, 682071198, 0, 1109192712, 0, 1225582032, 0, 2131865933, 1273068089, 0, 51881358, 0, 1102042925, 0, 1861533924, 0, 0, 0, 0, 611527122, 0, 0, 0, 0, 0, 1976185638, 0, 1178059085, 0, 0, 534899173, 1677132076, 0, 1488747656, 0, 0, 1851156448, 0, 0, 0, 55191763, 0],[1897318382, 1945573422, 0, 2032827949, 0, 0, 418382367, 854347473, 0, 383352864, 113628584, 1829316255, 0, 425572316, 823230879, 0, 1538466551, 1246684285, 0, 0, 0, 176861626, 0, 1652354925, 344552067, 0, -1, 0, 811712470, 1987303730, 1861153275, 1536752145, 1319460983, 0, 353732864, 0, 596603166, 1518983656, 1960214016, 0, 1248490060, 0, 552358937, 0, 0, 486782574, 175404100, 0, 1511310512, 0, 0, 0, 1780996123, 1538800312, 2075429426, 1958625750, 0, 0, 0, 309958848, 0, 0, 1997442156, 933385178, 1287026490, 1105790427, 0, 0, 59170389, 1062732198, 622374224, 0, 0, 0, 0, 903422922, 1941484472, 477139015, 1018405397, 1474826386, 1430423258, 0, 0, 453684114, 0, 0, 0, 0, 0, 1529469286, 328672431, 0, 0, 0, 0, 0, 1668695597, 0, 0, 0, 234395155, 1945653997, 0, 566458436, 0, 63059581, 0, 494202074, 0, 0, 1461561161, 957838234, 1583259429, 2040975603, 899153315, 1668403997, 1658171048, 0, 0, 1777914312, 742781852, 153085625, 0, 0, 1626772409, 0, 0, 0, 0, 556568160, 0, 636779709, 679065261, 733655854, 0, 0, 0, 884807681, 0, 384813743, 0, 383512593, 1611511602, 0, 0, 1007534338, 0, 0, 2012801301, 1728064607, 677016312, 1610353329, 904739815, 1022180060, 0, 0, 1976530204, 1969622438, 0, 0, 0, 0, 1775521246, 602353889, 2117514836, 0, 2002692825, 0, 811050095, 1530677552, 610345035, 667731638, 1651778060, 0, 0, 0, 1152798785, 524442470, 0, 0, 840469063, 0, 664611738, 185568612, 1839833346, 0, 526324910, 0, 0, 1915588150, 864137738, 1561305203, 656013685, 217739053, 0, 1229014027],[0, 0, 0, 0, 0, 0, 0, 0, 627305705, 1579815686, 293265611, 0, 439022881, 0, 0, 1960838363, 0, 2064720084, 1059606082, 88140983, 1049939603, 1401358037, 0, 981524702, 1309828785, 1638438165, 0, -1, 211823143, 36848266, 0, 0, 0, 1627233579, 756502173, 0, 0, 0, 939562274, 1285457045, 661166898, 0, 1228842316, 857692397, 564148802, 0, 0, 0, 0, 0, 1530884198, 0, 0, 1150281567, 699365817, 0, 0, 0, 305916729, 179160467, 1546491286, 0, 288583612, 518987924, 0, 0, 1487836121, 0, 0, 0, 0, 1964041338, 1390911382, 1809493661, 618124043, 0, 0, 190249521, 741604764, 123289320, 0, 0, 1177775484, 0, 0, 466648551, 0, 958959460, 933291266, 0, 1739423951, 1837441680, 123878232, 1983852640, 0, 0, 168387578, 208312075, 2004712151, 0, 1956947995, 431755196, 0, 799092393, 0, 113931048, 0, 0, 0, 0, 0, 0, 0, 266221651, 430718176, 0, 851292233, 0, 1537649845, 930245514, 779036967, 1900614475, 110803564, 1700127149, 1011166019, 434238889, 554230446, 882008368, 2004034224, 1089415093, 1960408960, 1789842321, 308015597, 1541056845, 0, 0, 263639783, 577326765, 476929637, 0, 1101682776, 0, 0, 637257357, 0, 1932529264, 0, 0, 1788360445, 347364899, 0, 0, 0, 0, 1794501161, 83258551, 478256105, 1000363559, 0, 1394778754, 0, 0, 150312957, 792808761, 395750279, 2037017151, 295533533, 0, 0, 0, 1912594357, 0, 1211727841, 963531970, 19505