172
[[-1, 773553211, 446885260, 153716059, 0, 0, 0, 0, 0, 1092554106, 0, 0, 1571010264, 223535370, 0, 1913303394, 150639834, 0, 1129926935, 2031222743, 957260330, 0, 0, 1987733339, 0, 770232086, 0, 0, 315213784, 0, 0, 0, 284671794, 0, 0, 2120378827, 756069607, 0, 694222941, 0, 1239249350, 0, 349302361, 752871499, 0, 1132212214, 1741666597, 98615425, 0, 0, 0, 0, 0, 1991428936, 0, 146141405, 397340566, 0, 1445006109, 1882002576, 1954575380, 492704444, 0, 0, 743137482, 0, 0, 1767119634, 247925249, 1550706774, 0, 0, 0, 0, 1023214087, 0, 2073244624, 0, 1685037661, 0, 268895750, 986807073, 366419021, 0, 0, 445651639, 0, 155222890, 1877617697, 0, 0, 0, 0, 793660816, 1789564431, 0, 1046178260, 0, 1017866627, 0, 837835820, 1326171436, 0, 0, 817177029, 534319352, 0, 0, 0, 0, 455929559, 0, 0, 0, 1198404427, 316803435, 855847864, 1488259168, 0, 227752582, 968402015, 0, 1757147057, 0, 26662778, 0, 2142262618, 0, 0, 1639145392, 0, 0, 1945195021, 857567761, 1740502149, 0, 0, 0, 705568068, 1856681654, 0, 0, 0, 0, 0, 1624715120, 259077689, 1571637014, 0, 0, 0, 1050003350, 0, 1505940847, 0, 1695273735, 0, 1850051923, 0, 1841775780, 2052736896, 0, 0, 0, 0, 1348628227, 0, 1717355231, 517312642, 1243397507, 0, 0],[773553211, -1, 2068981409, 1812802812, 1050659140, 1429117055, 374066129, 0, 1687509368, 359244175, 1301448919, 0, 1509042381, 0, 416947699, 0, 1824713547, 766147288, 840793502, 2015504324, 1656320486, 1754398884, 0, 0, 1527910953, 0, 1628750981, 629234292, 1604968372, 0, 1297188419, 0, 0, 520879602, 0, 0, 0, 0, 964988553, 712138844, 1107626234, 416407936, 738633878, 901841985, 0, 1484148206, 0, 0, 0, 1646331021, 1936103476, 0, 0, 0, 0, 1014281521, 0, 1149179882, 0, 695476866, 137996664, 0, 0, 233506032, 0, 0, 0, 0, 1407625661, 0, 1221810092, 341418117, 0, 241693841, 1971341878, 1006086802, 0, 69699578, 0, 2129579132, 406942982, 1093536721, 0, 1588715512, 1527240786, 0, 0, 0, 70250308, 0, 0, 0, 0, 349232349, 677663291, 1096886704, 0, 0, 241620390, 0, 1573458319, 0, 1796387188, 0, 0, 910271107, 0, 0, 242291310, 1654517749, 1829577063, 1035488942, 0, 1800537919, 1293533066, 1495096586, 0, 946336111, 380913389, 0, 1970895356, 1539875127, 623950619, 1517816472, 179045221, 110354310, 156402868, 709552506, 0, 233341643, 0, 0, 0, 0, 1059133956, 0, 0, 0, 385837136, 1105973265, 2119515095, 0, 0, 2085523478, 0, 537506808, 0, 1961687868, 0, 0, 1846657035, 727412747, 1854728403, 1314811108, 42142217, 1443869197, 0, 170152665, 133548419, 379831954, 2086736152, 0, 0, 0, 0, 0, 1572235358, 409630586, 0, 832880843, 0, 607141271],[446885260, 2068981409, -1, 0, 127829943, 1931402365, 0, 0, 0, 1211760232, 35380679, 0, 0, 0, 0, 1063621683, 0, 1685283185, 361488688, 0, 1712406627, 0, 759385593, 0, 0, 0, 0, 0, 0, 0, 1880412159, 0, 0, 0, 0, 0, 0, 372474652, 236458458, 0, 0, 0, 0, 994111707, 0, 0, 996930592, 0, 1521821067, 312457007, 0, 0, 1795641294, 0, 127889550, 842171885, 1573576401, 0, 2081644809, 0, 0, 898116196, 0, 0, 0, 1833717549, 0, 1587294155, 0, 1931665904, 0, 0, 124854722, 1034879118, 0, 0, 0, 0, 0, 0, 0, 1382526133, 2038282564, 1920814930, 1665676041, 0, 0, 101692902, 1149482523, 0, 0, 110381956, 0, 246676997, 0, 959904703, 0, 0, 487900758, 0, 632886967, 1603635238, 0, 2036045772, 1410896790, 1125427130, 1961634528, 511686178, 0, 0, 1229218434, 0, 0, 801367073, 12558411, 0, 0, 2141771185, 0, 230788987, 0, 474520393, 781581709, 0, 0, 183265364, 0, 0, 0, 0, 0, 1558891171, 0, 0, 1524611368, 499311043, 0, 709072002, 0, 670695050, 1837454568, 1993576533, 2058447220, 1157088462, 913772070, 1157839285, 0, 416609055, 1008128309, 0, 0, 1107391400, 0, 0, 0, 0, 2030649880, 586510081, 2074661755, 1310499639, 322164458, 0, 0, 346632234, 570761856, 0, 0, 1676051203, 833997646, 0, 0, 1010899520],[153716059, 1812802812, 0, -1, 0, 0, 1776439155, 469935047, 941875782, 546438460, 1798532115, 109627812, 0, 0, 0, 1438607817, 1958425083, 490017409, 250519438, 0, 0, 0, 0, 0, 0, 1358080494, 0, 1048301998, 376026623, 919275032, 1075967791, 0, 1627811297, 0, 788523444, 152004723, 0, 0, 0, 0, 1996705210, 0, 0, 339491866, 1347690487, 861199137, 1375442069, 884433468, 914630103, 328898308, 1107510274, 0, 1024661695, 1156496190, 1655666121, 1054690832, 0, 604014750, 0, 2015749179, 292706763, 0, 993996603, 0, 238479659, 218786492, 1154537860, 0, 0, 0, 855708714, 0, 2065745240, 0, 0, 0, 0, 0, 1458949463, 0, 0, 1994502161, 207806534, 1876171092, 0, 0, 0, 0, 1081564497, 0, 0, 0, 2018696956, 0, 1341943974, 0, 0, 223319227, 0, 0, 474245559, 588439429, 1207055862, 27753448, 167614881, 0, 826917361, 0, 1401449862, 1849802494, 1465399513, 524683031, 0, 0, 0, 0, 1556821211, 153329633, 0, 0, 1989539251, 0, 279556339, 0, 678447214, 1434956403, 529831813, 807103038, 1016662520, 297516360, 0, 1179711056, 661285791, 0, 963296190, 1727516081, 0, 0, 0, 0, 280186702, 0, 0, 0, 1900027070, 25911860, 138375568, 0, 0, 135140372, 0, 0, 0, 157496805, 0, 0, 1533738893, 435533205, 0, 1615498261, 1942766110, 957684903, 0, 0, 0, 342326446, 0, 224875955, 633237018, 0, 0, 1862848869],[0, 1050659140, 127829943, 0, -1, 12952346, 0, 116125395, 872859922, 0, 2144504908, 2020141751, 1131670550, 0, 0, 0, 0, 0, 1465232423, 0, 1535695226, 288553991, 1017939204, 377092952, 0, 0, 0, 0, 10003324, 0, 1064952939, 1369684880, 0, 2143565484, 765660749, 135296281, 0, 0, 1301604073, 0, 0, 0, 1018630348, 0, 0, 0, 0, 1094245357, 0, 261205944, 0, 1870251317, 0, 0, 373308004, 1578009608, 577403432, 1861668242, 1488452735, 0, 0, 266805197, 132282359, 2115204569, 0, 1333939852, 1565719694, 0, 807660685, 0, 493356104, 0, 972987454, 659540299, 0, 66365582, 0, 1377388615, 153120280, 0, 1409204302, 0, 1822924450, 618196814, 0, 0, 0, 0, 297256495, 2002460656, 1543190642, 2133157844, 0, 0, 0, 0, 0, 0, 0, 1897871757, 1221124907, 1515416963, 0, 1801727427, 0, 0, 1294004707, 2074679393, 20133664, 0, 0, 0, 440183077, 0, 0, 2052120701, 96529029, 737207313, 712836938, 0, 669944136, 315518631, 1566870904, 0, 0, 2108958633, 0, 0, 0, 1815696713, 0, 1380956563, 0, 0, 1459161593, 0, 1003187063, 851705365, 1426234689, 0, 0, 0, 1172892846, 0, 1291651536, 735295812, 772535934, 364611642, 711344628, 0, 0, 1731006964, 2035704481, 0, 58601142, 0, 0, 0, 0, 590710678, 0, 0, 0, 0, 0, 1343552830, 1213141604, 0, 89363149, 0, 823952336, 0],[0, 1429117055, 1931402365, 0, 12952346, -1, 1889139619, 1671925593, 0, 1930687174, 0, 1986094701, 1282137922, 1503726991, 518406393, 194567450, 2094372748, 0, 0, 0, 1729322621, 1227503905, 0, 1313508006, 586822813, 0, 0, 291609236, 0, 306621863, 186233665, 1608391550, 0, 715885724, 1667695438, 0, 0, 1920424380, 484789838, 0, 0, 568678638, 1503585141, 0, 0, 1279825606, 662718137, 0, 1808846593, 0, 0, 0, 0, 940023293, 0, 1406884247, 0, 1588516421, 0, 0, 284421257, 596027908, 0, 0, 502818294, 1091293003, 0, 1152274602, 416746789, 1468579890, 0, 0, 0, 0, 976033351, 256257959, 0, 0, 0, 818305453, 0, 799651146, 0, 1206982702, 0, 0, 0, 743068581, 0, 0, 1357311143, 0, 421849939, 0, 0, 0, 874374512, 0, 0, 1313286625, 0, 1192692512, 563943859, 498718248, 0, 860115937, 502056049, 0, 0, 1466891446, 1158409057, 0, 1383455107, 0, 2108079123, 0, 179060201, 0, 1820064516, 572088022, 0, 1699784768, 0, 0, 0, 0, 1536709223, 824080560, 0, 0, 0, 1347531300, 0, 0, 0, 0, 1137359824, 0, 0, 0, 2084200748, 0, 154670054, 254777713, 1163556763, 1490135032, 805904792, 0, 0, 0, 1940771447, 1259207514, 0, 2032616891, 0, 1173929508, 1555877053, 0, 12001526, 901311596, 1740472207, 1305742636, 159337204, 2123836115, 944611042, 0, 1681670210, 0, 0, 1931000163, 914116681, 1287876471],[0, 374066129, 0, 1776439155, 0, 1889139619, -1, 0, 1970211638, 632533893, 1045179866, 0, 0, 0, 0, 0, 0, 0, 0, 396031091, 643352801, 0, 0, 0, 394902046, 1223793602, 0, 0, 0, 0, 1156382861, 692526827, 0, 0, 521707659, 0, 0, 0, 0, 0, 0, 0, 0, 1854738869, 1094979351, 0, 713769417, 0, 0, 0, 0, 62026491, 0, 1335528405, 1733449720, 1837462849, 1132924032, 0, 0, 0, 0, 1535699454, 655279149, 356829562, 1892266441, 0, 1422773631, 1145821266, 1530036759, 1096823307, 337818765, 0, 0, 1365534677, 0, 0, 1678150881, 1230324010, 0, 129922364, 980830574, 2126325039, 0, 0, 85045156, 0, 636837897, 387081572, 0, 1720700868, 425187744, 0, 887889028, 0, 0, 0, 0, 0, 1695918209, 913463932, 0, 0, 0, 1400343318, 0, 0, 373897442, 0, 1321427988, 0, 890191100, 0, 1809784471, 400587478, 0, 0, 963322352, 0, 0, 59978409, 552137349, 838332291, 1589384386, 0, 0, 0, 1593195875, 812636664, 0, 1852146868, 0, 0, 0, 0, 0, 1420487737, 1970187375, 0, 0, 626653480, 0, 0, 0, 0, 708330432, 0, 0, 1517709922, 1753806943, 21362819, 1899727118, 0, 231330437, 0, 0, 0, 832296294, 11628074, 451252118, 0, 1118016450, 0, 0, 0, 1872494228, 0, 0, 0, 31242036, 0, 1323650222, 0],[0, 0, 0, 469935047, 116125395, 1671925593, 0, -1, 0, 770546341, 553387845, 0, 0, 0, 1117774369, 478168274, 28282274, 295480361, 0, 1904205849, 622588451, 1953742716, 953747166, 0, 1304403748, 0, 0, 2065222374, 0, 0, 0, 1931738154, 0, 0, 97864024, 1925324769, 1465436535, 0, 0, 349446970, 1617417357, 1816214715, 1039893109, 1207148666, 734638972, 2040623766, 0, 0, 738866137, 2113572064, 1403490970, 0, 474670336, 1238700342, 2013304217, 0, 0, 1865452415, 1990687520, 0, 370930703, 44855230, 0, 0, 902009112, 1950262051, 0, 685520050, 0, 0, 805003246, 0, 0, 0, 0, 0, 0, 0, 1193765204, 816803620, 0, 0, 0, 0, 0, 0, 0, 1470512519, 0, 771266035, 0, 0, 348185631, 0, 1856354475, 1016630102, 0, 0, 0, 1400883860, 0, 0, 1320561637, 0, 249494049, 620368059, 5935522, 40310614, 577238537, 0, 1266269802, 0, 0, 0, 255859699, 0, 0, 2090438346, 546571053, 0, 682384542, 1261978753, 1120732658, 1439178126, 0, 0, 948706023, 1405305797, 402769607, 1173845923, 968853263, 1563730046, 1646534044, 0, 1803751138, 1280737045, 209667495, 0, 1893652820, 0, 1922248157, 794117143, 0, 0, 1397663251, 1812448115, 0, 1813748055, 395241051, 0, 1574291232, 1565045003, 1941824970, 0, 233819991, 605706963, 573213514, 1041416424, 1798267661, 745030307, 0, 844335463, 0, 0, 454879768, 0, 0, 1175955116, 0, 564275381, 0, 0],[0, 1687509368, 0, 941875782, 872859922, 0, 1970211638, 0, -1, 1041006543, 1499056393, 1676742725, 0, 0, 0, 0, 0, 0, 709483435, 1088406304, 938644369, 0, 0, 1234075805, 1458711978, 762192991, 0, 0, 0, 634986062, 0, 1438611627, 0, 2022487481, 0, 0, 1435655312, 0, 0, 697294702, 0, 0, 1551409428, 433686935, 1081837855, 1240562321, 2004930382, 732269673, 0, 0, 72780847, 0, 1138284013, 1182981641, 0, 0, 1678325218, 207036415, 0, 924814280, 0, 0, 0, 1496497911, 2108083023, 1750782815, 766500271, 1206134257, 1955552321, 1628751247, 0, 0, 0, 1925787273, 0, 1646746939, 1348556362, 1254612543, 82656032, 1358527686, 0, 0, 2137437833, 464166533, 1991924921, 1275159524, 1987746472, 0, 1690393404, 0, 0, 0, 2095498601, 0, 1030717496, 1190972777, 0, 562480999, 0, 0, 0, 533454204, 0, 815704151, 502664642, 868135611, 0, 0, 2100771507, 0, 870171381, 0, 139496344, 1979347669, 58182447, 0, 2105477512, 404386101, 0, 371729054, 1411429866, 287906206, 0, 1138888872, 0, 0, 0, 0, 278196829, 1083318287, 2025313445, 0, 558086253, 973000678, 0, 550237208, 1787303, 0, 0, 0, 0, 1485951799, 0, 0, 826078005, 515914383, 1261867769, 758830125, 1348112826, 110703605, 0, 0, 280434989, 985476024, 1543254441, 2107993353, 686914938, 0, 0, 0, 0, 616456820, 0, 675948709, 1317320651, 8621641, 291112671, 53667880, 1197202332, 1533101188, 0, 0],[1092554106, 359244175, 1211760232, 546438460, 0, 1930687174, 632533893, 770546341, 1041006543, -1, 1590134971, 176343143, 0, 1690279836, 588364624, 0, 539849585, 0, 1633670394, 0, 1224813558, 0, 11942353, 0, 1166414727, 1770519345, 0, 0, 0, 0, 0, 0, 1578790021, 352409283, 477817781, 0, 0, 1354825568, 2129701986, 0, 164654538, 0, 77382593, 0, 1795238517, 0, 0, 0, 0, 0, 0, 454594610, 0, 1829045938, 0, 351007551, 0, 506734862, 1336846351, 0, 0, 19488185, 265635495, 1251302327, 0, 0, 599055337, 585136707, 0, 531720995, 0, 0, 675868788, 0, 0, 1124606171, 0, 1078366775, 0, 0, 0, 0, 0, 441886701, 1812683072, 0, 0, 0, 0, 586641302, 2083805955, 773871462, 999678692, 0, 0, 0, 0, 948338672, 393627912, 862887586, 906851771, 0, 0, 816293059, 1289100506, 0, 76624325, 0, 432805112, 0, 0, 412698696, 0, 1950068709, 633815913, 1649540786, 1358610163, 0, 1655613105, 629962469, 0, 1047404051, 1041607503, 0, 1699329993, 1478743469, 0, 1147516880, 0, 244141966, 574670443, 1165733185, 0, 1838121988, 0, 0, 0, 728837063, 0, 481667732, 0, 1052261252, 1283142331, 0, 512933971, 799402467, 0, 1486990653, 0, 0, 1345833954, 33734465, 0, 0, 0, 0, 463333473, 361147099, 0, 0, 0, 0, 0, 0, 1420887595, 0, 1318303930, 1892774730, 1947790584, 1224018382, 0, 0],[0, 1301448919, 35380679, 1798532115, 2144504908, 0, 1045179866, 553387845, 1499056393, 1590134971, -1, 0, 0, 719966386, 0, 0, 0, 1460376374, 683475596, 0, 0, 866885546, 0, 0, 0, 0, 0, 0, 0, 0, 1226299816, 0, 0, 0, 355278916, 1004141915, 1461471984, 0, 2121185085, 0, 0, 0, 1002296252, 1624356344, 402628024, 0, 0, 0, 0, 0, 1032052908, 1645504947, 0, 0, 1085125564, 445965456, 731419284, 0, 574705363, 1713993709, 409479902, 2126598947, 683284019, 0, 0, 1160420642, 512475725, 0, 758769789, 413072007, 0, 662702938, 1188915734, 1856605720, 133601958, 929971699, 641970663, 0, 937688537, 1211544400, 0, 0, 0, 0, 0, 0, 0, 0, 206027572, 0, 0, 1538617645, 8443203, 0, 1378517879, 960012322, 760529357, 304348513, 0, 121598738, 987650397, 0, 0, 0, 0, 0, 0, 271716909, 0, 1246854309, 1115320321, 0, 1985670462, 0, 1575341934, 270895204, 0, 0, 2080097409, 0, 0, 665168942, 1924885995, 0, 417766002, 283853917, 1773808566, 0, 0, 0, 578588264, 1337191850, 807514391, 0, 0, 0, 1932751721, 220449607, 793101270, 0, 0, 616366978, 682864282, 90672155, 0, 1911381295, 0, 0, 0, 0, 0, 0, 0, 0, 172016731, 0, 0, 0, 1985397320, 870337122, 1362200278, 1804490294, 1053336446, 658091137, 0, 1596833956, 600065465, 977299784, 0, 141831558, 1979521143, 0],[0, 0, 0, 109627812, 2020141751, 1986094701, 0, 0, 1676742725, 176343143, 0, -1, 2039491738, 191904586, 1177272507, 2142310541, 0, 976596888, 0, 1191623895, 0, 509980398, 1740249270, 1008463823, 0, 0, 1504376919, 0, 0, 0, 937546821, 1509921058, 25549758, 0, 242765266, 0, 751544464, 1000127581, 424529133, 832781722, 0, 291943166, 930439878, 0, 0, 156893507, 0, 1348800091, 0, 938721120, 0, 304876576, 154585147, 1514864284, 1220805148, 0, 156675739, 0, 0, 0, 0, 0, 1056549277, 1309655893, 0, 99058890, 381796333, 1502218872, 0, 0, 0, 0, 0, 2095272683, 0, 0, 44049331, 0, 0, 1640734227, 0, 0, 1060755224, 0, 0, 0, 0, 1819905155, 0, 0, 0, 1028122586, 0, 671197110, 764308655, 639365046, 1603575889, 0, 0, 0, 1154049837, 0, 0, 1161577831, 0, 0, 457382575, 1220727291, 0, 1748759678, 1300152250, 0, 156583962, 21646602, 0, 1656363766, 0, 0, 1036475752, 0, 0, 0, 0, 0, 0, 0, 1576781632, 0, 0, 0, 0, 0, 944662074, 1872371729, 0, 1002205717, 319492593, 0, 962862496, 0, 0, 1057011223, 1339553799, 352663775, 0, 0, 755358898, 98562072, 91118299, 1783569093, 953063121, 767621184, 881364538, 0, 612431297, 227031725, 148425496, 1948100965, 682341716, 0, 285252496, 0, 1287232747, 0, 1959587362, 177710894, 653020626, 0, 0, 0, 0, 1244932491],[1571010264, 1509042381, 0, 0, 1131670550, 1282137922, 0, 0, 0, 0, 0, 2039491738, -1, 671565941, 0, 0, 0, 0, 1846351406, 0, 1903279758, 464888975, 1356905041, 374321074, 2081367579, 0, 1632200729, 0, 0, 1926158705, 0, 23205102, 0, 1273066480, 60082824, 2105039320, 0, 1233085407, 0, 603939367, 254409499, 0, 0, 1419180317, 0, 1129926121, 0, 191946173, 1083477822, 0, 133777540, 0, 494944838, 1966585400, 0, 396155333, 0, 0, 1749309378, 0, 911763346, 1129040589, 1836783414, 408434385, 0, 0, 126145773, 0, 0, 0, 0, 0, 0, 211656560, 1721442060, 0, 0, 1626958401, 0, 0, 14490121, 0, 0, 2010415269, 1568062218, 0, 0, 0, 538365791, 0, 0, 587106958, 269509771, 2039135541, 179327834, 1506025475, 1435904957, 0, 0, 0, 0, 1395694891, 0, 1922368648, 0, 638319781, 1173344467, 0, 0, 1077121349, 0, 615541161, 102462331, 0, 0, 907034504, 1863234763, 521735513, 0, 1003526312, 883463589, 0, 1868309132, 0, 29590363, 570948893, 0, 905810369, 0, 937676716, 396657782, 0, 0, 1502034455, 1875215082, 0, 0, 1601793552, 923288585, 0, 0, 0, 1092773966, 0, 0, 0, 0, 1602282035, 1368616543, 0, 0, 0, 0, 406336243, 1613723552, 1941374569, 625393190, 0, 1071624719, 417758038, 1995157175, 0, 0, 1341769169, 1493927152, 0, 587640520, 1451750854, 744649386, 0, 100090386, 0],[223535370, 0, 0, 0, 0, 1503726991, 0, 0, 0, 1690279836, 719966386, 191904586, 671565941, -1, 645961029, 0, 706150383, 126294359, 0, 336039396, 0, 973877255, 1537168057, 1070953345, 0, 1015124833, 0, 0, 1704440675, 0, 0, 186449731, 1622487079, 1562656252, 0, 0, 724338087, 827986643, 0, 38700406, 219076568, 717245997, 0, 785634509, 0, 796920209, 287024652, 0, 0, 1014842736, 315707434, 0, 1871946390, 839725543, 272103599, 425032954, 0, 2014373713, 0, 610846036, 0, 0, 1667565627, 1842579659, 0, 0, 220354358, 1271803388, 0, 1401669172, 0, 868647684, 911027907, 377021647, 0, 0, 1630413148, 1295825737, 0, 1904683417, 0, 0, 1698990117, 0, 420774053, 127571151, 0, 0, 395963441, 0, 613791305, 0, 0, 0, 1066059240, 980913319, 0, 0, 1265714731, 0, 0, 44666762, 1985383012, 172470931, 1132711930, 519522856, 1847691635, 0, 0, 0, 591911417, 1002153895, 0, 2079412473, 0, 0, 0, 0, 0, 199724785, 0, 0, 0, 1530282184, 0, 0, 1510804873, 0, 0, 1613097508, 0, 0, 1099155122, 0, 0, 0, 1544337732, 0, 0, 0, 673330742, 0, 2113558683, 1418316030, 1510606520, 0, 648062551, 0, 0, 2039026959, 224372231, 0, 1682063726, 815649881, 1434036946, 0, 627209331, 0, 1066126030, 0, 0, 0, 0, 630422571, 1832402480, 0, 1053919141, 1184391441, 1946729529, 0, 1478248059, 0],[0, 416947699, 0, 0, 0, 518406393, 0, 1117774369, 0, 588364624, 0, 1177272507, 0, 645961029, -1, 427639285, 981116948, 1478438305, 0, 0, 0, 0, 136571365, 0, 0, 0, 1328244613, 0, 2002064343, 976176180, 1283321115, 1978025976, 0, 0, 0, 0, 1480994678, 1054770295, 0, 698658299, 388255145, 64396123, 1887352700, 467576186, 0, 0, 1867240988, 0, 0, 0, 0, 0, 0, 0, 0, 1250841507, 0, 1263789373, 1359094000, 0, 1666783294, 1690961776, 0, 448530445, 1304546039, 69794029, 0, 1743969491, 366966801, 0, 0, 1477094495, 0, 303475575, 318676938, 1974624845, 380512596, 1723922718, 258294914, 0, 495272571, 158762515, 0, 1661292984, 0, 0, 0, 703858147, 961424328, 0, 501566693, 0, 0, 1409896460, 951019294, 0, 0, 0, 958535096, 2033387962, 0, 0, 399623748, 740166894, 1042560233, 626665830, 0, 1346915949, 507303951, 575277785, 1969586841, 0, 0, 0, 1328360329, 0, 253022848, 285605914, 0, 2022196384, 497592226, 891294115, 0, 0, 791426390, 1860734255, 1302630101, 1077367443, 0, 0, 0, 756524967, 1390454987, 2513301, 429798150, 0, 975570461, 1456472585, 0, 1217896259, 515643297, 894743824, 1135632354, 0, 1829332855, 0, 1779483472, 242033748, 0, 1904275135, 0, 1693906823, 1376958977, 0, 0, 0, 0, 0, 0, 2116735533, 2115221560, 0, 0, 0, 14993108, 944898248, 0, 0, 0, 0, 0, 401888123],[1913303394, 0, 1063621683, 1438607817, 0, 194567450, 0, 478168274, 0, 0, 0, 2142310541, 0, 0, 427639285, -1, 1794077099, 0, 0, 0, 1144593915, 608860460, 0, 685504496, 1421611909, 0, 1556980850, 0, 0, 157529688, 0, 419842117, 505050632, 0, 0, 221153058, 0, 0, 1368689617, 0, 756243002, 0, 0, 1049494573, 1009220177, 0, 0, 1555462366, 0, 1955621167, 180549982, 0, 1041916400, 0, 981208082, 0, 0, 872016329, 0, 346224440, 566251441, 0, 0, 482118366, 0, 1648440483, 0, 0, 0, 0, 1245832311, 1513032657, 1791609090, 1132007017, 2096495669, 1198654140, 1931029935, 0, 0, 0, 1515807529, 443302968, 0, 0, 0, 0, 803594953, 0, 0, 129293441, 0, 0, 1398491513, 0, 0, 1448635962, 0, 0, 591594860, 977842156, 336140162, 0, 0, 630939971, 0, 1743327921, 1322671611, 0, 0, 0, 0, 1636079081, 1053247553, 0, 0, 0, 119065156, 1123683178, 0, 414900071, 989699648, 0, 0, 0, 1836033026, 408419611, 0, 0, 0, 0, 2111659439, 1188188717, 712475344, 350831284, 1443942633, 0, 1537775195, 1330634487, 0, 0, 0, 979887881, 0, 0, 0, 386282628, 0, 974150285, 0, 2076641794, 1464633167, 750065906, 1838915024, 2115251347, 0, 0, 0, 729226722, 321146238, 723925837, 1547414597, 1407777327, 1571322540, 0, 0, 1775035125, 1885141135, 0, 1588012179, 0, 0, 1884528324],[150639834, 1824713547, 0, 1958425083, 0, 2094372748, 0, 28282274, 0, 539849585, 0, 0, 0, 706150383, 981116948, 1794077099, -1, 0, 0, 0, 0, 0, 0, 917104039, 1546873573, 388335864, 0, 1356199269, 540629908, 0, 0, 408403242, 1274476471, 1105765264, 902756051, 0, 0, 0, 0, 1736280294, 0, 0, 1455550567, 1898793671, 0, 1174218339, 1081603171, 2006126252, 471563171, 0, 548452017, 0, 2072610862, 0, 0, 1149921517, 454729169, 1123539520, 0, 0, 0, 1060867874, 509301385, 261155015, 417878333, 0, 0, 513983181, 0, 140219087, 372417050, 0, 518392823, 0, 2106888022, 891458552, 1989848216, 0, 397901840, 365944956, 0, 0, 539760656, 135030906, 0, 0, 750358881, 142744145, 0, 1452867719, 0, 1139713047, 1923287008, 213180566, 1037687670, 0, 0, 0, 0, 539049956, 645854693, 0, 1990632909, 197704655, 0, 0, 0, 561907715, 1538923257, 1471801640, 1980868967, 0, 1593777495, 0, 124216495, 0, 0, 0, 522206432, 1841937538, 183092020, 0, 611248258, 0, 0, 0, 567392210, 0, 780715533, 1045906154, 0, 0, 0, 1640234947, 0, 0, 415746017, 164508271, 1873718450, 385096237, 0, 0, 1339241930, 0, 1916878804, 0, 0, 0, 0, 0, 33258086, 0, 0, 897874981, 0, 257343954, 0, 1846906138, 0, 1952210002, 1405207860, 0, 1399434238, 106847585, 664539939, 1083638936, 0, 2010292733, 0, 193134847, 511062733, 0],[0, 766147288, 1685283185, 490017409, 0, 0, 0, 295480361, 0, 0, 1460376374, 976596888, 0, 126294359, 1478438305, 0, 0, -1, 0, 0, 0, 0, 0, 1998348141, 2027318555, 1437239848, 0, 1398266097, 0, 0, 169130817, 1524886097, 0, 0, 773196770, 801509322, 1428167550, 2140634102, 1828597799, 125031994, 327662297, 4420448, 0, 0, 0, 0, 0, 0, 0, 0, 0, 0, 1355633756, 1602224746, 0, 246593335, 721041729, 0, 1560813099, 0, 1782893687, 0, 2099901474, 208353065, 202843124, 2139551887, 0, 0, 0, 213769817, 850343922, 0, 1518187432, 163236716, 0, 0, 0, 860021618, 0, 1979636467, 0, 851056367, 0, 1220352292, 1454177, 1570797795, 0, 0, 1100003323, 0, 2073929310, 0, 1122228762, 1146766687, 1759234557, 0, 41745671, 910580608, 0, 314894648, 533147442, 186656577, 0, 146011646, 623205005, 0, 0, 741270058, 131595810, 0, 1022342135, 804912264, 0, 0, 0, 0, 414890791, 783379567, 345886264, 1095096819, 600883425, 0, 0, 0, 0, 816937280, 0, 591194466, 0, 1056726871, 0, 1590500511, 1501097529, 0, 0, 0, 2063352857, 1393995243, 0, 0, 872606007, 1350213587, 0, 1694440854, 0, 1195823744, 840409666, 1071203748, 0, 1020837116, 0, 0, 0, 0, 0, 1564096106, 0, 0, 420370239, 0, 0, 835750378, 2094261187, 0, 0, 316695672, 631315748, 932964044, 1331869151, 0, 445533882, 0],[1129926935, 840793502, 361488688, 250519438, 1465232423, 0, 0, 0, 709483435, 1633670394, 683475596, 0, 1846351406, 0, 0, 0, 0, 0, -1, 0, 471017897, 1404791047, 0, 0, 1426273627, 0, 0, 0, 0, 0, 1168799021, 0, 0, 1780908039, 1748448806, 0, 1113735020, 500832146, 2136724029, 2141773875, 0, 2075025480, 749483925, 983062768, 0, 556183406, 0, 1671341648, 0, 0, 401849680, 41802094, 0, 915633951, 33574163, 0, 643823641, 1466897509, 1956122292, 0, 55703627, 0, 1424310583, 0, 0, 0, 0, 0, 0, 0, 0, 0, 196600704, 1025162782, 638997151, 71101357, 473994515, 653817869, 0, 0, 0, 1590320503, 189159187, 0, 0, 0, 0, 0, 912859276, 604338544, 540258926, 1620281595, 0, 1766568484, 0, 0, 1857213124, 52618047, 161460349, 632989869, 1269275421, 0, 0, 554312158, 1738147017, 854666218, 0, 0, 931537262, 1112800982, 1406870590, 0, 1579917677, 958612303, 0, 539818249, 172621125, 0, 581920818, 307648905, 954918808, 742945292, 0, 0, 1457857024, 0, 0, 1492679186, 2123086098, 480736223, 864680684, 244405559, 616159521, 0, 0, 1671229706, 308154363, 572119045, 0, 2019914463, 1547714446, 0, 0, 0, 0, 0, 1698907905, 498158933, 0, 0, 0, 1514898522, 689279387, 0, 0, 0, 0, 0, 0, 0, 0, 1397675186, 0, 1626631107, 799862414, 0, 1328899988, 1264026267, 0, 0, 357565921, 729707398],[2031222743, 2015504324, 0, 0, 0, 0, 396031091, 1904205849, 1088406304, 0, 0, 1191623895, 0, 336039396, 0, 0, 0, 0, 0, -1, 0, 0, 88492816, 0, 1468721833, 1874151189, 1534520126, 1296753596, 0, 463274365, 1750570453, 339490821, 0, 229072828, 1999355840, 0, 0, 1132860629, 0, 16275315, 1435219997, 0, 351185749, 93321359, 2015918560, 0, 1096456578, 0, 2063642559, 506126393, 1254731940, 599340238, 0, 0, 1700004629, 1872489391, 0, 1246638235, 356633612, 0, 0, 387333109, 1992397765, 0, 1156150511, 0, 0, 0, 1252913633, 1635060157, 0, 0, 0, 0, 2001445934, 0, 0, 0, 911801980, 1716034274, 943434515, 2043834197, 0, 0, 1978852142, 909713677, 1827709186, 1213744829, 902981564, 0, 0, 2031897800, 1439709262, 833392545, 2073167233, 0, 0, 1714367437, 1934239061, 707003630, 1763857644, 0, 0, 973302397, 665449677, 488233006, 52246060, 0, 0, 0, 0, 0, 0, 0, 0, 1070575074, 0, 0, 2107646147, 755439458, 1984520488, 0, 0, 456857607, 1007044489, 1014815709, 870522445, 868311735, 581836231, 0, 0, 614766495, 0, 598710920, 377408847, 723487691, 0, 0, 0, 908181708, 1215373742, 0, 1250796161, 1635928296, 0, 0, 0, 1779945784, 702581101, 1812178823, 176307677, 1979563822, 0, 0, 0, 0, 667958588, 0, 1245424614, 0, 1973846456, 0, 0, 0, 1011315210, 1477438511, 891579502, 1521567680, 1559820777, 406228295, 905720005, 0],[957260330, 1656320486, 1712406627, 0, 1535695226, 1729322621, 643352801, 622588451, 938644369, 1224813558, 0, 0, 1903279758, 0, 0, 1144593915, 0, 0, 471017897, 0, -1, 682496706, 0, 892174136, 496142515, 114633755, 0, 1589100091, 0, 0, 2013526531, 0, 0, 775426073, 827701363, 1394686545, 924791926, 258860457, 1217586037, 0, 0, 0, 798664856, 98329108, 857072460, 1131016804, 0, 1519942274, 0, 0, 1647051226, 0, 0, 0, 2083761715, 0, 0, 1993586721, 0, 1622020064, 0, 0, 0, 0, 1980895135, 0, 0, 1149175391, 0, 0, 0, 1715526612, 0, 0, 0, 0, 0, 1441399370, 0, 0, 0, 1554793157, 1157210649, 2065406563, 0, 1284854470, 593865764, 0, 0, 0, 0, 0, 1436975114, 0, 2008650393, 123985091, 258734719, 0, 95387108, 1287810241, 0, 0, 0, 0, 23328805, 581919362, 0, 0, 1747442083, 249868671, 0, 0, 0, 2121245892, 643490033, 1675766514, 654252878, 1907813645, 0, 1934618121, 0, 596437172, 0, 545903586, 0, 1262468507, 1221773661, 0, 1120662353, 1505061892, 1345169365, 496707802, 0, 0, 1263608537, 0, 1183611750, 768261449, 1319630579, 0, 1321090754, 120150843, 0, 1375531633, 901481394, 0, 0, 1835621842, 0, 373501101, 1590740776, 1153446818, 0, 0, 770957609, 1257713386, 0, 0, 0, 1777152819, 1020323102, 0, 1004287431, 1290701973, 0, 0, 0, 0, 193251631, 303563403, 0, 0],[0, 1754398884, 0, 0, 288553991, 1227503905, 0, 1953742716, 0, 0, 866885546, 509980398, 464888975, 973877255, 0, 608860460, 0, 0, 1404791047, 0, 682496706, -1, 1348577442, 581462764, 917726886, 0, 0, 528615246, 0, 0, 1101592838, 0, 0, 1839775268, 0, 0, 1076412704, 0, 1077759117, 0, 0, 930629208, 178416547, 0, 0, 1538526300, 0, 0, 0, 1583087645, 0, 0, 0, 0, 2085181747, 1879672985, 0, 0, 860840219, 150157804, 0, 961195765, 2128884121, 0, 204773793, 802134095, 32714109, 590367112, 0, 0, 503674602, 0, 0, 0, 659408808, 0, 2020734848, 1154238485, 1042521705, 2119634690, 0, 14668944, 0, 0, 0, 0, 0, 536034675, 1203635891, 509566296, 0, 0, 1956929588, 1006109445, 0, 1739501613, 0, 0, 0, 0, 0, 1970175101, 649277955, 0, 0, 0, 0, 1701504311, 997072294, 0, 544784106, 0, 1116017360, 0, 0, 0, 226868285, 1346866451, 0, 860742148, 0, 0, 0, 0, 1008397439, 1836892508, 0, 0, 0, 1044022955, 0, 1151489870, 398110040, 1579062996, 1071641184, 519487716, 2108301762, 0, 1561405524, 184540026, 857577302, 535548849, 1755875878, 0, 0, 565177825, 0, 106468040, 0, 0, 0, 0, 2095110124, 0, 0, 1290729266, 0, 114108244, 0, 0, 0, 1533125796, 2082913555, 0, 357425566, 873571244, 1437688086, 1380125502, 0, 0, 0, 0],[0, 0, 759385593, 0, 1017939204, 0, 0, 953747166, 0, 11942353, 0, 1740249270, 1356905041, 1537168057, 136571365, 0, 0, 0, 0, 88492816, 0, 1348577442, -1, 0, 1078781679, 0, 845531041, 428059493, 1871278053, 0, 1764409156, 238836720, 0, 0, 0, 1855649095, 0, 1532902270, 1964406779, 455972155, 0, 1769167319, 1673822694, 1277017193, 0, 0, 446599789, 0, 0, 1830802366, 0, 0, 1794791695, 1189535781, 0, 1528407997, 1325994436, 1590625723, 817812326, 286565583, 1895276640, 900615896, 1568077613, 0, 312362664, 1225070852, 279625148, 1889767481, 0, 1041227729, 0, 785648377, 638627177, 0, 2115456907, 1843122168, 1330083438, 0, 465275817, 2072551975, 0, 0, 121204451, 0, 1812073571, 0, 0, 368437098, 0, 477755160, 1080232869, 0, 0, 0, 1253609148, 0, 0, 0, 0, 0, 0, 455747692, 480257964, 1493723050, 0, 0, 0, 0, 1025334580, 0, 0, 0, 0, 0, 2111864533, 0, 0, 1523515333, 1761859210, 0, 0, 0, 1200978394, 0, 0, 1721000140, 0, 0, 0, 0, 0, 0, 0, 0, 1273346659, 0, 373166949, 0, 0, 0, 455718250, 1151850010, 148335358, 0, 196445093, 0, 0, 1192596124, 0, 0, 0, 660474001, 970622867, 0, 398525756, 1886401890, 600982575, 1338014970, 0, 1586817858, 0, 0, 1769382593, 0, 0, 0, 587091123, 0, 2067119776, 0, 0, 1703997026],[1987733339, 0, 0, 0, 377092952, 1313508006, 0, 0, 1234075805, 0, 0, 1008463823, 374321074, 1070953345, 0, 685504496, 917104039, 1998348141, 0, 0, 892174136, 581462764, 0, -1, 0, 0, 0, 2059005968, 1085290839, 0, 0, 521668455, 0, 0, 0, 955311598, 235209259, 549830988, 1106897679, 155460688, 1042480396, 1219772193, 0, 0, 0, 0, 0, 0, 941943272, 252925026, 0, 0, 1937042644, 0, 275870791, 2052454020, 1397822257, 852194241, 23760694, 1071638854, 1074788726, 1088473912, 635561565, 0, 0, 1867391906, 0, 0, 1982868507, 1959297488, 1651055319, 2042834120, 1955772545, 0, 1485282580, 5164301, 350132957, 513174649, 0, 1886267957, 1159272835, 0, 0, 0, 1230500072, 540219999, 0, 731174368, 52659031, 233219308, 2136308784, 1019062782, 351340961, 0, 3644154, 2132656937, 1611754179, 0, 972611425, 1009503908, 0, 0, 0, 1517497403, 1821829255, 0, 0, 724551489, 408070430, 0, 1010675151, 1842597779, 0, 1502668587, 1371055678, 0, 0, 0, 473664155, 0, 35516152, 968901759, 0, 0, 0, 0, 0, 1715328771, 0, 0, 0, 2000367388, 1360010549, 1902452634, 1929829510, 546096298, 573437283, 0, 1281220368, 0, 0, 0, 0, 0, 0, 0, 0, 0, 0, 1001834845, 795560056, 0, 0, 2126807338, 0, 0, 1558400019, 0, 1509243384, 2111492639, 500809307, 0, 0, 0, 0, 0, 874102371, 1882366721, 1475770642, 0, 1211627766, 0],[0, 1527910953, 0, 0, 0, 586822813, 394902046, 1304403748, 1458711978, 1166414727, 0, 0, 2081367579, 0, 0, 1421611909, 1546873573, 2027318555, 1426273627, 1468721833, 496142515, 917726886, 1078781679, 0, -1, 0, 582293092, 0, 0, 116944430, 0, 0, 0, 0, 0, 0, 0, 817760135, 156089596, 1257960222, 1031508568, 0, 0, 1766781157, 524633970, 0, 0, 1917530825, 0, 0, 328627730, 0, 2021329790, 0, 0, 0, 1459708467, 827579686, 1538604223, 1320637043, 856124244, 830044074, 319708160, 0, 0, 1254756435, 0, 1539242860, 0, 0, 1369090913, 0, 0, 1563261014, 0, 0, 1174092518, 0, 0, 0, 0, 1319633715, 0, 927031901, 0, 968142411, 0, 0, 542083518, 0, 0, 815273816, 0, 1590318356, 1547404585, 0, 1208304059, 805868362, 751496902, 0, 42699742, 0, 1950368341, 0, 0, 1594332792, 324476716, 811375805, 2137931836, 1115948345, 0, 0, 0, 0, 174032435, 0, 0, 0, 0, 0, 509401114, 574316499, 668924829, 1019074103, 934260591, 0, 468913543, 1755404025, 0, 857038958, 0, 0, 528755002, 0, 0, 1355368162, 0, 0, 0, 0, 516242228, 97772725, 1816371599, 1008777558, 506616257, 1674533446, 2027425931, 1030907664, 2021782056, 362393801, 1082886707, 1863958237, 0, 0, 36708659, 581390613, 1215798626, 0, 0, 969579300, 1576636566, 882465148, 818776046, 400123433, 0, 841417460, 904489593, 2015669183, 0, 1619520664, 0, 1900587122],[770232086, 0, 0, 1358080494, 0, 0, 1223793602, 0, 762192991, 1770519345, 0, 0, 0, 1015124833, 0, 0, 388335864, 1437239848, 0, 1874151189, 114633755, 0, 0, 0, 0, -1, 0, 2098190785, 643108733, 0, 669656390, 0, 0, 0, 0, 0, 430115910, 0, 0, 0, 176262020, 0, 0, 1969857219, 938787410, 0, 0, 196202894, 71198278, 1926323700, 0, 412130506, 0, 0, 1250389883, 1500689151, 131570535, 0, 0, 0, 1764736769, 1741643465, 217622113, 0, 1860718400, 0, 716514565, 0, 199633151, 65049056, 0, 1109546114, 1546966774, 1101225921, 0, 0, 646849434, 0, 0, 0, 1509351256, 0, 0, 1325848965, 0, 745958093, 0, 1776005783, 473329619, 1338719270, 0, 0, 0, 0, 0, 504388572, 1209000592, 0, 1959754251, 0, 0, 0, 0, 747471325, 757511752, 378188301, 1207593020, 0, 0, 0, 0, 0, 680018547, 221747320, 0, 1240497294, 0, 1032204155, 762142551, 0, 489747038, 1161453462, 0, 0, 420668323, 1377533075, 0, 1411007202, 0, 0, 0, 563059866, 1538092352, 1155638082, 0, 0, 49894859, 0, 0, 0, 263342038, 2072938707, 573493187, 700683527, 0, 0, 0, 596515050, 1223470713, 129689092, 926946399, 0, 0, 1946532214, 0, 0, 491566665, 1547277903, 236438848, 0, 2060352703, 1049795314, 641268881, 2026111828, 0, 0, 2087632885, 0, 0, 642332249, 0, 546868154],[0, 1628750981, 0, 0, 0, 0, 0, 0, 0, 0, 0, 1504376919, 1632200729, 0, 1328244613, 1556980850, 0, 0, 0, 1534520126, 0, 0, 845531041, 0, 582293092, 0, -1, 1567589593, 0, 0, 0, 0, 0, 0, 0, 0, 602923702, 954257834, 2089886431, 0, 0, 559110758, 1662659030, 0, 1659809118, 2015288855, 194955621, 0, 0, 0, 2865453, 0, 616423577, 896729229, 0, 0, 2026150052, 30843996, 0, 2046659428, 865559360, 315243488, 0, 0, 0, 0, 0, 0, 0, 0, 0, 0, 0, 798354276, 0, 0, 1303608999, 0, 1823160188, 1752436260, 1003566376, 0, 0, 336490987, 0, 0, 0, 1155069596, 0, 0, 163772704, 1712801746, 0, 0, 2097451747, 0, 1139800506, 0, 0, 1894333326, 0, 0, 2075238167, 0, 380740593, 1480691120, 944704053, 1658702838, 1245068507, 0, 0, 1621779114, 444124674, 1808379094, 49689248, 1614873347, 0, 0, 0, 2146256034, 1479899981, 2093557769, 2128337579, 0, 1635166977, 1848827890, 0, 873184899, 0, 1833376758, 0, 0, 604526751, 0, 0, 0, 0, 1683586865, 0, 0, 1472701276, 0, 1994945155, 1836833717, 0, 826593635, 1704844028, 2043752144, 1583023379, 0, 0, 1009327073, 972850238, 1252829196, 0, 1906914457, 0, 545771293, 0, 0, 182190387, 207456646, 675626147, 1551969226, 1799841138, 1523756195, 0, 0, 0, 0, 0, 340663088],[0, 629234292, 0, 1048301998, 0, 291609236, 0, 2065222374, 0, 0, 0, 0, 0, 0, 0, 0, 1356199269, 1398266097, 0, 1296753596, 1589100091, 528615246, 428059493, 2059005968, 0, 2098190785, 1567589593, -1, 0, 0, 1478380174, 441081322, 410481256, 587917381, 0, 1873015064, 735489984, 54717431, 0, 22911717, 0, 0, 2130949225, 0, 1352798382, 0, 2019480177, 0, 0, 0, 1471853885, 1085827760, 1023715064, 0, 0, 0, 5694990, 0, 0, 0, 1915822507, 0, 0, 355121148, 0, 1414688166, 0, 0, 462790109, 1701431489, 1565464214, 0, 2080157398, 1559646089, 0, 1041670598, 0, 0, 1884320305, 0, 461511704, 0, 0, 188850468, 0, 0, 1862160422, 0, 1327600295, 1878393746, 1227900974, 1945472618, 0, 1031279825, 0, 0, 742774783, 1940261483, 0, 0, 0, 1609886344, 0, 0, 0, 0, 652021106, 0, 1252742067, 1441650499, 0, 1736516202, 0, 0, 0, 2065902697, 0, 194589488, 0, 1753272627, 1442650103, 958989147, 0, 0, 1447140784, 0, 1101225873, 0, 1527080868, 0, 0, 0, 532549761, 122971019, 1952093701, 1067847785, 1252385502, 0, 1145919225, 1548303248, 340745486, 569559691, 0, 0, 850122456, 1864951164, 194341786, 0, 0, 1070337815, 2005228040, 0, 0, 0, 833428596, 0, 0, 0, 0, 268912296, 0, 1811464238, 219141535, 0, 1459513221, 1894479687, 0, 1296958705, 797041845, 1818594134, 712914225, 1946957956],[315213784, 1604968372, 0, 376026623, 10003324, 0, 0, 0, 0, 0, 0, 0, 0, 1704440675, 2002064343, 0, 540629908, 0, 0, 0, 0, 0, 1871278053, 1085290839, 0, 643108733, 0, 0, -1, 0, 0, 1732435459, 0, 0, 0, 0, 1419360284, 0, 1591349495, 1655974235, 1129626636, 73825554, 2074401391, 1364516726, 2136915533, 7226458, 0, 0, 829416493, 0, 0, 596976570, 0, 0, 0, 0, 0, 204000238, 946367904, 1115627882, 385796120, 584705069, 0, 1249851381, 2095020737, 0, 0, 0, 0, 300575003, 113335867, 1826962658, 0, 725809160, 0, 1663013733, 0, 0, 0, 0, 1972318592, 1023942924, 1568981706, 180405027, 0, 0, 0, 1562619553, 0, 276174910, 251065667, 0, 1274115890, 0, 0, 1103116026, 0, 1835921875, 0, 0, 0, 620453789, 1782499751, 687441577, 0, 1921255361, 0, 0, 1300776409, 0, 839959565, 0, 0, 172895504, 0, 1521204430, 318186359, 0, 1677785203, 2113807442, 0, 697844376, 159802288, 0, 1210208263, 0, 465107184, 0, 2004988230, 0, 0, 0, 622200985, 1976052674, 665519407, 0, 0, 954610815, 0, 0, 2125971127, 0, 859974351, 0, 0, 0, 0, 0, 0, 120671439, 113457, 0, 992396132, 0, 0, 0, 280191026, 0, 2050686850, 1804113181, 1791466215, 1655116497, 0, 0, 0, 0, 0, 943516176, 0, 1551859637, 1051428415, 545794968],[0, 0, 0, 919275032, 0, 306621863, 0, 0, 634986062, 0, 0, 0, 1926158705, 0, 976176180, 157529688, 0, 0, 0, 463274365, 0, 0, 0, 0, 116944430, 0, 0, 0, 0, -1, 0, 8702932, 0, 1319028787, 0, 1451025445, 0, 0, 0, 0, 0, 0, 0, 0, 0, 0, 1843344133, 0, 876398453, 0, 0, 1028819834, 0, 460235728, 0, 0, 0, 509958081, 0, 0, 208901334, 0, 0, 0, 0, 1450989011, 0, 0, 0, 0, 20935093, 2084061744, 529989133, 384441933, 0, 369951508, 522334974, 0, 536411968, 0, 0, 0, 0, 2040666039, 0, 0, 0, 1949287749, 0, 1572120355, 0, 0, 677590099, 1624106699, 555939354, 0, 1655182979, 0, 0, 1724341845, 932546932, 0, 1227423834, 0, 0, 1756228582, 0, 0, 0, 1102820995, 1841641353, 858476137, 530258791, 0, 600826547, 2076922756, 0, 0, 0, 0, 0, 0, 0, 204033330, 467045487, 547375351, 0, 1392902401, 0, 1492120397, 0, 1631593721, 0, 0, 40054987, 0, 0, 1083623143, 2096081087, 0, 0, 2037140111, 0, 0, 0, 2041031104, 1730953734, 49830301, 0, 991962823, 1579584640, 0, 176034016, 1995755940, 1524256054, 0, 668282797, 163158223, 901004314, 1209616282, 1066014418, 1586646663, 888415921, 0, 0, 1446281171, 0, 0, 976676322, 0, 980827178, 0],[0, 1297188419, 1880412159, 1075967791, 1064952939, 186233665, 1156382861, 0, 0, 0, 1226299816, 937546821, 0, 0, 1283321115, 0, 0, 169130817, 1168799021, 1750570453, 2013526531, 1101592838, 1764409156, 0, 0, 669656390, 0, 1478380174, 0, 0, -1, 0, 2130013132, 1902133644, 603535862, 0, 412781421, 0, 0, 1060685353, 0, 0, 880980220, 0, 0, 0, 109774674, 0, 1473079890, 0, 2145384760, 1010084831, 1451043847, 0, 332400937, 1788500167, 806684584, 0, 1044428373, 0, 1585826859, 0, 2143877467, 1909767140, 0, 22984486, 1735609315, 0, 1002069334, 0, 1864015285, 0, 0, 0, 1393840960, 976405524, 0, 146363304, 1388771436, 417693882, 0, 957380399, 0, 0, 0, 0, 0, 0, 507837225, 0, 692389499, 0, 0, 274360685, 0, 0, 0, 934360934, 1634667721, 173889296, 234322001, 390481918, 0, 0, 0, 0, 0, 1156717428, 515152601, 1397353570, 1100110643, 1430882214, 2081982586, 1906055216, 0, 2144791298, 289559222, 0, 4487376, 246505953, 0, 655154367, 753282546, 0, 0, 0, 1802633020, 1907904538, 166074609, 469004643, 918297505, 151505267, 14710235, 2014746510, 0, 0, 0, 0, 951059207, 1383349796, 420989692, 288427530, 2064199196, 223188669, 0, 0, 1365367695, 0, 0, 0, 1656704775, 0, 0, 1731897629, 0, 1772035422, 1969551399, 1026118100, 1993533084, 2061209599, 0, 600244460, 425392388, 1815768628, 1029197244, 197211900, 0, 0, 1507165397, 0, 0, 0],[0, 0, 0, 0, 1369684880, 1608391550, 692526827, 1931738154, 1438611627, 0, 0, 1509921058, 23205102, 186449731, 1978025976, 419842117, 408403242, 1524886097, 0, 339490821, 0, 0, 238836720, 521668455, 0, 0, 0, 441081322, 1732435459, 8702932, 0, -1, 445062478, 1375706030, 0, 1468169734, 0, 0, 0, 1488831830, 0, 0, 1705678396, 0, 0, 0, 116613888, 1593687747, 0, 770790909, 170778663, 0, 0, 538456096, 0, 1901250744, 0, 0, 1083149463, 0, 0, 362993600, 0, 397480809, 0, 0, 1378403014, 0, 0, 1203446369, 1072697909, 0, 1343544373, 132751393, 20221664, 0, 0, 0, 86003777, 0, 1563001182, 0, 68504078, 0, 0, 0, 826584154, 0, 0, 0, 743549694, 0, 0, 90636985, 1349924092, 0, 1005827413, 0, 0, 0, 1110102871, 1741086373, 1843715945, 0, 2128624609, 10503881, 2117291149, 0, 0, 0, 0, 159454090, 2129762088, 560353009, 428013547, 1390318953, 454957954, 0, 0, 0, 0, 0, 1099186321, 1428170088, 0, 0, 0, 487129395, 2080445358, 0, 1478876167, 0, 0, 639979279, 0, 1624573763, 754331307, 0, 0, 0, 0, 0, 1943912321, 250596259, 198643147, 0, 105857248, 0, 598446777, 1001879203, 1975661628, 321139495, 998127567, 1008755728, 1147785608, 0, 1211763420, 0, 0, 0, 0, 213037686, 0, 0, 0, 0, 1815098756, 0, 2108663099, 587653093, 583920525, 63736768],[284671794, 0, 0, 1627811297, 0, 0, 0, 0, 0, 1578790021, 0, 25549758, 0, 1622487079, 0, 505050632, 1274476471, 0, 0, 0, 0, 0, 0, 0, 0, 0, 0, 410481256, 0, 0, 2130013132, 445062478, -1, 0, 1284699787, 152456379, 0, 0, 1500277043, 1619996473, 0, 0, 387852979, 0, 0, 89298909, 204388942,