188
[[-1, 1690893647, 1118966299, 0, 0, 241644388, 0, 910368130, 0, 0, 0, 0, 0, 0, 515059639, 519909602, 0, 2010258336, 1019288024, 0, 0, 0, 0, 0, 902225637, 1756611190, 0, 0, 0, 1986647445, 599415382, 342410808, 593369471, 1869266609, 876746615, 1956984595, 2041864335, 691586769, 0, 0, 0, 788901108, 0, 0, 658401368, 183068497, 0, 638958030, 0, 344003164, 0, 111526525, 1824352890, 719315958, 0, 111445620, 0, 1047237436, 804707709, 0, 856251505, 213576852, 1757026834, 894657371, 411561619, 0, 0, 592283395, 0, 1204628141, 0, 0, 0, 0, 0, 1868377466, 236915611, 2073103170, 1747114407, 0, 0, 1401704487, 1622725311, 0, 1803438203, 0, 0, 1726238934, 0, 338805176, 0, 0, 1557867811, 0, 0, 0, 0, 0, 1605323526, 0, 1249382636, 349919125, 1789185653, 348282681, 1104064648, 959823513, 273413762, 0, 249601366, 0, 0, 0, 0, 0, 0, 1257750135, 277056943, 1255106501, 1876027207, 1118056429, 618638965, 750873147, 226420249, 0, 471177367, 0, 65695296, 1998737628, 861174144, 804739321, 1972755682, 0, 444433714, 750840801, 0, 0, 0, 0, 0, 0, 0, 1025530567, 0, 567623760, 0, 1745678134, 960450233, 1155713402, 0, 987171988, 552927828, 0, 0, 1719120435, 652709580, 1488161852, 2029705639, 0, 0, 929629820, 0, 0, 401156924, 672655851, 1501030782, 592903549, 0, 0, 0, 200348538, 0, 56800554, 1196534198, 1839136593, 2133681466, 0, 0, 0, 0, 4929744, 0, 275981875, 533355634, 76403925, 0, 554984996, 0, 0],[1690893647, -1, 0, 0, 0, 0, 1937648910, 0, 1249691505, 1637558747, 1237906525, 0, 1039755892, 2146831825, 2073997302, 990416361, 159228050, 2141222027, 0, 1187440306, 956835849, 1135331199, 1474011140, 684464302, 0, 379944302, 850279055, 595412742, 2091673817, 583816683, 1534664809, 0, 0, 0, 1598642245, 1189000585, 1407458124, 781092385, 0, 2041678586, 1261141617, 0, 0, 241220366, 0, 133049490, 1894041296, 1190394754, 0, 0, 0, 524195478, 469239823, 1695782880, 0, 1978090889, 1947634926, 1009397815, 0, 1247750197, 0, 0, 0, 942329172, 0, 1179467183, 247393150, 0, 0, 0, 1139144982, 308172067, 0, 759857549, 0, 1064975827, 483243698, 1051355514, 0, 550790046, 0, 0, 1717550590, 1260917761, 0, 2030581341, 0, 0, 0, 351405662, 200601746, 0, 1357712789, 1955475269, 1233848557, 0, 0, 398671679, 1940840484, 763381308, 1956879168, 0, 0, 1299559478, 0, 692699472, 775911473, 0, 0, 0, 0, 888606789, 1061531978, 0, 1757389303, 2002218242, 399655368, 0, 442190229, 0, 1337916680, 738675817, 0, 1658385524, 1740586777, 0, 628616765, 0, 0, 1345769225, 477613893, 802851579, 493266071, 136563707, 1979300671, 603024667, 0, 1687131877, 2016891958, 165506526, 643036301, 1314501662, 217901643, 1089589584, 1741824945, 1221126646, 0, 76300675, 1556621683, 1633440974, 0, 1164524463, 191624518, 744336135, 0, 0, 0, 474155077, 0, 589870394, 2065518672, 1653455442, 0, 1219654872, 496851139, 0, 443233347, 1549717705, 2044768707, 119111102, 1811772772, 0, 1831787282, 2054123645, 695637296, 438973893, 778412992, 596104426, 1974844084, 372360439, 0, 1113574911, 0, 0, 1416405317, 0, 0, 0],[1118966299, 0, -1, 0, 0, 1358585826, 1955785345, 0, 1910295924, 1344246527, 0, 0, 0, 0, 940420259, 1382031518, 761005325, 2025343184, 0, 0, 0, 0, 334074179, 0, 0, 0, 0, 769599893, 0, 0, 743068067, 1637891150, 0, 0, 0, 0, 0, 1767735347, 0, 0, 0, 0, 0, 0, 867280237, 552392347, 39261389, 0, 0, 0, 0, 950019113, 0, 0, 594646024, 339657142, 0, 0, 1665372553, 0, 0, 0, 0, 1433902418, 811673364, 1621043840, 0, 0, 675965360, 52940517, 593103019, 0, 0, 309357620, 0, 115191162, 394856604, 0, 0, 678076783, 344884532, 94540672, 1158452230, 562456592, 1465782448, 0, 1410858935, 0, 655864940, 0, 1482545237, 2023857280, 0, 0, 1037617742, 2116938668, 0, 252244717, 55187293, 0, 31980553, 1980168101, 0, 817088342, 0, 964970379, 0, 0, 718079801, 790276698, 0, 1594242386, 860524057, 0, 0, 0, 2096710403, 0, 42072152, 0, 0, 0, 0, 658829290, 95879288, 0, 0, 1051165120, 0, 1051364800, 704228927, 0, 0, 0, 0, 616663627, 0, 1402828672, 0, 42892066, 0, 516229731, 1053030229, 930201876, 2074581140, 0, 0, 1413355160, 1788688665, 0, 0, 0, 0, 0, 0, 0, 0, 1578748948, 0, 0, 0, 487949302, 0, 0, 1744460211, 1012790878, 1411074212, 0, 456455306, 1954025392, 0, 0, 0, 0, 536873062, 0, 1107440092, 345987616, 0, 0, 2136825872, 970888512, 1516963045, 951426997, 0, 174364143, 0, 797677021],[0, 0, 0, -1, 1230600265, 1489855058, 604955547, 0, 252359190, 0, 661938635, 1381449579, 0, 0, 1718484649, 0, 0, 1524992145, 1103695892, 1773828356, 1446076121, 0, 1826823163, 0, 91763025, 0, 0, 0, 1022643619, 0, 0, 0, 0, 1846850705, 0, 0, 28157883, 1873500776, 918412374, 897883305, 0, 0, 0, 580549707, 1444944684, 0, 0, 0, 786658900, 0, 11298221, 1514284558, 0, 0, 0, 1310059832, 442091111, 0, 66224140, 0, 0, 10846232, 683369875, 0, 0, 1678437293, 0, 757864394, 0, 1232158526, 1671145801, 0, 948244748, 1614677634, 1399568229, 0, 0, 577294941, 0, 765565912, 1534296679, 1127683725, 1391201928, 0, 1680660527, 1722543479, 0, 0, 0, 0, 0, 2140757440, 0, 130476958, 621125799, 1657233993, 1771407759, 0, 141477416, 138278017, 0, 250641461, 204580859, 2115693536, 0, 600565154, 0, 0, 0, 1952356826, 1876020003, 0, 760239522, 0, 997057900, 0, 1346012083, 1951065358, 0, 0, 0, 0, 785516949, 0, 1761925020, 1028086981, 232889429, 0, 0, 2072220732, 0, 0, 0, 0, 0, 0, 219143214, 0, 146886349, 940603824, 354480205, 1640775589, 0, 1251536984, 63836581, 392424546, 412288322, 0, 0, 0, 0, 0, 1131562345, 0, 1009536795, 0, 436508988, 1733153311, 107969067, 1812646009, 1920391213, 0, 441086730, 0, 0, 0, 0, 1559858654, 0, 1469439078, 0, 0, 0, 500651341, 2088295779, 263044219, 0, 0, 1386104035, 0, 1122855147, 0, 251856488, 0, 0, 2100204769, 360955017, 1445946634],[0, 0, 0, 1230600265, -1, 0, 0, 468874857, 1193900830, 0, 1098630754, 0, 0, 0, 1854801707, 2140337607, 0, 1353235744, 0, 404892723, 0, 0, 1130809311, 0, 0, 1094302588, 0, 1136333261, 1923914761, 0, 1899766585, 270915612, 0, 0, 576204069, 795704570, 27276951, 0, 1721045071, 456824187, 0, 0, 0, 360064333, 0, 1152291846, 1829360798, 0, 0, 870275902, 0, 2143698552, 0, 0, 0, 2016560009, 0, 0, 0, 0, 812021993, 0, 893003586, 2054524595, 9506190, 0, 1567334692, 977389157, 0, 0, 0, 0, 0, 1239153568, 0, 0, 1251267261, 0, 947002845, 0, 1857417189, 0, 226554368, 275015243, 55776223, 0, 0, 1405904146, 0, 114098077, 714218139, 1739949379, 1385820566, 0, 1263796545, 0, 0, 0, 797586564, 154995410, 0, 31810151, 0, 1663777581, 1262837056, 0, 1178921831, 1954085692, 0, 0, 0, 1711434987, 881164085, 0, 0, 900787994, 1884751003, 1004944196, 0, 0, 0, 792285607, 2127347319, 0, 1537530177, 1377103191, 0, 780934315, 1713702028, 0, 0, 860650647, 0, 0, 218342021, 749314267, 1980287215, 0, 2066699268, 824495441, 178084389, 0, 0, 0, 0, 781253514, 1456360996, 1510882527, 266262215, 0, 0, 540116208, 0, 74748938, 0, 269441896, 2080555099, 0, 355397899, 1018855015, 0, 207692909, 0, 0, 0, 0, 0, 0, 0, 1803147616, 227184557, 0, 0, 0, 0, 0, 715116146, 0, 0, 0, 0, 483761823, 1509576959, 0, 726508932, 0, 130318445, 205579702],[241644388, 0, 1358585826, 1489855058, 0, -1, 1541501319, 0, 0, 0, 844715939, 1095201039, 1281320194, 1390625545, 0, 0, 257512488, 0, 0, 0, 399432098, 0, 430173036, 0, 0, 1820635211, 0, 1498886921, 0, 229611645, 0, 511127489, 0, 0, 0, 0, 0, 1754081096, 0, 88818098, 228197847, 0, 701088239, 0, 1279607604, 1109756093, 0, 2053665072, 1996526941, 2044034341, 835651288, 0, 245697283, 358374733, 705478659, 839137085, 336516067, 1676119815, 0, 1181596009, 0, 0, 324474315, 798846715, 1953695318, 0, 682380293, 85873529, 0, 1033641579, 0, 0, 1749028399, 0, 406483953, 0, 0, 0, 2111702572, 0, 0, 190825736, 2049204066, 534994565, 0, 0, 1042700170, 1891962467, 136737641, 1497822871, 1612631458, 0, 1926707467, 0, 1882451680, 1515613206, 777193143, 70313278, 1704708948, 306857021, 389260861, 0, 70628253, 0, 0, 0, 32648663, 16637785, 538322311, 0, 1760868760, 542136922, 0, 0, 597754677, 0, 876034146, 0, 1669209874, 0, 1931087415, 0, 0, 439885742, 635685666, 1933185916, 0, 517333877, 0, 879316062, 1180560186, 1121355680, 1079149047, 0, 0, 171118126, 1613865336, 0, 826715835, 2142475646, 0, 1839947674, 500436880, 0, 0, 0, 0, 350489563, 0, 1121787231, 616554159, 1292350864, 2094746944, 282527935, 2046313058, 2123963516, 0, 239765130, 0, 807212900, 716069514, 46905814, 0, 0, 0, 0, 1721928541, 1664131058, 1792834378, 1068568467, 0, 272653722, 1260702319, 0, 0, 609512264, 1810833755, 224385733, 0, 1356194750, 768779052, 0, 0, 0, 0, 948764238, 0, 232544366],[0, 1937648910, 1955785345, 604955547, 0, 1541501319, -1, 869957221, 773539825, 868379410, 0, 1858313364, 0, 322135049, 416834514, 0, 0, 0, 1595128024, 1555441581, 2104333821, 0, 1774786636, 0, 1927593420, 0, 1677319770, 1043071740, 0, 0, 0, 15344239, 0, 0, 45267281, 0, 0, 0, 0, 0, 291285773, 61241682, 369836971, 1137901124, 0, 449171043, 639816302, 0, 0, 0, 0, 0, 248643372, 1771134188, 196958560, 716008467, 0, 0, 223726299, 0, 0, 1746116874, 774175495, 0, 0, 393911616, 52042422, 0, 701528180, 685519149, 0, 0, 962224801, 0, 0, 438944300, 926688427, 0, 442077978, 0, 276116993, 1919092418, 334944834, 1242298401, 426668838, 1636650646, 0, 1516880027, 11315584, 0, 3863387, 1116064465, 0, 1688167851, 0, 0, 1303312132, 1581250894, 1986264691, 522935371, 240727030, 1660791668, 1114249848, 1726478074, 1107993690, 1342372794, 0, 0, 0, 0, 611101302, 851047188, 1487086592, 0, 0, 860359355, 2134932041, 0, 0, 0, 0, 0, 607689535, 1846272696, 0, 0, 0, 0, 0, 261176708, 0, 1787467489, 133992158, 0, 0, 1742319617, 1368142911, 0, 0, 999931756, 709761629, 0, 1396680070, 1729055452, 1035719227, 0, 0, 0, 0, 152301407, 1303683154, 670019900, 1802393545, 1804983093, 0, 0, 0, 184432135, 0, 0, 1230658731, 1227440902, 740138519, 1353017016, 0, 883900892, 519356540, 638875638, 1508040939, 71398156, 1304184875, 1060361815, 0, 1588703286, 1273064544, 877142467, 0, 0, 0, 74084588, 0, 0, 593275516, 1441298211, 0, 0, 1155643236, 0],[910368130, 0, 0, 0, 468874857, 0, 869957221, -1, 1333713658, 2065572038, 0, 0, 0, 251119137, 555048532, 1071920862, 0, 0, 0, 0, 0, 1761561226, 1987070717, 352517996, 0, 1723251935, 1106692748, 0, 803250981, 340148804, 188796556, 701575540, 0, 0, 0, 689503634, 0, 969949259, 253718033, 1981280811, 122161715, 713981320, 691438981, 972936841, 521967995, 364633522, 1900236146, 0, 1893248832, 0, 0, 925476177, 0, 0, 1910340327, 0, 0, 517543586, 1716473791, 0, 0, 1379873652, 2085569412, 779587691, 1650342482, 2551232, 2014918695, 0, 0, 1513660117, 0, 1572888158, 111799908, 965453755, 1324265644, 1332948047, 1693485779, 0, 0, 581348357, 1346161221, 0, 0, 1063123556, 0, 183490177, 0, 0, 0, 0, 678504990, 2012809675, 28862517, 19168772, 0, 0, 0, 0, 0, 0, 0, 0, 0, 0, 0, 0, 0, 0, 0, 0, 1957682654, 1288657262, 10274019, 0, 988288595, 561767296, 1693528451, 172921597, 0, 0, 0, 0, 0, 2146536174, 1399719762, 0, 1811717202, 0, 75176877, 0, 241449755, 0, 0, 1435353036, 0, 0, 0, 222449733, 220290292, 0, 0, 0, 0, 322018685, 1862803833, 0, 0, 0, 0, 0, 0, 0, 0, 0, 1093262313, 0, 0, 368729277, 0, 0, 1896122634, 0, 0, 0, 0, 223680537, 1431763333, 1402095288, 0, 0, 938625952, 736184012, 0, 0, 0, 401095376, 0, 2135721861, 898600529, 0, 1660184857, 405315233, 878025154, 229697947, 1210004864, 561116042, 0, 0],[0, 1249691505, 1910295924, 252359190, 1193900830, 0, 773539825, 1333713658, -1, 0, 96557995, 1703005363, 252313659, 0, 812963410, 0, 0, 357706960, 206153100, 0, 1975235000, 0, 866018844, 1605700643, 0, 1145258350, 490528766, 0, 0, 0, 1198353102, 0, 0, 145398025, 0, 1096207916, 0, 1349127874, 0, 0, 1159881665, 1851096752, 0, 0, 0, 680682736, 1113938228, 1710952068, 961910508, 1218985849, 0, 0, 136092229, 0, 0, 339027210, 0, 1186205659, 550886467, 1096089388, 0, 0, 433962532, 0, 1012139753, 0, 0, 2111361658, 0, 831801226, 1090362626, 1516741919, 891564787, 1935490539, 189038031, 0, 61051571, 0, 0, 0, 0, 1117309987, 0, 325132212, 0, 0, 0, 0, 1258734713, 0, 2002569698, 582860190, 1295196477, 295800211, 0, 1535876636, 1968506527, 928870082, 0, 0, 340487485, 0, 1868507473, 0, 0, 93668762, 0, 0, 0, 0, 381576555, 0, 0, 0, 1437942377, 0, 0, 1446676308, 2110534526, 0, 0, 0, 0, 0, 0, 0, 0, 207341828, 572676571, 0, 0, 1870842621, 1706637165, 0, 635643403, 0, 1217247234, 566030442, 0, 0, 0, 0, 1415711321, 1443267504, 1232518328, 0, 1143912042, 688131241, 335890208, 0, 0, 0, 2008503775, 0, 10257164, 0, 24338169, 2027602047, 0, 101257402, 821055305, 1522546997, 0, 182565098, 0, 0, 0, 0, 1336541902, 0, 884328470, 2075922636, 0, 66900972, 470048551, 1029454189, 0, 2053376651, 1226130564, 1018718403, 735585796, 744394985, 0, 0, 0, 0, 1295715206, 1096877812],[0, 1637558747, 1344246527, 0, 0, 0, 868379410, 2065572038, 0, -1, 0, 1383031446, 823222043, 0, 110212549, 217977754, 0, 785893506, 2142712858, 0, 0, 19314926, 108668495, 0, 849544813, 1989435123, 1318221257, 0, 1943518456, 76046261, 941622932, 341522694, 0, 0, 0, 2088490868, 2027751649, 0, 75588082, 348179755, 0, 965345139, 547358703, 888289083, 0, 0, 670127207, 0, 0, 0, 0, 1224244171, 534343150, 0, 220689117, 0, 1475156125, 1018547181, 680115040, 0, 1331287701, 0, 1981994260, 0, 0, 1241467479, 0, 174499884, 1434740063, 906505864, 1384376411, 312622586, 901265164, 2095181721, 0, 0, 1402615569, 0, 0, 1976060573, 1926634908, 0, 0, 0, 1627073556, 0, 0, 1920291344, 151216691, 0, 260670842, 1745342210, 171799291, 2141193104, 1372370505, 931990203, 0, 2079301641, 899702598, 0, 1165534400, 0, 1648917635, 0, 486019599, 602164570, 0, 0, 0, 0, 246219554, 0, 0, 0, 0, 0, 397411768, 1898001715, 567274858, 990754732, 501506881, 1530670592, 0, 2059629174, 1360186939, 0, 0, 860128212, 0, 1325527249, 0, 0, 348572029, 1935414704, 88646254, 0, 17979990, 1907554814, 0, 0, 0, 1752168225, 0, 198076870, 0, 797529660, 2010649116, 0, 371057681, 1374284726, 1572719033, 1879759375, 0, 0, 0, 2114195372, 663031782, 0, 0, 1668052658, 295238527, 938427819, 1327559939, 0, 1059619687, 0, 1632517767, 0, 0, 0, 734165279, 0, 254978576, 218773182, 2085603409, 722703860, 0, 42439931, 0, 669388452, 0, 0, 0, 0, 1649358191, 0, 0, 0],[0, 1237906525, 0, 661938635, 1098630754, 844715939, 0, 0, 96557995, 0, -1, 0, 0, 1162638817, 310166858, 1456375440, 0, 766484593, 0, 0, 0, 0, 532108440, 737015248, 0, 1643732583, 0, 0, 0, 491580933, 0, 145751140, 1232097163, 1518863011, 0, 0, 2058640323, 499862403, 0, 2052420249, 164296836, 0, 0, 1031302975, 0, 1752343715, 1646180574, 1345914248, 1414723728, 0, 516747402, 2120415933, 0, 1180487775, 0, 0, 1977951614, 0, 0, 0, 0, 598696992, 1662925340, 1553486218, 0, 0, 0, 0, 1271864233, 1470074954, 0, 1801065766, 787951471, 0, 0, 859636600, 0, 0, 0, 0, 1830845158, 0, 0, 0, 0, 621092791, 1866159658, 0, 988512181, 555404604, 1453688590, 0, 1723168557, 1869913070, 0, 1041657729, 0, 0, 1194453988, 0, 1114679025, 1223383334, 899976878, 1789644038, 1020061497, 0, 0, 833995602, 1801952535, 0, 0, 0, 476550926, 0, 1900302060, 0, 0, 1002743421, 836590023, 0, 0, 0, 0, 605359958, 1158666689, 851051417, 0, 701892403, 0, 13961320, 246608379, 2095182888, 1159222642, 0, 976790254, 0, 1920085755, 299145177, 0, 828271167, 0, 0, 0, 0, 1543154601, 0, 0, 1537330368, 28093101, 136666202, 0, 1997632683, 161351530, 0, 0, 0, 0, 0, 0, 1836487074, 1492536516, 0, 0, 0, 2088331678, 0, 0, 0, 906423680, 1603290815, 90342386, 650134344, 0, 0, 1765617106, 126234322, 0, 0, 776655399, 0, 0, 0, 0, 0, 0, 704195033, 0, 0],[0, 0, 0, 1381449579, 0, 1095201039, 1858313364, 0, 1703005363, 1383031446, 0, -1, 0, 1680453216, 0, 1946148563, 2058008875, 2099863583, 1061294291, 1820418874, 0, 0, 0, 774214602, 785338997, 1784966192, 0, 1522016283, 1929776413, 0, 1013593576, 1228576379, 0, 0, 296488007, 539911521, 17842443, 282016719, 1813854973, 922548137, 1242155545, 22001472, 701027075, 693426521, 0, 0, 0, 0, 1622973705, 504834682, 552997989, 1828616282, 1557514330, 0, 963250364, 0, 0, 0, 0, 0, 681353807, 0, 335781939, 456560134, 0, 0, 967243873, 1037539595, 1137536596, 368385523, 0, 0, 1449517749, 0, 115333617, 0, 321993006, 0, 348998587, 0, 0, 1231962773, 0, 1499001959, 1641621571, 96611304, 1399325541, 0, 1295268893, 498989945, 0, 0, 0, 712670859, 0, 1015660157, 0, 0, 1109373097, 597292495, 1337056474, 0, 0, 0, 1005772426, 775363858, 0, 0, 0, 1026253710, 1259104884, 0, 776145537, 1804429803, 0, 0, 0, 497770770, 0, 186569021, 1701105033, 0, 1764876434, 0, 0, 765901434, 1121202315, 898244376, 0, 491615585, 0, 1554374023, 0, 0, 0, 0, 695753097, 0, 0, 0, 0, 1103300508, 156461354, 957899074, 0, 395125807, 687075129, 0, 0, 0, 209456648, 0, 0, 1372850278, 0, 0, 356240292, 1127661953, 1428705132, 973790267, 805913149, 0, 0, 2146649932, 0, 0, 0, 1518115115, 0, 0, 973187777, 0, 0, 2070311687, 1865604914, 0, 1069930556, 1255900286, 107566077, 1748252993, 0, 2051308316, 2000066722, 0, 1379502661, 1520122661, 861332628, 0],[0, 1039755892, 0, 0, 0, 1281320194, 0, 0, 252313659, 823222043, 0, 0, -1, 0, 0, 0, 0, 1515005859, 2055818119, 0, 1077313429, 1251053318, 1294400997, 1666483551, 2074240103, 0, 0, 1963375, 1219836803, 883572165, 0, 0, 0, 0, 493728642, 0, 1213331217, 0, 0, 1827574537, 0, 0, 0, 479896332, 0, 1618062754, 155631500, 615847264, 1210140073, 0, 1714508450, 1866796009, 0, 1444007356, 0, 0, 0, 0, 1814020418, 0, 809526122, 0, 364166839, 0, 0, 214496108, 0, 1770196845, 780374063, 0, 0, 0, 165742274, 0, 874053712, 0, 0, 0, 0, 399109508, 0, 417180262, 523154207, 1141212985, 0, 0, 0, 0, 1416171958, 0, 47625795, 933932541, 0, 0, 0, 571603621, 265547700, 1215510454, 1550051257, 0, 0, 0, 1140410420, 0, 160254809, 0, 0, 1071550758, 674346271, 874149631, 0, 0, 0, 0, 0, 2085867926, 0, 0, 0, 0, 0, 2105287648, 0, 15011771, 1829772412, 1117138419, 0, 1689626840, 0, 139273301, 0, 657837188, 943156747, 1939607971, 1785543339, 0, 0, 770755885, 0, 0, 0, 0, 0, 0, 742396521, 0, 1176261697, 0, 1401065301, 0, 1526571359, 0, 0, 1936494409, 0, 0, 1137277511, 0, 0, 1404529020, 563795713, 0, 0, 20202346, 724199330, 0, 67229320, 0, 0, 55097362, 0, 1560227988, 0, 683159902, 1288811444, 0, 1756028341, 0, 846739640, 0, 0, 0, 0, 1197919994, 433462810, 864098549, 1920702135, 1968893706],[0, 2146831825, 0, 0, 0, 1390625545, 322135049, 251119137, 0, 0, 1162638817, 1680453216, 0, -1, 0, 0, 0, 1580323731, 0, 0, 21720098, 0, 227460574, 0, 100379078, 0, 1239000134, 1287167291, 1703137113, 0, 0, 0, 1159481615, 0, 77370784, 0, 0, 83599233, 0, 1934408370, 0, 807368565, 0, 494561622, 963245923, 162502971, 0, 0, 1381109419, 137290308, 1981803632, 0, 0, 1489545825, 0, 1277860258, 0, 0, 0, 922479865, 0, 1699200095, 0, 0, 0, 2133558885, 0, 0, 0, 0, 0, 289362034, 0, 1777528506, 688113542, 1514650508, 0, 2053844266, 42483285, 0, 372748174, 1466408502, 1582279592, 0, 0, 2044603268, 30185786, 1463123393, 0, 0, 1743487792, 2069471526, 1556618906, 0, 0, 85813012, 0, 0, 0, 1704406430, 1469448566, 0, 0, 0, 2071134598, 800760915, 409730344, 70318368, 1404239657, 0, 0, 0, 1577460532, 0, 262499658, 1694394081, 1251775298, 0, 0, 651190854, 588845354, 0, 0, 1527182665, 0, 0, 1398074657, 257390621, 0, 0, 0, 369507010, 168545563, 498996712, 1307760282, 1805428919, 0, 732970108, 0, 0, 0, 0, 1284629759, 0, 0, 0, 836148459, 0, 0, 0, 0, 1940995723, 0, 1670315467, 1587529691, 1345875694, 0, 0, 1338647405, 196916902, 481822840, 0, 0, 0, 2007740457, 0, 0, 0, 1330182101, 0, 0, 181565665, 530507205, 0, 1651223572, 0, 0, 0, 2124702179, 0, 0, 103968209, 6549327, 1913348460, 1317528006, 1794972099, 1923086182, 1897962423],[515059639, 2073997302, 940420259, 1718484649, 1854801707, 0, 416834514, 555048532, 812963410, 110212549, 310166858, 0, 0, 0, -1, 0, 0, 0, 0, 557124159, 0, 1065734414, 1218540906, 0, 343911225, 731041505, 0, 0, 578328107, 0, 476563438, 13133063, 0, 1732213877, 0, 1812493767, 0, 0, 2142466198, 617442642, 0, 0, 0, 735946666, 695293893, 0, 135463177, 0, 333725587, 1226028884, 1128747015, 0, 1948519524, 0, 0, 0, 1144541584, 118989651, 1134188691, 0, 769595494, 0, 991705639, 0, 427902325, 24641865, 0, 586182741, 0, 1354868626, 1692080728, 0, 0, 0, 811934433, 0, 1637045438, 0, 754552588, 0, 0, 92572903, 977497776, 0, 0, 0, 2091906353, 890662781, 2994527, 0, 829234570, 614901322, 0, 0, 0, 29124831, 0, 2141267725, 0, 1686239294, 0, 0, 1031961747, 910736231, 465943127, 0, 0, 0, 0, 1797947348, 0, 0, 992216675, 586675314, 0, 0, 0, 0, 1263167698, 557394025, 1105356039, 0, 1490258819, 573758525, 0, 0, 1602773595, 1787399005, 923472219, 212339650, 0, 950679647, 1598108079, 0, 0, 0, 0, 815111133, 1864366683, 0, 0, 0, 1516794106, 0, 1610165219, 0, 1831573679, 1363533345, 0, 0, 501609604, 0, 0, 0, 401530585, 2003045088, 1383554137, 1948202225, 0, 1876081867, 0, 1179510382, 903879564, 0, 1307147823, 722874663, 0, 0, 0, 1220661555, 0, 0, 0, 289795887, 1475034166, 634323840, 1750928768, 352032667, 0, 0, 0, 0, 1396205960, 0, 1164974834, 0, 1276843540, 0],[519909602, 990416361, 1382031518, 0, 2140337607, 0, 0, 1071920862, 0, 217977754, 1456375440, 1946148563, 0, 0, 0, -1, 638369285, 0, 0, 1709521771, 0, 1937596050, 1955394995, 0, 0, 0, 839277974, 0, 1382312615, 0, 0, 2072743161, 738961103, 1024030362, 1926102337, 0, 0, 0, 0, 0, 0, 390963872, 0, 1833530469, 0, 1749902128, 1791351266, 0, 0, 1612437495, 0, 0, 2058940342, 0, 1555588373, 1217944796, 1146077421, 307322696, 0, 0, 0, 715798133, 0, 0, 0, 0, 0, 0, 0, 0, 447032903, 0, 0, 349918863, 0, 0, 0, 0, 1885619012, 0, 1447786635, 713709404, 819637245, 1282722466, 712702617, 0, 689174150, 596101029, 0, 0, 162589107, 0, 0, 0, 0, 1236781105, 0, 10741520, 504304066, 0, 1721088345, 2101626729, 0, 0, 0, 738543327, 806104927, 513678114, 1079059473, 319669118, 1360425154, 0, 0, 0, 0, 0, 0, 1646887938, 0, 412009653, 0, 1689704308, 0, 0, 0, 0, 0, 0, 67418148, 0, 291530230, 513667392, 0, 1293157513, 0, 0, 101321436, 692175069, 1911032483, 988450796, 1500831994, 0, 1193551327, 0, 0, 34480797, 134168674, 430755489, 0, 1431149224, 1563587282, 862429186, 1182465008, 0, 805495516, 1398332072, 612698922, 0, 1254552535, 0, 1615391510, 473485982, 0, 0, 383712878, 194633740, 0, 0, 36597631, 0, 0, 0, 0, 1363835292, 172566281, 0, 1855871449, 0, 0, 0, 0, 1850496796, 1797830742, 1501824350, 1867312753, 0, 251922156, 0],[0, 159228050, 761005325, 0, 0, 257512488, 0, 0, 0, 0, 0, 2058008875, 0, 0, 0, 638369285, -1, 0, 1645417576, 0, 0, 0, 0, 0, 0, 1514622799, 0, 0, 1290844856, 0, 1679579906, 0, 466781248, 0, 1030196987, 0, 1054899919, 926621648, 1693182694, 0, 1795692108, 0, 1274445605, 845984513, 1123578673, 0, 0, 0, 1181175453, 56804507, 0, 351382861, 225720454, 855813872, 0, 1797582424, 1773565643, 890665589, 798795303, 1186416284, 1692686838, 1861683981, 0, 0, 916774488, 0, 0, 888770988, 2051777620, 390379757, 0, 1284964728, 0, 2121998065, 443098987, 0, 0, 1479059599, 0, 0, 699759027, 0, 1721894612, 0, 0, 0, 1137052074, 0, 0, 1425494172, 1506637324, 0, 0, 0, 367026409, 0, 245309635, 0, 0, 0, 456000214, 0, 1013848282, 712205811, 585972254, 0, 877057064, 0, 0, 0, 0, 1700042863, 0, 900278379, 757010474, 826263316, 2008905615, 0, 72821865, 566335944, 1862526381, 0, 0, 69775633, 544764818, 0, 1524524753, 0, 0, 956195832, 0, 0, 0, 0, 0, 299627434, 1678763506, 0, 1387628392, 0, 0, 0, 0, 1692425959, 0, 0, 0, 0, 0, 0, 0, 2078029019, 451820463, 460784212, 0, 0, 729425919, 1956759883, 0, 0, 0, 1444159003, 0, 0, 0, 0, 0, 1982253480, 0, 262888499, 0, 0, 0, 1724989538, 0, 737208578, 0, 506305847, 1466352511, 0, 1092685281, 2016341894, 643136674, 0, 0, 1724213468, 2049771167, 0],[2010258336, 2141222027, 2025343184, 1524992145, 1353235744, 0, 0, 0, 357706960, 785893506, 766484593, 2099863583, 1515005859, 1580323731, 0, 0, 0, -1, 0, 0, 0, 0, 788358427, 0, 1267699987, 0, 0, 2034705412, 0, 131456121, 1240559366, 1592021710, 0, 1587070614, 2135479192, 0, 0, 0, 1431216906, 0, 0, 686651171, 1325857868, 1435928602, 0, 361548956, 0, 275456654, 1757811869, 0, 1890756108, 211966631, 247104275, 0, 0, 12882405, 1769407887, 0, 0, 0, 0, 0, 484113334, 1768734886, 876435345, 0, 0, 1669802711, 16168881, 1114604920, 264163614, 804380481, 1800875965, 0, 646170998, 0, 0, 0, 421925007, 1167827765, 1284188244, 383667056, 0, 2113369802, 0, 0, 1519897232, 0, 1278893490, 2024985785, 0, 958890231, 1969021427, 0, 736998463, 0, 0, 0, 0, 218320213, 811166975, 0, 0, 926975329, 1994294115, 0, 1823925767, 0, 0, 0, 1965817406, 0, 0, 1345462620, 0, 0, 0, 0, 0, 693342012, 0, 0, 0, 0, 0, 0, 0, 1854444110, 1132322901, 0, 976841582, 1428871804, 0, 0, 972532838, 0, 0, 0, 0, 0, 550505816, 0, 0, 1659423886, 0, 0, 1156916080, 0, 1770084052, 0, 0, 1508537779, 2074307126, 335990299, 775949778, 0, 882309140, 0, 1037908062, 371184720, 0, 2082656900, 1846329969, 1848575847, 1984720278, 1665764609, 0, 0, 1157578532, 441100424, 890164076, 1222163025, 0, 0, 0, 0, 0, 424906689, 0, 0, 1769315850, 0, 0, 1984196685, 0, 0, 0, 1493050333],[1019288024, 0, 0, 1103695892, 0, 0, 1595128024, 0, 206153100, 2142712858, 0, 1061294291, 2055818119, 0, 0, 0, 1645417576, 0, -1, 1254976475, 1851907691, 0, 895612328, 1535727369, 0, 1140869526, 291244318, 0, 1986334020, 0, 0, 0, 1342476580, 545541655, 225347313, 1676373125, 463902352, 0, 0, 0, 0, 2020722175, 2110699289, 0, 1910968036, 0, 1458158762, 296136509, 76019552, 0, 111722121, 52786834, 0, 0, 0, 1973676911, 0, 0, 1395492000, 0, 2001489158, 0, 829015999, 1064145686, 428394094, 0, 805005980, 0, 0, 1182858701, 0, 1095849578, 99664309, 1209860290, 1559891162, 1257752153, 0, 0, 0, 0, 0, 0, 0, 0, 1962756513, 1985877252, 0, 969968305, 609114974, 0, 290022041, 631019839, 1777105524, 745532684, 0, 374259329, 1906169079, 0, 160109893, 0, 432624536, 1640266751, 533378825, 0, 1467516964, 0, 0, 0, 0, 540453351, 0, 1421636977, 0, 0, 1641839402, 0, 759981298, 909022520, 1008100657, 230374019, 1272972059, 0, 663793000, 618154183, 1416974795, 0, 1828726146, 1122605088, 814175361, 1891721830, 0, 533384894, 1125360025, 0, 0, 0, 183789899, 0, 0, 51086739, 733765946, 0, 0, 1681836427, 0, 1032882595, 0, 146794620, 1441814765, 2053275004, 0, 508227559, 0, 0, 710494502, 0, 1306807758, 1269724394, 0, 1664466455, 0, 1551799266, 0, 2082234068, 0, 129276785, 0, 198433214, 0, 0, 652100375, 1431131070, 1732204358, 0, 0, 392402422, 1598870416, 0, 0, 1245277791, 2147441843, 875995398, 0, 1428901788, 1438459673, 1290119177, 1139237402, 10862141],[0, 1187440306, 0, 1773828356, 404892723, 0, 1555441581, 0, 0, 0, 0, 1820418874, 0, 0, 557124159, 1709521771, 0, 0, 1254976475, -1, 1468879021, 1619625989, 0, 2105553560, 0, 518770106, 0, 0, 0, 0, 832352947, 0, 1219754909, 1855845688, 151561719, 7680138, 2040367692, 386738984, 0, 755122298, 1751436247, 303412964, 0, 0, 482750771, 0, 0, 1666239889, 1652704189, 0, 1341230712, 2089278606, 0, 744716055, 941895658, 0, 1142681279, 0, 0, 0, 0, 416064115, 1437114230, 0, 208603702, 0, 1862222118, 0, 550225506, 0, 0, 578825753, 0, 0, 570574648, 1506907342, 0, 0, 695829426, 1113045646, 0, 1131875253, 796473934, 0, 0, 0, 0, 0, 0, 1342556213, 0, 1629001262, 1838226081, 2043525081, 0, 2031842808, 0, 1066894917, 0, 1077562335, 254246762, 0, 0, 484786360, 2007878384, 0, 2081489803, 0, 492618288, 0, 0, 0, 0, 1931796997, 338714068, 0, 0, 1364750819, 793108602, 277870137, 1928663247, 1452388369, 0, 0, 1970404457, 2093490894, 333820385, 0, 1071397625, 361457873, 0, 1597175214, 0, 1266743588, 778649433, 0, 0, 1343221635, 1966604752, 0, 0, 61286132, 1674898067, 0, 0, 0, 0, 1023629177, 1052953154, 0, 0, 0, 0, 238583749, 598306328, 0, 1888833139, 453613103, 0, 0, 1472509283, 1070662216, 0, 14790363, 633179689, 0, 1764624904, 1176044176, 826396926, 0, 841600275, 1203565165, 1799892381, 0, 269048597, 52638774, 1217808827, 2075157164, 537979181, 0, 0, 0, 1042126337, 0, 1786276587, 0, 0, 0],[0, 956835849, 0, 1446076121, 0, 399432098, 2104333821, 0, 1975235000, 0, 0, 0, 1077313429, 21720098, 0, 0, 0, 0, 1851907691, 1468879021, -1, 0, 0, 983240691, 567027848, 0, 713807101, 1924775858, 0, 0, 989243540, 0, 283524008, 1931552148, 488439922, 1944380585, 0, 287148140, 0, 434684035, 0, 0, 0, 0, 0, 0, 0, 428582113, 889286119, 1758399236, 241853863, 0, 1221889192, 1917060842, 0, 1374580671, 0, 0, 0, 0, 0, 0, 0, 1594450342, 1738700033, 228984439, 0, 837467224, 0, 2080788327, 647669878, 0, 0, 422299531, 0, 0, 0, 627416024, 0, 914254007, 0, 0, 562019062, 258754671, 873090968, 1872504149, 0, 0, 1916069440, 0, 0, 0, 0, 365480386, 25149110, 0, 0, 1403757764, 254929904, 1401513516, 1285988278, 371457505, 0, 1791587475, 1932515730, 2010467704, 0, 0, 294358695, 0, 0, 0, 0, 468699668, 587880848, 1508322976, 0, 293684338, 0, 0, 0, 296130357, 0, 0, 1935052468, 0, 0, 0, 0, 0, 0, 0, 0, 0, 1644532018, 365868181, 0, 0, 1970384490, 0, 0, 606492353, 873788661, 1679572645, 1350053451, 1253527139, 0, 1160918952, 0, 1207671945, 1062618570, 697261388, 0, 260624537, 815911991, 0, 2124647063, 0, 0, 0, 449640626, 662889405, 0, 39862122, 0, 0, 0, 524890776, 0, 0, 1995183495, 0, 1012876279, 481721408, 495925559, 1239026169, 711344161, 58255743, 894097154, 1288853100, 0, 879855414, 277766254, 0, 1370403452, 0, 771184107, 1843716459],[0, 1135331199, 0, 0, 0, 0, 0, 1761561226, 0, 19314926, 0, 0, 1251053318, 0, 1065734414, 1937596050, 0, 0, 0, 1619625989, 0, -1, 1418524764, 1036700280, 0, 0, 1496646488, 0, 1307357473, 0, 0, 1587373905, 0, 0, 0, 1480447199, 1785297286, 0, 0, 0, 0, 0, 0, 1095682698, 0, 875734145, 779026895, 0, 1463174270, 0, 455636469, 0, 1354361130, 0, 1365295836, 1718496868, 509470706, 0, 339856871, 1027122885, 488443741, 0, 0, 0, 0, 245564151, 0, 516096552, 0, 0, 0, 0, 0, 763187055, 1606065647, 0, 0, 485265442, 0, 0, 731978294, 1779946673, 0, 1858520967, 623930266, 0, 0, 1701304670, 0, 0, 0, 782041529, 576872505, 0, 1017296612, 0, 456432056, 1471560862, 0, 0, 0, 1063666419, 1220932068, 0, 1457039419, 0, 1438065258, 0, 0, 637299293, 262559219, 0, 337210529, 0, 1511816344, 1584523100, 573594300, 1757145252, 0, 0, 0, 1808306078, 0, 1330111693, 0, 1941404488, 0, 813009236, 0, 1079409893, 0, 1616859753, 1295231257, 580285100, 0, 1922380546, 0, 0, 0, 0, 0, 249832472, 229985714, 618402382, 0, 1790883181, 1471526504, 1109995042, 724989946, 0, 264885214, 1946179959, 504129025, 348709933, 0, 0, 0, 0, 2004702744, 871579838, 674876489, 290582324, 0, 0, 0, 1222731122, 0, 0, 192893076, 0, 0, 1179504752, 725096329, 0, 2127591416, 1803741136, 0, 0, 1422736101, 0, 0, 0, 895347513, 0, 1274227901, 0, 893877874, 0],[0, 1474011140, 334074179, 1826823163, 1130809311, 430173036, 1774786636, 1987070717, 866018844, 108668495, 532108440, 0, 1294400997, 227460574, 1218540906, 1955394995, 0, 788358427, 895612328, 0, 0, 1418524764, -1, 0, 0, 1688744043, 71170294, 0, 1796610343, 0, 0, 17753588, 1087051727, 2074237827, 0, 0, 0, 1066713807, 0, 0, 1032579841, 481979594, 1344010027, 905883274, 482094587, 1652267613, 0, 0, 1807564740, 1490114019, 2053231574, 962239275, 913679982, 1635266114, 0, 0, 752190443, 1259803149, 930774730, 0, 1603724115, 0, 1656995616, 62256906, 0, 0, 0, 487764164, 0, 0, 1909537471, 0, 781338533, 865197069, 0, 689784670, 1385883372, 2134409425, 0, 0, 606321977, 2130610940, 1405406364, 579158115, 0, 0, 0, 476556598, 1128228837, 1540127748, 134341549, 928250728, 42209938, 1652049235, 0, 0, 1826513114, 0, 244410081, 136069353, 1086582520, 0, 510309467, 669415231, 1225952837, 0, 956851733, 1082236872, 0, 1797024935, 1709744569, 0, 1730287929, 0, 0, 868322220, 0, 179552026, 0, 0, 428427660, 0, 1993001366, 756852426, 0, 942628605, 0, 899657057, 1011200077, 917324967, 1194233697, 0, 1460994847, 0, 0, 0, 220575217, 0, 0, 0, 1412665634, 0, 681016650, 1968080500, 871245281, 830547210, 619339500, 554877416, 0, 728039532, 0, 0, 2012180353, 248119654, 32671506, 0, 1722899437, 0, 0, 0, 0, 1412543643, 1010009705, 0, 0, 0, 1579470806, 976874301, 1665819193, 697575373, 0, 172759134, 0, 1458775678, 1349521463, 1445411946, 0, 0, 979082360, 1945932758, 0, 0, 1166613856, 0, 1692645985, 0, 629956889, 0],[0, 684464302, 0, 0, 0, 0, 0, 352517996, 1605700643, 0, 737015248, 774214602, 1666483551, 0, 0, 0, 0, 0, 1535727369, 2105553560, 983240691, 1036700280, 0, -1, 1895276620, 1224901791, 1371631284, 0, 1256152355, 127072937, 0, 0, 0, 0, 1691051762, 2019419598, 610775989, 0, 0, 0, 0, 0, 0, 0, 752437823, 0, 0, 416490951, 0, 0, 326458376, 1824056027, 0, 1910901220, 0, 1049822879, 1763982596, 1716188336, 1623652567, 0, 560108113, 1916219720, 0, 0, 411780416, 0, 128138659, 0, 1814790109, 192757463, 0, 0, 0, 1236544222, 0, 0, 1763602827, 526535472, 0, 698847059, 0, 0, 0, 0, 1652999758, 1459305103, 965048980, 1748390094, 868798317, 940611678, 1604751372, 0, 0, 1799241322, 0, 2081910905, 0, 1168844822, 1626118388, 544511254, 0, 115538924, 0, 0, 0, 0, 216831688, 501931611, 0, 2140658667, 0, 536665200, 996041299, 339819368, 0, 0, 0, 634309559, 1107063265, 1110781001, 0, 0, 0, 1541508301, 1460472815, 341335260, 0, 0, 0, 0, 1277446014, 0, 0, 0, 354319977, 523374935, 1696999419, 2041752969, 296299671, 0, 0, 1804434835, 1587735891, 2044920285, 0, 1655305760, 0, 50031345, 0, 1906849311, 0, 188843728, 0, 0, 0, 0, 0, 0, 1618344179, 0, 1915692070, 0, 0, 0, 65959872, 227040289, 0, 186365343, 0, 978580251, 432429020, 0, 0, 0, 0, 22451342, 0, 0, 0, 1769170036, 1249477445, 336416895, 0, 0, 100560150, 1845866072, 1980682754, 0],[902225637, 0, 0, 91763025, 0, 0, 1927593420, 0, 0, 849544813, 0, 785338997, 2074240103, 100379078, 343911225, 0, 0, 1267699987, 0, 0, 567027848, 0, 0, 1895276620, -1, 324998281, 0, 1725322419, 0, 0, 341638982, 0, 121008754, 0, 673579197, 533585383, 0, 1087585361, 254765146, 1386824891, 340030756, 0, 0, 835168405, 0, 0, 285259020, 0, 1232876748, 0, 1901537218, 125683139, 612616060, 0, 0, 203729084, 0, 516940383, 2017744191, 0, 1060086507, 1989847446, 1211775464, 1892264904, 1743270202, 0, 0, 1992091682, 2010229494, 102105521, 0, 1146982385, 0, 0, 0, 1164624534, 0, 0, 0, 0, 417440792, 0, 0, 2035726796, 362263279, 14148562, 0, 0, 376356695, 0, 0, 0, 0, 0, 942570926, 0, 0, 278440536, 856718826, 0, 516826096, 0, 0, 0, 0, 0, 0, 0, 596469844, 84081128, 0, 0, 0, 0, 0, 1386597609, 0, 1926463143, 449994935, 0, 1838509942, 1552103668, 0, 1761069249, 0, 940966696, 1059731160, 0, 0, 0, 1316019547, 1486623942, 0, 699033422, 542427325, 165868885, 1301712147, 0, 0, 359279702, 0, 74604729, 278640055, 0, 1393504834, 0, 1300830839, 0, 0, 0, 0, 1958642718, 1896865786, 0, 1286532149, 1152192135, 536191602, 0, 0, 0, 805984533, 0, 0, 489433075, 2097102589, 1111615854, 190733865, 1807356736, 1858873654, 885028992, 1005096802, 0, 1174977079, 0, 0, 284799316, 299801776, 1022160906, 0, 0, 0, 0, 1861342435, 408317462, 0, 255969413, 345703106, 1531493724],[1756611190, 379944302, 0, 0, 1094302588, 1820635211, 0, 1723251935, 1145258350, 1989435123, 1643732583, 1784966192, 0, 0, 731041505, 0, 1514622799, 0, 1140869526, 518770106, 0, 0, 1688744043, 1224901791, 324998281, -1, 0, 0, 1052642747, 2103032740, 0, 0, 82363603, 0, 0, 277484028, 0, 1281430331, 482066807, 0, 0, 387990671, 136630425, 0, 1445165480, 0, 82433911, 0, 0, 1110308827, 0, 1512432766, 0, 0, 0, 705162923, 1247551723, 468035338, 1502866743, 0, 1181770387, 560593950, 840805219, 0, 0, 1239728626, 0, 541944519, 0, 1336331722, 885231267, 805281829, 674948895, 2043200120, 754995364, 1647957031, 257358278, 1167706684, 0, 0, 579076444, 117211386, 0, 0, 58988205, 0, 0, 1935908770, 0, 0, 130986250, 0, 1291115567, 2110907773, 0, 0, 0, 849905490, 355563139, 1774278858, 1655685006, 1851042723, 0, 1660276866, 0, 0, 397544919, 0, 1137019624, 0, 1965545458, 2083969087, 1643052252, 227575707, 0, 0, 0, 0, 0, 0, 0, 0, 0, 0, 0, 0, 0, 0, 1141869319, 671107422, 0, 0, 971527956, 0, 1118613669, 12574469, 0, 316974794, 458364180, 1822013234, 0, 0, 0, 0, 1485986032, 0, 1163167483, 0, 0, 1586329138, 0, 0, 1448404060, 749015691, 1921283900, 1316631178, 0, 0, 0, 743594248, 0, 0, 0, 1612121886, 0, 0, 0, 154341493, 54173063, 0, 0, 879215776, 952012920, 52989990, 317695232, 0, 1633978827, 0, 607499509, 193091797, 783490150, 903609678, 0, 452434385, 0, 0, 0, 186286770],[0, 850279055, 0, 0, 0, 0, 1677319770, 1106692748, 490528766, 1318221257, 0, 0, 0, 1239000134, 0, 839277974, 0, 0, 291244318, 0, 713807101, 1496646488, 71170294, 1371631284, 0, 0, -1, 0, 1702457110, 0, 1892999696, 0, 208363826, 0, 1910878511, 0, 0, 0, 0, 834651244, 747616328, 0, 0, 49082964, 720373667, 0, 1770967468, 1352659736, 1191086217, 826708624, 571703634, 2039567857, 1094575500, 0, 872859603, 1023144230, 0, 725123110, 650698548, 1451711893, 298228857, 0, 150990686, 906895656, 1427030932, 0, 0, 0, 0, 0, 0, 722883278, 726612612, 1196662940, 115793655, 0, 439964228, 434079507, 0, 0, 0, 0, 0, 1856759984, 0, 0, 0, 0, 785422239, 1850527149, 0, 1411078079, 1412285467, 0, 2134365351, 0, 0, 0, 647115892, 1016110477, 1870219576, 1797122612, 1054490564, 317834753, 0, 1101605058, 0, 1324963030, 809582594, 1020151029, 488870143, 0, 0, 22368139, 0, 253862157, 0, 0, 0, 0, 0, 1475979118, 1516135426, 643306815, 1532731511, 1576595766, 143386602, 0, 0, 0, 0, 698383477, 1430633894, 0, 1021509907, 461759010, 0, 0, 1492887705, 0, 1491492129, 0, 0, 0, 985214157, 0, 0, 0, 0, 1215341218, 0, 0, 0, 2023449828, 1168116507, 1567088695, 0, 0, 161179950, 0, 0, 1077292481, 2098109549, 0, 1918298186, 0, 0, 791632505, 0, 0, 292438557, 0, 552447436, 0, 0, 1408104606, 1042085032, 0, 489405176, 0, 0, 2085337349, 375383838, 0, 0, 0, 1195465568, 756591269],[0, 595412742, 769599893, 0, 1136333261, 1498886921, 1043071740, 0, 0, 0, 0, 1522016283, 1963375, 1287167291, 0, 0, 0, 2034705412, 0, 0, 1924775858, 0, 0, 0, 1725322419, 0, 0, -1, 0, 0, 524520774, 0, 1806437817, 434833087, 0, 0, 0, 1344225267, 0, 0, 0, 1527275483, 431912450, 0, 1192814109, 1836284182, 0, 1211774380, 0, 0, 1580531515, 511282175, 0, 1319718676, 6749280, 0, 1528508816, 0, 0, 0, 0, 0, 0, 1312496569, 525359474, 0, 1475039360, 0, 1673836989, 0, 958795899, 387387120, 404989270, 1982216640, 631770662, 979935623, 0, 179033050, 1136900673, 0, 186210125, 1857002285, 1593377393, 0, 312780113, 0, 0, 0, 806553300, 0, 988943930, 0, 334923716, 0, 912624845, 189570352, 1114721196, 0, 347915855, 0, 1311005463, 866333831, 0, 45149634, 0, 1073955410, 341996952, 936046408, 1827387051, 0, 129983471, 413292370, 322329042, 0, 1294726449, 496504590, 1488089414, 1448896338, 0, 2055312846, 1976132979, 0, 0, 642692006, 699265218, 474405138, 0, 1143479314, 1789562830, 1309822683, 1524781410, 0, 0, 0, 1083600125, 0, 1292971580, 0, 466837656, 1439347701, 369800542, 0, 0, 781326731, 1525719985, 0, 0, 0, 0, 237270864, 1916149053, 1082234380, 1823706635, 0, 0, 0, 2033062844, 751591616, 0, 1644594936, 1991899044, 0, 483655032, 750470995, 387157748, 0, 0, 1361915073, 379590982, 0, 172351893, 0, 1900018293, 0, 1042003505, 0, 764314976, 0, 1039827153, 0, 602486651, 0, 0, 0, 0, 231989511, 0, 0],[0, 2091673817, 0, 1022643619, 1923914761, 0, 0, 803250981, 0, 1943518456, 0, 1929776413, 1219836803, 1703137113, 578328107, 1382312615, 1290844856, 0, 1986334020, 0, 0, 1307357473, 1796610343, 1256152355, 0, 1052642747, 1702457110, 0, -1, 0, 976411073, 303687319, 929408382, 525053705, 1655328111, 1588157982, 1431728531, 0, 720729902, 0, 1680258637, 685777766, 1636843312, 366377599, 0, 1990573862, 163085582, 1804748623, 0, 0, 0, 0, 837851253, 2102816254, 0, 1612675848, 0, 62729307, 1916547991, 1027500617, 815670973, 0, 1568557699, 0, 1121206342, 0, 0, 0, 0, 1735281588, 5103971, 139295026, 1797245209, 0, 1250390206, 1115329267, 1444222051, 0, 0, 0, 867940696, 592273242, 0, 0, 0, 0, 592502354, 0, 0, 0, 0, 0, 279439340, 0, 0, 0, 428935164, 1148408726, 0, 0, 0, 284986558, 0, 0, 0, 0, 0, 1169421270, 483630118, 1744840713, 0, 784522070, 0, 1297981968, 901294407, 396993334, 0, 2137206892, 0, 1570967905, 1813994993, 0, 0, 0, 0, 256828098, 2088538939, 0, 0, 278395503, 0, 547985442, 2081182266, 767137351, 1060786978, 0, 12010226, 0, 1469831844, 75661042, 0, 477289249, 0, 0, 0, 0, 551822693, 1868953401, 1931234693, 703609513, 0, 903668148, 0, 0, 0, 400671206, 2077403236, 118229354, 0, 0, 1788413148, 1078639186, 1357825195, 154332887, 0, 1825866234, 182434028, 30863988, 1811724011, 1317525415, 449141001, 213640468, 215592025, 0, 0, 1977317262, 0, 0, 1480568512, 1921851495, 1445073971, 217770529, 1082152562, 1664811353, 1307706279, 0, 897957445, 1725259578],[1986647445, 583816683, 0, 0, 0, 229611645, 0, 340148804, 0, 76046261, 491580933, 0, 883572165, 0, 0, 0, 0, 131456121, 0, 0, 0, 0, 0, 127072937, 0, 2103032740, 0, 0, 0, -1, 1469734921, 0, 424440547, 1194656315, 0, 1289933945, 1573124261, 1648095485, 467658101, 0, 0, 0, 0, 0, 1198001145, 0, 1077542520, 0, 0, 1822467907, 990068347, 1254627447,