81
[-1, 946, 1440938, 0, 572, 659, 802, 672, 0, 0, 932, 1200, 1024, 0, 766, 710, 752, 1043, 1108, 0, 0, 0, 0, 951, 0, 0, 957, 442, 703, 739, 914, 0, 0, 0, 504, 0, 772, 347, 0, 0, 0, 779, 498, 0, 0, 0, 1007, 0, 0, 0, 1097, 857, 1062, 0, 0, 0, 881, 794, 581, 0, 0, 1013, 0, 0, 637, 394, 811, 737, 632, 0, 1019, 542, 646, 837, 0, 794, 1054, 1107, 0, 819, 0, 
946, -1, 1442009, 0, 2067, 2226, 0, 1988, 0, 800, 2623, 2569, 2715, 1039, 0, 0, 0, 2415, 0, 0, 622, 0, 692, 0, 0, 836, 2024, 1518, 2166, 1992, 2807, 0, 927, 0, 0, 0, 0, 0, 0, 0, 0, 1890, 1921, 0, 705, 0, 2134, 690, 1319, 0, 2175, 2055, 2145, 0, 0, 0, 0, 2308, 2027, 554, 0, 2319, 659, 0, 0, 1673, 1975, 2167, 1710, 782, 0, 2330, 0, 1842, 425, 0, 0, 0, 0, 1869, 0, 
1440938, 1442009, -1, 395, 0, 619, 0, 0, 0, 1440871, 0, 0, 0, 1441136, 1439156, 1439245, 1442153, 614, 1442423, 1009, 1443297, 0, 0, 1439367, 723, 0, 609, 880, 0, 1005, 355, 761, 0, 523, 0, 857, 0, 1438937, 0, 0, 0, 1039, 931, 229, 1443371, 338, 693, 1442835, 0, 930, 673, 620, 0, 0, 676, 774, 0, 0, 707, 0, 1073, 1078, 0, 0, 1438897, 910, 0, 0, 0, 0, 0, 638, 0, 557, 0, 0, 0, 0, 0, 0, 0, 
0, 0, 395, -1, 910, 0, 1282, 0, 835, 1430606, 0, 0, 957, 357, 0, 0, 594, 0, 1135, 0, 0, 0, 0, 930, 0, 0, 0, 0, 0, 1005, 114, 0, 0, 1500, 1165, 0, 801, 741, 633, 0, 1187, 1214, 858, 1114, 1092, 0, 0, 703, 887, 0, 630, 0, 0, 595, 1102, 0, 1038, 0, 0, 0, 1519, 1208, 0, 566, 867, 0, 0, 842, 1010, 0, 0, 0, 0, 0, 0, 853, 840, 0, 626, 0, 0, 
572, 2067, 0, 910, -1, 0, 0, 0, 0, 669, 0, 0, 788, 1008, 0, 0, 0, 0, 760, 1083, 590, 310, 3085, 0, 853, 0, 0, 371, 0, 786, 898, 0, 3495, 0, 1247, 0, 2147, 381, 2173, 535, 0, 0, 0, 0, 0, 0, 0, 0, 0, 431, 0, 406, 707, 2005, 275, 0, 0, 580, 0, 2801, 0, 0, 2388, 0, 697, 0, 695, 0, 0, 0, 1905, 779, 1396, 828, 0, 1769, 1935, 0, 0, 0, 883, 
659, 2226, 619, 0, 0, -1, 1848, 539, 801, 0, 1067, 0, 0, 0, 629, 533, 0, 0, 934, 0, 989, 722, 0, 919, 0, 4068, 0, 698, 0, 0, 408, 1800, 0, 601, 0, 1513, 653, 0, 0, 0, 910, 933, 0, 0, 0, 1029, 0, 0, 0, 0, 0, 785, 936, 403, 0, 2337, 2320, 791, 404, 0, 0, 877, 0, 569, 691, 888, 393, 0, 569, 0, 0, 289, 0, 0, 2790, 0, 838, 0, 716, 0, 0, 
802, 0, 0, 1282, 0, 1848, -1, 453, 0, 543, 1109, 1191, 733, 1194, 0, 1204, 0, 0, 752, 819, 443, 0, 0, 988, 1011, 683, 884, 0, 1081, 0, 1243, 1143, 697, 1035, 0, 971, 0, 0, 0, 0, 0, 646, 681, 1152, 669, 1202, 0, 0, 878, 413, 0, 800, 0, 0, 0, 0, 0, 0, 1076, 722, 565, 0, 609, 2083, 0, 944, 0, 739, 657, 0, 1075, 0, 0, 1029, 0, 0, 1030, 2030, 0, 1025, 0, 
672, 1988, 0, 0, 0, 539, 453, -1, 818, 0, 1138, 0, 0, 0, 0, 927, 929, 974, 769, 396, 669, 868, 0, 936, 804, 0, 660, 605, 0, 0, 0, 714, 728, 832, 521, 738, 818, 465, 0, 364, 460, 785, 443, 863, 0, 0, 0, 0, 0, 471, 655, 745, 0, 573, 617, 0, 1010, 650, 0, 699, 487, 0, 425, 622, 418, 0, 755, 0, 0, 0, 763, 687, 0, 0, 816, 284, 0, 585, 0, 955, 1172, 
0, 0, 0, 835, 0, 801, 0, 818, -1, 1432359, 0, 494, 686, 904, 576, 0, 0, 348, 702, 0, 627, 0, 0, 0, 0, 643, 584, 0, 0, 823, 0, 1050, 719, 0, 723, 0, 0, 0, 429, 0, 0, 655, 846, 614, 0, 518, 595, 719, 0, 0, 0, 306, 661, 603, 0, 689, 402, 493, 810, 644, 852, 875, 0, 870, 0, 0, 646, 0, 1003, 520, 0, 0, 0, 0, 0, 0, 0, 819, 1721, 270, 0, 
0, 800, 1440871, 1430606, 669, 0, 543, 0, 1432359, -1, 0, 0, 0, 792, 0, 946, 805, 0, 712, 1442970, 0, 1159, 0, 0, 1441907, 166, 0, 687, 0, 429, 898, 766, 776, 0, 572, 0, 0, 499, 0, 1899, 0, 0, 0, 872, 0, 0, 391, 0, 2597, 1442023, 0, 606, 681, 0, 617, 410, 935, 0, 0, 0, 0, 763, 471, 560, 261, 0, 0, 0, 0, 2094, 690, 821, 626, 873, 709, 538, 746, 500, 0, 682, 0, 
932, 2623, 0, 0, 0, 1067, 1109, 1138, 0, 0, -1, 0, 0, 1318, 0, 817, 734, 0, 0, 0, 0, 516, 706, 603, 797, 1169, 0, 0, 0, 1099, 1148, 0, 908, 0, 0, 0, 0, 0, 0, 810, 1124, 507, 960, 0, 1018, 881, 1158, 0, 0, 760, 0, 0, 0, 927, 538, 1090, 240, 1080, 865, 734, 0, 902, 0, 0, 1197, 0, 0, 590, 1089, 876, 0, 1104, 1147, 941, 730, 1374, 741, 0, 0, 0, 0, 
1200, 2569, 0, 0, 0, 0, 1191, 0, 494, 0, 0, -1, 776, 0, 0, 0, 611, 0, 0, 0, 0, 524, 0, 0, 0, 912, 0, 0, 0, 1111, 0, 0, 1199, 0, 0, 1209, 696, 0, 0, 0, 0, 0, 1220, 726, 747, 811, 0, 0, 0, 943, 1024, 0, 666, 0, 716, 1064, 549, 757, 1154, 690, 1102, 0, 790, 0, 0, 0, 833, 531, 0, 0, 711, 1165, 0, 0, 0, 0, 311, 855, 0, 562, 1054, 
1024, 2715, 0, 957, 788, 0, 733, 0, 686, 0, 0, 776, -1, 0, 897, 0, 0, 609, 0, 760, 641, 810, 870, 0, 0, 0, 0, 863, 927, 0, 911, 0, 1027, 0, 819, 1137, 0, 700, 0, 598, 2322, 948, 0, 0, 401, 935, 0, 0, 1084, 0, 632, 583, 0, 854, 0, 623, 0, 0, 0, 0, 0, 789, 0, 0, 0, 0, 868, 0, 0, 0, 0, 968, 0, 0, 607, 0, 0, 0, 1022, 725, 0, 
0, 1039, 1441136, 357, 1008, 0, 1194, 0, 904, 792, 1318, 0, 0, -1, 609, 696, 762, 0, 1019, 0, 1175, 0, 1231, 950, 0, 662, 567, 0, 1110, 889, 307, 0, 0, 0, 1172, 937, 0, 0, 623, 714, 0, 1245, 0, 543, 0, 0, 684, 0, 0, 0, 330, 877, 1042, 0, 900, 0, 0, 0, 0, 958, 0, 1108, 0, 0, 793, 1156, 585, 0, 1018, 0, 352, 0, 420, 0, 0, 707, 0, 0, 677, 0, 0, 
766, 0, 1439156, 0, 0, 629, 0, 0, 576, 0, 0, 0, 897, 609, -1, 329, 301, 725, 0, 986, 1113, 0, 1005, 0, 0, 0, 665, 0, 0, 0, 436, 0, 931, 0, 0, 0, 0, 619, 0, 739, 1077, 0, 0, 0, 1070, 144, 0, 800, 0, 0, 838, 752, 1084, 516, 707, 688, 0, 0, 688, 1013, 0, 0, 0, 0, 0, 712, 0, 0, 0, 0, 591, 492, 0, 714, 0, 963, 736, 959, 740, 0, 845, 
710, 0, 1439245, 0, 0, 533, 1204, 927, 0, 946, 817, 0, 0, 696, 329, -1, 337, 802, 0, 1025, 0, 436, 952, 0, 0, 0, 819, 0, 0, 1000, 429, 0, 0, 0, 1017, 0, 0, 0, 0, 659, 1121, 952, 0, 360, 1068, 215, 0, 0, 965, 0, 861, 712, 0, 482, 0, 0, 0, 827, 0, 914, 1150, 1103, 798, 0, 0, 0, 0, 0, 949, 0, 630, 0, 528, 524, 893, 1002, 0, 999, 581, 724, 523, 
752, 0, 1442153, 594, 0, 0, 0, 929, 0, 805, 734, 611, 0, 762, 301, 337, -1, 509, 0, 0, 0, 0, 834, 454, 0, 0, 650, 695, 627, 0, 596, 956, 855, 281, 939, 851, 0, 0, 478, 651, 0, 883, 889, 0, 936, 217, 693, 700, 1128, 766, 0, 525, 888, 556, 517, 732, 0, 0, 691, 0, 1019, 1069, 0, 0, 0, 601, 0, 0, 0, 585, 593, 0, 0, 708, 745, 0, 534, 0, 676, 407, 739, 
1043, 2415, 614, 0, 0, 0, 0, 974, 348, 0, 0, 0, 609, 0, 725, 802, 509, -1, 648, 0, 0, 450, 0, 195, 0, 0, 518, 0, 0, 961, 906, 1086, 0, 0, 0, 0, 668, 744, 0, 0, 944, 0, 1096, 0, 662, 0, 495, 0, 1362, 798, 0, 0, 0, 0, 0, 885, 0, 543, 1067, 654, 906, 946, 0, 936, 854, 862, 0, 417, 1236, 0, 0, 1025, 0, 0, 477, 1132, 308, 745, 0, 388, 0, 
1108, 0, 1442423, 1135, 760, 934, 752, 769, 702, 712, 0, 0, 0, 1019, 0, 0, 0, 648, -1, 0, 448, 0, 0, 580, 0, 0, 715, 0, 1208, 674, 0, 1107, 1088, 985, 0, 0, 0, 0, 0, 0, 0, 0, 894, 0, 267, 0, 757, 0, 1186, 0, 0, 0, 0, 0, 0, 875, 0, 822, 0, 146, 881, 377, 388, 1065, 0, 0, 0, 464, 953, 0, 723, 0, 1019, 0, 199, 0, 0, 537, 865, 906, 0, 
0, 0, 1009, 0, 1083, 0, 819, 396, 0, 1442970, 0, 0, 760, 0, 986, 1025, 0, 0, 0, -1, 1044, 0, 1073, 1190, 975, 576, 0, 949, 0, 0, 0, 0, 1017, 1004, 0, 0, 1068, 0, 0, 0, 787, 1158, 660, 955, 0, 0, 847, 909, 472, 0, 0, 1025, 0, 0, 929, 435, 1309, 0, 911, 990, 0, 0, 687, 476, 0, 1159, 867, 956, 667, 1055, 797, 0, 0, 0, 1079, 136, 1102, 679, 0, 0, 2945, 
0, 622, 1443297, 0, 590, 989, 443, 669, 627, 0, 0, 0, 641, 1175, 1113, 0, 0, 0, 448, 1044, -1, 0, 0, 0, 877, 0, 770, 0, 0, 0, 0, 0, 773, 920, 510, 0, 0, 637, 0, 0, 0, 0, 818, 0, 0, 1068, 773, 852, 1128, 400, 1026, 477, 374, 0, 501, 0, 0, 0, 0, 450, 706, 0, 510, 1075, 0, 0, 928, 0, 868, 0, 938, 1105, 1014, 982, 0, 936, 719, 0, 1151, 0, 1218, 
0, 0, 0, 0, 310, 722, 0, 868, 0, 1159, 516, 524, 810, 0, 0, 436, 0, 450, 0, 0, 0, -1, 684, 0, 0, 0, 678, 537, 725, 881, 709, 1037, 795, 0, 0, 759, 0, 0, 526, 0, 925, 659, 803, 0, 803, 424, 0, 597, 1112, 628, 905, 0, 695, 0, 335, 734, 0, 656, 0, 0, 1001, 878, 624, 912, 829, 0, 485, 0, 971, 0, 0, 0, 698, 663, 567, 1039, 0, 859, 654, 451, 0, 
0, 692, 0, 0, 3085, 0, 0, 0, 0, 0, 706, 0, 870, 1231, 1005, 952, 834, 0, 0, 1073, 0, 684, -1, 733, 967, 0, 0, 0, 774, 652, 0, 1276, 381, 719, 0, 0, 706, 0, 0, 0, 484, 0, 0, 1007, 0, 0, 922, 0, 1020, 242, 0, 0, 721, 0, 423, 0, 0, 0, 896, 723, 815, 0, 698, 1089, 703, 0, 927, 536, 770, 0, 1060, 950, 0, 0, 794, 0, 0, 997, 1225, 726, 1119, 
951, 0, 1439367, 930, 0, 919, 988, 936, 0, 0, 603, 0, 0, 950, 0, 0, 454, 195, 580, 1190, 0, 0, 733, -1, 796, 0, 0, 679, 797, 0, 0, 0, 0, 0, 895, 0, 0, 666, 0, 636, 0, 0, 0, 614, 660, 0, 0, 0, 1294, 700, 0, 225, 0, 815, 466, 856, 0, 0, 0, 0, 955, 0, 622, 0, 873, 773, 679, 294, 0, 0, 0, 970, 865, 844, 0, 0, 271, 779, 760, 0, 0, 
0, 0, 723, 0, 853, 0, 1011, 804, 0, 1441907, 797, 0, 0, 0, 0, 0, 0, 0, 0, 975, 877, 0, 967, 796, -1, 0, 910, 0, 1320, 789, 746, 0, 1103, 833, 0, 514, 411, 770, 0, 0, 0, 717, 0, 501, 749, 0, 0, 274, 927, 798, 711, 0, 652, 823, 0, 0, 0, 1037, 0, 498, 0, 600, 516, 1035, 0, 0, 374, 0, 740, 0, 0, 0, 862, 0, 600, 961, 0, 759, 0, 0, 601, 
0, 836, 0, 0, 0, 4068, 683, 0, 643, 166, 1169, 912, 0, 662, 0, 0, 0, 0, 0, 576, 0, 0, 0, 0, 0, -1, 0, 746, 0, 513, 781, 0, 0, 750, 670, 0, 0, 497, 281, 512, 0, 942, 780, 809, 623, 0, 0, 822, 0, 610, 0, 0, 0, 605, 657, 0, 974, 246, 952, 0, 0, 0, 520, 0, 0, 0, 0, 0, 873, 0, 611, 722, 497, 0, 771, 0, 750, 512, 0, 664, 0, 
957, 2024, 609, 0, 0, 0, 884, 660, 584, 0, 0, 0, 0, 567, 665, 819, 650, 518, 715, 0, 770, 678, 0, 0, 910, 0, -1, 0, 815, 696, 0, 637, 1011, 0, 884, 1063, 0, 636, 352, 576, 760, 0, 0, 0, 553, 720, 131, 692, 0, 0, 0, 0, 713, 735, 0, 0, 0, 292, 0, 709, 541, 900, 516, 475, 0, 951, 0, 549, 1042, 0, 0, 0, 0, 796, 631, 715, 540, 412, 862, 601, 1190, 
442, 1518, 880, 0, 371, 698, 0, 605, 0, 687, 0, 0, 863, 0, 0, 0, 695, 0, 0, 949, 0, 537, 0, 679, 0, 746, 0, -1, 0, 585, 0, 1119, 413, 0, 390, 0, 0, 316, 612, 0, 600, 342, 464, 0, 794, 0, 901, 778, 0, 209, 1008, 539, 677, 495, 237, 577, 0, 749, 0, 619, 0, 0, 564, 980, 0, 0, 0, 0, 0, 538, 896, 739, 0, 0, 0, 848, 782, 0, 0, 735, 0, 
703, 2166, 0, 0, 0, 0, 1081, 0, 0, 0, 0, 0, 927, 1110, 0, 0, 627, 0, 1208, 0, 0, 725, 774, 797, 1320, 0, 815, 0, -1, 1064, 1041, 1189, 681, 0, 820, 0, 995, 649, 565, 914, 848, 0, 1081, 1023, 0, 0, 0, 1207, 0, 804, 1240, 0, 0, 687, 0, 0, 0, 561, 0, 0, 0, 0, 1030, 0, 684, 0, 1054, 0, 0, 352, 1032, 878, 792, 1175, 0, 0, 981, 0, 0, 0, 1279, 
739, 1992, 1005, 1005, 786, 0, 0, 0, 823, 429, 1099, 1111, 0, 889, 0, 1000, 0, 961, 674, 0, 0, 881, 652, 0, 789, 513, 696, 585, 1064, -1, 0, 0, 0, 897, 488, 775, 0, 0, 0, 371, 419, 0, 489, 910, 0, 0, 0, 776, 636, 431, 716, 709, 0, 0, 0, 412, 0, 691, 0, 615, 501, 0, 0, 745, 0, 0, 799, 0, 0, 883, 0, 0, 725, 0, 751, 417, 0, 569, 0, 0, 0, 
914, 2807, 355, 114, 898, 408, 1243, 0, 0, 898, 1148, 0, 911, 307, 436, 429, 596, 906, 0, 0, 0, 709, 0, 0, 746, 781, 0, 0, 1041, 0, -1, 0, 1120, 0, 1150, 0, 741, 731, 0, 689, 1168, 0, 824, 366, 1015, 469, 0, 599, 0, 0, 545, 838, 1067, 0, 0, 0, 0, 820, 0, 959, 1066, 1128, 761, 0, 869, 1011, 410, 792, 0, 949, 422, 0, 388, 443, 942, 0, 770, 0, 0, 0, 783, 
0, 0, 761, 0, 0, 1800, 1143, 714, 1050, 766, 0, 0, 0, 0, 0, 0, 956, 1086, 1107, 0, 0, 1037, 1276, 0, 0, 0, 637, 1119, 1189, 0, 0, -1, 0, 964, 0, 0, 1060, 0, 691, 769, 0, 0, 0, 0, 953, 873, 746, 809, 785, 0, 353, 0, 0, 794, 0, 0, 0, 796, 938, 1052, 0, 1136, 772, 0, 738, 0, 765, 975, 0, 0, 554, 0, 470, 0, 0, 0, 980, 655, 913, 1107, 1237, 
0, 927, 0, 0, 3495, 0, 697, 728, 719, 776, 908, 1199, 1027, 0, 931, 0, 855, 0, 1088, 1017, 773, 795, 381, 0, 1103, 0, 1011, 413, 681, 0, 1120, 0, -1, 0, 350, 0, 848, 431, 0, 692, 0, 0, 0, 1063, 0, 882, 0, 0, 876, 0, 0, 857, 0, 0, 587, 630, 868, 0, 0, 0, 881, 992, 0, 0, 0, 0, 0, 0, 731, 0, 1144, 787, 836, 1014, 1068, 900, 0, 1158, 1315, 807, 0, 
0, 0, 523, 1500, 0, 601, 1035, 832, 0, 0, 0, 0, 0, 0, 0, 0, 281, 0, 985, 1004, 920, 0, 719, 0, 833, 750, 0, 0, 0, 897, 0, 964, 0, -1, 795, 0, 0, 0, 0, 592, 0, 0, 706, 0, 0, 0, 0, 0, 945, 0, 0, 0, 956, 340, 458, 615, 617, 674, 505, 0, 0, 0, 759, 0, 741, 417, 537, 0, 891, 0, 0, 0, 0, 0, 0, 0, 726, 0, 800, 533, 700, 
504, 0, 0, 1165, 1247, 0, 0, 521, 723, 572, 0, 0, 819, 1172, 0, 1017, 939, 0, 0, 0, 510, 0, 0, 895, 0, 670, 884, 390, 820, 488, 1150, 0, 350, 795, -1, 0, 0, 0, 660, 0, 0, 573, 592, 0, 0, 0, 903, 0, 841, 0, 0, 0, 805, 0, 543, 555, 873, 715, 0, 801, 651, 738, 680, 970, 0, 0, 0, 654, 0, 593, 1065, 0, 0, 0, 900, 750, 0, 0, 1299, 0, 0, 
0, 0, 857, 0, 0, 1513, 971, 738, 0, 0, 0, 1209, 1137, 937, 0, 0, 851, 0, 0, 0, 0, 759, 0, 0, 514, 0, 1063, 0, 0, 775, 0, 0, 0, 0, 0, -1, 542, 617, 0, 0, 1025, 741, 343, 678, 1036, 810, 1167, 0, 0, 703, 913, 0, 953, 571, 0, 706, 847, 0, 258, 817, 1172, 0, 713, 0, 977, 0, 497, 759, 458, 0, 888, 587, 755, 426, 943, 0, 0, 0, 0, 0, 580, 
772, 0, 0, 801, 2147, 653, 0, 818, 0, 0, 0, 696, 0, 0, 0, 0, 0, 668, 0, 1068, 0, 0, 706, 0, 411, 0, 0, 0, 995, 0, 741, 1060, 848, 0, 0, 542, -1, 0, 0, 457, 965, 0, 658, 434, 766, 620, 0, 0, 0, 0, 867, 0, 609, 642, 0, 0, 0, 0, 545, 494, 1082, 0, 538, 1008, 934, 753, 364, 360, 804, 0, 661, 0, 0, 499, 520, 0, 0, 843, 570, 0, 501, 
347, 0, 1438937, 741, 381, 0, 0, 465, 0, 499, 0, 0, 700, 0, 619, 0, 0, 744, 0, 0, 637, 0, 0, 666, 770, 497, 636, 316, 649, 0, 731, 0, 431, 0, 0, 617, 0, -1, 335, 0, 540, 0, 448, 670, 0, 0, 694, 0, 708, 304, 818, 0, 0, 0, 0, 0, 684, 0, 569, 0, 677, 768, 509, 0, 0, 464, 590, 0, 602, 0, 715, 0, 478, 0, 747, 637, 0, 777, 0, 608, 0, 
0, 0, 0, 633, 2173, 0, 0, 0, 429, 0, 0, 0, 0, 623, 0, 0, 478, 0, 0, 0, 0, 526, 0, 0, 0, 281, 352, 612, 565, 0, 0, 691, 0, 0, 660, 0, 0, 335, -1, 445, 0, 0, 712, 626, 0, 513, 0, 731, 866, 548, 0, 0, 0, 0, 0, 0, 0, 0, 764, 0, 557, 0, 0, 0, 0, 629, 631, 459, 0, 522, 0, 557, 0, 709, 722, 635, 0, 0, 0, 0, 0, 
0, 0, 0, 0, 535, 0, 0, 364, 0, 1899, 810, 0, 598, 714, 739, 659, 651, 0, 0, 0, 0, 0, 0, 636, 0, 512, 576, 0, 914, 371, 689, 769, 692, 592, 0, 0, 457, 0, 445, -1, 0, 0, 0, 564, 539, 0, 666, 0, 687, 363, 613, 0, 0, 0, 304, 0, 672, 600, 591, 0, 0, 511, 0, 0, 0, 750, 0, 0, 0, 0, 564, 603, 547, 464, 542, 578, 0, 0, 0, 0, 854, 
0, 0, 0, 1187, 0, 910, 0, 460, 0, 0, 1124, 0, 2322, 0, 1077, 1121, 0, 944, 0, 787, 0, 925, 484, 0, 0, 0, 760, 600, 848, 419, 1168, 0, 0, 0, 0, 1025, 965, 540, 0, 0, -1, 742, 0, 0, 724, 0, 761, 1059, 0, 397, 0, 772, 786, 0, 667, 536, 1001, 0, 0, 812, 400, 757, 652, 0, 0, 0, 0, 702, 759, 723, 0, 0, 857, 0, 0, 0, 998, 0, 0, 850, 1396, 
779, 1890, 1039, 1214, 0, 933, 646, 785, 655, 0, 507, 0, 948, 1245, 0, 952, 883, 0, 0, 1158, 0, 659, 0, 0, 717, 942, 0, 342, 0, 0, 0, 0, 0, 0, 573, 741, 0, 0, 0, 0, 742, -1, 682, 0, 0, 0, 0, 806, 1077, 0, 1132, 542, 0, 0, 0, 846, 505, 0, 853, 500, 0, 500, 615, 1220, 939, 0, 0, 0, 0, 834, 1017, 1037, 0, 0, 618, 1060, 0, 958, 0, 892, 0, 
498, 1921, 931, 858, 0, 0, 681, 443, 846, 0, 960, 1220, 0, 0, 0, 0, 889, 1096, 894, 660, 818, 803, 0, 0, 0, 780, 0, 464, 1081, 489, 824, 0, 0, 706, 592, 343, 658, 448, 712, 0, 0, 682, -1, 792, 898, 864, 1022, 753, 409, 492, 0, 0, 873, 0, 0, 463, 0, 903, 0, 0, 895, 0, 585, 859, 718, 804, 624, 0, 187, 0, 878, 0, 657, 544, 914, 0, 0, 0, 0, 0, 878, 
0, 0, 229, 1114, 0, 0, 1152, 863, 614, 872, 0, 726, 0, 543, 0, 360, 0, 0, 0, 955, 0, 0, 1007, 614, 501, 809, 0, 0, 1023, 910, 366, 0, 1063, 0, 0, 678, 434, 670, 626, 564, 0, 0, 792, -1, 839, 447, 777, 341, 996, 0, 0, 0, 811, 0, 590, 0, 682, 0, 0, 0, 1084, 0, 0, 0, 921, 927, 189, 0, 948, 909, 0, 0, 0, 361, 0, 0, 0, 750, 276, 783, 564, 
0, 705, 1443371, 1092, 0, 0, 669, 0, 0, 0, 1018, 747, 401, 0, 1070, 1068, 936, 662, 267, 0, 0, 803, 0, 660, 749, 623, 553, 794, 0, 0, 1015, 953, 0, 0, 0, 1036, 766, 0, 0, 539, 724, 0, 898, 839, -1, 1058, 588, 0, 0, 680, 0, 484, 0, 959, 659, 0, 0, 0, 0, 0, 665, 463, 0, 898, 0, 1128, 815, 0, 946, 1087, 660, 1085, 0, 0, 0, 832, 555, 329, 944, 890, 1225, 
0, 0, 338, 0, 0, 1029, 1202, 0, 518, 0, 881, 811, 935, 0, 144, 215, 217, 0, 0, 0, 1068, 424, 0, 0, 0, 0, 720, 0, 0, 0, 469, 873, 882, 0, 0, 810, 620, 0, 513, 0, 0, 0, 864, 447, 1058, -1, 0, 0, 1042, 0, 878, 0, 0, 489, 627, 707, 0, 696, 0, 0, 1069, 0, 826, 0, 0, 647, 0, 637, 1048, 0, 0, 497, 0, 0, 903, 1002, 0, 982, 687, 569, 721, 
1007, 2134, 693, 0, 0, 0, 0, 0, 595, 391, 1158, 0, 0, 684, 0, 0, 693, 495, 757, 847, 773, 0, 922, 0, 0, 0, 131, 901, 0, 0, 0, 746, 0, 0, 903, 1167, 0, 694, 0, 666, 761, 0, 1022, 777, 588, 0, -1, 801, 1152, 0, 670, 583, 747, 0, 0, 650, 929, 0, 0, 0, 530, 962, 604, 0, 539, 0, 837, 593, 0, 0, 525, 905, 660, 0, 672, 798, 584, 0, 0, 566, 0, 
0, 690, 1442835, 703, 0, 0, 0, 0, 719, 0, 0, 0, 0, 0, 800, 0, 700, 0, 0, 909, 852, 597, 0, 0, 274, 822, 692, 778, 1207, 776, 599, 809, 0, 0, 0, 0, 0, 0, 731, 0, 1059, 806, 753, 341, 0, 0, 801, -1, 0, 0, 526, 0, 0, 793, 592, 772, 711, 867, 701, 461, 0, 665, 0, 868, 954, 0, 0, 531, 861, 0, 396, 796, 0, 349, 0, 0, 0, 0, 363, 933, 695, 
0, 1319, 0, 887, 0, 0, 878, 0, 0, 2597, 0, 0, 1084, 0, 0, 965, 1128, 1362, 1186, 472, 1128, 1112, 1020, 1294, 927, 0, 0, 0, 0, 636, 0, 785, 876, 945, 841, 0, 0, 708, 866, 687, 0, 1077, 409, 996, 0, 1042, 1152, 0, -1, 815, 0, 0, 1177, 0, 0, 0, 0, 0, 674, 1078, 0, 0, 824, 0, 0, 0, 847, 1024, 383, 1006, 1007, 585, 0, 0, 0, 463, 1246, 995, 0, 1285, 1150, 
0, 0, 930, 0, 431, 0, 413, 471, 0, 1442023, 760, 943, 0, 0, 0, 0, 766, 798, 0, 0, 400, 628, 242, 700, 798, 610, 0, 209, 804, 431, 0, 0, 0, 0, 0, 703, 0, 304, 548, 363, 397, 0, 492, 0, 680, 0, 0, 0, 815, -1, 0, 0, 0, 0, 0, 491, 0, 0, 0, 592, 674, 0, 491, 0, 553, 578, 0, 436, 0, 569, 0, 782, 0, 791, 0, 0, 0, 800, 0, 728, 0, 
1097, 2175, 673, 630, 0, 0, 0, 655, 0, 0, 0, 1024, 632, 330, 838, 861, 0, 0, 0, 0, 1026, 905, 0, 0, 711, 0, 0, 1008, 1240, 716, 545, 353, 0, 0, 0, 913, 867, 818, 0, 613, 0, 1132, 0, 0, 0, 878, 670, 526, 0, 0, -1, 0, 0, 830, 861, 0, 1117, 0, 900, 0, 0, 0, 0, 0, 0, 1241, 606, 0, 0, 1161, 359, 0, 0, 0, 0, 0, 0, 0, 706, 1054, 0, 
857, 2055, 620, 0, 406, 785, 800, 745, 306, 606, 0, 0, 583, 877, 752, 712, 525, 0, 0, 1025, 477, 0, 0, 225, 0, 0, 0, 539, 0, 709, 838, 0, 857, 0, 0, 0, 0, 0, 0, 0, 772, 542, 0, 0, 484, 0, 583, 0, 0, 0, 0, -1, 371, 722, 322, 713, 0, 578, 0, 353, 827, 630, 0, 901, 761, 767, 0, 121, 936, 0, 0, 0, 785, 0, 0, 0, 0, 626, 731, 531, 0, 
1062, 2145, 0, 0, 707, 936, 0, 0, 661, 681, 0, 666, 0, 1042, 1084, 0, 888, 0, 0, 0, 374, 695, 721, 0, 652, 0, 713, 677, 0, 0, 1067, 0, 0, 956, 805, 953, 609, 0, 0, 0, 786, 0, 873, 811, 0, 0, 747, 0, 1177, 0, 0, 371, -1, 959, 0, 0, 633, 791, 1040, 154, 852, 370, 0, 1065, 0, 0, 0, 427, 0, 0, 749, 0, 0, 0, 213, 986, 497, 0, 900, 865, 1085, 
0, 0, 0, 595, 2005, 403, 0, 573, 603, 0, 927, 0, 854, 0, 516, 482, 556, 0, 0, 0, 0, 0, 0, 815, 823, 605, 735, 495, 687, 0, 0, 794, 0, 340, 0, 571, 642, 0, 0, 0, 0, 0, 0, 0, 959, 489, 0, 793, 0, 0, 830, 722, 959, -1, 0, 340, 0, 640, 0, 877, 820, 0, 666, 0, 0, 506, 569, 610, 0, 0, 740, 282, 356, 602, 0, 652, 859, 900, 0, 713, 850, 
0, 0, 676, 1102, 275, 0, 0, 617, 0, 617, 538, 716, 0, 900, 707, 0, 517, 0, 0, 929, 501, 335, 423, 466, 0, 657, 0, 237, 0, 0, 0, 0, 587, 458, 543, 0, 0, 0, 0, 304, 667, 0, 0, 590, 659, 627, 0, 592, 0, 0, 861, 322, 0, 0, -1, 560, 405, 631, 0, 476, 0, 0, 0, 0, 678, 551, 517, 0, 693, 0, 693, 698, 683, 0, 521, 0, 0, 761, 0, 0, 765, 
0, 0, 774, 0, 0, 2337, 0, 0, 689, 410, 1090, 1064, 623, 0, 688, 0, 732, 885, 875, 435, 0, 734, 0, 856, 0, 0, 0, 577, 0, 412, 0, 0, 630, 615, 555, 706, 0, 0, 0, 0, 536, 846, 463, 0, 0, 707, 650, 772, 0, 491, 0, 713, 0, 340, 560, -1, 947, 513, 0, 0, 528, 0, 510, 453, 293, 0, 659, 0, 569, 0, 673, 0, 351, 0, 0, 0, 0, 666, 987, 787, 1071, 
881, 0, 0, 1038, 0, 2320, 0, 1010, 402, 935, 240, 549, 0, 0, 0, 0, 0, 0, 0, 1309, 0, 0, 0, 0, 0, 974, 0, 0, 0, 0, 0, 0, 868, 617, 873, 847, 0, 684, 0, 672, 1001, 505, 0, 682, 0, 0, 929, 711, 0, 0, 1117, 0, 633, 0, 405, 947, -1, 0, 831, 594, 1154, 824, 723, 1191, 1030, 0, 681, 388, 1052, 0, 0, 0, 988, 838, 543, 0, 0, 999, 0, 632, 727, 
794, 2308, 0, 0, 580, 791, 0, 650, 493, 0, 1080, 757, 0, 0, 0, 827, 0, 543, 822, 0, 0, 656, 0, 0, 1037, 246, 292, 749, 561, 691, 820, 796, 0, 674, 715, 0, 0, 0, 0, 600, 0, 0, 903, 0, 0, 696, 0, 867, 0, 0, 0, 578, 791, 640, 631, 513, 0, -1, 1000, 0, 0, 0, 0, 0, 0, 744, 0, 542, 0, 0, 638, 0, 0, 0, 744, 0, 671, 0, 0, 442, 0, 
581, 2027, 707, 0, 0, 404, 1076, 0, 810, 0, 865, 1154, 0, 0, 688, 0, 691, 1067, 0, 911, 0, 0, 896, 0, 0, 952, 0, 0, 0, 0, 0, 938, 0, 505, 0, 258, 545, 569, 764, 591, 0, 853, 0, 0, 0, 0, 0, 701, 674, 0, 900, 0, 1040, 0, 0, 0, 831, 1000, -1, 910, 0, 0, 0, 0, 0, 771, 431, 750, 623, 784, 818, 0, 614, 0, 0, 886, 0, 0, 752, 998, 508, 
0, 554, 0, 0, 2801, 0, 722, 699, 644, 0, 734, 690, 0, 958, 1013, 914, 0, 654, 146, 990, 450, 0, 723, 0, 498, 0, 709, 619, 0, 615, 959, 1052, 0, 0, 801, 817, 494, 0, 0, 0, 812, 500, 0, 0, 0, 0, 0, 461, 1078, 592, 0, 353, 154, 877, 476, 0, 594, 0, 910, -1, 0, 326, 0, 1015, 885, 0, 0, 0, 836, 1017, 0, 0, 931, 689, 216, 0, 0, 551, 0, 0, 0, 
0, 0, 1073, 1519, 0, 0, 565, 487, 852, 0, 0, 1102, 0, 0, 0, 1150, 1019, 906, 881, 0, 706, 1001, 815, 955, 0, 0, 541, 0, 0, 501, 1066, 0, 881, 0, 651, 1172, 1082, 677, 557, 0, 400, 0, 895, 1084, 665, 1069, 530, 0, 0, 674, 0, 827, 852, 820, 0, 528, 1154, 0, 0, 0, -1, 892, 0, 624, 0, 1000, 0, 785, 936, 0, 873, 963, 0, 0, 0, 0, 0, 0, 1299, 865, 0, 
1013, 2319, 1078, 1208, 0, 877, 0, 0, 875, 763, 902, 0, 789, 1108, 0, 1103, 1069, 946, 377, 0, 0, 878, 0, 0, 600, 0, 900, 0, 0, 0, 1128, 1136, 992, 0, 738, 0, 0, 768, 0, 511, 757, 500, 0, 0, 463, 0, 962, 665, 0, 0, 0, 630, 370, 0, 0, 0, 824, 0, 0, 326, 892, -1, 414, 1115, 926, 1120, 814, 619, 686, 1123, 896, 0, 1044, 789, 0, 877, 785, 663, 1017, 1102, 0, 
0, 659, 0, 0, 2388, 0, 609, 425, 0, 471, 0, 790, 0, 0, 0, 798, 0, 0, 388, 687, 510, 624, 698, 622, 516, 520, 516, 564, 1030, 0, 761, 772, 0, 759, 680, 713, 538, 509, 0, 0, 652, 615, 585, 0, 0, 826, 604, 0, 824, 491, 0, 0, 0, 666, 0, 510, 723, 0, 0, 0, 0, 414, -1, 727, 628, 0, 0, 0, 0, 886, 0, 776, 667, 539, 408, 628, 524, 368, 763, 812, 963, 
0, 0, 0, 566, 0, 569, 2083, 622, 870, 560, 0, 0, 0, 0, 0, 0, 0, 936, 1065, 476, 1075, 912, 1089, 0, 1035, 0, 475, 980, 0, 745, 0, 0, 0, 0, 970, 0, 1008, 0, 0, 0, 0, 1220, 859, 0, 898, 0, 0, 868, 0, 0, 0, 901, 1065, 0, 0, 453, 1191, 0, 0, 1015, 624, 1115, 727, -1, 0, 0, 786, 849, 959, 0, 0, 585, 0, 0, 1009, 489, 915, 655, 0, 878, 0, 
637, 0, 1438897, 867, 697, 691, 0, 418, 0, 261, 1197, 0, 0, 793, 0, 0, 0, 854, 0, 0, 0, 829, 703, 873, 0, 0, 0, 0, 684, 0, 869, 738, 0, 741, 0, 977, 934, 0, 0, 0, 0, 939, 718, 921, 0, 0, 539, 954, 0, 553, 0, 761, 0, 0, 678, 293, 1030, 0, 0, 885, 0, 926, 628, 0, -1, 0, 0, 0, 802, 625, 785, 691, 0, 0, 0, 0, 0, 0, 1172, 0, 0, 
394, 1673, 910, 0, 0, 888, 944, 0, 0, 0, 0, 0, 0, 1156, 712, 0, 601, 862, 0, 1159, 0, 0, 0, 773, 0, 0, 951, 0, 0, 0, 1011, 0, 0, 417, 0, 0, 753, 464, 629, 750, 0, 0, 804, 927, 1128, 647, 0, 0, 0, 578, 1241, 767, 0, 506, 551, 0, 0, 744, 771, 0, 1000, 1120, 0, 0, 0, -1, 891, 669, 956, 0, 1053, 754, 0, 997, 1020, 0, 960, 0, 1179, 0, 0, 
811, 1975, 0, 0, 695, 393, 0, 755, 646, 0, 0, 833, 868, 585, 0, 0, 0, 0, 0, 867, 928, 485, 927, 679, 374, 0, 0, 0, 1054, 799, 410, 765, 0, 537, 0, 497, 364, 590, 631, 0, 0, 0, 624, 189, 815, 0, 837, 0, 847, 0, 606, 0, 0, 569, 517, 659, 681, 0, 431, 0, 0, 814, 0, 786, 0, 891, -1, 0, 0, 880, 442, 540, 559, 200, 0, 857, 0, 742, 372, 0, 509, 
737, 2167, 0, 842, 0, 0, 739, 0, 0, 0, 590, 531, 0, 0, 0, 0, 0, 417, 464, 956, 0, 0, 536, 294, 0, 0, 549, 0, 0, 0, 792, 975, 0, 0, 654, 759, 360, 0, 459, 0, 702, 0, 0, 0, 0, 637, 593, 531, 1024, 436, 0, 121, 427, 610, 0, 0, 388, 542, 750, 0, 785, 619, 0, 849, 0, 669, 0, -1, 0, 0, 0, 0, 0, 656, 0, 880, 362, 643, 0, 510, 842, 
632, 1710, 0, 1010, 0, 569, 657, 0, 1003, 0, 1089, 0, 0, 1018, 0, 949, 0, 1236, 953, 667, 868, 971, 770, 0, 740, 873, 1042, 0, 0, 0, 0, 0, 731, 891, 0, 458, 804, 602, 0, 0, 759, 0, 187, 948, 946, 1048, 0, 861, 383, 0, 0, 936, 0, 0, 693, 569, 1052, 0, 623, 836, 936, 686, 0, 959, 802, 956, 0, 0, -1, 0, 0, 714, 0, 667, 1007, 0, 1107, 939, 0, 1199, 0, 
0, 782, 0, 0, 0, 0, 0, 0, 520, 2094, 876, 0, 0, 0, 0, 0, 585, 0, 0, 1055, 0, 0, 0, 0, 0, 0, 0, 538, 352, 883, 949, 0, 0, 0, 593, 0, 0, 0, 522, 0, 723, 834, 0, 909, 1087, 0, 0, 0, 1006, 569, 1161, 0, 0, 0, 0, 0, 0, 0, 784, 1017, 0, 1123, 886, 0, 625, 0, 880, 0, 0, -1, 991, 685, 0, 977, 1018, 0, 0, 0, 1175, 522, 1062, 
1019, 0, 0, 0, 1905, 0, 1075, 763, 0, 690, 0, 711, 0, 352, 591, 630, 593, 0, 723, 797, 938, 0, 1060, 0, 0, 611, 0, 896, 1032, 0, 422, 554, 1144, 0, 1065, 888, 661, 715, 0, 564, 0, 1017, 878, 0, 660, 0, 525, 396, 1007, 0, 359, 0, 749, 740, 693, 673, 0, 638, 818, 0, 873, 896, 0, 0, 785, 1053, 442, 0, 0, 991, -1, 709, 538, 0, 609, 0, 0, 0, 0, 0, 913, 
542, 2330, 638, 0, 779, 289, 0, 687, 0, 821, 1104, 1165, 968, 0, 492, 0, 0, 1025, 0, 0, 1105, 0, 950, 970, 0, 722, 0, 739, 878, 0, 0, 0, 787, 0, 0, 587, 0, 0, 557, 603, 0, 1037, 0, 0, 1085, 497, 905, 796, 585, 782, 0, 0, 0, 282, 698, 0, 0, 0, 0, 0, 963, 0, 776, 585, 691, 754, 540, 0, 714, 685, 709, -1, 0, 529, 0, 670, 951, 949, 0, 893, 0, 
646, 0, 0, 0, 1396, 0, 0, 0, 0, 626, 1147, 0, 0, 420, 0, 528, 0, 0, 1019, 0, 1014, 698, 0, 865, 862, 497, 0, 0, 792, 725, 388, 470, 836, 0, 0, 755, 0, 478, 0, 547, 857, 0, 657, 0, 0, 0, 660, 0, 0, 0, 0, 785, 0, 356, 683, 351, 988, 0, 614, 931, 0, 1044, 667, 0, 0, 0, 559, 0, 0, 0, 538, 0, -1, 572, 0, 556, 827, 753, 0, 0, 968, 
837, 1842, 557, 0, 828, 0, 1029, 0, 0, 873, 941, 0, 0, 0, 714, 524, 708, 0, 0, 0, 982, 663, 0, 844, 0, 0, 796, 0, 1175, 0, 443, 0, 1014, 0, 0, 426, 499, 0, 709, 464, 0, 0, 544, 361, 0, 0, 0, 349, 0, 791, 0, 0, 0, 602, 0, 0, 838, 0, 0, 689, 0, 789, 539, 0, 0, 997, 200, 656, 667, 977, 0, 529, 572, -1, 0, 0, 0, 0, 478, 0, 0, 
0, 425, 0, 0, 0, 2790, 0, 816, 0, 709, 730, 0, 607, 0, 0, 893, 745, 477, 199, 1079, 0, 567, 794, 0, 600, 771, 631, 0, 0, 751, 942, 0, 1068, 0, 900, 943, 520, 747, 722, 542, 0, 618, 914, 0, 0, 903, 672, 0, 0, 0, 0, 0, 213, 0, 521, 0, 543, 744, 0, 216, 0, 0, 408, 1009, 0, 1020, 0, 0, 1007, 1018, 609, 0, 0, 0, -1, 0, 293, 553, 0, 0, 0, 
794, 0, 0, 853, 1769, 0, 0, 284, 0, 538, 1374, 0, 0, 707, 963, 1002, 0, 1132, 0, 136, 936, 1039, 0, 0, 961, 0, 715, 848, 0, 417, 0, 0, 900, 0, 750, 0, 0, 637, 635, 578, 0, 1060, 0, 0, 832, 1002, 798, 0, 463, 0, 0, 0, 986, 652, 0, 0, 0, 0, 886, 0, 0, 877, 628, 489, 0, 0, 857, 880, 0, 0, 0, 670, 556, 0, 0, -1, 1061, 662, 0, 1091, 0, 
1054, 0, 0, 840, 1935, 838, 1030, 0, 0, 746, 741, 311, 0, 0, 736, 0, 534, 308, 0, 1102, 719, 0, 0, 271, 0, 750, 540, 782, 981, 0, 770, 980, 0, 726, 0, 0, 0, 0, 0, 0, 998, 0, 0, 0, 555, 0, 584, 0, 1246, 0, 0, 0, 497, 859, 0, 0, 0, 671, 0, 0, 0, 785, 524, 915, 0, 960, 0, 362, 1107, 0, 0, 951, 827, 0, 293, 1061, -1, 615, 0, 618, 0, 
1107, 0, 0, 0, 0, 0, 2030, 585, 819, 500, 0, 855, 0, 0, 959, 999, 0, 745, 537, 679, 0, 859, 997, 779, 759, 512, 412, 0, 0, 569, 0, 655, 1158, 0, 0, 0, 843, 777, 0, 0, 0, 958, 0, 750, 329, 982, 0, 0, 995, 800, 0, 626, 0, 900, 761, 666, 999, 0, 0, 551, 0, 663, 368, 655, 0, 0, 742, 643, 939, 0, 0, 949, 753, 0, 553, 662, 615, -1, 0, 936, 1226, 
0, 0, 0, 626, 0, 716, 0, 0, 1721, 0, 0, 0, 1022, 677, 740, 581, 676, 0, 865, 0, 1151, 654, 1225, 760, 0, 0, 862, 0, 0, 0, 0, 913, 1315, 800, 1299, 0, 570, 0, 0, 0, 0, 0, 0, 276, 944, 687, 0, 363, 0, 0, 706, 731, 900, 0, 0, 987, 0, 0, 752, 0, 1299, 1017, 763, 0, 1172, 1179, 372, 0, 0, 1175, 0, 0, 0, 478, 0, 0, 0, 0, -1, 0, 579, 
819, 1869, 0, 0, 0, 0, 1025, 955, 270, 682, 0, 562, 725, 0, 0, 724, 407, 388, 906, 0, 0, 451, 726, 0, 0, 664, 601, 735, 0, 0, 0, 1107, 807, 533, 0, 0, 0, 608, 0, 0, 850, 892, 0, 783, 890, 569, 566, 933, 1285, 728, 1054, 531, 865, 713, 0, 787, 632, 442, 998, 0, 865, 1102, 812, 878, 0, 0, 0, 510, 1199, 522, 0, 893, 0, 0, 0, 1091, 618, 936, 0, -1, 0, 
0, 0, 0, 0, 883, 0, 0, 1172, 0, 0, 0, 1054, 0, 0, 845, 523, 739, 0, 0, 2945, 1218, 0, 1119, 0, 601, 0, 1190, 0, 1279, 0, 783, 1237, 0, 700, 0, 580, 501, 0, 0, 854, 1396, 0, 878, 564, 1225, 721, 0, 695, 1150, 0, 0, 0, 1085, 850, 765, 1071, 727, 0, 508, 0, 0, 0, 963, 0, 0, 0, 509, 842, 0, 1062, 913, 0, 968, 0, 0, 0, 0, 1226, 579, 0, -1]