39
[-1, 655, 0, 334913, 0, 843, 0, 842, 853, 0, 1005, 585, 965, 753, 0, 627, 0, 242, 0, 672, 140, 802, 670, 633, 1161, 0, 1055, 0, 950, 411, 0, 564, 711, 0, 835, 318, 0, 582, 1012, 
655, -1, 0, 334232, 0, 2492, 397, 0, 0, 974, 0, 0, 2480, 0, 0, 1481, 469, 0, 1061, 1526, 1545, 0, 0, 0, 2572, 1178, 1782, 964, 0, 1244, 888, 0, 0, 0, 2189, 985, 0, 0, 1817, 
0, 0, -1, 1088, 0, 0, 329739, 0, 1027, 0, 943, 788, 721, 0, 0, 921, 0, 0, 0, 383, 0, 1051, 631, 1253, 772, 440, 730, 0, 774, 0, 569, 0, 611, 0, 907, 0, 987, 0, 0, 
334913, 334232, 1088, -1, 0, 821, 335092, 0, 334511, 333424, 0, 0, 1254, 0, 412, 624, 0, 0, 336024, 0, 982, 0, 0, 0, 0, 335594, 762, 0, 0, 0, 0, 0, 334882, 0, 0, 0, 3063, 334969, 713, 
0, 0, 0, 0, -1, 917, 0, 0, 0, 580, 3882, 844, 1031, 0, 977, 1048, 0, 734, 0, 1080, 470, 940, 0, 0, 0, 1202, 1323, 971, 1305, 0, 813, 0, 0, 0, 0, 591, 876, 0, 1317, 
843, 2492, 0, 821, 917, -1, 0, 2451, 0, 0, 2416, 0, 0, 2566, 2217, 950, 3310, 1253, 0, 1190, 864, 0, 0, 0, 927, 0, 0, 4089, 2174, 815, 3056, 1847, 0, 0, 0, 957, 546, 488, 952, 
0, 397, 329739, 335092, 0, 0, -1, 0, 0, 1121, 598, 0, 1444, 0, 556, 0, 672, 0, 0, 0, 938, 0, 0, 0, 982, 0, 0, 0, 0, 0, 0, 0, 0, 710, 0, 0, 937, 0, 258, 
842, 0, 0, 0, 0, 2451, 0, -1, 0, 0, 0, 2036, 0, 0, 951, 777, 0, 862, 0, 0, 869, 0, 0, 1827, 935, 848, 0, 0, 950, 982, 247, 743, 845, 932, 0, 0, 859, 0, 1093, 
853, 0, 1027, 334511, 0, 0, 0, 0, -1, 0, 0, 1125, 1314, 0, 423, 0, 0, 782, 881, 0, 0, 1725, 2324, 832, 0, 0, 715, 1144, 584, 0, 1063, 1063, 0, 379, 0, 936, 0, 944, 0, 
0, 974, 0, 333424, 580, 0, 1121, 0, 0, -1, 1105, 0, 0, 0, 824, 903, 744, 0, 643, 642, 0, 0, 0, 0, 0, 711, 0, 675, 909, 0, 502, 233, 0, 2526, 850, 793, 0, 0, 0, 
1005, 0, 943, 0, 3882, 2416, 598, 0, 0, 1105, -1, 1141, 0, 941, 544, 0, 0, 898, 788, 0, 0, 1086, 1057, 1003, 0, 0, 573, 1195, 381, 0, 1116, 0, 482, 474, 0, 0, 1096, 1035, 0, 
585, 0, 788, 0, 844, 0, 0, 2036, 1125, 0, 1141, -1, 0, 0, 932, 0, 855, 478, 0, 0, 0, 599, 0, 954, 0, 585, 0, 1120, 0, 0, 0, 0, 0, 0, 789, 0, 1162, 0, 0, 
965, 2480, 721, 1254, 1031, 0, 1444, 0, 1314, 0, 0, 0, -1, 0, 0, 1311, 0, 950, 502, 0, 0, 621, 1035, 0, 825, 0, 0, 1144, 886, 0, 0, 0, 850, 1071, 793, 0, 0, 0, 0, 
753, 0, 0, 0, 0, 2566, 0, 0, 0, 0, 941, 0, 0, -1, 475, 678, 385, 890, 1064, 0, 708, 1043, 894, 445, 0, 1405, 956, 1145, 0, 0, 0, 1104, 997, 816, 896, 0, 0, 565, 0, 
0, 0, 0, 412, 977, 2217, 556, 951, 423, 824, 544, 932, 0, 475, -1, 0, 269, 666, 661, 0, 698, 760, 0, 475, 783, 1052, 678, 0, 0, 533, 941, 847, 561, 0, 454, 0, 0, 588, 665, 
627, 1481, 921, 624, 1048, 950, 0, 777, 0, 903, 0, 0, 1311, 678, 0, -1, 549, 602, 0, 646, 625, 1167, 0, 835, 1066, 989, 824, 0, 0, 402, 803, 0, 0, 0, 885, 0, 1035, 0, 505, 
0, 469, 0, 0, 0, 3310, 672, 0, 0, 744, 0, 855, 0, 385, 269, 549, -1, 548, 0, 0, 0, 744, 0, 300, 994, 0, 879, 0, 0, 0, 0, 806, 0, 0, 0, 0, 0, 496, 720, 
242, 0, 0, 0, 734, 1253, 0, 862, 782, 0, 898, 478, 950, 890, 666, 602, 548, -1, 682, 0, 359, 794, 0, 0, 1107, 0, 1030, 890, 0, 476, 0, 533, 0, 456, 764, 457, 1049, 0, 1047, 
0, 1061, 0, 336024, 0, 0, 0, 0, 881, 643, 788, 0, 502, 1064, 661, 0, 0, 682, -1, 729, 899, 0, 0, 0, 621, 671, 783, 1138, 473, 0, 0, 493, 418, 632, 337, 0, 892, 0, 0, 
672, 1526, 383, 0, 1080, 1190, 0, 0, 0, 642, 0, 0, 0, 0, 0, 646, 0, 0, 729, -1, 0, 1067, 649, 0, 916, 386, 806, 661, 753, 0, 639, 0, 0, 0, 0, 0, 1110, 0, 1114, 
140, 1545, 0, 982, 470, 864, 938, 869, 0, 0, 0, 0, 0, 708, 698, 625, 0, 359, 899, 0, -1, 908, 0, 0, 1252, 0, 0, 842, 1046, 0, 0, 681, 0, 680, 0, 0, 0, 0, 976, 
802, 0, 1051, 0, 940, 0, 0, 0, 1725, 0, 1086, 599, 621, 1043, 760, 1167, 744, 794, 0, 1067, 908, -1, 1195, 701, 959, 0, 1109, 1385, 0, 0, 0, 0, 778, 846, 0, 1010, 0, 773, 0, 
670, 0, 631, 0, 0, 0, 0, 0, 2324, 0, 1057, 0, 1035, 894, 0, 0, 0, 0, 0, 649, 0, 1195, -1, 0, 0, 0, 0, 0, 0, 0, 0, 0, 0, 903, 1082, 0, 0, 612, 0, 
633, 0, 1253, 0, 0, 0, 0, 1827, 832, 0, 1003, 954, 0, 445, 475, 835, 300, 0, 0, 0, 0, 701, 0, -1, 1161, 0, 1101, 1298, 945, 554, 0, 962, 913, 0, 718, 0, 823, 583, 0, 
1161, 2572, 772, 0, 0, 927, 982, 935, 0, 0, 0, 0, 825, 0, 783, 1066, 994, 1107, 621, 916, 1252, 959, 0, 1161, -1, 991, 368, 0, 0, 0, 1040, 0, 0, 887, 601, 0, 827, 933, 1218, 
0, 1178, 440, 335594, 1202, 0, 0, 848, 0, 711, 0, 585, 0, 1405, 1052, 989, 0, 0, 671, 386, 0, 0, 0, 0, 991, -1, 0, 930, 0, 0, 0, 530, 0, 0, 915, 0, 0, 0, 1454, 
1055, 1782, 730, 762, 1323, 0, 0, 0, 715, 0, 573, 0, 0, 956, 678, 824, 879, 1030, 783, 806, 0, 1109, 0, 1101, 368, 0, -1, 0, 0, 0, 0, 928, 0, 804, 727, 1284, 0, 0, 938, 
0, 964, 0, 0, 971, 4089, 0, 0, 1144, 675, 1195, 1120, 1144, 1145, 0, 0, 0, 890, 1138, 661, 842, 1385, 0, 1298, 0, 930, 0, -1, 0, 1009, 0, 0, 1004, 0, 1270, 1034, 974, 863, 1190, 
950, 0, 774, 0, 1305, 2174, 0, 950, 584, 909, 381, 0, 886, 0, 0, 0, 0, 0, 473, 753, 1046, 0, 0, 945, 0, 0, 0, 0, -1, 961, 0, 825, 0, 547, 341, 1178, 908, 882, 0, 
411, 1244, 0, 0, 0, 815, 0, 982, 0, 0, 0, 0, 0, 0, 533, 402, 0, 476, 0, 0, 0, 0, 0, 554, 0, 0, 0, 1009, 961, -1, 0, 0, 781, 519, 0, 0, 0, 0, 676, 
0, 888, 569, 0, 813, 3056, 0, 247, 1063, 502, 1116, 0, 0, 0, 941, 803, 0, 0, 0, 639, 0, 0, 0, 0, 1040, 0, 0, 0, 0, 0, -1, 0, 904, 0, 1114, 931, 0, 0, 0, 
564, 0, 0, 0, 0, 1847, 0, 743, 1063, 233, 0, 0, 0, 1104, 847, 0, 806, 533, 493, 0, 681, 0, 0, 962, 0, 530, 928, 0, 825, 0, 0, -1, 624, 775, 762, 0, 0, 675, 1352, 
711, 0, 611, 334882, 0, 0, 0, 845, 0, 0, 482, 0, 850, 997, 561, 0, 0, 0, 418, 0, 0, 778, 0, 913, 0, 0, 0, 1004, 0, 781, 904, 624, -1, 320, 0, 0, 1015, 867, 1023, 
0, 0, 0, 0, 0, 0, 710, 932, 379, 2526, 474, 0, 1071, 816, 0, 0, 0, 456, 632, 0, 680, 846, 903, 0, 887, 0, 804, 0, 547, 519, 0, 775, 320, -1, 538, 0, 1059, 0, 0, 
835, 2189, 907, 0, 0, 0, 0, 0, 0, 850, 0, 789, 793, 896, 454, 885, 0, 764, 337, 0, 0, 0, 1082, 718, 601, 915, 727, 1270, 341, 0, 1114, 762, 0, 538, -1, 1046, 0, 787, 1084, 
318, 985, 0, 0, 591, 957, 0, 0, 936, 793, 0, 0, 0, 0, 0, 0, 0, 457, 0, 0, 0, 1010, 0, 0, 0, 0, 1284, 1034, 1178, 0, 931, 0, 0, 0, 1046, -1, 0, 774, 988, 
0, 0, 987, 3063, 876, 546, 937, 859, 0, 0, 1096, 1162, 0, 0, 0, 1035, 0, 1049, 892, 1110, 0, 0, 0, 823, 827, 0, 0, 974, 908, 0, 0, 0, 1015, 1059, 0, 0, -1, 354, 1103, 
582, 0, 0, 334969, 0, 488, 0, 0, 944, 0, 1035, 0, 0, 565, 588, 0, 496, 0, 0, 0, 0, 773, 612, 583, 933, 0, 0, 863, 882, 0, 0, 675, 867, 0, 787, 774, 354, -1, 0, 
1012, 1817, 0, 713, 1317, 952, 258, 1093, 0, 0, 0, 0, 0, 0, 665, 505, 720, 1047, 0, 1114, 976, 0, 0, 0, 1218, 1454, 938, 1190, 0, 676, 0, 1352, 1023, 0, 1084, 988, 1103, 0, -1]