154
[-1, 37321, 23662, 18975, 21401, 44353, 31737, 33216, 40487, 45851, 30765, 29771, 33503, 13332, 6342, 15848, 29564, 14899, 34034, 34455, 41642, 7881, 30200, 37658, 34367, 32698, 30231, 24966, 21365, 37851, 42019, 37432, 33416, 36603, 32469, 44757, 22308, 17728, 42528, 14379, 34269, 16325, 39599, 17228, 24002, 30851, 20463, 32077, 20550, 25191, 3193, 45778, 11775, 21860, 43058, 40794, 34503, 37179, 20266, 11615, 43668, 41015, 41718, 27966, 45124, 45718, 16721, 19565, 43011, 45913, 24376, 33028, 34573, 32145, 21037, 44289, 23669, 41153, 27728, 28012, 19756, 13939, 32791, 42795, 31989, 23081, 45353, 21296, 13420, 23833, 26169, 44988, 23039, 44117, 45434, 35995, 35382, 37037, 39993, 24958, 41214, 22641, 44945, 44449, 42197, 31615, 45872, 14949, 23615, 17023, 34126, 28711, 13112, 26252, 36303, 45978, 23216, 34483, 19413, 39024, 33218, 23363, 32345, 41705, 34058, 33679, 38371, 34297, 41092, 35675, 17080, 36871, 34232, 42953, 41211, 29345, 35126, 46022, 38472, 17554, 15344, 27738, 41334, 32979, 40704, 36920, 45572, 38044, 8617, 17204, 40136, 42484, 42331, 42717, 
37321, -1, 21938, 38372, 18966, 17780, 32803, 32752, 12066, 41970, 42438, 45385, 36399, 28907, 25694, 29117, 38201, 16977, 20148, 31625, 19248, 38421, 18609, 28341, 32582, 31230, 35857, 45357, 45270, 28728, 21453, 11274, 26638, 42320, 21135, 27419, 3850, 35256, 40642, 44044, 17885, 27581, 43932, 23871, 36880, 44350, 33199, 12349, 46192, 43636, 45635, 41260, 9867, 29796, 23005, 43301, 35774, 34923, 32689, 45646, 39204, 25426, 31525, 37273, 29448, 31053, 42131, 42919, 21442, 44425, 27300, 39236, 40639, 33134, 44321, 45504, 32380, 42187, 38989, 28458, 38370, 33964, 45224, 9842, 7550, 14954, 29459, 22280, 40866, 5347, 37196, 42911, 24366, 35854, 20611, 18432, 21169, 44663, 39306, 34540, 42008, 19662, 38862, 42127, 11175, 21328, 44561, 35124, 21429, 14982, 20484, 40209, 29345, 5378, 39833, 21218, 27730, 38071, 35585, 27009, 39000, 18775, 17384, 19321, 19541, 42792, 42623, 37692, 22696, 42373, 45782, 26209, 16787, 4581, 22801, 38470, 39891, 8615, 41846, 42545, 17461, 8443, 8482, 35870, 7592, 45695, 41191, 37765, 38172, 21219, 40539, 30869, 36619, 28592, 
23662, 21938, -1, 31361, 20848, 33130, 44392, 15252, 22191, 43476, 20834, 17885, 28179, 39420, 42255, 41927, 19669, 38135, 8795, 22050, 45081, 39215, 39733, 46095, 22296, 21716, 37359, 36462, 30473, 32914, 25947, 39965, 24247, 17314, 35566, 30124, 18095, 42234, 14896, 37776, 34508, 43869, 29250, 44516, 33858, 1042, 45702, 40373, 31582, 29567, 42877, 23107, 35231, 14805, 14896, 33825, 46202, 23965, 24091, 36197, 18580, 37321, 17214, 5296, 20682, 19408, 45013, 35545, 41140, 29919, 25129, 44128, 40018, 10463, 38751, 12810, 32376, 44581, 37920, 27285, 20270, 7618, 40715, 21705, 26875, 27971, 35052, 25202, 43754, 25185, 23015, 36716, 36013, 36549, 18491, 18557, 22369, 26760, 45477, 8376, 31900, 45853, 44598, 45633, 42680, 32974, 20508, 34987, 28926, 42842, 23616, 44781, 37103, 37221, 18023, 43917, 43091, 30108, 20892, 5141, 21998, 29747, 36737, 30410, 24447, 31512, 41645, 25763, 41916, 16164, 40972, 21626, 30667, 45364, 34659, 17759, 29299, 37027, 37298, 16120, 38144, 30969, 33251, 41407, 39202, 25347, 41467, 33312, 9935, 35349, 25835, 11935, 40193, 44724, 
18975, 38372, 31361, -1, 27264, 7829, 34444, 38795, 23823, 40318, 34294, 43229, 21790, 10298, 41146, 10618, 41990, 35708, 6790, 21185, 18649, 23408, 41605, 31889, 17869, 18254, 20943, 26950, 20540, 32695, 30709, 32255, 45360, 33177, 36786, 41575, 27232, 24139, 12861, 30250, 40028, 44730, 36283, 15637, 14381, 40925, 33512, 37096, 36045, 42163, 24151, 21604, 10029, 31932, 31962, 37771, 39525, 21882, 46004, 44225, 39176, 5077, 38561, 22747, 29984, 38319, 45035, 7991, 35744, 38972, 39645, 26732, 46082, 14987, 26429, 21428, 40210, 35090, 39154, 27494, 38199, 17639, 16837, 36019, 35966, 44626, 43123, 40326, 20120, 28860, 7001, 13976, 40659, 22710, 33578, 36818, 36172, 43888, 41235, 36527, 29153, 42749, 20833, 32452, 39208, 4007, 21579, 38275, 28699, 45205, 23029, 36106, 23241, 29942, 41786, 11888, 23947, 39353, 45130, 30302, 30265, 25281, 38684, 33725, 41835, 36056, 7166, 42224, 29228, 38623, 34753, 42559, 24741, 32467, 27019, 44598, 41463, 37934, 29078, 33907, 18913, 29757, 13130, 43247, 44443, 44134, 31967, 25733, 26021, 43029, 44677, 4139, 27717, 36499, 
21401, 18966, 20848, 27264, -1, 38357, 37047, 17004, 35137, 34584, 45089, 44226, 39603, 43288, 9415, 45689, 13220, 25509, 29157, 37085, 19030, 43377, 12484, 39313, 43737, 35159, 28519, 45401, 41683, 38155, 31759, 40870, 19623, 35678, 18192, 5028, 21704, 43291, 13422, 26156, 11917, 28668, 46039, 15881, 30030, 37008, 33395, 42155, 7612, 16632, 34126, 38376, 26568, 41124, 44056, 37157, 41196, 29953, 32693, 17513, 32294, 12458, 32650, 46339, 39102, 33652, 14576, 44563, 25195, 9102, 40967, 30057, 35745, 27368, 36910, 25676, 29639, 12204, 35350, 44250, 36869, 19528, 21030, 20224, 29602, 42365, 5332, 35994, 28453, 44603, 44399, 6705, 35963, 21045, 42326, 40653, 5985, 31733, 39648, 44495, 32218, 41502, 14949, 42476, 26122, 18753, 20571, 24989, 45597, 29224, 23293, 17226, 35669, 44617, 10010, 14701, 30165, 44734, 35275, 28367, 35312, 35289, 34078, 40177, 22724, 22172, 10373, 20692, 43985, 41070, 31465, 29869, 37377, 16157, 14944, 6776, 41220, 32996, 44737, 35292, 36987, 9904, 22675, 27222, 41774, 24446, 20517, 35400, 39144, 41627, 38362, 26595, 34194, 16905, 
44353, 17780, 33130, 7829, 38357, -1, 45965, 41749, 41588, 44914, 19063, 24320, 26780, 27904, 34533, 39722, 10402, 30071, 36997, 13050, 18654, 20269, 36462, 33054, 27191, 28002, 46028, 18944, 39579, 45852, 7818, 11285, 29216, 31437, 40050, 33347, 38132, 28103, 29335, 34519, 15081, 44511, 20263, 44253, 5593, 24259, 4554, 16811, 17269, 43882, 6826, 43887, 23817, 33272, 19908, 14379, 10640, 46196, 36081, 19411, 37558, 26457, 19748, 8997, 46078, 34973, 38780, 38231, 36817, 12677, 40414, 28226, 43653, 42998, 5204, 45960, 23375, 43328, 40306, 25600, 41806, 45137, 18300, 22270, 28946, 30957, 1889, 20021, 43230, 34380, 33855, 42715, 26953, 45843, 45553, 33468, 43642, 44042, 41958, 27799, 41701, 45628, 33257, 21921, 14093, 16209, 45852, 31984, 34481, 19999, 31609, 39137, 27699, 25659, 8296, 22004, 35585, 32374, 40385, 43602, 44814, 44331, 36698, 33200, 39230, 44029, 21150, 12373, 30835, 31520, 41644, 42076, 29704, 26005, 35819, 34106, 19998, 39421, 39852, 18652, 26133, 32791, 42968, 20773, 31310, 46114, 34721, 23846, 38079, 32049, 35634, 45369, 28946, 13005, 
31737, 32803, 44392, 34444, 37047, 45965, -1, 28782, 9294, 11865, 12497, 18275, 34826, 21707, 23223, 9048, 23073, 33592, 38303, 8844, 20767, 40627, 32402, 43664, 40721, 39175, 41055, 24994, 40498, 13441, 45265, 14229, 21610, 36178, 39950, 43645, 19111, 37809, 27580, 28139, 42361, 42440, 36167, 45430, 11269, 35026, 43775, 23452, 39977, 31316, 25240, 28451, 45449, 867, 23497, 37985, 31405, 39395, 17426, 29141, 45238, 10962, 23298, 25061, 44908, 33708, 39351, 28194, 37022, 17065, 23054, 28985, 31890, 27606, 38965, 26859, 36908, 8787, 35755, 42497, 10549, 42752, 37349, 35544, 37745, 33829, 24009, 19198, 43869, 24952, 38005, 38832, 8770, 44667, 33044, 41308, 34225, 26876, 7707, 34677, 45574, 31963, 34815, 43882, 14072, 41784, 22454, 39181, 42178, 42859, 28596, 10286, 29875, 38839, 32950, 40655, 45813, 45124, 45249, 18136, 12988, 28897, 12759, 38794, 44612, 23720, 27889, 39624, 44913, 29653, 30385, 43659, 39467, 18212, 4032, 26000, 27793, 26397, 29133, 37662, 37580, 33510, 36190, 28375, 18624, 25873, 22907, 28796, 42892, 43095, 21354, 25625, 9184, 39109, 
33216, 32752, 15252, 38795, 17004, 41749, 28782, -1, 41157, 38822, 33557, 38492, 45242, 17741, 34939, 37479, 25990, 31873, 29342, 25422, 29737, 16014, 42736, 40520, 33868, 27000, 13525, 35454, 40444, 35986, 20340, 25057, 26274, 35892, 44464, 19044, 43222, 11482, 8456, 33070, 36173, 32745, 4379, 29322, 40844, 23319, 32215, 17407, 35524, 46176, 29756, 27873, 34760, 38219, 44205, 40891, 30966, 26694, 36085, 35380, 42988, 30227, 13813, 41963, 24316, 32429, 43709, 41134, 16481, 40526, 38316, 11503, 36836, 41073, 32323, 21273, 38031, 24418, 14838, 28049, 21600, 42656, 32267, 33282, 45425, 25002, 31315, 44216, 25386, 14666, 33583, 39079, 45920, 33483, 41231, 44478, 23003, 39625, 43775, 38619, 6867, 35101, 26646, 28050, 38282, 32454, 13109, 22501, 18028, 45075, 33024, 43346, 22024, 32909, 18254, 26268, 18342, 41554, 17914, 4084, 27002, 20155, 20197, 23515, 21080, 37357, 38539, 36128, 13440, 46000, 36802, 32525, 15166, 39780, 21193, 13544, 39182, 26351, 29165, 28655, 28356, 34306, 13579, 43529, 40288, 27856, 25028, 21798, 34723, 12550, 21938, 15461, 43798, 42621, 
40487, 12066, 22191, 23823, 35137, 41588, 9294, 41157, -1, 27361, 32948, 43687, 20126, 22330, 39427, 29803, 43664, 33492, 33494, 9529, 26826, 31052, 44955, 28952, 45967, 30954, 39854, 42160, 10396, 19315, 38603, 34086, 44380, 30300, 37632, 41833, 21573, 6759, 32611, 44288, 42559, 9217, 30672, 28199, 37097, 39807, 25034, 4243, 40980, 22898, 32422, 41386, 41475, 24953, 10831, 42341, 34020, 28237, 8767, 7656, 21682, 14523, 40387, 20665, 20615, 30459, 33876, 39568, 25976, 28073, 31481, 29352, 42979, 25879, 38585, 41246, 36926, 46062, 36720, 19320, 12472, 26110, 35037, 41052, 34350, 34890, 45765, 15563, 31635, 38174, 37220, 31358, 38338, 13237, 45197, 31567, 21026, 41615, 42502, 39559, 38345, 21057, 26548, 28140, 43132, 32489, 29445, 38153, 40178, 40014, 13914, 20282, 5402, 39043, 37851, 23283, 27038, 45197, 39672, 38226, 23664, 40721, 27207, 45124, 22474, 26611, 15423, 30674, 15946, 41491, 27473, 35727, 41141, 3815, 34526, 19485, 34480, 30661, 41673, 40418, 44346, 45577, 41837, 45426, 24376, 35873, 11576, 23397, 7293, 25630, 46006, 26957, 30797, 33275, 
45851, 41970, 43476, 40318, 34584, 44914, 11865, 38822, 27361, -1, 28757, 28789, 44035, 16558, 44797, 18891, 40009, 29780, 28194, 27426, 38417, 6002, 36427, 33966, 22185, 8162, 14100, 43083, 8063, 42441, 41107, 34491, 20027, 28211, 32400, 25156, 44657, 26652, 32781, 38402, 44660, 33667, 29066, 25561, 40247, 38513, 12539, 45805, 36291, 17499, 25287, 28327, 28974, 22158, 16488, 24593, 40978, 22871, 46009, 46098, 21420, 31974, 42203, 27352, 44559, 43306, 44494, 28860, 39469, 28400, 36574, 23680, 44334, 46215, 38893, 26275, 42630, 30379, 44923, 36764, 29221, 39745, 26791, 22096, 14707, 9502, 31336, 29467, 42894, 14184, 42021, 44666, 38935, 38260, 42555, 15782, 34980, 15663, 37805, 37028, 21042, 21756, 40798, 39246, 10685, 41303, 43917, 36618, 25555, 40984, 37278, 46274, 40697, 40315, 19149, 24972, 34376, 15082, 28335, 15791, 44987, 43160, 35545, 26623, 25354, 10127, 14514, 38023, 42808, 35100, 10302, 42819, 39788, 44868, 21002, 21598, 41807, 29484, 45540, 44154, 26842, 43693, 36329, 40996, 14234, 16190, 20685, 32632, 34720, 42096, 16967, 40896, 19999, 38664, 
30765, 42438, 20834, 34294, 45089, 19063, 12497, 33557, 32948, 28757, -1, 37197, 46281, 28148, 15479, 44482, 32767, 6263, 40370, 16185, 43612, 40524, 8251, 17264, 23941, 34331, 44794, 28218, 28469, 38222, 32621, 21229, 31135, 919, 44414, 33935, 38430, 39757, 26544, 5775, 19758, 30808, 38703, 42660, 31294, 13050, 34816, 38794, 11356, 42472, 37788, 34149, 29538, 38306, 40910, 22039, 5065, 37650, 39323, 8918, 8450, 24594, 30671, 42628, 45528, 27811, 25774, 17207, 34687, 3292, 45820, 44924, 22385, 23456, 43658, 28423, 31813, 17366, 23497, 19030, 21533, 39834, 22775, 28370, 41988, 27355, 22107, 31282, 45626, 39073, 26892, 30420, 4427, 30597, 25429, 28978, 42323, 39234, 32271, 33950, 14594, 25612, 36230, 22892, 31384, 26100, 45769, 34864, 39298, 41138, 29320, 11463, 42701, 34887, 25254, 42430, 42226, 46333, 30851, 21282, 14790, 23750, 38982, 41763, 5110, 36049, 39129, 44100, 34049, 20108, 40693, 35912, 22591, 24335, 18410, 31486, 45286, 18877, 31895, 33851, 44644, 42584, 39653, 34462, 7773, 38496, 38580, 22740, 40020, 40072, 19948, 36079, 15565, 42194, 
29771, 45385, 17885, 43229, 44226, 24320, 18275, 38492, 43687, 28789, 37197, -1, 33514, 27690, 32400, 45356, 42107, 34940, 22198, 42960, 29650, 40451, 15900, 32196, 39811, 18750, 31306, 44284, 34460, 34084, 35027, 22089, 20930, 46283, 42840, 36665, 32878, 41215, 43176, 18680, 11924, 17586, 24410, 34687, 45611, 31799, 20287, 23455, 16194, 7528, 45398, 37407, 11636, 15822, 26018, 24849, 32425, 20956, 38976, 29027, 30414, 21893, 20096, 43253, 25105, 29674, 27949, 36015, 38660, 35513, 14954, 25911, 20338, 31697, 37887, 39845, 28200, 38353, 45836, 14928, 13588, 23715, 44481, 36329, 46040, 15584, 40702, 12237, 17873, 24262, 18209, 13380, 23387, 39632, 25224, 34024, 24402, 36648, 39052, 32654, 44505, 33336, 17989, 29427, 35655, 39004, 33197, 43550, 40474, 18546, 40483, 43804, 45278, 44751, 37223, 23831, 24420, 37683, 35201, 45755, 23335, 26238, 18548, 22752, 46082, 43123, 28135, 24379, 20214, 31276, 31741, 36208, 38555, 39999, 18449, 29491, 41444, 6644, 29713, 11188, 5575, 15416, 13319, 10651, 24594, 38425, 35314, 24029, 42173, 36162, 44520, 26542, 42019, 37591, 
33503, 36399, 28179, 21790, 39603, 26780, 34826, 45242, 20126, 44035, 46281, 33514, -1, 39039, 30258, 24225, 26949, 27027, 34155, 13476, 18426, 17066, 10574, 39723, 40666, 42599, 35382, 30731, 44556, 24746, 36751, 33031, 28678, 20207, 39440, 40915, 28145, 41502, 33396, 24508, 36105, 4218, 40916, 26003, 15362, 36957, 38077, 19135, 32811, 30048, 43317, 32396, 37594, 13245, 44871, 42242, 45695, 34088, 22898, 12667, 35245, 32918, 26532, 46186, 36352, 14797, 22379, 9797, 37425, 44891, 32825, 21036, 32804, 44463, 43499, 24140, 39936, 29311, 38845, 42220, 34705, 43203, 9759, 46312, 29478, 35475, 11574, 38774, 42343, 38711, 40700, 8452, 30000, 45980, 31113, 28585, 21726, 40435, 35344, 38056, 32938, 22889, 29796, 32615, 40490, 44235, 33591, 33033, 26666, 43580, 41992, 18355, 33188, 24695, 7031, 41850, 26033, 34468, 38757, 39043, 34722, 34468, 35879, 34228, 34168, 43133, 39253, 39370, 44606, 5477, 13510, 33592, 45802, 3559, 39241, 12155, 45703, 27972, 34629, 24219, 37388, 32533, 45200, 43896, 21362, 30825, 45651, 45799, 30397, 24021, 13446, 21042, 42985, 26923, 
13332, 28907, 39420, 10298, 43288, 27904, 21707, 17741, 22330, 16558, 28148, 27690, 39039, -1, 43416, 15984, 22777, 19629, 20331, 38038, 35749, 29776, 23141, 34616, 35253, 18917, 14135, 44041, 31776, 35814, 39025, 26349, 26073, 45857, 12770, 30116, 5585, 30984, 10912, 40461, 39449, 28860, 30007, 37135, 18897, 44614, 14780, 40588, 29070, 27099, 13238, 43292, 36264, 24374, 29886, 44656, 31735, 44345, 45182, 18847, 38215, 36875, 35164, 18823, 41090, 9520, 25066, 37026, 20017, 11540, 38044, 40588, 44479, 16253, 41903, 41293, 38492, 15036, 21961, 10237, 36999, 29442, 32961, 32167, 17178, 43650, 32898, 36881, 36200, 5816, 44853, 23916, 29722, 21473, 11639, 36280, 45720, 19717, 46128, 32291, 15563, 34881, 41229, 27009, 30938, 38714, 34399, 23645, 41284, 44748, 36599, 36960, 28038, 30426, 41229, 13911, 14673, 5206, 44172, 39030, 14671, 8278, 18059, 29623, 22167, 35817, 41714, 32202, 15541, 21569, 39813, 23462, 32834, 38252, 34583, 27785, 36047, 24330, 11890, 11078, 33750, 40237, 35437, 39295, 24981, 33783, 40549, 36266, 45968, 37620, 33763, 11875, 44226, 19975, 
6342, 25694, 42255, 41146, 9415, 34533, 23223, 34939, 39427, 44797, 15479, 32400, 30258, 43416, -1, 33440, 38536, 42413, 25239, 7517, 4851, 42473, 32668, 18290, 38513, 42333, 34407, 37364, 45103, 25058, 13120, 38807, 40192, 19555, 27732, 32947, 19428, 19758, 22128, 38953, 45260, 30831, 23883, 42934, 44088, 30961, 27961, 40695, 40807, 20946, 7941, 36378, 35582, 24463, 27262, 4767, 22951, 35807, 44596, 23633, 25302, 7723, 25321, 16899, 44021, 25227, 19181, 36363, 43596, 39864, 46268, 33946, 43427, 42912, 29413, 14427, 27429, 34432, 24780, 24396, 45692, 45483, 45800, 43966, 36326, 40259, 30634, 32042, 28498, 33957, 36475, 23144, 42040, 34887, 45322, 40151, 27692, 35041, 23846, 34095, 24262, 15423, 16693, 34012, 28329, 13706, 7162, 30091, 31594, 39154, 41844, 35144, 44782, 1280, 31086, 28960, 35066, 12210, 31951, 37933, 25425, 27024, 27501, 21319, 33799, 38484, 41786, 42351, 43619, 23538, 40430, 32863, 43936, 11416, 41764, 24283, 16683, 42948, 42072, 38535, 42682, 33365, 27178, 41612, 35526, 28388, 28065, 20196, 34483, 27612, 10948, 36145, 10417, 26312, 
15848, 29117, 41927, 10618, 45689, 39722, 9048, 37479, 29803, 18891, 44482, 45356, 24225, 15984, 33440, -1, 18292, 39795, 41659, 32460, 43512, 12389, 46240, 34583, 18828, 24888, 41470, 24521, 28718, 30879, 40264, 38181, 43869, 42121, 11982, 29209, 12651, 24636, 34624, 32622, 35382, 35586, 34782, 23118, 37780, 37308, 36475, 31274, 40865, 33472, 29230, 18737, 33219, 26933, 42025, 37782, 23891, 35324, 32748, 26050, 38983, 21015, 15449, 11553, 36798, 42925, 41973, 44692, 41023, 43954, 17266, 45388, 41076, 26061, 37070, 42161, 25863, 29704, 20803, 41699, 19603, 45581, 40324, 28760, 38668, 28031, 31260, 1470, 31546, 19266, 26558, 23349, 38062, 38321, 40095, 44119, 41018, 24424, 32356, 29440, 40962, 45296, 14590, 9416, 29599, 35389, 32038, 15793, 32755, 18469, 17923, 37226, 35705, 43826, 24425, 45221, 6088, 44018, 33574, 40745, 34665, 33224, 12287, 28130, 35032, 34144, 42079, 32876, 33355, 35168, 32428, 45618, 18298, 20781, 33565, 41758, 29995, 34760, 37506, 36517, 19408, 32168, 40733, 30108, 25159, 40149, 34554, 36586, 37500, 39057, 45398, 45378, 41595, 29398, 
29564, 38201, 19669, 41990, 13220, 10402, 23073, 25990, 43664, 40009, 32767, 42107, 26949, 22777, 38536, 18292, -1, 37721, 29064, 41623, 24507, 14617, 42821, 40017, 2940, 45405, 3584, 23587, 16107, 35702, 41902, 16231, 40729, 16945, 35209, 41662, 22552, 45968, 31321, 33692, 41398, 12601, 13340, 22071, 26130, 11713, 33101, 44204, 20369, 45783, 42670, 45852, 30357, 43606, 26053, 19274, 43511, 40626, 40865, 25285, 36667, 43328, 35733, 22211, 30421, 12047, 14726, 38318, 33802, 34670, 38155, 14630, 40463, 30212, 28878, 40142, 44964, 31460, 24904, 34862, 38035, 14779, 33684, 29324, 30046, 35757, 35096, 32471, 35275, 33037, 38462, 34047, 15509, 39213, 30054, 20867, 37905, 39269, 16917, 34747, 35332, 41102, 28564, 25548, 35828, 42543, 8450, 45892, 19333, 36364, 44657, 34382, 39638, 45084, 44665, 34020, 45916, 38810, 23693, 33383, 40991, 31322, 40967, 38190, 37014, 45544, 37118, 27972, 40778, 40749, 38177, 39648, 21604, 11606, 21311, 21054, 32036, 14398, 19629, 6067, 4636, 30189, 43414, 45970, 46050, 38371, 32328, 29077, 17866, 27903, 27260, 22289, 35983, 41484, 
14899, 16977, 38135, 35708, 25509, 30071, 33592, 31873, 33492, 29780, 6263, 34940, 27027, 19629, 42413, 39795, 37721, -1, 45010, 35376, 39814, 30561, 43300, 42181, 8851, 34711, 44782, 20753, 38583, 29761, 18719, 46007, 24835, 21003, 44854, 18071, 35835, 40523, 38670, 44767, 37641, 33396, 40484, 45961, 26627, 31605, 37007, 36650, 39776, 11927, 24815, 41660, 33890, 20551, 28495, 46196, 43295, 23668, 11576, 25547, 30528, 38784, 32453, 31776, 44047, 8509, 21236, 31446, 29528, 44548, 23080, 44274, 23664, 27456, 30309, 39623, 16667, 41155, 45067, 31283, 26548, 45025, 23962, 41553, 22371, 40180, 38600, 22646, 27145, 40047, 39185, 15160, 17738, 45879, 40384, 42105, 11794, 42992, 34439, 32282, 40959, 41687, 28044, 32483, 31505, 41609, 38762, 26119, 38948, 25283, 42549, 41795, 24957, 35742, 10126, 19481, 37254, 31570, 19718, 32389, 24177, 45831, 38115, 42291, 7535, 28455, 38284, 43713, 43577, 18078, 15253, 40538, 42569, 41424, 11992, 16058, 25614, 19919, 43014, 42951, 27287, 41930, 35795, 34647, 37270, 20785, 26263, 44498, 37998, 40613, 15159, 1691, 31106, 22615, 
34034, 20148, 8795, 6790, 29157, 36997, 38303, 29342, 33494, 28194, 40370, 22198, 34155, 20331, 25239, 41659, 29064, 45010, -1, 9154, 20717, 24648, 33756, 41991, 15306, 38445, 30450, 29139, 43001, 34672, 3261, 34593, 23452, 11359, 45774, 21740, 23853, 18674, 25103, 34507, 28724, 28435, 43599, 42722, 43554, 27484, 35219, 23825, 30739, 42480, 30205, 29931, 33995, 32482, 8543, 33075, 10055, 28530, 39775, 17112, 39879, 21818, 38722, 28202, 6286, 28909, 31384, 36244, 41973, 35298, 17106, 12904, 21804, 42864, 28608, 24422, 39667, 9152, 18016, 43723, 22721, 30646, 36264, 38958, 39234, 11395, 44280, 44955, 35563, 38923, 45613, 20937, 40522, 29473, 40139, 43673, 17161, 43284, 38900, 25800, 44286, 13449, 30772, 33493, 35483, 36136, 14640, 41305, 12430, 23779, 15066, 32842, 32073, 11881, 44119, 27986, 20968, 37408, 34365, 28407, 16290, 45535, 40658, 33184, 7524, 26846, 40570, 8817, 35055, 38457, 34820, 35186, 42326, 35395, 33777, 8523, 27042, 27716, 7040, 37175, 6615, 31054, 35314, 35190, 19188, 37983, 46069, 16885, 26505, 13790, 14560, 18936, 45848, 23759, 
34455, 31625, 22050, 21185, 37085, 13050, 8844, 25422, 9529, 27426, 16185, 42960, 13476, 38038, 7517, 32460, 41623, 35376, 9154, -1, 28788, 34606, 33899, 21817, 27939, 46062, 28573, 42535, 32880, 30341, 43955, 45442, 24005, 21000, 13774, 34614, 46231, 29519, 24256, 28777, 39716, 39580, 34404, 32382, 45566, 39643, 11671, 29981, 40407, 4378, 7032, 21028, 38428, 15726, 40123, 38554, 26185, 23895, 29648, 38770, 15968, 45233, 44093, 12455, 20193, 40998, 41702, 37448, 33792, 27416, 26543, 31613, 36325, 16772, 9341, 20426, 30232, 43399, 36550, 23352, 36979, 44873, 22487, 37080, 43026, 24859, 31904, 26330, 7043, 40319, 12960, 36961, 37094, 8856, 15243, 17077, 27144, 43226, 31404, 22368, 42841, 31671, 26077, 34114, 16784, 12113, 43788, 35418, 36317, 12960, 16935, 25871, 42654, 30673, 33603, 8886, 41931, 44740, 9205, 35309, 19697, 44479, 44197, 43848, 37039, 27703, 46221, 12798, 8221, 37342, 39545, 23202, 34584, 37812, 41225, 23573, 17117, 10453, 41543, 41005, 22072, 40338, 45551, 26539, 45915, 29278, 45904, 22362, 41526, 41136, 29048, 8216, 19471, 42611, 
41642, 19248, 45081, 18649, 19030, 18654, 20767, 29737, 26826, 38417, 43612, 29650, 18426, 35749, 4851, 43512, 24507, 39814, 20717, 28788, -1, 37161, 26592, 41574, 26938, 31223, 28324, 27760, 34996, 18747, 39365, 27452, 5046, 33956, 26704, 41314, 42420, 12370, 34335, 27337, 42774, 44618, 32415, 38744, 28448, 32659, 41653, 40014, 35769, 35012, 44263, 28306, 6359, 26592, 44253, 42265, 32970, 41044, 34799, 29247, 26505, 25222, 22524, 42951, 45531, 44174, 34582, 32221, 8187, 37140, 41302, 38823, 20045, 41449, 9861, 21012, 28445, 6072, 37627, 43825, 28779, 27161, 40773, 39829, 15275, 43275, 30179, 33337, 43186, 46223, 24610, 36344, 33320, 38270, 41609, 24738, 34038, 25082, 40580, 33748, 22109, 25952, 27521, 39499, 37269, 11710, 24713, 40151, 45994, 46084, 23001, 36572, 38905, 14264, 15574, 46095, 19590, 31607, 36266, 30769, 24613, 42796, 16853, 37091, 45778, 44071, 42914, 42184, 7628, 34793, 16142, 37844, 29470, 27829, 24806, 38534, 40026, 27960, 45730, 31851, 20888, 36627, 39284, 21983, 39944, 16265, 37863, 40904, 43992, 37102, 35145, 31070, 18264, 42621, 
7881, 38421, 39215, 23408, 43377, 20269, 40627, 16014, 31052, 6002, 40524, 40451, 17066, 29776, 42473, 12389, 14617, 30561, 24648, 34606, 37161, -1, 42231, 43191, 16900, 45717, 13983, 24530, 27824, 28671, 32278, 41543, 24635, 13296, 31382, 34890, 16730, 32477, 24679, 43837, 40933, 20000, 10788, 43682, 43152, 20668, 11769, 24002, 44278, 7250, 8448, 34997, 31330, 27449, 32422, 33194, 32547, 36270, 45735, 43218, 27355, 26356, 26388, 25896, 22410, 13397, 43726, 40041, 23262, 36751, 27090, 44287, 6914, 18454, 43921, 42163, 12350, 39067, 39154, 19976, 29599, 36620, 39104, 36126, 30713, 32636, 38070, 252, 44342, 38795, 37855, 37931, 28294, 42191, 25786, 15046, 39913, 6101, 45254, 21983, 30997, 38150, 45412, 22548, 39316, 45812, 19203, 43863, 16164, 31775, 41840, 31966, 37932, 34567, 44117, 37568, 35396, 42073, 42958, 45101, 22701, 36445, 30352, 38833, 34124, 25419, 29201, 44023, 32935, 44839, 29817, 26109, 31098, 25175, 36718, 38752, 17777, 44745, 7120, 4019, 35396, 24245, 14476, 28906, 28462, 27702, 9017, 12294, 20783, 26412, 37620, 26763, 45912, 22357, 
30200, 18609, 39733, 41605, 12484, 36462, 32402, 42736, 44955, 36427, 8251, 15900, 10574, 23141, 32668, 46240, 42821, 43300, 33756, 33899, 26592, 42231, -1, 37422, 6616, 21107, 32457, 37437, 12418, 43846, 21621, 44106, 27997, 26759, 15421, 40700, 44163, 17906, 36941, 44494, 32068, 43368, 36333, 12369, 32430, 28720, 40589, 17651, 35632, 27324, 40964, 42447, 33844, 38833, 42707, 40445, 28335, 25834, 43416, 40526, 22972, 34921, 28324, 13312, 37055, 31555, 30867, 31808, 15138, 41633, 29067, 45639, 22927, 38326, 42263, 46165, 22473, 40363, 39850, 10047, 26705, 42209, 24100, 13988, 45945, 29042, 41678, 35855, 38449, 39594, 36308, 31881, 31744, 13889, 23138, 45943, 39305, 35492, 21107, 20565, 37703, 34031, 38323, 40470, 36669, 41089, 36984, 35886, 45217, 20231, 37504, 12077, 17555, 35717, 20359, 29312, 44699, 44604, 12605, 41656, 25692, 41923, 20170, 35555, 34271, 44773, 43670, 19861, 38805, 23823, 38730, 39091, 43334, 22364, 43595, 45103, 33301, 10789, 22466, 30695, 31241, 39191, 11674, 23965, 37402, 34648, 16542, 19531, 45093, 44971, 28445, 39697, 44416, 31753, 
37658, 28341, 46095, 31889, 39313, 33054, 43664, 40520, 28952, 33966, 17264, 32196, 39723, 34616, 18290, 34583, 40017, 42181, 41991, 21817, 41574, 43191, 37422, -1, 28481, 36520, 32339, 38437, 32660, 37202, 37870, 24955, 31724, 9963, 41183, 26914, 25062, 40569, 38514, 37379, 25758, 45804, 39474, 44311, 44962, 43832, 46202, 26802, 20226, 17573, 27579, 26794, 28056, 37506, 38078, 4882, 21903, 24589, 25762, 37909, 33521, 43782, 32650, 22879, 41195, 45883, 35341, 27528, 13292, 41004, 42756, 42820, 23544, 27155, 38917, 29059, 18690, 33526, 26592, 20614, 30229, 19993, 35330, 44424, 44605, 23603, 40700, 22457, 25458, 36221, 37764, 24664, 34576, 36314, 33023, 16547, 22878, 43451, 41171, 45123, 34293, 15421, 3292, 9628, 27793, 44550, 26004, 45413, 12635, 42437, 2576, 39605, 13244, 21028, 32800, 43130, 45949, 40288, 25604, 19675, 39758, 44889, 38766, 39059, 41720, 12989, 45534, 44932, 20483, 8976, 42519, 36566, 18684, 44120, 27550, 37091, 41926, 36470, 33389, 34615, 27711, 24162, 44690, 28134, 11620, 38824, 23460, 14611, 23141, 31064, 21567, 29490, 45746, 39246, 
34367, 32582, 22296, 17869, 43737, 27191, 40721, 33868, 45967, 22185, 23941, 39811, 40666, 35253, 38513, 18828, 2940, 8851, 15306, 27939, 26938, 16900, 6616, 28481, -1, 35549, 30997, 29380, 16598, 39797, 20785, 20608, 4042, 37922, 34792, 30485, 43423, 35384, 29667, 28487, 45756, 16706, 32601, 35959, 38857, 45647, 35654, 38515, 23146, 37397, 43630, 26636, 40109, 41678, 19586, 24656, 20084, 29791, 45201, 40362, 45883, 38993, 35614, 28921, 20120, 27886, 12660, 14426, 32545, 33400, 38536, 36656, 13693, 14788, 42226, 9104, 34212, 39849, 46188, 20708, 42418, 41608, 27743, 39015, 18008, 18413, 24830, 12955, 25332, 16562, 14001, 43212, 30154, 36080, 22880, 44578, 44623, 24435, 31524, 22792, 23964, 28114, 4925, 29871, 28915, 45420, 34902, 30725, 37505, 26163, 44277, 26474, 29711, 39561, 45581, 42966, 25099, 41308, 30239, 37258, 36168, 24388, 35193, 41445, 17633, 41079, 41558, 46243, 24579, 30407, 3762, 32216, 40429, 41209, 32793, 27739, 18219, 17105, 39373, 34327, 37262, 31116, 32584, 41291, 35084, 21843, 41737, 14091, 32297, 21827, 34168, 27905, 34262, 41702, 
32698, 31230, 21716, 18254, 35159, 28002, 39175, 27000, 30954, 8162, 34331, 18750, 42599, 18917, 42333, 24888, 45405, 34711, 38445, 46062, 31223, 45717, 21107, 36520, 35549, -1, 30829, 30215, 44302, 29160, 39126, 15276, 45645, 36115, 38215, 27680, 27401, 21461, 31433, 31501, 37504, 41262, 28419, 28106, 22179, 40558, 39064, 22210, 27107, 19472, 45491, 32652, 44206, 32663, 38430, 15557, 32613, 17231, 30178, 20503, 30364, 35001, 42004, 10741, 44101, 29370, 44416, 43900, 42536, 39714, 12405, 24632, 35272, 35673, 36472, 41798, 27584, 30943, 37078, 32019, 44442, 43228, 11634, 31383, 35331, 9865, 21355, 32481, 45352, 45090, 12193, 33131, 35399, 41469, 39700, 37246, 19108, 42989, 23755, 11828, 6101, 8931, 35862, 45147, 11944, 5450, 26169, 25500, 31730, 39180, 22152, 11987, 15533, 30381, 7148, 25657, 37545, 31847, 37368, 39950, 45514, 34959, 42994, 30281, 12094, 39428, 29053, 26666, 18373, 7063, 33472, 35160, 40250, 42321, 24021, 28339, 43202, 27675, 16207, 41972, 30495, 30151, 19562, 32831, 24242, 35529, 46009, 43106, 41479, 27303, 37933, 42763, 32945, 21279, 
30231, 35857, 37359, 20943, 28519, 46028, 41055, 13525, 39854, 14100, 44794, 31306, 35382, 14135, 34407, 41470, 3584, 44782, 30450, 28573, 28324, 13983, 32457, 32339, 30997, 30829, -1, 7045, 37884, 39232, 45231, 43830, 41300, 27376, 32074, 35232, 12352, 37555, 44921, 24272, 28663, 37203, 20728, 23613, 33407, 17428, 41111, 21532, 25852, 24781, 37921, 37509, 26178, 40843, 8189, 31692, 45848, 18968, 43946, 33676, 22833, 21735, 38589, 10359, 40230, 33626, 41062, 10740, 32008, 29964, 43853, 41717, 23553, 11866, 21977, 32223, 29045, 46037, 32971, 43137, 30336, 6621, 41839, 24585, 31079, 35659, 30770, 25178, 19472, 37135, 19489, 34896, 31411, 44810, 16352, 26558, 36398, 31664, 45604, 44184, 38700, 35360, 39537, 46013, 23819, 30853, 39994, 41945, 42759, 22277, 5526, 44268, 40058, 41741, 35965, 34604, 27882, 27647, 41843, 6286, 20402, 37887, 29626, 35515, 34451, 41445, 33143, 44434, 43796, 45458, 38176, 13428, 30423, 15012, 31548, 24188, 38897, 43369, 45394, 25006, 13396, 41764, 40969, 9572, 39402, 40960, 23580, 36159, 37314, 10878, 38456, 27432, 25092, 37814, 
24966, 45357, 36462, 26950, 45401, 18944, 24994, 35454, 42160, 43083, 28218, 44284, 30731, 44041, 37364, 24521, 23587, 20753, 29139, 42535, 27760, 24530, 37437, 38437, 29380, 30215, 7045, -1, 32511, 37217, 12496, 43272, 13741, 30349, 18051, 31788, 45744, 41730, 25553, 40427, 42879, 40571, 5800, 29770, 31037, 33520, 40979, 24274, 18123, 39391, 39017, 22761, 31925, 33388, 20294, 6496, 34577, 44626, 5667, 35741, 35723, 13107, 42996, 38771, 12357, 36939, 42939, 45273, 10320, 35570, 43731, 46206, 17983, 36234, 35152, 34546, 34544, 43066, 30248, 37074, 41466, 22581, 39071, 36535, 40766, 38351, 42311, 13452, 40932, 37010, 39985, 17558, 33287, 25443, 24659, 39636, 24710, 32307, 41288, 40220, 36965, 6627, 5438, 41437, 41304, 10306, 44744, 14157, 38328, 40998, 20979, 15974, 24949, 40671, 29390, 24417, 34817, 34725, 9084, 26679, 39741, 44175, 42757, 26617, 43868, 36141, 44661, 38752, 36326, 24803, 37581, 38297, 39258, 9225, 28806, 39188, 22504, 14848, 23377, 34381, 38144, 44895, 45753, 22769, 15592, 45345, 43412, 582, 43217, 36188, 29579, 46276, 41340, 41494, 
21365, 45270, 30473, 20540, 41683, 39579, 40498, 40444, 10396, 8063, 28469, 34460, 44556, 31776, 45103, 28718, 16107, 38583, 43001, 32880, 34996, 27824, 12418, 32660, 16598, 44302, 37884, 32511, -1, 44498, 33415, 18320, 43790, 31597, 36559, 28981, 35349, 37782, 26929, 5403, 32999, 28636, 1615, 40401, 44445, 32323, 36332, 36625, 39613, 17633, 34787, 36797, 45557, 6771, 21453, 35631, 37343, 23686, 13585, 17056, 34936, 26608, 16963, 30251, 40813, 8615, 39449, 34353, 41993, 21006, 43895, 40367, 43307, 11966, 25472, 31754, 31306, 35942, 32203, 44912, 21103, 18234, 45439, 29319, 36702, 43394, 31869, 36728, 33902, 21419, 43115, 41746, 38609, 40659, 42696, 14717, 29296, 28412, 25618, 20757, 31080, 12096, 44047, 23064, 17072, 25459, 6212, 42276, 18634, 15601, 29580, 44142, 42341, 30726, 37240, 46005, 34119, 14036, 34642, 34005, 43726, 40452, 34994, 31353, 29668, 46029, 45871, 26750, 34814, 21198, 44769, 5841, 37667, 26955, 45639, 42977, 24280, 36224, 39806, 31406, 30733, 22140, 7944, 14880, 32651, 32138, 15599, 28110, 32965, 26488, 41750, 41503, 15089, 19020, 
37851, 28728, 32914, 32695, 38155, 45852, 13441, 35986, 19315, 42441, 38222, 34084, 24746, 35814, 25058, 30879, 35702, 29761, 34672, 30341, 18747, 28671, 43846, 37202, 39797, 29160, 39232, 37217, 44498, -1, 14148, 37589, 20109, 33662, 34200, 27975, 30544, 23896, 11384, 39328, 40109, 30906, 21052, 34359, 44078, 45879, 32360, 43769, 44892, 37498, 31269, 29787, 28317, 41678, 41405, 40496, 4246, 34918, 34602, 15992, 13892, 45927, 41797, 35543, 37101, 43061, 42080, 23989, 28470, 36356, 41882, 26560, 40448, 45311, 39485, 36453, 31986, 37656, 20147, 24657, 41492, 29476, 32094, 36895, 34701, 26323, 37068, 36608, 17209, 35807, 16940, 33261, 46314, 18286, 19466, 22283, 36372, 23326, 12556, 34440, 45587, 12762, 35586, 31827, 44052, 44793, 17309, 27825, 8715, 45049, 27353, 25088, 13700, 33517, 12984, 39411, 41946, 33997, 11635, 30709, 43314, 20656, 38619, 23125, 40681, 41627, 39581, 34896, 25465, 6143, 40182, 37258, 41574, 45473, 36536, 22352, 43315, 31505, 25610, 9984, 40201, 20462, 27001, 38635, 39464, 45092, 45533, 34477, 32697, 42612, 39328, 36655, 29662, 40419, 
42019, 21453, 25947, 30709, 31759, 7818, 45265, 20340, 38603, 41107, 32621, 35027, 36751, 39025, 13120, 40264, 41902, 18719, 3261, 43955, 39365, 32278, 21621, 37870, 20785, 39126, 45231, 12496, 33415, 14148, -1, 28250, 28242, 16191, 33151, 39928, 34681, 31756, 34371, 36824, 17610, 36314, 45054, 26458, 28250, 44522, 43010, 23936, 34097, 24907, 18991, 17930, 9894, 23095, 26324, 40150, 18813, 40463, 36891, 23420, 38717, 43151, 46159, 8698, 6075, 36688, 31412, 39296, 13387, 30921, 36832, 41564, 28427, 44347, 46259, 18215, 46321, 30549, 39324, 33253, 38464, 28930, 34095, 37175, 33608, 45973, 46192, 17113, 22675, 7260, 36871, 42414, 36318, 23439, 29663, 16916, 39927, 29916, 41250, 4719, 46103, 37960, 14858, 38546, 23184, 18832, 43455, 43742, 38956, 44597, 11310, 41915, 40474, 43756, 39036, 38696, 35740, 18091, 24891, 29676, 43312, 34304, 45567, 42067, 46075, 30314, 37719, 19289, 10582, 35912, 28201, 40640, 41008, 40944, 41641, 8701, 12939, 40925, 19650, 16919, 35031, 14190, 15773, 30864, 34580, 42597, 37350, 16315, 7008, 22092, 29185, 19633, 25848, 38909, 
37432, 11274, 39965, 32255, 40870, 11285, 14229, 25057, 34086, 34491, 21229, 22089, 33031, 26349, 38807, 38181, 16231, 46007, 34593, 45442, 27452, 41543, 44106, 24955, 20608, 15276, 43830, 43272, 18320, 37589, 28250, -1, 12629, 42302, 38931, 8894, 25533, 22679, 37138, 41032, 18430, 32651, 33806, 16169, 38092, 30221, 42801, 45884, 44114, 30166, 35700, 43362, 43078, 40978, 41744, 19440, 42960, 29543, 46339, 31710, 45190, 35201, 45232, 44890, 33299, 43621, 26620, 34993, 39400, 27331, 19547, 30379, 29159, 15243, 13467, 30686, 26328, 21849, 17096, 25372, 7825, 21016, 41565, 17414, 29088, 38700, 42756, 15132, 42667, 38977, 20349, 29288, 28780, 35617, 29503, 36928, 38012, 40914, 28784, 44061, 33282, 15818, 28944, 35561, 41549, 23127, 33717, 21991, 34105, 34904, 25724, 40439, 45271, 18704, 29245, 28906, 21162, 35765, 18726, 27640, 18547, 14548, 11465, 27684, 37243, 15372, 41145, 43312, 42608, 43105, 15982, 37058, 31955, 27902, 42269, 44209, 21027, 19147, 26556, 27958, 22761, 37750, 41611, 13466, 6199, 8362, 44861, 24225, 21290, 6449, 40340, 19234, 11122, 11693, 
33416, 26638, 24247, 45360, 19623, 29216, 21610, 26274, 44380, 20027, 31135, 20930, 28678, 26073, 40192, 43869, 40729, 24835, 23452, 24005, 5046, 24635, 27997, 31724, 4042, 45645, 41300, 13741, 43790, 20109, 28242, 12629, -1, 26793, 44432, 22852, 35853, 33513, 18872, 43557, 16890, 37997, 42569, 4737, 28144, 34843, 44972, 19040, 37865, 36231, 45229, 32151, 45912, 30123, 33077, 28866, 42793, 17585, 41784, 43716, 32559, 21163, 29672, 8804, 32889, 2817, 38154, 33428, 45406, 44088, 11447, 33551, 33707, 41160, 37741, 24023, 15749, 24639, 24756, 22148, 17398, 39800, 44627, 35426, 44239, 41930, 23038, 43256, 40765, 15185, 35489, 15612, 41043, 45038, 30963, 9143, 16790, 11245, 17833, 43050, 30025, 30411, 37592, 22309, 23855, 19454, 32056, 40453, 28780, 42662, 40397, 16812, 31231, 44572, 24593, 33186, 36835, 39234, 27469, 11011, 20626, 40479, 34213, 33159, 25524, 25459, 9484, 27208, 14869, 39914, 33896, 32099, 43632, 23844, 44264, 24604, 40926, 18024, 27926, 43948, 30218, 43983, 46141, 21562, 28692, 17664, 26866, 28912, 45833, 45129, 33776, 30213, 44008, 43216, 
36603, 42320, 17314, 33177, 35678, 31437, 36178, 35892, 30300, 28211, 919, 46283, 20207, 45857, 19555, 42121, 16945, 21003, 11359, 21000, 33956, 13296, 26759, 9963, 37922, 36115, 27376, 30349, 31597, 33662, 16191, 42302, 26793, -1, 38244, 38269, 14835, 19140, 22654, 22807, 42614, 36956, 19870, 45812, 35111, 35090, 36501, 37484, 30666, 21119, 42788, 22223, 37499, 44344, 43063, 12425, 31213, 29345, 11852, 40642, 14388, 44243, 44605, 35377, 38355, 40977, 30738, 22433, 43297, 18427, 10584, 22980, 18013, 25732, 40305, 27207, 42040, 15582, 20248, 41505, 35578, 21470, 18114, 38936, 28218, 42740, 43736, 16388, 37054, 26817, 3073, 43218, 36418, 43237, 34256, 30665, 25885, 18958, 38043, 36455, 15056, 39600, 8749, 26344, 32348, 20002, 25317, 30017, 31043, 25655, 44215, 40381, 39507, 17795, 10826, 17788, 46185, 40593, 21117, 41368, 38936, 45905, 29145, 10354, 21718, 29308, 13944, 41088, 26992, 42478, 38014, 25311, 41207, 13886, 43281, 26138, 21245, 21330, 45410, 45128, 36250, 32880, 13495, 45777, 15278, 42260, 16380, 43274, 35184, 42726, 45342, 25396, 44178, 26352, 
32469, 21135, 35566, 36786, 18192, 40050, 39950, 44464, 37632, 32400, 44414, 42840, 39440, 12770, 27732, 11982, 35209, 44854, 45774, 13774, 26704, 31382, 15421, 41183, 34792, 38215, 32074, 18051, 36559, 34200, 33151, 38931, 44432, 38244, -1, 15756, 27372, 17362, 34546, 29851, 40969, 14809, 42262, 40721, 39180, 6683, 5641, 15485, 45162, 28421, 33167, 33550, 27260, 41783, 31860, 25465, 20620, 22374, 29667, 4556, 39760, 35700, 33396, 37052, 34154, 45446, 27768, 20544, 24471, 26785, 21899, 23943, 30857, 24658, 40682, 7116, 33536, 9941, 18970, 34294, 8532, 24395, 27131, 41058, 7417, 16070, 43382, 31933, 42723, 34547, 35933, 42762, 40392, 21299, 31525, 35992, 43267, 21078, 10413, 31233, 41043, 23599, 30947, 34594, 32894, 40340, 21947, 44314, 31726, 40172, 34052, 41411, 45600, 43036, 40611, 40941, 41143, 42628, 38778, 26295, 29589, 37057, 27449, 30707, 44436, 14782, 34906, 28228, 34996, 38027, 39244, 9953, 44243, 36862, 34286, 42538, 27974, 23130, 16889, 27621, 18299, 24385, 30309, 30192, 39427, 12561, 34904, 40157, 36689, 15978, 35807, 32823, 34512, 31099, 
44757, 27419, 30124, 41575, 5028, 33347, 43645, 19044, 41833, 25156, 33935, 36665, 40915, 30116, 32947, 29209, 41662, 18071, 21740, 34614, 41314, 34890, 40700, 26914, 30485, 27680, 35232, 31788, 28981, 27975, 39928, 8894, 22852, 38269, 15756, -1, 32894, 14387, 23319, 7209, 12553, 25818, 36445, 22536, 43967, 16865, 12366, 1084, 27054, 16767, 37404, 29343, 28784, 43887, 44797, 37913, 29974, 35437, 31661, 34045, 15877, 34125, 24022, 44508, 31325, 43829, 21028, 17792, 32652, 42023, 23522, 4985, 3188, 11510, 46114, 34442, 31473, 43244, 24304, 17460, 36452, 42218, 39501, 17416, 36133, 13633, 44397, 45580, 35247, 35704, 23515, 17056, 45674, 41140, 7451, 27468, 46204, 21647, 45406, 24483, 11480, 42517, 35905, 42758, 20012, 44900, 25065, 33114, 26403, 18743, 14784, 35819, 44194, 30984, 39283, 12674, 44451, 29709, 27220, 38731, 24499, 27006, 13872, 8780, 44100, 17216, 20364, 36821, 25242, 31375, 15507, 46281, 35736, 33530, 26370, 28982, 46007, 26901, 8349, 39875, 35746, 43545, 37168, 4804, 33280, 16635, 31545, 33941, 32898, 36123, 25729, 43047, 21894, 39138, 
22308, 3850, 18095, 27232, 21704, 38132, 19111, 43222, 21573, 44657, 38430, 32878, 28145, 5585, 19428, 12651, 22552, 35835, 23853, 46231, 42420, 16730, 44163, 25062, 43423, 27401, 12352, 45744, 35349, 30544, 34681, 25533, 35853, 14835, 27372, 32894, -1, 37115, 26294, 23136, 30383, 36357, 39118, 40967, 18610, 31840, 31363, 22175, 42258, 37698, 17545, 44514, 20497, 23824, 41637, 29126, 13335, 21839, 27054, 28392, 41390, 46310, 2557, 30967, 39505, 39676, 42602, 14593, 11808, 30881, 19736, 40076, 6485, 37150, 37589, 37714, 32565, 44834, 40661, 38564, 39459, 45830, 41047, 43659, 28252, 22113, 42882, 2447, 35257, 32385, 36024, 42136, 35270, 34981, 26816, 18215, 37487, 38141, 45242, 41566, 3406, 28001, 23983, 28933, 43143, 30055, 21745, 46010, 33165, 39274, 40918, 35903, 31265, 45959, 38023, 43631, 41700, 44292, 23493, 40580, 5996, 34404, 21016, 35328, 14558, 14575, 37963, 6844, 43118, 40032, 32055, 43170, 8687, 38027, 32459, 34759, 37905, 34807, 33130, 24120, 11914, 37500, 42366, 14232, 29126, 22348, 36325, 37479, 34970, 29074, 20499, 30034, 44708, 24504, 
