152
[-1, 10056, 21398, 36987, 24643, 17136, 31378, 27586, 27703, 33244, 23757, 26439, 11490, 43033, 27459, 11328, 39940, 41104, 30485, 32300, 39961, 34955, 30611, 20877, 37273, 32520, 35424, 43267, 26904, 35345, 45166, 18951, 39008, 9362, 31897, 26013, 36597, 41000, 46157, 39896, 37382, 22644, 19690, 12184, 15190, 15502, 17716, 38134, 28428, 41907, 13545, 4525, 17739, 35166, 33770, 43870, 33347, 37449, 45149, 12474, 13474, 45854, 44128, 40610, 45651, 28735, 34139, 33544, 25724, 30092, 28508, 33853, 33153, 25451, 36068, 41620, 27656, 41075, 19563, 17418, 12859, 43793, 35235, 32618, 30753, 31959, 33337, 45107, 36687, 34250, 25071, 25844, 42512, 20402, 31557, 38584, 34806, 18221, 43889, 11498, 26521, 29473, 38968, 45836, 22711, 22752, 34800, 22085, 26751, 27112, 30635, 36242, 42738, 38008, 42983, 9114, 10818, 37047, 15275, 27921, 21124, 29572, 42824, 27442, 34878, 35989, 34320, 37454, 44485, 21639, 40968, 18220, 25335, 35203, 36675, 38980, 44890, 40296, 18866, 32961, 35843, 13559, 25497, 25681, 24027, 29650, 41969, 14167, 27829, 18735, 38396, 17269, 
10056, -1, 12965, 24843, 18331, 42239, 8119, 21363, 20430, 37628, 42605, 10822, 34330, 20390, 36661, 36460, 40164, 28673, 43181, 40438, 21492, 43138, 17814, 12386, 39214, 30983, 28790, 20162, 46190, 40573, 39059, 15380, 22483, 17590, 26797, 32343, 37517, 21616, 37475, 41323, 41588, 17986, 35850, 36369, 9572, 37917, 29985, 34592, 45401, 45538, 28439, 28723, 16361, 14552, 23883, 36701, 41574, 39313, 12328, 42742, 45264, 39277, 32684, 39219, 35745, 31841, 39458, 31465, 14890, 39563, 24660, 32840, 38184, 43117, 31688, 28384, 42099, 33556, 32494, 25349, 46069, 18120, 39404, 26629, 23930, 27046, 1642, 36066, 17111, 33983, 36236, 38608, 21525, 7372, 44755, 32656, 43810, 43401, 35046, 12489, 33219, 27323, 22464, 3227, 40056, 33999, 29262, 30079, 17932, 29465, 41106, 26861, 33271, 46084, 33956, 44522, 41039, 28536, 12118, 22888, 18400, 43937, 36513, 27757, 22059, 24278, 21551, 23086, 44640, 41671, 38520, 45109, 16249, 45053, 14357, 43012, 39409, 43149, 40473, 33240, 41179, 20983, 39347, 27523, 35187, 33464, 23050, 11443, 45420, 27148, 36327, 21833, 
21398, 12965, -1, 39433, 42367, 43468, 26788, 34268, 31675, 30726, 19716, 17820, 31815, 24954, 7478, 29535, 11893, 42740, 36699, 39129, 35639, 36263, 42768, 23562, 43722, 38143, 41624, 35792, 35079, 18917, 23599, 35744, 45462, 38759, 43910, 26851, 41084, 21378, 33129, 37436, 34811, 39205, 23182, 35507, 39717, 23851, 42021, 43928, 28176, 25371, 36938, 26651, 42283, 36406, 9849, 26515, 43206, 43543, 25740, 45890, 25714, 28695, 45647, 29049, 26823, 12514, 26877, 31496, 46336, 43195, 23347, 35771, 31670, 42373, 44171, 14069, 26448, 36464, 22695, 10015, 13336, 42677, 15401, 38473, 28591, 30500, 38027, 34753, 27858, 28554, 5952, 17692, 10019, 41352, 44599, 30380, 45162, 24121, 29230, 43895, 44688, 12203, 39193, 44655, 18712, 41794, 36238, 42701, 45600, 42652, 21344, 46165, 35894, 8349, 40779, 5095, 30753, 9358, 35764, 38950, 45831, 43569, 11218, 35958, 41304, 33674, 43344, 17691, 27588, 34193, 42004, 8952, 44783, 36806, 40545, 34896, 45879, 41746, 30328, 45234, 14718, 15921, 19177, 38462, 36734, 30141, 28347, 40982, 44126, 44268, 36474, 34686, 
36987, 24843, 39433, -1, 44910, 15867, 34006, 39969, 31271, 44632, 33950, 42380, 14651, 28450, 28187, 17201, 34916, 26568, 34079, 24216, 45854, 37342, 22235, 17819, 40461, 22186, 16591, 13381, 26199, 30922, 34423, 36749, 25195, 22426, 14231, 43424, 35787, 20455, 27349, 31856, 26724, 35824, 33064, 25321, 14269, 7873, 20947, 30322, 40500, 34513, 40025, 37064, 37942, 23328, 23822, 12603, 42109, 42331, 39027, 35592, 24665, 19495, 39892, 24198, 38289, 38911, 38427, 16885, 44753, 17877, 43769, 40022, 40260, 43220, 37174, 22475, 1152, 24586, 25990, 40612, 21010, 46164, 39748, 19418, 44361, 37969, 45851, 46127, 46194, 27261, 42133, 42721, 41045, 41040, 31382, 19762, 32490, 43612, 30861, 32842, 36949, 26113, 43300, 45361, 33854, 45095, 8174, 43271, 28724, 38491, 22499, 19917, 14249, 14101, 41793, 41614, 28197, 34644, 41221, 31019, 38373, 41481, 11029, 26273, 43660, 13007, 45272, 42567, 23874, 21491, 38605, 6080, 36566, 39134, 25588, 27550, 26361, 37264, 16683, 43543, 26599, 41597, 16550, 31985, 23415, 38902, 39134, 29265, 39076, 43614, 28299, 13215, 
24643, 18331, 42367, 44910, -1, 43125, 44873, 43411, 16369, 29886, 26975, 35758, 34384, 32046, 27617, 42756, 40130, 33326, 37253, 43615, 13878, 33891, 15336, 36354, 46339, 26347, 13718, 42160, 44706, 46339, 39464, 28892, 40275, 28041, 42838, 19129, 28796, 39058, 39369, 16667, 27627, 40942, 25904, 44981, 30875, 27048, 46023, 18795, 15836, 27310, 22648, 17132, 23312, 38685, 27061, 42076, 30843, 29125, 4788, 30458, 28428, 21870, 27143, 45312, 18008, 25860, 22159, 27833, 22062, 45644, 28635, 21060, 16618, 39585, 41764, 33739, 29102, 42679, 46175, 26032, 43563, 29285, 30248, 21133, 13152, 13916, 28469, 18478, 29319, 12303, 33942, 39738, 40795, 23385, 7435, 34536, 43730, 43149, 26144, 9252, 25566, 39423, 43203, 29129, 30867, 41388, 29738, 14399, 36956, 41687, 35882, 33761, 40946, 44667, 34797, 27992, 22049, 43496, 15582, 9346, 16715, 14205, 32706, 42084, 40727, 28610, 18970, 33645, 32573, 38604, 40683, 33639, 45252, 37272, 38049, 30046, 24468, 30143, 35122, 35187, 46046, 22908, 20771, 43885, 36347, 22523, 32074, 42594, 40828, 44740, 39955, 30538, 
17136, 42239, 43468, 15867, 43125, -1, 33017, 14590, 18017, 17929, 44069, 42986, 35226, 12626, 22003, 31421, 33824, 34566, 19146, 28083, 38335, 44543, 42664, 14103, 37866, 27648, 33564, 38790, 21997, 34056, 25753, 36886, 21592, 33135, 26449, 17487, 28949, 46182, 42236, 12135, 5341, 31329, 39398, 36830, 14943, 44537, 46238, 40628, 37647, 23916, 37482, 5954, 7115, 37037, 23617, 21872, 5699, 22225, 22980, 23530, 43655, 9670, 42325, 34156, 25293, 19156, 37240, 44037, 30891, 18172, 31604, 44345, 41133, 37948, 13733, 25878, 27615, 36443, 37783, 36122, 44785, 35142, 27988, 43807, 43851, 1764, 41786, 44569, 39628, 27360, 41644, 23191, 31441, 40085, 10973, 45757, 40561, 34024, 5379, 44592, 29904, 42613, 38397, 26905, 45503, 23603, 21981, 42605, 40685, 24475, 36581, 45405, 41243, 37802, 9602, 22907, 28407, 32862, 11171, 45221, 26673, 19310, 45421, 36689, 43697, 35803, 29932, 41719, 38580, 38440, 44597, 38217, 31998, 9279, 45593, 4193, 22268, 37152, 38644, 44305, 18984, 31288, 33754, 42418, 34882, 16994, 45201, 29531, 27936, 36011, 6121, 31981, 
31378, 8119, 26788, 34006, 44873, 33017, -1, 14608, 36640, 31189, 20018, 31482, 44500, 17631, 46218, 28058, 41948, 28148, 24836, 38497, 39493, 12195, 29195, 38018, 36582, 32690, 30249, 33231, 28374, 43946, 41131, 21095, 22151, 8728, 42361, 45251, 11506, 23294, 28677, 9649, 45951, 7406, 30495, 13891, 27795, 44539, 42775, 21494, 38555, 37854, 20776, 13316, 35799, 44745, 43104, 22077, 11019, 23171, 28281, 42732, 36136, 34210, 37397, 45084, 45455, 45795, 24186, 21077, 43408, 18291, 39513, 41892, 33606, 21468, 30091, 44359, 34850, 46184, 32526, 27864, 14386, 24524, 40380, 26670, 25523, 33638, 41769, 22142, 36472, 26743, 44532, 29248, 21383, 23010, 42137, 7312, 23183, 12648, 34615, 22468, 26490, 35494, 26085, 43348, 5697, 39172, 39415, 23209, 22923, 33252, 41091, 43505, 44737, 23747, 29518, 42484, 41990, 25874, 35362, 20967, 27663, 33975, 33064, 13020, 33473, 24361, 20447, 34755, 46023, 44634, 32257, 24619, 27144, 40655, 32813, 40692, 32604, 44736, 27157, 43925, 46042, 45715, 32172, 27347, 21048, 18430, 38586, 38147, 37977, 42860, 31542, 46187, 
27586, 21363, 34268, 39969, 43411, 14590, 14608, -1, 45273, 39308, 24275, 38263, 42411, 37588, 18201, 35478, 34307, 44640, 45968, 43336, 38813, 38863, 27812, 21443, 27965, 22951, 20461, 27015, 26569, 30405, 37944, 14152, 13036, 31859, 36303, 33580, 38114, 22271, 39594, 40281, 33436, 45593, 19712, 43449, 32086, 45117, 46291, 9846, 9211, 31539, 30289, 40392, 37766, 33942, 41849, 33835, 25881, 19668, 11916, 30629, 42380, 44023, 11625, 24312, 38850, 35423, 31963, 34591, 24241, 4397, 15761, 17156, 24578, 22413, 39267, 32608, 42088, 16243, 43455, 9116, 24340, 36073, 27053, 42787, 5817, 31640, 46173, 41517, 21707, 28369, 15559, 30820, 31648, 33877, 25410, 28027, 44236, 44495, 12689, 34086, 40575, 42383, 38776, 28594, 22476, 27025, 25581, 33893, 20730, 30049, 44037, 40895, 37003, 40683, 43792, 33609, 37681, 31956, 38562, 41950, 42319, 38577, 29547, 23855, 28694, 20424, 44370, 33633, 23161, 35991, 18791, 3635, 37768, 28417, 39646, 31566, 13049, 44543, 35786, 45994, 43475, 32643, 27381, 38585, 34698, 45604, 35599, 44082, 22356, 32867, 16456, 29630, 
27703, 20430, 31675, 31271, 16369, 18017, 36640, 45273, -1, 46073, 8343, 31443, 27302, 32298, 43115, 30671, 44850, 27606, 40738, 36125, 25635, 24735, 33214, 30439, 5176, 33550, 26323, 31464, 42276, 19402, 30548, 41150, 28141, 39125, 24879, 32551, 40547, 15548, 38297, 27978, 38426, 45025, 27533, 31733, 33063, 35191, 33596, 43618, 34427, 44558, 31717, 29087, 33649, 31697, 26266, 27085, 44053, 33473, 17625, 17610, 39205, 34265, 26469, 23837, 41557, 44293, 34153, 17582, 20813, 33905, 42375, 36128, 30621, 21036, 3783, 45535, 26962, 38297, 29994, 31536, 35822, 21298, 17844, 16264, 40490, 38392, 40906, 41029, 12212, 44515, 23637, 26074, 43643, 42297, 21721, 36844, 37639, 10118, 29802, 39278, 13177, 24831, 41707, 27664, 23938, 39798, 12203, 37965, 12705, 16646, 41125, 36629, 40791, 36358, 20740, 40297, 39106, 13000, 39214, 44819, 35123, 46142, 31864, 42252, 32350, 23515, 24465, 42275, 44965, 43809, 25253, 19559, 16641, 18924, 38499, 37606, 23660, 14564, 43478, 8650, 45861, 38614, 40851, 33416, 35227, 40151, 38138, 40337, 35208, 36018, 18289, 30889, 
33244, 37628, 30726, 44632, 29886, 17929, 31189, 39308, 46073, -1, 13433, 44025, 28662, 10953, 43160, 41282, 38600, 45218, 28566, 19414, 21341, 43567, 35072, 36039, 36686, 42524, 36432, 44989, 9992, 39279, 34083, 30100, 40190, 35069, 32712, 38154, 11455, 37900, 41052, 26487, 42320, 28287, 8208, 41270, 40212, 35649, 38366, 42002, 37847, 19804, 25219, 26893, 9612, 23757, 35841, 43645, 40776, 24678, 37434, 43927, 45554, 19282, 34601, 30444, 41858, 30707, 44433, 10517, 15828, 46144, 45843, 39047, 42039, 3822, 41968, 24132, 36424, 28660, 27196, 23164, 41417, 25012, 42194, 28271, 27174, 39710, 28575, 36557, 15419, 10406, 3514, 34689, 8605, 16974, 17927, 28413, 30026, 40489, 45027, 25894, 43687, 38181, 28519, 25118, 13198, 13047, 46121, 20406, 35719, 39611, 12740, 9135, 32051, 37663, 45797, 27664, 33703, 45225, 9093, 41491, 43479, 42556, 39962, 45954, 40235, 37769, 35434, 45153, 45655, 36005, 21038, 41204, 40699, 30863, 41745, 29479, 43020, 32031, 38845, 42691, 19065, 38973, 32917, 26557, 41553, 43956, 35985, 43506, 45766, 36322, 15807, 25294, 
23757, 42605, 19716, 33950, 26975, 44069, 20018, 24275, 8343, 13433, -1, 17195, 27225, 16244, 42163, 40569, 24758, 33155, 30361, 45552, 26122, 24323, 30614, 43634, 37006, 15143, 23267, 41590, 33601, 43168, 27011, 32599, 10790, 40757, 23629, 26441, 45216, 22490, 34949, 42260, 29693, 15611, 18864, 33523, 10594, 8176, 44404, 27837, 41639, 25776, 39083, 40243, 21701, 44009, 26743, 30606, 38045, 40610, 41242, 43430, 39832, 29709, 37278, 26662, 40808, 40152, 20563, 35482, 36564, 42403, 39544, 12331, 17849, 37221, 36897, 28202, 33237, 36229, 31076, 4340, 41366, 16152, 35175, 17055, 32158, 37325, 34095, 43030, 41424, 13234, 15843, 20810, 36696, 28985, 17716, 44014, 36369, 29319, 31624, 11931, 30493, 41469, 26674, 44442, 36403, 24299, 35699, 16182, 44158, 39957, 33778, 46221, 28365, 37518, 15821, 10021, 25911, 35825, 43097, 23147, 36467, 27182, 45434, 40307, 41317, 31987, 24804, 27919, 42278, 22374, 17420, 45311, 42161, 42420, 7056, 25028, 43066, 44015, 17009, 13702, 7258, 29775, 31737, 45359, 36373, 16391, 20441, 39987, 5362, 22134, 42207, 43911, 
26439, 10822, 17820, 42380, 35758, 42986, 31482, 38263, 31443, 44025, 17195, -1, 32645, 30757, 25241, 3549, 41749, 22649, 31440, 31188, 33745, 39994, 29953, 43601, 12680, 22035, 36719, 11410, 42810, 37876, 38189, 19438, 19598, 37920, 44791, 41650, 36587, 42123, 33414, 40950, 29839, 13170, 11244, 37912, 26387, 29802, 42099, 14828, 33945, 42821, 37795, 38425, 7474, 24946, 17119, 23632, 12208, 30046, 37459, 19260, 34076, 38619, 24245, 41043, 42364, 13604, 36206, 38643, 26536, 39341, 6342, 40861, 23170, 28401, 43301, 34928, 46245, 38898, 41350, 17864, 34951, 40600, 25889, 12930, 20521, 42571, 37147, 7874, 34057, 29478, 27002, 18952, 31265, 40994, 27030, 38053, 42258, 23528, 42354, 34092, 43876, 40004, 41042, 17578, 16696, 26922, 46144, 40140, 28558, 38550, 14387, 6311, 17738, 36860, 16026, 45533, 29940, 41542, 44172, 25780, 35295, 13700, 13500, 35590, 33427, 26659, 44622, 27912, 32641, 19018, 26741, 40249, 40825, 34924, 24158, 9291, 41270, 33882, 21934, 25466, 8683, 13087, 18947, 40647, 14664, 43882, 25153, 45716, 30367, 25091, 26008, 28260, 
11490, 34330, 31815, 14651, 34384, 35226, 44500, 42411, 27302, 28662, 27225, 32645, -1, 40725, 34565, 38816, 40577, 37299, 41592, 23605, 9728, 18415, 43741, 36724, 28222, 35400, 14051, 38194, 30485, 40769, 10870, 27648, 40061, 24668, 26676, 44741, 40488, 22726, 28230, 44793, 31486, 18379, 31083, 39208, 41985, 15944, 39754, 32920, 40970, 39477, 41251, 34610, 10696, 36497, 31323, 35901, 20851, 25180, 37373, 46142, 21426, 41342, 25921, 30664, 23398, 27900, 1801, 25507, 24930, 26998, 30548, 37458, 33853, 42276, 36962, 2605, 6786, 43788, 18196, 41684, 20874, 28157, 18520, 37318, 37738, 30737, 2004, 7249, 33092, 44971, 44225, 28527, 44568, 36675, 26403, 44449, 26083, 33615, 41650, 26211, 29987, 44731, 32590, 22574, 44320, 45778, 44818, 6853, 25767, 43593, 34593, 27085, 44774, 26435, 37695, 33677, 32267, 34658, 45424, 25954, 36466, 10225, 34730, 37449, 25819, 42189, 34580, 17345, 38186, 34629, 41261, 40604, 17581, 17607, 28293, 19274, 44964, 6813, 28531, 1940, 7597, 29370, 17589, 42574, 37125, 35824, 29343, 38206, 17677, 26254, 37791, 22904, 
43033, 20390, 24954, 28450, 32046, 12626, 17631, 37588, 32298, 10953, 16244, 30757, 40725, -1, 23914, 44220, 21951, 11706, 36308, 37230, 32561, 28685, 10447, 27095, 36449, 13957, 32254, 44950, 33343, 17599, 45666, 32644, 8413, 26400, 38634, 40648, 7381, 16847, 34135, 39163, 43882, 23776, 41657, 27390, 29610, 20496, 34621, 32581, 40219, 44124, 46317, 21103, 36602, 29023, 39400, 29141, 36982, 41479, 42191, 24369, 46334, 37246, 34016, 40431, 25441, 40680, 32443, 37416, 40626, 34593, 21662, 39452, 35451, 30578, 35147, 33194, 42327, 24807, 41526, 22439, 29526, 1560, 34139, 30627, 42480, 45535, 33694, 10580, 21862, 25083, 44647, 33248, 29648, 27732, 26475, 35972, 3361, 43617, 24745, 31035, 23987, 45023, 4152, 42458, 13919, 44196, 42014, 23127, 18949, 43710, 38989, 24521, 45710, 14033, 45332, 20591, 8497, 38290, 44945, 25752, 32987, 44847, 18367, 14542, 26293, 34324, 44926, 34500, 23582, 9410, 29984, 31469, 42744, 41379, 40225, 38696, 21049, 38396, 36475, 38625, 36036, 36366, 23126, 29566, 32057, 27949, 39064, 37407, 42746, 31909, 24216, 31606, 
27459, 36661, 7478, 28187, 27617, 22003, 46218, 18201, 43115, 43160, 42163, 25241, 34565, 23914, -1, 22873, 9807, 41055, 32924, 16053, 43398, 24828, 45029, 19711, 41629, 39961, 33932, 21357, 44936, 23837, 34823, 33719, 32253, 34824, 43271, 19049, 30796, 26482, 35204, 38228, 16166, 42765, 27109, 19782, 16049, 5745, 40585, 41864, 36480, 42883, 22318, 25696, 10031, 33927, 29876, 35386, 31428, 45307, 22796, 30522, 14164, 44952, 22891, 21380, 18320, 44864, 29271, 23522, 27203, 38443, 21874, 44379, 20740, 10024, 14743, 35741, 21575, 40892, 40955, 13061, 4802, 45789, 37062, 25887, 35565, 25115, 34441, 43005, 23378, 35467, 38093, 39283, 43880, 44296, 12778, 12956, 28914, 19315, 28183, 15649, 32889, 39468, 28231, 17438, 23910, 8848, 33060, 14068, 12038, 44560, 24596, 45031, 41880, 40140, 40964, 43999, 26261, 26159, 10136, 45448, 29677, 31561, 42611, 37537, 16384, 42129, 44982, 43278, 24656, 28528, 32473, 19806, 39094, 42604, 39076, 38535, 33829, 39343, 45061, 42750, 22110, 8809, 44413, 28283, 28512, 23455, 26856, 22571, 37209, 37441, 46012, 17321, 
11328, 36460, 29535, 17201, 42756, 31421, 28058, 35478, 30671, 41282, 40569, 3549, 38816, 44220, 22873, -1, 34693, 39089, 38407, 18633, 24342, 33415, 44731, 11421, 34710, 44404, 40093, 18428, 26780, 15434, 32181, 37383, 31586, 19728, 42071, 14403, 38705, 39760, 5876, 34847, 36324, 40409, 40360, 41230, 28874, 18179, 12008, 45186, 34145, 23515, 30708, 17224, 30959, 25748, 22859, 39165, 43007, 35646, 29258, 4851, 45097, 33214, 38470, 24763, 39501, 32202, 40189, 36291, 23790, 15953, 21650, 38124, 30253, 4795, 29807, 45427, 41540, 38663, 40969, 39745, 44725, 26216, 33262, 12865, 25758, 37502, 41102, 41813, 42723, 25907, 7427, 18026, 33878, 38586, 40286, 25609, 23862, 6985, 43831, 19298, 10234, 20819, 21279, 15353, 22232, 8585, 9243, 34325, 42608, 14305, 14034, 35544, 24105, 44771, 23211, 43838, 43312, 28276, 39523, 7946, 36500, 42026, 44605, 25518, 28266, 33774, 36099, 33424, 40215, 32830, 45678, 10002, 25836, 23614, 22550, 39046, 40691, 33322, 38607, 24187, 30032, 37260, 35301, 36435, 21793, 44492, 36671, 45948, 21484, 30322, 29325, 42729, 
39940, 40164, 11893, 34916, 40130, 33824, 41948, 34307, 44850, 38600, 24758, 41749, 40577, 21951, 9807, 34693, -1, 41885, 34127, 20324, 45494, 16715, 40687, 21521, 42618, 22464, 11134, 23304, 33978, 38249, 45067, 40870, 28994, 23698, 42667, 25519, 38989, 30718, 28673, 18048, 12465, 18341, 32832, 19263, 30177, 21226, 41855, 32919, 34090, 36322, 41699, 35104, 33978, 28970, 20330, 16900, 29551, 40082, 4153, 45203, 24884, 36919, 11653, 46125, 44208, 46174, 3941, 45051, 30910, 38659, 32288, 17407, 37681, 29217, 34587, 21072, 42885, 43545, 42409, 28327, 18898, 18160, 37930, 31708, 36452, 40234, 35880, 42250, 6356, 29049, 23951, 22575, 21738, 18057, 29409, 36286, 34360, 28767, 37412, 23366, 9840, 19599, 38414, 42973, 22196, 40393, 15588, 12885, 40970, 14136, 27004, 44145, 42072, 35695, 9042, 29531, 18501, 19572, 46050, 20498, 38395, 38988, 19344, 21347, 43917, 9424, 32271, 3996, 33622, 25857, 44205, 44497, 13375, 23133, 15521, 44449, 42795, 37675, 23762, 17461, 34998, 40186, 31266, 35920, 45583, 41145, 38004, 38032, 26032, 30309, 7138, 34934, 
41104, 28673, 42740, 26568, 33326, 34566, 28148, 44640, 27606, 45218, 33155, 22649, 37299, 11706, 41055, 39089, 41885, -1, 27166, 43412, 24811, 33441, 19118, 43915, 32050, 44522, 37842, 21828, 34447, 34777, 39808, 38542, 29678, 28115, 44250, 43562, 28149, 34109, 41196, 37100, 41267, 20346, 15325, 19151, 17400, 28182, 24924, 28536, 25177, 16536, 45679, 40900, 7210, 23491, 19952, 27360, 27430, 42892, 22385, 41464, 35748, 28069, 41325, 30735, 25353, 44704, 8763, 14455, 17319, 34212, 38431, 45105, 43985, 28702, 31662, 40081, 36756, 39570, 31799, 29920, 45290, 19471, 22848, 32854, 42061, 45565, 36409, 44860, 39169, 40849, 46142, 32411, 39363, 25192, 43586, 45211, 31955, 44489, 22980, 45251, 22236, 44839, 44680, 29405, 44766, 41543, 28765, 32326, 36385, 44920, 37542, 33864, 38771, 41202, 36822, 33637, 19381, 12641, 43841, 31335, 37668, 21445, 21312, 34534, 30211, 23867, 45011, 41525, 34345, 40960, 24398, 44086, 8241, 4385, 44864, 19991, 45110, 26533, 43012, 13831, 39854, 41406, 21150, 45876, 38801, 24502, 43339, 43361, 37510, 22566, 20748, 17200, 
30485, 43181, 36699, 34079, 37253, 19146, 24836, 45968, 40738, 28566, 30361, 31440, 41592, 36308, 32924, 38407, 34127, 27166, -1, 9412, 20305, 36144, 40439, 11123, 27139, 43830, 35896, 40685, 42173, 19801, 17015, 42178, 39299, 7357, 35681, 21809, 31325, 44758, 23406, 40446, 9084, 21033, 30914, 27397, 37264, 40502, 4488, 15789, 43856, 44413, 42157, 28773, 24529, 31404, 23480, 34857, 30288, 42716, 40316, 28064, 23286, 24098, 45735, 39833, 17358, 24279, 29438, 40093, 41074, 20016, 21132, 40926, 45681, 44373, 8097, 17727, 41675, 24539, 38337, 46021, 38334, 37956, 44984, 37410, 33459, 20531, 32114, 33278, 39883, 30036, 31757, 34244, 41417, 33620, 40909, 27092, 45229, 36287, 27950, 13428, 33755, 33583, 39444, 38039, 21654, 11662, 33813, 2558, 1660, 38147, 24436, 43429, 38323, 23641, 17158, 40439, 30752, 37868, 38656, 45489, 38129, 17629, 45480, 34749, 38052, 17921, 26788, 35139, 43139, 21111, 7479, 27173, 37204, 37507, 43458, 31762, 14462, 45464, 23273, 40983, 23872, 27899, 22912, 35633, 39048, 45823, 31926, 15834, 26861, 30338, 45546, 32463, 
32300, 40438, 39129, 24216, 43615, 28083, 38497, 43336, 36125, 19414, 45552, 31188, 23605, 37230, 16053, 18633, 20324, 43412, 9412, -1, 30758, 31318, 20458, 32803, 31948, 36191, 35732, 41335, 34468, 38157, 41013, 10869, 10552, 42875, 10938, 40483, 37705, 17918, 32256, 42836, 44981, 35673, 20037, 31566, 38421, 26852, 43035, 30294, 8177, 20221, 38554, 26992, 38434, 36318, 38598, 40404, 34830, 31352, 32028, 46030, 35318, 6790, 34334, 33408, 42410, 39488, 11984, 16693, 34024, 23163, 22076, 43591, 39920, 45699, 14918, 29221, 10391, 35370, 27025, 35472, 12391, 45719, 44730, 29216, 38275, 44598, 44879, 41996, 26866, 28582, 39551, 32624, 20876, 29860, 26414, 38339, 30396, 33295, 10479, 37851, 32853, 25667, 21105, 41911, 31831, 31516, 5083, 23994, 13920, 18751, 27120, 41814, 27580, 37807, 38727, 34357, 18662, 15659, 46251, 10625, 33994, 36491, 20165, 43833, 41589, 17245, 25756, 14710, 12896, 26787, 20338, 11615, 21550, 42855, 34059, 40155, 40452, 45509, 44526, 27871, 28195, 45794, 13914, 17831, 24142, 38263, 16020, 30140, 30827, 24723, 10072, 42884, 
39961, 21492, 35639, 45854, 13878, 38335, 39493, 38813, 25635, 21341, 26122, 33745, 9728, 32561, 43398, 24342, 45494, 24811, 20305, 30758, -1, 39933, 16925, 42797, 39504, 20116, 35426, 17540, 14161, 23682, 40664, 16854, 30705, 46127, 5910, 30108, 31202, 16226, 41235, 26359, 43214, 13941, 39536, 33570, 36541, 37152, 27151, 33607, 27224, 24515, 33944, 27886, 14169, 42871, 36895, 40168, 42871, 45548, 40632, 28029, 5435, 15841, 37090, 19242, 23299, 42442, 9068, 39070, 45227, 21835, 23875, 38700, 33025, 29021, 11948, 29533, 21155, 39744, 44930, 22765, 30099, 45759, 45980, 16179, 29853, 25828, 3270, 40656, 16481, 29689, 36567, 35915, 16754, 13727, 19890, 7879, 40448, 19511, 12248, 28655, 23991, 35552, 35287, 44578, 28602, 41452, 17716, 6735, 34025, 43169, 41002, 5817, 31114, 33798, 31682, 41089, 28556, 40971, 23723, 27012, 43250, 35816, 26904, 29740, 23508, 37022, 34392, 46161, 27974, 21979, 37704, 19736, 32745, 32736, 25609, 34301, 15085, 38060, 34356, 21132, 27972, 6228, 36498, 16673, 19425, 36128, 31319, 38141, 14592, 25197, 27700, 9174, 
34955, 43138, 36263, 37342, 33891, 44543, 12195, 38863, 24735, 43567, 24323, 39994, 18415, 28685, 24828, 33415, 16715, 33441, 36144, 31318, 39933, -1, 45252, 44231, 34324, 41815, 33541, 45199, 5078, 11051, 21244, 33380, 10168, 31057, 41030, 40783, 35488, 22160, 22109, 18611, 22234, 36829, 14891, 19946, 26210, 29846, 15410, 20688, 38199, 32292, 44204, 10441, 14957, 31524, 32085, 32030, 27665, 25770, 41098, 44550, 19337, 36947, 38351, 27817, 8622, 18534, 21695, 45302, 37730, 30228, 29068, 32084, 34774, 43561, 46087, 35288, 31645, 31782, 36318, 39522, 34614, 23154, 43702, 35456, 25577, 27434, 39109, 35139, 29376, 18528, 25142, 38901, 45345, 26887, 41980, 24208, 26380, 21921, 31877, 28354, 23444, 2704, 34073, 16025, 40785, 23108, 17025, 34910, 27721, 22453, 39570, 27253, 21144, 34006, 20127, 46245, 26499, 44174, 37360, 21653, 34727, 45342, 31782, 31811, 37581, 42914, 27368, 15983, 30615, 25290, 20634, 21719, 8928, 20382, 23481, 42931, 40872, 23332, 32022, 13311, 23020, 37744, 26911, 17731, 34763, 43748, 44569, 1855, 42109, 24881, 46244, 7426, 
30611, 17814, 42768, 22235, 15336, 42664, 29195, 27812, 33214, 35072, 30614, 29953, 43741, 10447, 45029, 44731, 40687, 19118, 40439, 20458, 16925, 45252, -1, 43056, 39622, 19410, 20789, 21340, 33253, 40093, 33893, 30191, 38587, 20207, 15463, 20000, 46020, 42198, 39880, 23036, 20699, 19813, 18741, 39552, 32195, 30281, 44541, 17886, 37791, 13017, 18610, 44506, 28534, 22961, 37855, 36179, 19376, 44581, 20503, 27681, 44108, 45728, 37069, 14484, 1212, 17097, 21929, 33131, 35054, 30731, 28211, 46072, 22554, 44333, 46329, 10947, 37845, 25448, 37441, 13923, 36155, 38832, 37436, 42859, 35191, 38055, 4418, 10315, 19041, 44856, 4337, 26658, 4859, 27451, 41856, 37800, 18704, 44442, 33135, 42321, 46304, 32928, 23076, 30924, 43192, 29765, 32624, 37836, 41532, 44531, 28987, 20930, 14595, 22229, 17797, 29772, 36026, 33704, 45302, 40817, 30888, 33795, 39191, 28569, 38550, 23866, 14909, 30030, 16568, 32484, 14591, 18114, 36643, 45427, 42876, 43349, 41543, 33011, 34120, 29060, 34297, 29218, 36112, 45947, 23777, 32984, 40866, 42838, 45233, 41602, 39720, 14104, 
20877, 12386, 23562, 17819, 36354, 14103, 38018, 21443, 30439, 36039, 43634, 43601, 36724, 27095, 19711, 11421, 21521, 43915, 11123, 32803, 42797, 44231, 43056, -1, 7272, 30318, 34181, 3510, 42951, 40920, 29451, 46104, 26121, 21437, 24660, 40234, 39893, 38081, 20170, 10483, 44110, 45949, 43746, 15620, 39803, 25701, 33107, 41110, 31818, 45392, 41609, 35353, 44897, 34515, 42194, 28320, 34997, 41748, 34721, 38260, 36909, 44850, 17305, 41433, 41265, 37641, 25638, 34080, 41246, 9544, 19523, 7283, 24209, 29126, 30500, 44105, 32569, 6209, 42849, 19051, 41590, 15664, 33272, 21547, 19384, 33254, 42726, 30033, 22970, 29720, 37592, 37310, 35400, 45086, 10073, 29563, 24164, 26483, 39695, 38576, 42913, 43057, 10242, 44764, 31747, 18476, 44210, 42137, 9988, 29038, 19123, 31072, 38163, 13436, 24966, 15038, 28463, 35116, 44525, 34415, 5703, 45631, 35015, 15033, 18981, 14148, 32274, 39598, 42561, 18422, 39172, 9810, 11391, 37062, 42220, 35564, 41541, 38316, 15176, 28766, 17582, 35807, 36295, 30502, 29256, 30429, 42688, 39083, 19243, 13652, 46046, 45042, 
37273, 39214, 43722, 40461, 46339, 37866, 36582, 27965, 5176, 36686, 37006, 12680, 28222, 36449, 41629, 34710, 42618, 32050, 27139, 31948, 39504, 34324, 39622, 7272, -1, 36310, 16831, 36085, 26860, 31285, 33516, 21725, 17341, 29420, 41793, 32731, 41569, 41517, 34071, 42240, 38571, 10613, 21114, 36340, 36423, 26372, 44947, 43442, 34773, 42158, 12929, 21447, 40669, 31916, 7131, 35682, 39774, 26822, 36426, 39240, 13234, 13765, 45942, 22528, 25700, 17620, 33031, 15531, 46062, 40752, 35009, 21610, 33517, 28911, 34596, 29456, 37169, 25107, 45040, 10122, 38124, 35223, 31102, 37714, 23867, 25673, 42465, 5626, 5081, 37262, 24367, 15910, 29812, 28208, 39078, 23240, 27907, 23402, 44435, 29305, 40700, 37498, 27802, 44862, 41831, 31672, 33451, 18898, 45272, 35360, 45705, 34536, 38041, 6620, 40571, 42134, 20790, 46261, 34686, 44372, 30756, 11669, 40654, 38157, 18728, 22162, 37258, 22959, 16569, 35691, 31846, 41065, 36390, 44637, 9098, 23857, 35430, 19311, 42164, 43346, 42002, 33298, 42849, 37743, 18857, 41855, 44388, 6188, 26356, 29847, 38746, 31629, 
32520, 30983, 38143, 22186, 26347, 27648, 32690, 22951, 33550, 42524, 15143, 22035, 35400, 13957, 39961, 44404, 22464, 44522, 43830, 36191, 20116, 41815, 19410, 30318, 36310, -1, 39658, 46017, 40984, 37000, 23900, 24374, 46194, 46159, 35761, 40953, 22238, 19455, 41120, 35234, 28265, 40143, 32989, 34957, 41214, 28856, 17095, 39160, 19432, 41999, 39340, 40894, 25026, 38481, 34788, 37254, 8996, 25040, 37028, 42492, 45687, 32354, 45239, 28226, 39000, 37123, 35593, 12495, 38040, 35004, 38834, 42667, 18453, 38915, 21742, 27042, 38418, 22042, 36850, 18416, 23351, 12719, 19616, 37320, 37979, 22178, 29649, 41932, 20712, 18157, 36193, 37711, 44687, 5304, 42444, 45263, 17692, 41390, 28426, 15441, 33789, 44855, 12139, 27266, 38393, 22201, 21061, 30898, 46084, 22827, 17809, 44229, 38176, 30641, 27087, 34483, 45127, 33316, 9822, 17088, 37094, 43564, 29746, 34921, 16897, 38275, 1886, 41960, 16015, 34174, 42996, 33465, 42382, 6137, 18065, 6582, 26428, 42399, 37369, 22792, 41452, 45246, 44501, 44185, 31310, 19344, 38864, 30724, 11775, 12192, 25018, 35609, 
35424, 28790, 41624, 16591, 13718, 33564, 30249, 20461, 26323, 36432, 23267, 36719, 14051, 32254, 33932, 40093, 11134, 37842, 35896, 35732, 35426, 33541, 20789, 34181, 16831, 39658, -1, 19706, 36981, 20684, 44533, 12800, 22753, 26945, 31219, 30809, 44376, 16771, 22000, 31188, 31843, 44372, 29241, 46050, 44709, 31248, 26658, 37453, 5966, 19751, 14045, 19052, 36082, 30192, 45048, 39170, 20399, 44962, 45785, 22258, 38762, 44788, 26682, 37678, 23350, 18482, 18164, 21933, 41775, 38901, 41998, 40299, 14113, 37702, 22795, 41948, 42303, 18234, 22269, 44040, 30746, 14326, 32644, 39825, 37847, 39710, 38440, 32706, 40343, 35414, 18670, 41714, 34661, 37887, 5184, 28857, 40619, 45490, 37793, 27756, 33778, 18744, 36155, 36279, 35776, 13957, 34865, 8719, 40516, 36156, 44071, 4546, 43534, 43558, 7596, 35397, 37480, 45505, 29701, 38630, 36983, 22224, 7959, 32137, 23145, 36382, 33842, 27320, 33056, 45661, 35180, 42787, 33418, 43472, 35085, 41661, 38468, 28794, 45780, 25429, 29168, 29556, 38410, 30580, 28351, 45335, 20850, 15558, 36012, 44559, 27214, 23127, 
43267, 20162, 35792, 13381, 42160, 38790, 33231, 27015, 31464, 44989, 41590, 11410, 38194, 44950, 21357, 18428, 23304, 21828, 40685, 41335, 17540, 45199, 21340, 3510, 36085, 46017, 19706, -1, 45342, 39338, 39317, 21833, 41667, 46278, 22400, 5985, 42951, 14542, 24929, 43994, 38434, 40387, 24199, 6103, 34742, 44106, 37960, 23997, 31775, 29956, 41055, 22875, 40405, 36758, 38285, 11662, 32651, 21893, 4181, 39692, 44832, 36386, 40720, 21707, 31429, 5629, 22357, 36140, 16614, 35565, 37445, 29408, 36048, 35728, 39017, 41808, 36130, 10392, 31376, 33222, 27810, 36602, 13056, 21698, 31760, 44229, 27548, 42430, 2848, 44920, 41449, 36076, 36809, 12378, 30946, 31010, 7505, 45862, 40219, 11870, 40426, 20937, 8617, 37847, 42706, 40581, 38583, 41633, 44199, 28282, 17957, 46164, 17765, 25092, 6622, 36593, 35044, 44008, 17838, 45665, 12678, 16106, 27316, 37011, 22451, 11729, 13230, 43693, 39691, 36598, 38993, 11215, 29495, 34985, 32635, 38798, 41654, 32819, 31230, 28746, 21523, 35224, 38598, 42619, 37381, 42200, 42235, 32535, 39230, 15536, 28335, 7866, 
26904, 46190, 35079, 26199, 44706, 21997, 28374, 26569, 42276, 9992, 33601, 42810, 30485, 33343, 44936, 26780, 33978, 34447, 42173, 34468, 14161, 5078, 33253, 42951, 26860, 40984, 36981, 45342, -1, 40531, 33387, 41392, 22590, 43644, 29972, 42501, 40854, 15573, 41692, 45207, 4031, 31372, 23494, 29579, 23532, 42572, 21085, 4767, 18970, 39132, 4963, 23267, 14525, 11669, 21640, 43439, 40515, 31522, 23785, 28458, 39005, 45598, 44887, 30569, 42175, 6675, 19012, 24569, 26966, 42216, 34488, 28795, 28155, 38317, 36002, 17133, 28178, 36997, 35295, 45009, 19824, 11238, 27558, 41740, 33627, 17635, 29548, 24958, 22280, 41548, 34086, 40872, 44922, 18722, 27185, 29937, 43971, 35721, 29621, 6575, 44828, 39817, 39874, 40989, 8300, 37384, 22917, 17087, 31420, 16902, 42400, 27295, 31764, 15043, 30343, 31608, 43647, 39106, 36527, 13290, 14459, 29919, 30082, 27472, 35310, 32950, 44119, 38209, 45094, 15824, 35743, 31244, 21684, 40892, 45211, 37862, 31429, 33292, 42186, 39544, 34765, 41365, 44184, 45375, 37072, 35913, 31961, 4513, 44676, 45548, 32617, 24425, 
35345, 40573, 18917, 30922, 46339, 34056, 43946, 30405, 19402, 39279, 43168, 37876, 40769, 17599, 23837, 15434, 38249, 34777, 19801, 38157, 23682, 11051, 40093, 40920, 31285, 37000, 20684, 39338, 40531, -1, 39200, 42290, 13378, 20463, 46268, 14370, 46116, 34228, 44745, 41384, 37323, 25955, 18262, 43581, 39731, 34162, 44615, 31209, 38441, 45989, 45778, 27276, 31455, 26950, 25445, 31595, 23023, 26273, 34916, 45688, 41671, 4748, 32352, 35370, 35471, 39123, 42035, 22484, 7900, 41646, 15971, 28059, 39737, 41459, 19566, 38475, 45235, 30547, 20546, 31977, 41224, 19986, 33362, 12457, 41030, 17448, 23327, 11905, 42966, 31468, 38785, 25883, 30979, 30589, 11872, 28884, 37090, 39204, 11093, 30200, 29250, 42252, 31361, 40498, 33008, 5245, 34938, 39371, 38338, 38302, 26476, 31206, 43328, 33801, 38967, 19854, 37953, 26298, 36422, 26714, 32141, 44618, 33929, 36545, 29002, 34133, 16063, 43006, 39280, 28539, 38586, 41553, 41518, 28366, 18502, 34079, 44043, 16163, 43099, 20141, 21684, 32787, 45679, 37553, 45004, 34327, 36136, 40716, 27734, 25704, 38327, 34037, 
45166, 39059, 23599, 34423, 39464, 25753, 41131, 37944, 30548, 34083, 27011, 38189, 10870, 45666, 34823, 32181, 45067, 39808, 17015, 41013, 40664, 21244, 33893, 29451, 33516, 23900, 44533, 39317, 33387, 39200, -1, 16791, 23694, 44246, 43123, 43205, 30771, 39802, 29569, 27326, 27384, 46339, 26710, 4237, 37104, 29475, 39512, 27450, 46298, 43316, 41786, 45376, 35137, 28105, 31171, 33227, 44774, 38282, 41907, 29465, 45442, 26029, 41415, 7445, 31604, 21314, 14491, 32969, 41673, 18905, 29155, 27837, 7404, 15863, 30973, 26882, 44484, 42748, 43992, 46097, 34406, 31802, 24527, 41412, 29024, 14728, 23870, 11483, 20776, 41774, 41566, 45528, 32128, 37451, 42685, 42150, 41112, 29800, 38291, 17047, 13874, 42638, 17386, 29198, 43590, 7831, 10138, 45166, 46086, 42111, 40236, 6421, 16437, 37764, 21911, 25859, 17038, 42227, 34884, 32951, 35958, 41408, 31397, 34073, 9585, 16420, 35598, 7253, 26642, 24150, 42022, 34807, 21105, 38213, 10506, 30098, 30863, 35589, 43517, 8514, 38735, 29358, 16801, 38145, 41187, 36869, 37414, 44559, 33755, 37421, 18348, 37538, 
18951, 15380, 35744, 36749, 28892, 36886, 21095, 14152, 41150, 30100, 32599, 19438, 27648, 32644, 33719, 37383, 40870, 38542, 42178, 10869, 16854, 33380, 30191, 46104, 21725, 24374, 12800, 21833, 41392, 42290, 16791, -1, 35601, 22133, 40371, 40647, 42600, 15145, 42590, 37403, 8717, 32697, 39764, 32088, 27633, 28094, 38818, 35073, 32067, 28749, 25686, 41673, 44052, 22876, 35354, 45638, 30583, 42749, 11173, 30414, 31975, 43343, 20135, 32441, 44893, 16377, 17854, 30798, 43317, 39877, 9123, 19498, 37723, 40299, 25001, 20145, 38490, 29697, 14027, 42109, 23119, 36234, 36629, 10138, 32099, 29687, 16999, 12482, 26879, 41780, 42630, 42636, 13366, 34620, 34704, 29137, 40825, 28137, 27446, 42856, 46252, 8741, 39412, 32333, 19317, 8610, 40047, 29962, 4980, 21288, 22018, 30794, 32447, 25085, 44107, 36341, 31039, 43835, 24152, 22037, 43686, 28780, 32254, 24230, 32564, 44970, 42528, 37040, 33151, 29436, 32684, 32775, 28956, 43646, 24698, 22285, 21834, 41342, 27390, 45301, 23403, 28678, 12916, 34481, 27523, 37130, 30317, 27792, 16368, 18792, 37567, 44020, 
39008, 22483, 45462, 25195, 40275, 21592, 22151, 13036, 28141, 40190, 10790, 19598, 40061, 8413, 32253, 31586, 28994, 29678, 39299, 10552, 30705, 10168, 38587, 26121, 17341, 46194, 22753, 41667, 22590, 13378, 23694, 35601, -1, 30382, 42585, 40144, 4688, 37687, 20734, 11855, 30080, 43316, 23266, 15795, 33134, 40853, 43455, 21977, 38676, 37175, 18910, 25219, 41940, 36888, 39797, 28286, 35931, 18111, 30455, 14919, 42752, 43937, 37632, 23402, 8329, 35965, 21330, 22918, 38021, 31203, 46099, 41348, 29001, 30498, 18626, 42482, 15702, 42109, 36635, 31515, 34463, 9514, 45631, 25527, 37235, 42007, 11076, 43329, 17960, 44684, 44670, 31300, 35311, 40025, 34224, 16336, 45234, 35999, 42500, 22060, 25892, 20852, 45022, 4272, 32987, 19026, 38028, 35122, 40294, 40090, 31608, 9467, 37208, 31547, 9308, 31272, 41149, 33870, 43488, 37339, 28999, 43930, 46148, 17812, 45350, 34129, 45590, 46308, 33101, 34506, 23340, 39128, 33064, 41893, 19314, 45937, 33488, 27492, 43799, 6213, 11113, 42978, 42651, 22848, 41759, 36307, 10930, 11319, 34408, 30097, 6702, 42910, 
9362, 17590, 38759, 22426, 28041, 33135, 8728, 31859, 39125, 35069, 40757, 37920, 24668, 26400, 34824, 19728, 23698, 28115, 7357, 42875, 46127, 31057, 20207, 21437, 29420, 46159, 26945, 46278, 43644, 20463, 44246, 22133, 30382, -1, 17044, 43803, 42315, 33644, 38649, 44486, 29316, 29837, 31664, 20671, 41472, 39970, 38735, 32591, 32563, 35070, 41252, 34998, 25679, 23210, 33198, 45715, 32624, 28127, 45188, 10834, 24729, 36861, 9366, 33613, 42127, 24155, 37648, 18513, 28797, 44127, 21269, 23679, 36953, 27238, 41775, 12640, 24500, 42462, 17997, 31401, 7452, 44122, 36658, 38492, 42026, 34150, 41553, 31010, 36998, 35982, 13086, 29776, 21433, 31734, 29608, 46049, 44254, 41606, 40754, 33665, 30918, 17381, 43534, 39377, 35433, 38555, 31283, 43606, 12807, 9853, 28786, 37940, 17734, 45822, 6029, 44251, 32776, 37363, 43749, 16275, 24772, 12661, 13452, 35100, 45508, 34093, 2776, 40041, 30654, 30543, 39603, 45236, 23937, 46097, 42525, 22010, 38131, 39045, 43003, 17225, 12777, 11406, 26622, 43958, 37483, 37345, 40607, 33330, 39384, 28195, 43620, 14375, 
31897, 26797, 43910, 14231, 42838, 26449, 42361, 36303, 24879, 32712, 23629, 44791, 26676, 38634, 43271, 42071, 42667, 44250, 35681, 10938, 5910, 41030, 15463, 24660, 41793, 35761, 31219, 22400, 29972, 46268, 43123, 40371, 42585, 17044, -1, 35493, 10393, 29929, 30617, 30679, 31905, 26058, 26728, 10552, 19300, 13771, 43719, 29176, 27679, 45785, 34167, 28424, 16643, 38193, 19632, 43038, 31933, 31918, 28357, 38159, 8655, 15927, 44903, 36618, 26336, 16474, 17801, 30974, 19264, 40357, 37099, 42255, 12198, 33219, 22322, 15319, 37968, 42490, 15543, 20333, 22067, 34564, 30973, 33934, 32998, 43102, 39662, 38436, 34466, 30920, 31941, 20908, 39421, 38810, 45959, 43792, 19645, 41939, 35185, 17137, 37750, 43723, 39691, 45327, 34332, 42823, 32522, 23971, 36570, 40942, 37486, 31716, 17685, 20936, 44517, 29694, 11685, 39321, 31122, 13206, 18452, 17176, 28826, 40773, 7261, 35909, 14773, 19482, 18652, 45370, 25023, 10026, 26020, 10377, 24816, 42850, 46152, 27629, 38185, 33001, 8903, 14291, 39721, 38435, 39189, 40608, 29140, 45103, 13026, 28992, 33624, 39045, 
26013, 32343, 26851, 43424, 19129, 17487, 45251, 33580, 32551, 38154, 26441, 41650, 44741, 40648, 19049, 14403, 25519, 43562, 21809, 40483, 30108, 40783, 20000, 40234, 32731, 40953, 30809, 5985, 42501, 14370, 43205, 40647, 40144, 43803, 35493, -1, 42861, 44968, 44247, 44707, 36059, 23179, 31375, 27685, 31543, 35895, 24203, 42930, 32630, 27274, 34019, 26439, 28602, 27932, 40158, 9774, 21976, 44177, 39056, 34958, 38101, 39416, 43365, 34750, 26600, 18961, 18240, 45669, 10095, 20462, 31260, 16473, 24496, 16630, 12022, 43623, 37431, 41391, 37562, 31156, 30593, 23636, 44601, 35410, 34768, 38936, 41618, 40928, 12045, 25645, 22703, 45713, 43797, 46171, 33365, 45489, 36280, 20478, 10552, 33935, 45539, 43581, 23810, 35227, 42878, 30230, 42103, 25669, 10937, 40708, 32896, 39864, 42934, 21765, 43869, 28947, 35373, 40603, 42512, 44854, 44767, 42538, 16745, 41356, 10437, 35862, 44545, 27930, 44835, 36695, 5580, 37650, 43695, 42165, 45365, 19056, 36396, 41570, 11592, 35948, 40877, 42886, 44295, 23048, 39084, 29503, 36964, 24481, 13919, 40857, 46053, 27754, 
36597, 37517, 41084, 35787, 28796, 28949, 11506, 38114, 40547, 11455, 45216, 36587, 40488, 7381, 30796, 38705, 38989, 28149, 31325, 37705, 31202, 35488, 46020, 39893, 41569, 22238, 44376, 42951, 40854, 46116, 30771, 42600, 4688, 42315, 10393, 42861, -1, 39144, 24509, 40292, 41071, 22500, 25707, 21280, 16492, 37084, 39657, 15050, 8855, 36589, 3509, 35170, 15818, 30471, 25896, 21404, 42079, 39744, 12585, 43652, 43508, 39896, 30087, 37319, 3383, 18421, 12295, 26348, 32480, 19952, 27629, 37344, 44945, 27141, 28856, 3244, 36007, 38741, 29588, 2441, 18957, 41425, 39389, 17501, 38080, 43177, 18086, 28582, 37749, 45998, 23505, 39923, 31970, 21069, 44388, 45916, 39835, 26029, 26277, 17437, 45919, 18956, 24927, 19343, 13277, 14089, 16029, 26903, 29358, 27448, 30291, 11330, 46291, 36720, 19452, 33563, 4463, 32115, 33124, 37037, 33832, 28545, 18757, 23413, 42367, 37247, 17281, 36797, 10358, 21576, 32202, 17954, 26752, 24542, 29170, 44951, 31043, 20126, 14328, 36622, 34065, 44501, 25859, 28607, 27826, 26615, 28701, 43406, 16755, 33579, 30041, 33435, 
