158
[-1, 28168, 44607, 35429, 37957, 25110, 40499, 18506, 35425, 20449, 41435, 35496, 33134, 15999, 31011, 39347, 39773, 29773, 4734, 22658, 33706, 38865, 44199, 36935, 42464, 45638, 36510, 20310, 22436, 34104, 40255, 44157, 45326, 16813, 33360, 36714, 41370, 13459, 40591, 6262, 10933, 27991, 40903, 39671, 32092, 42358, 23584, 40215, 13182, 35942, 40845, 26417, 15236, 27104, 42599, 31856, 11002, 44858, 36665, 29819, 31465, 38989, 23539, 13889, 30215, 19177, 29153, 41629, 15884, 28468, 42235, 42521, 37498, 35156, 41445, 31401, 17933, 31694, 43194, 23337, 23705, 23699, 11814, 45420, 46327, 31425, 39682, 30643, 36603, 21351, 34340, 44851, 33486, 25244, 19000, 18815, 26337, 38776, 27718, 16437, 26671, 16901, 40203, 29646, 26219, 24294, 32638, 22286, 40169, 35701, 13283, 42960, 24015, 44031, 19137, 36543, 12938, 40402, 28339, 33538, 37001, 29880, 35149, 26307, 25538, 20923, 43881, 42411, 40281, 35745, 13341, 19011, 35500, 37387, 9102, 26142, 19947, 37650, 42848, 37028, 15963, 22130, 22307, 23349, 36379, 32371, 18810, 40099, 42794, 31369, 21830, 31110, 45008, 20285, 43692, 29992, 27106, 21241, 
28168, -1, 32426, 29009, 17795, 43000, 45634, 29825, 39096, 38113, 12948, 43091, 42303, 38210, 31201, 29347, 35555, 22673, 43081, 32800, 27911, 34344, 44145, 24804, 44699, 16480, 29516, 22741, 14281, 43324, 32308, 39346, 40891, 44351, 41954, 37368, 34817, 40829, 43622, 25411, 35610, 40260, 32215, 20105, 39199, 16274, 41741, 30386, 33808, 42431, 44673, 45860, 9209, 33975, 42220, 43720, 44320, 31504, 32899, 20589, 41635, 20650, 34026, 4753, 37801, 33797, 35187, 37425, 45035, 13975, 42879, 26459, 45849, 41380, 45708, 42875, 38529, 15883, 31673, 42847, 32953, 29018, 17047, 38530, 41391, 29263, 15456, 45539, 27215, 24795, 25809, 39768, 22488, 28163, 43353, 41508, 18147, 12418, 36925, 42552, 37490, 39238, 23379, 24616, 42201, 16157, 46085, 43579, 40496, 41234, 23877, 31955, 41796, 10784, 25677, 45414, 38366, 45189, 28401, 44307, 34427, 44392, 33798, 45820, 40082, 33914, 35106, 23183, 9107, 35655, 29187, 14702, 5804, 24353, 11818, 41738, 16196, 34728, 44740, 30416, 42367, 32268, 35146, 40273, 40333, 44981, 31373, 38328, 31039, 13787, 26671, 37502, 38896, 13818, 40628, 20247, 37660, 19552, 
44607, 32426, -1, 39165, 12225, 40255, 15852, 34342, 35650, 44317, 29181, 44307, 39384, 6000, 32657, 41086, 11048, 44693, 44639, 14202, 35721, 38174, 45292, 24805, 29759, 31690, 37844, 39801, 32142, 37668, 32590, 21126, 41858, 18080, 14718, 28716, 8991, 26901, 35026, 42539, 42876, 37766, 25961, 23169, 20496, 29082, 37277, 40163, 45480, 36114, 44648, 30107, 34083, 26078, 24399, 25227, 36731, 29909, 33457, 37356, 8937, 31295, 45576, 43730, 22177, 4418, 23729, 17368, 30874, 18408, 10568, 25247, 42350, 35705, 39353, 44518, 26983, 45892, 42024, 37290, 45037, 34937, 40368, 24055, 43560, 39063, 15996, 10741, 43027, 23300, 23117, 38446, 16189, 25655, 18870, 17450, 32059, 4696, 32458, 46003, 20791, 13444, 32155, 38495, 23365, 21270, 43081, 4424, 22098, 41506, 14654, 14920, 38390, 41602, 17641, 11121, 41156, 21863, 40029, 24674, 19064, 38023, 41903, 9680, 14180, 28898, 38539, 27788, 7476, 24957, 37902, 32408, 19530, 38914, 34675, 12405, 9141, 12717, 36364, 29201, 32433, 19779, 33912, 14293, 27889, 45783, 13346, 34034, 36953, 15773, 45040, 39617, 42882, 39698, 26935, 43598, 26958, 35894, 
35429, 29009, 39165, -1, 9594, 39220, 25925, 29281, 22964, 22851, 30670, 37887, 43192, 8929, 34359, 30774, 26229, 13103, 44313, 26311, 40204, 45713, 28212, 28317, 3545, 45300, 18550, 44498, 45770, 43234, 8805, 34036, 39166, 39542, 41548, 17811, 45314, 44703, 24970, 21881, 5136, 26667, 7651, 43964, 43856, 30164, 42290, 40731, 44990, 41877, 21194, 23486, 11731, 25899, 40899, 8672, 46235, 43833, 34756, 17313, 18647, 38237, 40400, 26358, 28553, 15694, 14213, 36377, 41002, 29112, 36702, 7693, 44278, 25028, 34391, 44553, 34275, 22439, 15196, 42913, 23128, 40650, 39572, 38741, 31271, 13890, 45345, 17006, 3518, 24373, 31156, 32486, 26199, 21400, 15212, 36874, 3342, 24465, 35371, 32391, 25453, 21444, 18481, 4786, 41530, 39572, 30924, 16380, 31570, 42413, 19122, 38147, 26748, 22228, 45896, 41110, 38685, 37031, 31948, 33184, 44886, 21765, 25951, 16936, 31726, 45895, 21235, 45004, 19343, 44630, 18506, 33020, 25764, 27030, 33239, 34211, 30037, 29576, 45056, 41460, 45950, 9386, 20614, 36186, 42287, 38897, 21286, 29040, 12088, 34046, 31105, 44269, 42152, 35608, 29000, 5032, 17672, 45753, 
37957, 17795, 12225, 9594, -1, 3954, 41248, 32505, 30581, 43193, 26503, 37948, 37341, 28699, 32066, 29372, 36573, 36537, 32879, 44696, 39212, 29126, 28497, 14496, 43345, 22568, 42395, 2123, 42791, 40035, 38301, 44840, 11097, 27449, 20921, 36639, 36945, 43849, 28091, 39781, 38591, 37252, 40439, 41326, 39666, 45017, 39271, 25734, 38951, 45006, 29460, 39646, 21865, 19625, 44362, 37680, 21513, 40967, 21536, 42783, 40585, 35492, 27281, 45042, 37916, 22173, 31922, 16917, 25231, 25107, 10564, 28255, 42656, 33310, 21016, 20690, 21804, 21425, 41306, 44881, 33078, 38821, 43530, 7597, 17573, 19701, 38601, 25817, 39909, 43321, 34773, 43833, 33970, 12881, 43473, 7278, 35550, 43139, 42734, 33822, 40001, 8862, 29719, 26098, 40322, 41276, 46248, 44823, 38659, 24433, 45601, 32243, 42403, 32213, 43146, 18746, 44336, 39002, 36875, 15312, 23016, 40315, 46092, 16790, 35562, 35519, 37506, 33760, 27318, 5753, 44002, 42944, 35890, 39661, 31694, 15248, 26973, 34036, 45371, 9686, 28445, 45848, 30511, 43509, 27935, 37688, 29041, 44428, 21382, 43894, 42805, 40205, 28363, 31750, 3087, 31885, 35955, 24156, 
25110, 43000, 40255, 39220, 3954, -1, 27236, 26538, 31491, 20873, 6878, 37342, 29328, 12848, 34439, 42382, 28300, 21286, 36048, 42944, 22461, 30444, 34884, 25344, 35473, 15334, 28930, 44018, 26768, 27695, 25304, 35172, 43539, 11686, 13423, 43450, 45269, 40604, 37598, 45444, 43265, 6052, 38915, 44717, 39569, 26663, 40185, 28089, 37648, 21271, 18715, 39569, 33479, 36829, 30843, 12992, 24978, 20591, 23982, 25961, 34438, 38215, 44465, 30057, 21283, 44214, 16202, 37357, 18031, 39981, 27221, 45137, 21603, 28090, 45191, 45544, 7369, 12239, 17843, 45218, 32579, 33146, 38113, 37339, 27405, 22182, 35946, 17076, 12865, 43015, 21604, 28938, 11223, 36267, 20318, 17600, 16355, 45792, 16338, 29781, 22729, 24494, 31203, 19994, 25008, 16331, 18469, 13332, 13908, 46304, 24106, 15201, 17888, 13012, 46226, 7671, 34865, 26682, 45953, 45745, 34483, 42914, 37192, 42831, 30477, 14522, 24196, 13942, 25785, 10679, 45904, 21993, 6518, 25066, 42508, 7198, 35547, 34186, 34530, 44218, 16483, 36917, 35827, 44444, 30561, 26948, 44652, 29145, 41873, 45936, 45017, 41547, 32432, 7794, 45587, 29374, 7830, 21555, 
40499, 45634, 15852, 25925, 41248, 27236, -1, 40605, 26608, 40725, 34036, 11828, 40674, 34579, 35683, 40320, 29066, 24325, 31673, 42698, 15981, 45766, 26475, 45260, 37834, 20909, 6533, 35400, 36221, 6709, 39063, 16606, 38322, 32877, 28301, 30979, 17190, 38922, 24324, 36156, 21139, 20720, 35852, 44489, 10510, 45340, 26332, 38863, 38334, 45475, 40452, 10912, 20237, 19799, 36712, 38679, 39223, 20606, 42016, 34979, 41272, 25197, 23658, 30211, 40604, 38761, 38038, 31051, 32067, 41502, 25174, 45450, 34450, 21845, 42370, 22946, 41400, 40783, 31080, 30749, 22253, 24520, 9460, 36390, 30608, 20916, 14825, 45014, 37809, 6308, 42796, 32228, 34254, 45560, 34178, 35994, 18455, 45693, 23476, 34267, 43153, 12809, 16941, 36035, 22499, 40953, 37480, 44623, 44212, 32627, 22889, 46212, 36950, 40424, 42859, 38788, 43334, 10626, 23180, 45864, 28859, 22099, 42452, 29829, 17640, 22584, 31876, 39726, 12114, 40730, 18173, 43874, 32919, 41840, 18791, 3140, 29826, 26995, 35438, 33012, 23945, 25865, 28376, 46169, 22945, 46038, 32513, 22492, 36151, 42219, 38061, 29846, 35053, 24470, 35590, 27608, 43833, 44025, 
18506, 29825, 34342, 29281, 32505, 26538, 40605, -1, 44292, 22622, 14844, 41609, 44094, 35106, 40293, 26450, 22315, 14712, 35199, 37619, 45867, 40589, 46263, 44327, 44101, 42188, 34409, 43173, 35192, 16393, 33368, 37130, 28008, 15916, 44600, 17621, 35985, 31855, 20026, 41260, 42458, 15656, 24857, 39799, 31572, 6239, 33642, 19907, 32487, 43827, 37768, 21028, 22386, 7073, 32627, 38649, 14433, 27187, 15323, 16814, 34871, 42458, 43751, 40786, 42474, 23121, 41672, 31748, 27240, 40958, 6995, 9524, 41919, 44011, 30052, 17054, 37216, 38045, 22488, 43018, 21463, 44146, 38724, 33899, 36225, 45793, 15451, 15507, 39015, 33482, 44674, 41232, 20810, 25606, 23424, 31565, 35453, 30336, 33958, 19507, 40709, 38341, 43868, 35332, 27305, 30972, 39620, 35297, 44668, 34675, 32156, 41145, 31042, 43088, 41618, 15424, 29758, 27237, 43142, 39535, 34178, 24788, 25980, 26146, 28910, 20029, 28274, 18475, 33624, 17324, 21974, 7661, 44257, 11883, 33905, 31015, 45037, 43104, 42692, 11127, 38425, 28690, 31593, 42007, 12778, 27262, 37387, 36446, 34529, 37961, 29280, 41616, 37943, 35368, 45284, 41711, 16813, 24115, 
35425, 39096, 35650, 22964, 30581, 31491, 26608, 44292, -1, 35506, 8900, 37922, 41869, 16412, 43828, 36565, 13524, 20133, 36770, 45013, 24281, 33502, 44363, 35669, 39890, 27915, 38865, 38431, 30918, 39696, 9664, 18131, 43212, 33654, 33253, 37678, 27023, 35160, 10006, 46334, 40844, 10249, 35122, 39636, 32032, 21812, 42310, 40371, 23518, 20787, 39481, 22801, 20574, 24033, 44349, 40979, 42235, 22313, 16832, 20032, 26150, 43681, 41073, 12433, 7527, 44156, 34557, 36473, 22238, 27563, 21768, 29547, 24066, 31566, 19990, 25380, 32304, 20178, 37213, 37383, 39365, 6611, 44970, 26785, 36748, 28767, 18602, 20774, 31961, 7794, 11704, 38306, 37785, 33966, 34968, 21877, 27888, 29260, 42574, 44039, 21314, 42088, 10513, 39430, 36704, 23439, 36350, 27186, 33130, 44943, 35660, 36667, 35369, 27164, 26219, 28075, 31455, 42803, 39536, 17741, 2172, 30738, 38341, 26755, 33163, 43994, 46093, 31095, 14586, 28565, 32205, 33196, 31194, 20095, 25676, 32797, 37814, 43638, 22935, 7586, 42974, 16217, 45357, 36949, 6080, 22144, 32438, 15488, 33875, 26900, 40690, 34359, 37729, 40240, 19596, 24827, 34597, 35819, 
20449, 38113, 44317, 22851, 43193, 20873, 40725, 22622, 35506, -1, 37636, 29399, 42530, 32210, 37835, 46261, 13520, 29070, 46283, 4313, 38052, 11796, 11744, 43444, 21746, 10247, 25930, 42595, 44211, 35497, 37203, 39169, 5698, 44509, 22626, 21073, 25010, 42577, 15660, 40122, 40071, 43832, 42414, 14437, 36376, 30051, 36556, 25940, 16920, 38205, 27982, 17825, 19199, 43636, 46268, 11064, 45654, 11833, 41586, 8675, 25224, 21665, 19852, 33291, 45238, 11175, 44712, 27324, 20482, 45172, 44896, 39492, 37713, 36820, 8598, 45927, 4228, 32691, 29898, 27464, 26657, 43824, 34494, 38021, 23959, 7768, 13746, 28935, 26309, 30430, 31375, 42206, 31927, 33246, 44713, 34702, 22366, 17085, 20753, 36218, 30414, 39540, 18449, 30624, 13275, 19625, 22070, 12989, 30889, 42510, 45581, 41551, 39665, 26675, 5020, 34903, 37708, 35877, 31894, 37596, 29085, 27923, 35900, 42003, 32303, 38167, 37334, 43428, 20395, 42998, 38462, 45982, 28904, 43563, 25471, 17047, 46030, 43376, 44230, 13275, 40876, 31899, 38098, 13496, 19446, 6691, 23594, 19110, 23629, 12275, 40346, 44755, 2152, 11503, 14355, 36258, 25810, 43267, 
41435, 12948, 29181, 30670, 26503, 6878, 34036, 14844, 8900, 37636, -1, 38127, 43922, 39146, 30175, 25676, 31985, 44875, 39769, 11275, 30411, 17397, 15590, 7042, 16926, 45180, 41207, 30386, 37385, 32560, 18035, 26287, 41686, 41413, 11894, 36033, 18043, 26254, 44268, 39333, 17702, 22655, 9715, 19964, 26972, 38984, 29758, 31537, 37761, 31202, 37005, 40643, 19471, 34797, 18410, 39484, 36345, 12651, 30466, 22352, 9136, 42794, 34187, 35408, 26969, 30606, 44937, 14891, 23260, 20934, 37762, 42454, 28807, 23084, 25545, 40422, 43670, 45851, 24181, 26954, 45702, 41633, 26666, 32672, 21897, 35969, 34758, 37698, 16651, 40893, 42527, 24981, 31822, 39374, 25961, 24286, 21974, 45572, 27723, 30533, 31484, 18304, 14071, 41436, 35775, 28341, 41042, 35614, 39535, 6403, 14033, 32815, 8410, 39697, 34824, 44711, 32890, 37844, 32906, 30966, 46219, 17809, 45478, 36224, 42439, 13751, 15401, 28392, 9227, 45756, 34148, 46070, 16175, 32207, 27388, 10373, 36840, 5980, 39834, 42570, 14113, 30590, 19389, 43738, 39591, 40248, 24985, 36109, 39008, 39272, 41780, 17914, 32627, 31681, 45263, 32927, 19765, 8801, 
35496, 43091, 44307, 37887, 37948, 37342, 11828, 41609, 37922, 29399, 38127, -1, 29469, 25725, 41423, 7995, 22516, 33529, 10667, 13893, 24645, 40337, 39407, 24810, 45657, 4648, 33036, 38182, 43353, 27550, 40090, 24528, 27033, 38905, 28249, 19990, 20234, 45691, 17466, 40365, 42804, 28813, 45514, 21321, 41914, 14051, 39511, 43756, 27138, 34323, 35260, 45131, 24566, 21935, 42104, 33318, 14545, 32918, 43259, 44386, 18720, 11760, 39087, 17450, 37294, 27687, 26761, 13809, 12047, 26467, 13320, 8086, 19180, 39303, 25678, 7421, 21047, 41370, 38702, 17843, 30005, 17054, 8502, 34430, 20390, 36119, 24820, 30682, 40940, 18090, 37594, 19925, 34212, 29393, 40097, 34729, 44235, 24293, 36854, 30279, 40922, 45434, 40272, 36089, 37000, 30794, 45877, 10189, 12324, 10666, 41133, 4972, 27335, 29198, 30596, 26578, 12750, 22499, 22053, 44510, 37739, 18239, 34088, 22510, 16723, 43010, 38623, 17284, 29288, 44580, 24755, 42618, 46247, 9818, 41034, 16464, 18938, 8472, 11084, 29706, 31558, 37964, 46299, 10533, 33320, 42431, 23300, 11827, 20886, 40774, 18518, 20476, 14358, 13294, 12819, 42469, 32768, 40283, 
33134, 42303, 39384, 43192, 37341, 29328, 40674, 44094, 41869, 42530, 43922, 29469, -1, 29985, 38129, 8139, 22515, 40811, 17401, 30937, 18934, 36297, 25772, 24536, 44391, 45469, 38368, 37327, 44322, 18564, 27504, 32087, 25105, 45683, 29112, 36584, 33662, 43524, 41476, 39051, 6258, 22232, 45679, 20957, 23652, 21136, 21730, 33508, 29836, 11807, 39310, 24953, 38285, 42102, 18154, 27737, 46144, 29699, 18177, 34124, 32117, 5054, 40306, 44504, 28194, 30440, 20910, 5914, 36202, 45942, 34975, 38185, 26446, 31606, 41674, 43343, 44332, 21760, 25648, 9451, 32738, 27033, 20977, 41203, 45534, 32192, 42580, 32440, 27171, 43406, 43209, 32296, 21383, 18048, 18429, 30715, 31679, 36472, 31255, 23565, 26575, 36277, 33979, 38449, 38629, 28021, 18693, 43404, 42989, 33137, 37225, 23632, 20761, 45351, 8235, 16115, 39245, 33701, 16073, 32837, 35650, 26008, 17967, 25373, 44441, 28414, 43900, 742, 31862, 16183, 6704, 44876, 15041, 38474, 45729, 39318, 36724, 22305, 44702, 42344, 15548, 26348, 30497, 43831, 33574, 4263, 33407, 32129, 25100, 37243, 13323, 45883, 38779, 33936, 33386, 39489, 41417, 30136, 
15999, 38210, 6000, 8929, 28699, 12848, 34579, 35106, 16412, 32210, 39146, 25725, 29985, -1, 28166, 41184, 45971, 42893, 28163, 42877, 42776, 38600, 29604, 32544, 30900, 38842, 23389, 40293, 28444, 44903, 31272, 28024, 46207, 35046, 23899, 23233, 37903, 39919, 40698, 23285, 45349, 39675, 24310, 42599, 41292, 21708, 28017, 44423, 35564, 26386, 39357, 40229, 24694, 11132, 26968, 42978, 17326, 33598, 20805, 45247, 43715, 45373, 26851, 6362, 42996, 36638, 28681, 30869, 28395, 31698, 22284, 44926, 12037, 35479, 41648, 36973, 32942, 14884, 27549, 33563, 32275, 22991, 9258, 24173, 31359, 21440, 41010, 38184, 15965, 35993, 7011, 19460, 36935, 44026, 46141, 20263, 13124, 6652, 23074, 26908, 46131, 24419, 41041, 46265, 37355, 34808, 41969, 12783, 30854, 43437, 43902, 9375, 32503, 19966, 41129, 28931, 30187, 13196, 28937, 36444, 34674, 36458, 34983, 37059, 41646, 21447, 42566, 41486, 44538, 28031, 37521, 19750, 32950, 40272, 7416, 46152, 41040, 38183, 27295, 35455, 46273, 31389, 23208, 15743, 39430, 26065, 41564, 33605, 17080, 35043, 40395, 35603, 6909, 24443, 33415, 13636, 31255, 14826, 
31011, 31201, 32657, 34359, 32066, 34439, 35683, 40293, 43828, 37835, 30175, 41423, 38129, 28166, -1, 35756, 16535, 33492, 45741, 16400, 7862, 44502, 21411, 32374, 44759, 44215, 32206, 40936, 43634, 10453, 45620, 21279, 42792, 39979, 13923, 37354, 28411, 20289, 32357, 43223, 35890, 31588, 27778, 5075, 38898, 9432, 35613, 32377, 23153, 43924, 24764, 36845, 28804, 20465, 29714, 35867, 43323, 36410, 27058, 9986, 24345, 42133, 12319, 44615, 22605, 45656, 37793, 15467, 42412, 41292, 29154, 38831, 15198, 32423, 12969, 13690, 26959, 24805, 38677, 27841, 33402, 35586, 39101, 39645, 38274, 31092, 40597, 38180, 35347, 14246, 32649, 40960, 21040, 44167, 36408, 37123, 29537, 15219, 32941, 33737, 27544, 39188, 31855, 30194, 26760, 32292, 31190, 38303, 40054, 33708, 19549, 34215, 27607, 36739, 44707, 27153, 45300, 38110, 16905, 42348, 45626, 10769, 9920, 40597, 42758, 40723, 35337, 20330, 40685, 33209, 38156, 28637, 8378, 30386, 37428, 40051, 15722, 27166, 43848, 33328, 46020, 20296, 29517, 31647, 43413, 42319, 43002, 35815, 41257, 23037, 45881, 27925, 26413, 9798, 22235, 43858, 21341, 18488, 
39347, 29347, 41086, 30774, 29372, 42382, 40320, 26450, 36565, 46261, 25676, 7995, 8139, 41184, 35756, -1, 36047, 32012, 35867, 44353, 16978, 28931, 41160, 32962, 35606, 19553, 13203, 967, 44027, 34732, 32769, 40572, 24233, 20503, 31783, 41335, 12768, 41004, 24282, 21476, 42178, 26889, 20087, 34528, 29795, 36117, 31111, 23839, 19492, 39222, 38335, 42451, 43480, 27430, 16339, 21575, 23119, 7126, 41192, 18947, 26312, 43627, 11754, 41247, 21552, 45226, 39143, 38546, 33695, 26089, 23133, 35394, 16617, 34342, 12640, 46303, 26259, 27765, 36119, 17344, 21030, 15452, 43180, 36618, 44887, 16998, 44509, 25278, 13089, 23050, 45568, 34794, 41288, 26746, 34238, 34375, 41170, 31178, 39729, 41117, 16322, 35183, 34248, 42359, 35180, 36852, 10880, 32668, 41158, 14162, 33134, 28465, 41059, 39290, 7699, 26991, 40715, 39640, 35226, 32789, 19104, 17845, 43176, 26322, 27647, 14093, 36982, 34593, 39873, 44922, 44849, 42100, 42603, 38771, 26854, 38793, 37609, 19907, 38839, 41731, 17330, 15315, 32639, 20790, 42613, 45865, 41141, 18456, 30845, 11974, 9687, 18364, 18597, 36231, 32517, 24823, 16802, 41015, 
39773, 35555, 11048, 26229, 36573, 28300, 29066, 22315, 13524, 13520, 31985, 22516, 22515, 45971, 16535, 36047, -1, 18742, 22911, 13052, 44519, 19058, 40298, 19517, 11001, 28116, 17622, 24131, 12863, 20953, 35352, 17873, 22062, 29424, 30248, 45305, 44066, 8759, 22164, 6958, 24869, 43457, 8370, 31451, 29813, 19350, 37042, 43459, 22785, 23827, 20944, 38795, 18740, 41605, 27351, 6867, 34100, 28546, 38641, 35556, 32374, 14103, 8482, 33788, 27128, 43945, 26080, 45224, 22326, 10870, 40536, 33511, 41836, 45292, 24240, 42401, 18860, 25416, 45982, 43880, 27838, 39617, 19012, 45632, 22447, 24455, 30552, 5363, 4715, 18311, 43741, 46108, 40116, 22835, 30324, 28460, 44795, 20479, 15355, 32677, 36032, 12613, 17879, 45474, 17032, 42834, 41440, 24247, 12635, 44903, 3117, 26123, 44101, 24595, 45653, 17246, 44713, 21524, 30838, 12574, 14425, 44572, 38352, 34204, 43909, 29756, 39445, 44286, 37018, 16770, 44713, 19131, 16182, 45946, 27281, 23069, 28157, 23456, 36030, 32803, 35929, 26518, 26505, 35938, 28323, 23539, 40377, 35142, 2309, 14261, 22842, 39487, 41481, 7379, 36806, 43264, 33598, 39540, 
29773, 22673, 44693, 13103, 36537, 21286, 24325, 14712, 20133, 29070, 44875, 33529, 40811, 42893, 33492, 32012, 18742, -1, 37408, 21581, 40390, 10796, 32750, 38346, 45967, 24046, 34981, 43980, 29922, 22255, 26395, 10195, 37576, 33231, 23676, 27952, 24501, 31410, 41602, 21487, 23673, 32471, 31152, 30995, 20210, 42749, 27577, 32709, 23990, 43711, 14392, 36388, 27038, 17645, 22335, 44750, 43148, 45812, 35487, 23937, 10685, 46070, 16461, 36762, 23495, 43179, 35854, 15555, 24229, 36454, 27314, 19197, 40213, 38998, 18035, 21822, 44691, 30822, 43476, 43985, 32493, 34280, 28511, 41198, 23407, 29358, 28953, 26958, 39640, 15085, 22188, 17380, 28697, 32998, 16127, 42416, 8770, 38543, 19376, 30764, 46168, 26389, 35277, 42726, 40229, 32450, 12402, 33603, 25231, 46294, 42920, 32281, 43852, 15579, 39934, 45605, 44997, 41196, 38899, 9768, 25735, 17550, 42116, 41646, 15730, 41161, 25465, 33149, 5450, 27711, 8531, 33612, 35240, 36089, 28463, 33206, 25434, 26656, 38105, 42661, 34009, 28797, 34004, 23111, 5513, 34128, 32429, 44318, 45610, 14262, 18067, 35775, 41022, 18313, 19821, 42952, 25927, 44841, 
4734, 43081, 44639, 44313, 32879, 36048, 31673, 35199, 36770, 46283, 39769, 10667, 17401, 28163, 45741, 35867, 22911, 37408, -1, 39025, 43355, 34894, 41740, 23583, 37957, 38240, 39565, 26425, 28193, 26892, 31957, 46317, 42237, 17200, 44800, 29047, 29594, 36969, 28035, 34553, 31653, 21092, 26443, 36905, 15879, 35378, 45604, 44949, 21759, 24927, 35213, 29702, 24160, 42755, 18083, 42187, 42908, 38937, 31067, 5461, 42424, 37785, 37161, 36759, 41395, 36608, 40309, 10922, 45934, 10907, 8527, 13648, 42435, 14390, 25442, 32461, 5179, 20374, 43902, 32116, 38966, 33139, 39846, 32488, 45148, 44965, 41282, 17448, 22120, 42693, 29230, 41658, 25638, 38136, 29033, 45277, 37492, 42187, 19187, 45715, 41071, 36320, 45611, 32299, 43191, 25723, 41070, 8364, 34377, 30999, 21633, 45394, 40508, 34147, 31395, 44906, 17633, 45326, 17609, 38111, 30550, 25723, 16562, 24673, 6022, 43975, 7734, 43844, 45731, 44944, 38020, 37204, 27779, 45324, 29538, 14915, 20020, 31253, 16738, 19539, 14680, 21184, 26836, 37888, 44936, 34324, 10707, 34915, 42243, 43865, 40431, 41755, 27927, 14592, 13340, 15227, 39726, 43217, 
22658, 32800, 14202, 26311, 44696, 42944, 42698, 37619, 45013, 4313, 11275, 13893, 30937, 42877, 16400, 44353, 13052, 21581, 39025, -1, 37080, 43252, 21231, 45996, 38751, 44261, 18707, 41043, 12779, 37218, 31440, 34917, 25970, 35642, 41833, 38430, 16721, 12161, 40014, 38097, 18792, 24369, 23333, 29669, 32718, 15313, 27067, 38448, 40087, 36179, 2139, 43573, 44895, 16027, 40716, 8531, 32386, 36595, 28576, 23445, 33792, 43397, 37870, 38845, 33648, 38041, 40150, 30325, 15829, 32442, 18745, 26805, 38452, 33186, 18765, 7934, 31384, 36709, 36802, 41941, 40759, 33998, 31314, 28891, 23930, 8966, 34929, 34266, 25790, 42874, 45306, 25483, 44807, 30868, 45659, 37416, 12083, 6222, 2915, 44232, 40920, 22649, 38187, 46177, 27290, 45203, 37434, 20963, 15195, 12019, 31072, 36936, 41148, 43228, 25524, 39100, 37332, 22105, 45982, 19597, 42450, 16509, 45756, 40723, 14466, 39994, 27516, 33227, 25018, 31947, 13175, 19822, 38788, 31386, 13431, 22625, 40462, 32267, 33146, 46282, 39797, 41817, 28356, 42993, 43655, 31116, 36997, 36893, 42743, 16926, 46229, 38541, 4907, 39097, 37149, 41276, 20507, 39055, 
33706, 27911, 35721, 40204, 39212, 22461, 15981, 45867, 24281, 38052, 30411, 24645, 18934, 42776, 7862, 16978, 44519, 40390, 43355, 37080, -1, 35975, 13768, 41043, 33946, 37986, 20643, 39912, 19267, 44508, 28434, 41377, 25816, 44373, 25955, 38758, 25834, 36354, 19546, 27930, 31593, 44535, 16097, 42325, 17142, 44859, 39185, 37764, 34874, 38425, 14910, 28360, 42304, 35368, 7699, 45902, 14600, 36616, 22136, 39181, 12364, 42537, 44421, 24269, 10042, 21449, 19865, 22259, 19953, 26002, 24825, 4913, 39042, 31784, 36128, 33387, 33651, 45537, 28742, 16361, 34053, 15059, 18454, 44876, 39595, 37445, 26809, 29725, 30380, 32832, 42783, 41424, 43913, 34928, 28788, 26666, 39898, 5519, 33772, 30277, 41902, 20402, 24152, 10696, 24069, 45967, 40274, 44447, 33763, 33095, 21203, 26454, 13809, 8908, 35243, 8693, 38436, 39323, 28332, 20314, 20656, 19823, 33209, 5756, 40022, 45913, 22567, 40238, 34676, 25240, 8748, 26381, 40887, 4794, 42185, 45399, 42964, 39742, 45374, 20808, 39579, 16202, 33961, 44272, 43810, 38255, 5383, 43706, 40697, 26171, 37562, 24900, 42271, 29070, 31487, 41936, 35282, 36051, 
38865, 34344, 38174, 45713, 29126, 30444, 45766, 40589, 33502, 11796, 17397, 40337, 36297, 38600, 44502, 28931, 19058, 10796, 34894, 43252, 35975, -1, 38958, 43646, 9013, 15924, 43039, 13396, 45056, 45159, 32453, 45568, 44047, 29057, 36457, 42619, 40648, 37925, 31066, 44456, 44786, 23544, 40279, 10128, 42281, 33185, 27601, 41117, 13212, 32784, 17806, 37767, 45977, 31797, 29028, 42266, 34776, 35227, 19696, 36454, 31873, 44270, 40403, 38526, 40369, 44789, 45664, 10735, 26612, 40653, 24357, 44667, 23101, 39364, 11424, 12844, 39398, 15240, 28069, 42813, 5028, 19063, 38093, 35889, 38589, 18735, 37062, 46169, 32169, 36153, 45287, 36501, 15389, 16938, 25453, 13196, 24464, 33400, 19811, 39945, 19938, 42452, 33029, 32653, 35898, 38081, 43673, 40387, 39690, 44862, 43759, 19961, 26833, 28556, 35243, 11872, 43441, 20538, 42290, 38375, 39771, 29059, 34255, 42099, 44206, 19096, 37761, 33451, 27571, 22117, 30094, 26766, 11966, 31751, 42594, 13792, 31285, 20068, 31440, 19621, 34014, 4378, 12924, 45921, 44353, 14196, 33343, 30099, 23813, 35205, 19584, 8971, 45245, 45975, 36843, 29903, 33277, 23373, 
44199, 44145, 45292, 28212, 28497, 34884, 26475, 46263, 44363, 11744, 15590, 39407, 25772, 29604, 21411, 41160, 40298, 32750, 41740, 21231, 13768, 38958, -1, 28229, 18476, 18785, 21375, 46317, 32815, 29730, 31208, 40045, 40791, 42337, 17503, 18859, 21850, 39085, 42775, 41271, 23310, 30933, 39902, 13153, 41016, 35067, 44805, 29209, 18100, 46148, 35302, 23169, 29618, 16360, 21059, 40584, 35114, 2962, 16179, 27644, 21656, 29450, 27078, 40320, 11536, 17756, 33617, 36421, 26080, 27861, 43784, 46173, 11841, 31465, 46220, 17873, 41765, 38615, 39380, 22496, 42691, 32770, 45408, 36330, 24113, 17509, 35344, 31087, 11994, 27094, 46037, 36488, 40632, 10367, 36206, 39879, 42406, 36175, 40235, 19280, 29610, 36617, 26031, 36643, 11283, 23489, 46151, 29290, 44600, 35051, 19868, 41582, 39662, 13305, 30226, 45168, 31442, 29246, 30322, 41959, 27039, 36806, 40633, 27221, 4934, 32732, 31020, 23212, 16169, 40404, 43761, 25624, 44397, 17251, 31535, 34218, 29766, 44766, 41499, 13733, 36562, 21661, 33726, 34757, 40300, 40091, 24531, 20652, 44646, 34683, 31395, 15533, 31533, 2819, 33598, 41082, 28529, 16530, 
36935, 24804, 24805, 28317, 14496, 25344, 45260, 44327, 35669, 43444, 7042, 24810, 24536, 32544, 32374, 32962, 19517, 38346, 23583, 45996, 41043, 43646, 28229, -1, 34891, 20283, 38591, 39080, 37872, 12896, 23364, 24078, 30178, 29820, 29658, 5007, 16327, 46238, 16596, 34726, 45332, 26125, 41649, 37531, 8881, 38507, 22242, 17088, 27851, 32434, 44317, 45888, 31089, 20131, 25242, 33862, 37695, 12544, 27683, 34216, 5258, 39585, 41610, 37853, 15980, 25230, 18434, 21504, 41459, 25326, 31217, 44707, 37396, 27972, 23056, 6429, 29586, 42065, 32963, 38110, 34795, 45554, 42881, 38776, 21927, 39374, 44954, 26354, 32604, 15063, 27335, 37835, 43430, 9206, 32984, 20733, 41116, 8440, 7704, 34718, 36987, 22767, 23766, 32141, 33537, 41119, 26924, 34378, 40642, 42632, 40532, 19854, 33959, 38943, 23284, 38781, 40353, 43116, 33585, 13627, 21069, 23033, 22748, 28848, 31365, 27867, 25475, 40142, 45604, 37208, 34055, 35653, 32124, 38625, 32886, 22761, 19611, 41874, 35163, 45805, 15638, 42184, 45399, 7297, 21729, 22224, 27656, 24922, 34132, 30192, 31723, 26490, 27116, 26313, 33949, 38279, 28472, 40290, 
42464, 44699, 29759, 3545, 43345, 35473, 37834, 44101, 39890, 21746, 16926, 45657, 44391, 30900, 44759, 35606, 11001, 45967, 37957, 38751, 33946, 9013, 18476, 34891, -1, 40994, 41370, 37524, 36279, 38990, 34021, 12398, 28972, 26388, 38822, 32013, 46300, 11764, 20334, 44897, 39810, 43592, 44975, 36136, 35983, 37102, 26782, 22424, 1020, 42253, 38951, 26303, 22094, 16536, 39255, 40474, 45806, 42659, 16383, 6379, 32684, 25890, 39136, 32302, 37777, 31041, 11029, 42736, 33871, 39390, 42883, 19632, 29662, 37368, 23772, 38295, 560, 35093, 42095, 42765, 8037, 27448, 22021, 26165, 31388, 45755, 38357, 33762, 34346, 34841, 29771, 3203, 41413, 45486, 45364, 13505, 42978, 18919, 43727, 22840, 23686, 24265, 14183, 30339, 45729, 28710, 21894, 39015, 21646, 27608, 37493, 45507, 13484, 29365, 30484, 32299, 46046, 29649, 28471, 43474, 21131, 11989, 26792, 42086, 17352, 38824, 26346, 26884, 38205, 35085, 37106, 23588, 35801, 39817, 43444, 44437, 27232, 36065, 16696, 41472, 19851, 34176, 36249, 43799, 42644, 22785, 38632, 45293, 18588, 16458, 28624, 38234, 35982, 18822, 44619, 41944, 19177, 31955, 
45638, 16480, 31690, 45300, 22568, 15334, 20909, 42188, 27915, 10247, 45180, 4648, 45469, 38842, 44215, 19553, 28116, 24046, 38240, 44261, 37986, 15924, 18785, 20283, 40994, -1, 37379, 30597, 28702, 26443, 35650, 37362, 19210, 34479, 44319, 43983, 21343, 28907, 29702, 37498, 31182, 41487, 44079, 44671, 46154, 43635, 41621, 27381, 33003, 26053, 23644, 43341, 10862, 36599, 14478, 21727, 32860, 38434, 21759, 44303, 35436, 34263, 26014, 39524, 22755, 32184, 30698, 26619, 20002, 44330, 40609, 43351, 46270, 37808, 35790, 28926, 33021, 28853, 45151, 28715, 20613, 10736, 20921, 39659, 25836, 28377, 25806, 41914, 46194, 35602, 45060, 19432, 43165, 46263, 25657, 41432, 41340, 41081, 38951, 19213, 37871, 38466, 40344, 43285, 32435, 43464, 18335, 12305, 26926, 36332, 40112, 43650, 44616, 44125, 32657, 15044, 15426, 21458, 45429, 24559, 23376, 44753, 19264, 25586, 39857, 21567, 32445, 34134, 23116, 46308, 23196, 31661, 36008, 45475, 39865, 38584, 44441, 31942, 43591, 35679, 41271, 34804, 36092, 44764, 21798, 26032, 23141, 15173, 9660, 16412, 25451, 27371, 24814, 41424, 39693, 6129, 28513, 38352, 
36510, 29516, 37844, 18550, 42395, 28930, 6533, 34409, 38865, 25930, 41207, 33036, 38368, 23389, 32206, 13203, 17622, 34981, 39565, 18707, 20643, 43039, 21375, 38591, 41370, 37379, -1, 18831, 44812, 3685, 43284, 23620, 36957, 41638, 40126, 26452, 25611, 27102, 21198, 43647, 31218, 19622, 34563, 12618, 32631, 15592, 23552, 39405, 41162, 28606, 27076, 39881, 37931, 37961, 43265, 34819, 45588, 23711, 26751, 45304, 27589, 42668, 22462, 39832, 24388, 26584, 23359, 43810, 26698, 33552, 28491, 36933, 20603, 42053, 30483, 40352, 16917, 26391, 37928, 26948, 36742, 26133, 39444, 22283, 28315, 43945, 13120, 44285, 40567, 43959, 20141, 31177, 30433, 20917, 20829, 38303, 41229, 6768, 32964, 33108, 45200, 20293, 20023, 44561, 23867, 30132, 35605, 12962, 46161, 30792, 5958, 29688, 14447, 42202, 21316, 24054, 33240, 17230, 36555, 41156, 4789, 22066, 4209, 39382, 38951, 37693, 40679, 16613, 42629, 12788, 43370, 7185, 16747, 43937, 32377, 42050, 36261, 37029, 46254, 41395, 45883, 34506, 29376, 37350, 37256, 43775, 34105, 20638, 5238, 33203, 43782, 44281, 29213, 22819, 26805, 45535, 39002, 26215, 
20310, 22741, 39801, 44498, 2123, 44018, 35400, 43173, 38431, 42595, 30386, 38182, 37327, 40293, 40936, 967, 24131, 43980, 26425, 41043, 39912, 13396, 46317, 39080, 37524, 30597, 18831, -1, 42130, 15960, 39246, 44528, 32964, 45985, 31185, 33702, 12438, 19603, 25913, 34507, 32800, 16317, 35959, 28469, 26613, 44709, 26974, 44719, 35326, 44055, 42670, 11604, 42089, 27102, 22344, 21273, 6868, 36234, 34577, 3577, 39771, 38205, 31796, 42112, 24042, 18093, 44314, 33052, 34600, 41262, 45685, 33043, 28406, 21765, 44796, 27774, 28478, 3263, 44435, 6111, 45304, 44347, 23434, 23803, 29775, 44062, 45500, 15045, 524, 40798, 26734, 38952, 35186, 32882, 41899, 41374, 38295, 22425, 39057, 22636, 23877, 41994, 15589, 36164, 33369, 41841, 44210, 14569, 17197, 36233, 20496, 41246, 41865, 27697, 46046, 45109, 38372, 44578, 38432, 13457, 42883, 21452, 33401, 21286, 38120, 24198, 6892, 43179, 27177, 31592, 32873, 42481, 43738, 43358, 15554, 43404, 20797, 16649, 34711, 42148, 34217, 21448, 38169, 44179, 36211, 36123, 16524, 45682, 34216, 40452, 39542, 29763, 5865, 24172, 24319, 16998, 36777, 29844, 
22436, 14281, 32142, 45770, 42791, 26768, 36221, 35192, 30918, 44211, 37385, 43353, 44322, 28444, 43634, 44027, 12863, 29922, 28193, 12779, 19267, 45056, 32815, 37872, 36279, 28702, 44812, 42130, -1, 37455, 35272, 28080, 44108, 21711, 32525, 29215, 28749, 45371, 25801, 43459, 12018, 33377, 36433, 41610, 30114, 40335, 34395, 36930, 25431, 35986, 39275, 21927, 41566, 43026, 42267, 24565, 45831, 44951, 30153, 27883, 32786, 11882, 13744, 31278, 18447, 39057, 37377, 39523, 43699, 24760, 36747, 24324, 36442, 43733, 38339, 34914, 15742, 21119, 40006, 35970, 26571, 26566, 31711, 23182, 33352, 20286, 44699, 34707, 34083, 43792, 27880, 29986, 37107, 40450, 39284, 27360, 43313, 30601, 19494, 25308, 45184, 31819, 40450, 9244, 26708, 31827, 27016, 23184, 40086, 44234, 36921, 32882, 44575, 24326, 27552, 30393, 36519, 7735, 24534, 25945, 22960, 14345, 32915, 8674, 36276, 20120, 29116, 22207, 36152, 19370, 26601, 43868, 33074, 22324, 22573, 26599, 8579, 33672, 39577, 31105, 43793, 25778, 44310, 45971, 9999, 41701, 42812, 17766, 23618, 40874, 39305, 16101, 44293, 15376, 45374, 43860, 24777, 30183, 
34104, 43324, 37668, 43234, 40035, 27695, 6709, 16393, 39696, 35497, 32560, 27550, 18564, 44903, 10453, 34732, 20953, 22255, 26892, 37218, 44508, 45159, 29730, 12896, 38990, 26443, 3685, 15960, 37455, -1, 30958, 21069, 35463, 26988, 18691, 4429, 40691, 34063, 8986, 41396, 45262, 31363, 29277, 39652, 41935, 43905, 46005, 44647, 23703, 30477, 27652, 34775, 12091, 23718, 25648, 44631, 38126, 34350, 34110, 30291, 34647, 33015, 42258, 27857, 27835, 44238, 36746, 27424, 12446, 17512, 35528, 17685, 31707, 42567, 28257, 33340, 43901, 40137, 45734, 25776, 31628, 31747, 40347, 43047, 15470, 44370, 40348, 39003, 44341, 20882, 30222, 45293, 16332, 18958, 38687, 44315, 44109, 28762, 24806, 44577, 18634, 33496, 37957, 40173, 29144, 41354, 38430, 38482, 39796, 40666, 45233, 20401, 43171, 31438, 38826, 19416, 45106, 30831, 17998, 13565, 27181, 44975, 17402, 24140, 18539, 34328, 38669, 23258, 26142, 38235, 36259, 43058, 45353, 12253, 14950, 43456, 14784, 32347, 21663, 41810, 21346, 18631, 35118, 34831, 33820, 45240, 28070, 17230, 40189, 40910, 38633, 24893, 44929, 43189, 27195, 34413, 23400, 30222, 
40255, 32308, 32590, 8805, 38301, 25304, 39063, 33368, 9664, 37203, 18035, 40090, 27504, 31272, 45620, 32769, 35352, 26395, 31957, 31440, 28434, 32453, 31208, 23364, 34021, 35650, 43284, 39246, 35272, 30958, -1, 31922, 44632, 43165, 32258, 39588, 41808, 27283, 29563, 30653, 24255, 26214, 38362, 45667, 29451, 30919, 26770, 21087, 43713, 42963, 27454, 30020, 44714, 6991, 33061, 21966, 33516, 35358, 36452, 39008, 21874, 42019, 12203, 41354, 45026, 4587, 42398, 41420, 22143, 22324, 41180, 18324, 37143, 25182, 35747, 42986, 30790, 40818, 25072, 32055, 40185, 24812, 21641, 16823, 27095, 8172, 33607, 37115, 36242, 24490, 27730, 45304, 7269, 21529, 29296, 44236, 31020, 45110, 41921, 36437, 45602, 34224, 35187, 32956, 30903, 31788, 27329, 38127, 25372, 38160, 41230, 25180, 30851, 26416, 25030, 31476, 28878, 39776, 35997, 31053, 36988, 20317, 36335, 28196, 28099, 26770, 35168, 8991, 33503, 35363, 7429, 10971, 45800, 2957, 43842, 41583, 42740, 20521, 45351, 32274, 23092, 35521, 24514, 28046, 45136, 37769, 41510, 34478, 22587, 37073, 32180, 45034, 41100, 40346, 11186, 33362, 29531, 38998, 
44157, 39346, 21126, 34036, 44840, 35172, 16606, 37130, 18131, 39169, 26287, 24528, 32087, 28024, 21279, 40572, 17873, 10195, 46317, 34917, 41377, 45568, 40045, 24078, 12398, 37362, 23620, 44528, 28080, 21069, 31922, -1, 12888, 46305, 20818, 34786, 31778, 37725, 34341, 5549, 46071, 37947, 45584, 13005, 16723, 45032, 35152, 39528, 19502, 43897, 35646, 9145, 33634, 41519, 23100, 42581, 44499, 3436, 38637, 22147, 43856, 11432, 21159, 39300, 36990, 39627, 40654, 17201, 31735, 36147, 39825, 43974, 36266, 31785, 40053, 13996, 33706, 31426, 22198, 20648, 43843, 12102, 33353, 18404, 19605, 41034, 44156, 32010, 38999, 37541, 31947, 40443, 43342, 22331, 36006, 21306, 39834, 36836, 44805, 34358, 27412, 33543, 8843, 20309, 42329, 33866, 28428, 41416, 22698, 24145, 18514, 27281, 27966, 20679, 33386, 34880, 24706, 28410, 14568, 31555, 44713, 30501, 20269, 42420, 17956, 40450, 18890, 21892, 39270, 26489, 45487, 45572, 35161, 42119, 25607, 16433, 22390, 35945, 35175, 12575, 32715, 33495, 44336, 41313, 28379, 23768, 37996, 34806, 24888, 25103, 23644, 31551, 30189, 37580, 38957, 33081, 26555, 15586, 
45326, 40891, 41858, 39166, 11097, 43539, 38322, 28008, 43212, 5698, 41686, 27033, 25105, 46207, 42792, 24233, 22062, 37576, 42237, 25970, 25816, 44047, 40791, 30178, 28972, 19210, 36957, 32964, 44108, 35463, 44632, 12888, -1, 26438, 23753, 32261, 38849, 37084, 26590, 34312, 14689, 22926, 21246, 36108, 11513, 39419, 39817, 44111, 44374, 45269, 31768, 35978, 19440, 37327, 23597, 39271, 31338, 15056, 28385, 42143, 35352, 36045, 22415, 38979, 31630, 44534, 15687, 40294, 41176, 30305, 10747, 33041, 28860, 14128, 41427, 20759, 3198, 41801, 40413, 43258, 45348, 18107, 33813, 28253, 25565, 43876, 42769, 24784, 44542, 29616, 44627, 45453, 17387, 45288, 42294, 38819, 30982, 18637, 45971, 27535, 26117, 28644, 22883, 38812, 10948, 37717, 22813, 41106, 16813, 42227, 15450, 30994, 39003, 43407, 45748, 40839, 41386, 24335, 44222, 43502, 34897, 19407, 44389, 33022, 36095, 15456, 42562, 44914, 37234, 21635, 44729, 33912, 37767, 34314, 28350, 43012, 19045, 28292, 42014, 17010, 26904, 8563, 15279, 46217, 12540, 12637, 29474, 41516, 22121, 35053, 44854, 37718, 17587, 39166, 36707, 24442, 44608, 23022, 
16813, 44351, 18080, 39542, 27449, 11686, 32877, 15916, 33654, 44509, 41413, 38905, 45683, 35046, 39979, 20503, 29424, 33231, 17200, 35642, 44373, 29057, 42337, 29820, 26388, 34479, 41638, 45985, 21711, 26988, 43165, 46305, 26438, -1, 29058, 42611, 39751, 16773, 39247, 3545, 38542, 29673, 45738, 44447, 17471, 25481, 32373, 40647, 40103, 40534, 31816, 40027, 40598, 39876, 46064, 33594, 27633, 35887, 12040, 14979, 25775, 43096, 22707, 1453, 41069, 24002, 20727, 17308, 41005, 11032, 31785, 16414, 9894, 41923, 35056, 41637, 21375, 10297, 40500, 27628, 41134, 11344, 46187, 22548, 5413, 27539, 36934, 41347, 31495, 22793, 25643, 31938, 40526, 41565, 34658, 24749, 39467, 28824, 35729, 23515, 32863, 43670, 23261, 17759, 28562, 8181, 42181, 36256, 32581, 41147, 39887, 29537, 43644, 7129, 45017, 39765, 10271, 40079, 22445, 32249, 38283, 5987, 42050, 36129, 45267, 28637, 19252, 40290, 19608, 37016, 28002, 5696, 45135, 16564, 20456, 20914, 42747, 9434, 45172, 29978, 45268, 13774, 45207, 29340, 36046, 33314, 21830, 36030, 37848, 33796, 19488, 16911, 44817, 27817, 21588, 18656, 42632, 32015, 
33360, 41954, 14718, 41548, 20921, 13423, 28301, 44600, 33253, 22626, 11894, 28249, 29112, 23899, 13923, 31783, 30248, 23676, 44800, 41833, 25955, 36457, 17503, 29658, 38822, 44319, 40126, 31185, 32525, 18691, 32258, 20818, 23753, 29058, -1, 35429, 30407, 10008, 25009, 23075, 39438, 44104, 25561, 45786, 8664, 21109, 38375, 42166, 33173, 31666, 31409, 41371, 33448, 45193, 37630, 44935, 22380, 44506, 9402, 24164, 23902, 22211, 43147, 16907, 10596, 30902, 22322, 31021, 16555, 20480, 40977, 36901, 27090, 32365, 22744, 28354, 11685, 21346, 36441, 32151, 22909, 39309, 36957, 6701, 42836, 28655, 27866, 41741, 28173, 6797, 30306, 14641, 44378, 41577, 15325, 44739, 35788, 22981, 20369, 17801, 25587, 44149, 23139, 24762, 19962, 17455, 6301, 43273, 32495, 35721, 17488, 37262, 35950, 17797, 30789, 35093, 20299, 24064, 25194, 44728, 40851, 28994, 41200, 2780, 37079, 20339, 40344, 21342, 24119, 29162, 45316, 36225, 27256, 14072, 36296, 28840, 44562, 27184, 37317, 45476, 37780, 39054, 14932, 14161, 44034, 39119, 40114, 46164, 43633, 42578, 44296, 28909, 21170, 24884, 34890, 32606, 21766, 41341, 
36714, 37368, 28716, 17811, 36639, 43450, 30979, 17621, 37678, 21073, 36033, 19990, 36584, 23233, 37354, 41335, 45305, 27952, 29047, 38430, 38758, 42619, 18859, 5007, 32013, 43983, 26452, 33702, 29215, 4429, 39588, 34786, 32261, 42611, 35429, -1, 42246, 19443, 30923, 45543, 40968, 36410, 15922, 40089, 42493, 26499, 31458, 45388, 12972, 43624, 21878, 44396, 38148, 34966, 39449, 15302, 28625, 28495, 24319, 16275, 38076, 25143, 44902, 33778, 25693, 27969, 38300, 39512, 31941, 21946, 43772, 18380, 42496, 25300, 34104, 41554, 35167, 44972, 27920, 37502, 38398, 33628, 21436, 26360, 8795, 33408, 44197, 12193, 42927, 34989, 12832, 21716, 41228, 39365, 24268, 17684, 29766, 45660, 37653, 27371, 32143, 45025, 46300, 30117, 44027, 33265, 7808, 6213, 28837, 41254, 37116, 44055, 14618, 43254, 21593, 31606, 25181, 31671, 22090, 36587, 46313, 29181, 19829, 20243, 24033, 43445, 16144, 40114, 21885, 36060, 40088, 39276, 35219, 31151, 20654, 44011, 25937, 34197, 5613, 41797, 43972, 33078, 24292, 30758, 35044, 17396, 37986, 32650, 22391, 21898, 25668, 32108, 18118, 32398, 31747, 45355, 44180, 24507, 
