211
[-1, 40747, 15741, 19480, 36626, 32222, 38503, 25235, 23866, 18228, 29002, 36515, 25220, 28063, 39174, 38672, 27509, 5819, 33957, 28049, 15911, 31403, 9109, 36438, 41520, 16425, 44928, 39123, 26408, 17423, 29941, 37153, 44200, 37711, 36128, 15470, 30680, 43157, 39935, 45877, 30868, 40037, 44641, 31413, 31881, 46006, 23158, 44064, 37125, 35895, 7484, 28624, 35689, 6302, 12044, 39702, 28880, 42147, 38793, 45635, 27330, 34353, 26291, 16791, 37397, 43811, 36566, 41589, 29088, 32556, 38256, 34840, 44179, 30829, 40634, 44286, 14144, 20407, 46212, 29595, 27009, 45871, 31073, 33489, 44212, 37383, 30439, 32583, 35414, 21845, 43247, 37858, 39081, 21659, 45054, 39485, 31565, 38848, 36479, 45419, 42777, 38720, 32658, 41392, 13515, 40721, 25850, 43890, 45072, 30326, 31284, 37217, 43870, 43846, 26339, 13232, 8317, 33607, 37624, 26939, 35693, 28801, 44953, 44163, 39347, 32273, 39330, 43145, 43972, 45885, 29712, 23093, 39456, 37145, 30521, 24913, 31229, 42293, 32009, 28198, 15733, 29021, 38493, 22073, 34919, 42852, 37225, 16700, 41752, 29531, 28496, 36963, 36190, 45839, 24211, 46025, 37803, 40898, 32987, 34319, 45485, 34759, 44569, 39993, 37574, 40489, 24794, 45540, 32506, 33728, 16658, 30826, 24332, 43050, 15671, 42355, 37402, 31196, 45510, 9451, 27170, 43511, 12634, 38124, 33832, 28879, 37678, 28376, 34435, 38940, 36973, 29070, 43872, 30327, 20561, 37547, 43159, 14043, 45651, 22589, 39973, 28719, 25546, 28425, 30315, 39344, 22887, 23633, 34411, 36131, 18368, 
40747, -1, 39623, 37164, 23896, 45954, 14733, 46182, 27448, 39193, 18967, 18750, 10809, 25012, 38222, 41490, 27443, 31314, 45822, 44586, 15889, 31384, 27723, 37337, 7575, 10440, 33855, 35473, 42614, 29211, 36164, 20689, 15286, 32687, 31789, 29363, 41705, 40515, 16513, 39337, 13320, 21072, 27716, 26935, 31262, 19693, 33951, 27871, 24895, 35891, 16525, 5683, 7384, 21385, 33883, 33181, 27177, 28859, 33022, 28907, 37538, 42213, 42877, 34592, 33852, 44235, 33063, 9877, 39769, 29460, 45260, 37593, 28684, 32852, 17874, 25446, 27637, 39604, 24659, 20650, 29133, 43500, 34860, 16771, 25244, 41173, 30482, 10246, 25724, 10698, 45829, 41491, 37545, 31459, 23197, 27302, 27849, 40925, 27228, 39845, 37602, 41563, 42935, 41073, 36739, 22260, 30123, 28938, 26825, 36566, 22299, 21682, 35869, 34273, 34377, 45389, 7416, 26263, 31418, 8454, 39552, 35390, 30209, 27463, 11751, 43157, 40975, 46077, 43210, 30108, 34351, 23061, 19133, 33331, 31033, 46216, 37577, 6300, 40274, 46240, 15615, 28687, 46146, 41641, 40352, 30898, 43964, 45644, 34720, 45880, 41493, 38114, 28237, 25228, 42421, 43377, 20479, 35375, 12903, 33200, 18722, 20407, 39614, 29286, 19940, 37501, 25968, 46219, 45590, 9245, 36831, 19524, 45686, 19895, 29369, 21684, 21159, 39078, 24197, 44330, 40536, 45243, 41050, 29621, 23178, 45920, 41396, 38596, 43877, 32102, 28681, 39516, 15675, 40665, 32306, 20954, 11366, 23240, 43828, 43685, 20565, 43699, 44398, 38580, 14715, 44053, 36617, 37264, 31491, 15114, 46322, 
15741, 39623, -1, 32362, 33340, 46331, 40549, 27847, 41993, 35375, 13104, 10006, 39862, 37365, 44192, 45634, 31921, 40211, 37896, 9969, 38995, 25197, 16203, 29778, 36580, 23309, 35420, 41711, 45320, 45870, 31423, 40706, 21690, 15868, 34795, 45352, 33802, 33010, 31342, 34321, 44364, 30463, 45732, 32447, 17582, 4022, 34645, 38745, 24843, 41962, 8636, 38874, 38373, 30667, 34438, 29503, 46103, 20444, 24913, 26407, 30580, 33985, 7481, 45319, 19745, 24630, 14361, 43273, 29223, 4330, 42544, 32379, 38955, 33628, 18567, 37999, 41615, 31418, 38039, 38134, 28289, 11447, 43333, 43866, 16344, 28235, 9037, 15900, 43899, 30511, 31724, 24365, 22703, 35656, 28944, 42953, 27369, 23406, 37741, 39122, 45589, 41308, 23046, 39523, 39712, 19360, 41808, 8151, 41960, 31398, 37131, 40659, 21940, 22432, 38267, 35307, 45983, 38257, 41890, 39028, 40020, 43280, 38259, 29201, 35149, 17406, 15653, 9839, 27249, 33138, 39406, 29700, 25307, 36169, 44690, 43247, 24725, 31321, 42842, 14308, 42049, 40762, 46055, 28984, 40848, 44257, 37187, 31477, 37589, 14576, 41532, 18980, 37839, 37226, 27723, 40300, 27654, 38106, 39689, 34666, 15319, 39078, 43324, 41853, 38934, 44881, 23012, 28348, 21401, 45331, 44508, 39021, 44483, 36965, 17255, 43143, 18712, 38065, 21693, 33682, 31297, 37411, 21345, 43445, 11857, 44080, 12747, 8346, 42463, 24991, 25123, 46219, 42173, 45113, 36652, 26511, 41204, 19623, 30627, 32115, 31210, 41219, 27853, 31773, 26954, 43997, 35013, 44289, 7390, 35502, 40458, 
19480, 37164, 32362, -1, 39146, 45197, 39828, 41030, 23522, 33972, 45500, 45704, 34024, 14858, 40538, 23028, 36402, 34592, 17900, 16504, 16427, 16304, 41726, 30533, 7619, 33085, 42368, 29624, 43981, 29605, 35224, 45511, 17475, 33433, 40529, 31224, 11738, 31392, 32487, 29375, 28109, 43068, 28906, 36151, 36077, 35307, 30761, 26999, 29136, 43699, 41862, 24308, 45283, 35347, 16413, 36795, 18909, 25461, 28943, 34641, 32518, 26042, 25972, 29937, 38458, 42302, 15682, 30168, 40811, 41065, 17363, 9855, 36406, 42473, 38386, 26917, 32237, 36815, 31925, 39287, 43170, 21631, 38415, 40427, 41907, 22307, 35469, 13234, 43795, 15258, 5015, 39116, 22129, 27585, 34407, 38951, 38609, 6853, 40081, 40249, 38212, 31909, 31936, 42771, 5539, 18239, 36391, 36121, 44314, 34267, 23762, 32598, 15987, 20710, 37622, 8474, 10739, 16769, 9525, 41823, 45287, 43175, 10870, 42565, 34539, 41694, 36979, 28705, 38965, 24411, 32669, 28575, 19422, 34170, 18524, 18939, 20389, 37423, 40858, 39984, 30706, 23557, 13349, 13607, 34501, 28302, 5032, 28375, 28096, 19915, 46130, 29300, 11193, 31646, 45106, 43363, 40345, 40366, 44826, 32810, 23497, 34283, 22481, 36705, 19865, 39337, 33764, 24030, 34650, 21647, 15955, 44956, 6486, 34692, 38021, 33334, 13357, 37297, 30794, 38874, 29142, 27321, 33918, 4232, 37360, 27889, 33407, 40115, 23969, 29580, 40598, 13781, 2612, 3485, 35590, 44277, 25352, 31447, 15891, 17448, 29473, 24854, 23539, 44951, 44425, 32264, 22348, 45385, 45294, 7222, 36804, 
36626, 23896, 33340, 39146, -1, 15897, 45656, 24002, 20316, 43330, 33427, 23872, 24256, 43189, 42456, 38229, 13571, 2385, 28605, 42785, 26402, 31057, 17841, 33957, 31538, 22764, 34813, 36023, 4651, 17234, 45895, 37810, 45690, 39730, 43458, 30050, 10684, 42104, 36412, 9821, 44020, 27931, 28994, 39269, 28237, 14688, 18906, 32925, 46235, 42937, 31588, 33343, 35000, 19660, 16199, 40353, 31207, 29962, 31656, 19976, 34249, 40153, 24587, 42711, 32293, 33664, 32681, 29738, 28278, 40348, 30551, 16863, 25591, 46007, 17333, 35777, 37094, 28786, 15789, 43210, 27497, 11354, 37473, 24427, 19793, 23594, 8469, 29707, 22253, 9211, 28095, 30297, 41001, 20252, 28224, 37849, 43398, 33043, 43053, 43765, 34068, 29625, 43179, 25505, 30375, 44229, 31252, 28574, 38415, 17045, 26983, 42652, 45109, 15770, 21087, 19197, 3068, 36194, 24551, 19844, 33095, 41219, 34336, 22925, 8392, 8187, 32956, 24799, 17812, 9765, 24800, 35249, 18995, 18041, 34932, 38796, 33276, 35005, 28602, 28887, 41012, 24496, 6263, 19271, 31213, 24681, 15402, 42543, 17754, 45060, 44487, 39186, 25713, 45073, 23972, 8827, 41085, 33346, 20587, 21298, 40980, 43741, 25134, 43525, 18684, 16909, 40474, 20348, 24883, 8414, 19382, 43855, 37268, 5816, 46241, 27909, 42652, 34082, 35150, 3881, 44343, 26788, 40655, 44333, 29035, 20796, 38425, 29114, 31860, 33893, 24403, 12355, 38660, 28455, 19113, 15756, 5530, 45684, 37656, 3055, 45130, 30702, 41623, 24610, 8715, 15818, 44541, 31752, 27210, 46061, 45994, 
32222, 45954, 46331, 45197, 15897, -1, 21550, 25400, 28819, 19201, 42248, 8067, 40618, 19010, 44423, 42285, 6711, 38390, 17635, 36587, 17040, 42822, 28979, 36946, 42970, 43888, 15370, 14506, 46162, 45205, 17707, 38296, 31354, 19619, 12688, 37576, 34765, 41137, 34293, 40233, 23797, 38221, 41203, 29166, 31738, 38579, 39624, 32309, 20605, 24666, 18293, 17890, 18018, 31808, 24963, 36206, 13081, 38632, 18670, 12588, 23940, 26644, 43034, 23362, 45613, 29360, 25673, 38339, 35207, 44666, 39955, 46290, 35053, 44868, 38380, 15791, 6284, 15852, 9295, 39555, 13046, 16148, 44130, 44869, 29231, 35332, 45593, 8740, 27364, 10525, 44289, 19817, 26098, 37904, 40244, 31890, 37852, 13689, 34790, 45984, 37356, 41336, 29354, 36751, 5534, 30971, 46049, 28700, 20045, 41485, 37965, 21934, 40559, 24888, 32463, 14609, 24797, 24482, 33781, 32755, 43015, 27701, 39390, 31224, 32497, 44960, 44524, 36118, 39964, 36963, 36435, 22047, 45670, 42964, 44868, 24247, 26540, 6699, 41423, 31048, 18194, 30597, 24345, 18104, 43417, 34868, 11932, 29685, 45450, 30174, 37882, 36188, 43542, 25437, 40890, 46131, 29342, 15518, 23641, 19810, 26293, 39713, 43010, 16291, 29198, 36458, 45931, 27580, 13639, 38155, 40410, 41776, 38259, 26016, 41480, 30186, 27871, 43536, 19636, 45737, 26205, 11380, 36098, 39704, 44953, 45744, 25671, 25170, 42686, 20476, 17055, 45963, 41725, 31184, 44213, 16695, 31776, 11378, 9147, 42466, 26064, 35031, 36269, 26306, 43524, 12584, 12824, 23303, 40236, 40759, 38646, 
38503, 14733, 40549, 39828, 45656, 21550, -1, 30955, 7890, 9087, 12520, 43442, 38599, 27739, 26995, 16196, 30973, 14423, 31375, 14831, 38302, 6295, 22180, 34726, 43666, 33073, 16774, 20361, 46220, 42664, 36218, 43229, 42634, 31232, 4412, 28107, 25258, 37195, 17802, 31716, 25561, 32003, 11175, 34859, 41742, 45669, 34540, 46178, 31366, 35863, 35372, 27042, 2293, 44874, 40858, 31880, 33334, 12861, 44439, 41705, 41334, 43824, 33893, 46248, 41053, 33394, 46110, 40443, 46024, 29087, 31614, 40185, 10101, 30258, 31688, 18334, 25258, 45473, 35788, 44416, 36062, 37143, 30744, 44257, 40585, 35937, 22993, 37447, 44618, 30543, 21788, 19442, 40020, 8144, 36644, 16146, 29222, 32046, 34710, 14645, 29736, 30675, 42535, 45640, 33402, 44360, 31838, 27356, 24486, 16063, 44352, 29806, 38487, 39388, 34901, 28382, 18573, 20291, 35523, 43699, 35444, 46014, 41407, 40613, 32556, 17873, 12051, 43616, 36484, 37390, 39310, 32780, 25944, 41346, 37478, 27996, 35460, 28170, 25777, 36394, 40947, 25527, 25928, 37170, 38077, 34497, 38286, 28994, 16926, 10925, 13701, 41313, 45996, 43838, 31565, 26523, 45208, 34996, 22901, 21223, 44620, 12502, 44273, 44217, 24063, 32599, 21595, 38859, 13545, 23769, 31706, 45850, 25219, 35904, 11758, 14306, 18268, 36629, 36647, 33425, 26423, 33585, 32240, 41777, 24289, 34367, 40309, 24047, 30155, 24426, 42501, 34305, 16376, 14932, 21962, 43932, 34142, 9479, 46327, 42543, 15573, 31752, 41325, 32559, 42824, 21304, 45032, 41212, 36243, 30988, 45169, 
25235, 46182, 27847, 41030, 24002, 25400, 30955, -1, 32497, 11426, 39406, 12889, 25339, 6722, 39932, 26573, 27979, 34484, 11733, 37075, 34243, 16921, 31285, 44204, 23586, 42637, 40486, 12525, 45722, 32718, 31204, 24317, 41149, 45197, 43563, 40380, 46070, 30023, 44833, 29403, 9183, 9275, 40747, 31844, 15907, 35261, 33389, 39277, 21847, 9763, 30386, 13535, 46338, 34501, 26813, 39352, 44030, 27970, 31004, 25252, 42644, 20532, 44712, 5133, 17272, 40468, 22898, 23930, 45974, 22680, 15382, 36481, 39862, 23469, 39061, 14762, 35597, 39316, 39533, 40664, 43803, 12731, 13604, 18726, 39443, 25610, 33044, 36852, 28332, 34470, 45513, 41305, 37864, 40181, 44069, 34221, 44875, 45398, 39282, 36743, 34181, 30098, 43941, 19105, 46092, 6843, 29173, 28315, 18205, 37903, 35026, 5528, 15023, 29852, 34957, 24065, 9935, 46177, 21923, 8901, 25871, 31431, 45755, 31236, 24863, 9781, 26924, 42900, 35882, 28198, 33177, 13400, 10837, 41366, 4091, 29268, 14389, 41237, 28249, 17981, 27609, 31016, 11384, 42814, 16578, 30427, 12506, 31328, 39112, 19175, 23820, 21237, 35255, 8975, 22552, 20122, 22068, 20200, 37254, 45376, 42097, 25931, 16889, 42865, 26866, 10331, 43327, 45771, 37639, 29430, 44782, 37588, 39632, 23967, 41653, 26746, 36005, 46010, 29456, 33026, 31206, 41077, 10791, 22897, 34570, 39167, 19359, 31960, 42995, 21423, 38808, 35298, 25170, 29112, 44417, 30491, 22790, 43311, 43537, 30858, 36676, 13224, 19891, 41918, 40508, 14485, 36130, 41097, 13453, 25875, 29874, 
23866, 27448, 41993, 23522, 20316, 28819, 7890, 32497, -1, 18329, 45817, 26766, 30235, 33850, 44967, 30940, 38411, 34979, 45417, 44346, 17418, 26322, 44928, 42265, 46207, 43228, 37871, 25427, 44489, 28159, 45109, 44228, 39498, 33983, 19421, 23802, 37310, 44166, 17972, 19662, 22573, 39087, 37556, 41764, 23413, 40671, 5243, 43776, 19272, 39685, 25279, 29178, 32756, 17847, 14296, 38535, 39608, 27142, 29251, 25378, 26195, 37818, 45273, 16413, 42384, 31350, 24484, 29285, 20497, 10150, 20782, 28101, 31542, 21113, 38511, 17030, 25131, 20335, 12767, 14215, 15464, 33050, 34966, 28753, 18900, 13648, 39945, 37621, 41974, 21188, 43061, 43964, 26343, 26058, 30738, 24519, 39965, 13303, 21410, 35891, 41970, 36017, 32323, 42643, 42964, 27211, 29623, 37748, 40010, 37731, 41777, 29061, 31918, 42588, 33956, 24898, 39596, 8464, 25927, 34902, 13686, 23037, 7145, 18187, 28028, 45078, 34524, 37614, 25087, 15853, 30689, 42139, 34349, 35117, 16293, 40699, 37395, 17825, 42770, 31410, 28638, 38319, 24630, 41589, 17442, 42021, 33552, 29021, 17922, 22244, 36690, 25273, 41777, 41275, 28048, 39558, 37934, 32657, 11385, 25800, 20729, 21763, 30275, 36567, 39920, 9334, 45970, 8923, 9033, 40413, 43992, 23981, 7293, 27845, 34228, 42841, 42976, 17446, 29161, 36545, 24953, 41572, 35271, 41568, 32971, 45180, 30492, 34126, 33651, 32257, 11082, 36496, 27778, 33958, 24256, 20448, 28410, 37511, 40469, 20094, 41570, 17449, 22582, 43778, 39537, 29412, 41320, 44424, 43925, 24441, 31794, 
18228, 39193, 35375, 33972, 43330, 19201, 9087, 11426, 18329, -1, 23062, 39614, 32755, 39812, 33823, 37322, 26624, 19687, 39013, 15382, 28221, 34386, 15033, 35093, 46011, 27925, 41230, 37408, 30004, 30375, 26648, 42601, 40100, 20435, 19476, 45661, 45641, 45832, 31553, 32714, 31538, 22189, 28362, 19916, 36269, 40685, 34854, 14829, 10939, 38718, 41528, 13031, 34855, 45020, 34055, 35878, 24471, 6867, 6613, 44712, 22777, 45495, 30367, 26476, 25985, 39285, 44158, 37426, 38867, 42459, 22573, 39503, 43111, 43696, 30498, 42884, 43237, 13034, 17098, 38183, 42940, 36494, 43670, 8038, 36540, 40211, 37178, 42205, 39758, 39079, 16959, 41675, 20995, 19752, 7935, 21116, 45980, 44911, 23820, 45826, 32605, 38802, 29823, 16742, 16268, 525, 34106, 16944, 30953, 36040, 42367, 41838, 33008, 30883, 34674, 34745, 39799, 28713, 20404, 27890, 29728, 23431, 15311, 22129, 34557, 38410, 26173, 31009, 25291, 39766, 25168, 43434, 30649, 42606, 11534, 27673, 4437, 37045, 14445, 35468, 43702, 33019, 33181, 43681, 23290, 11965, 17729, 43448, 6772, 6602, 41599, 20009, 15215, 44823, 20078, 20393, 22771, 10298, 11608, 39948, 20643, 41042, 31054, 43140, 22867, 42245, 36426, 43484, 35208, 43520, 22254, 21650, 33000, 23955, 20168, 7946, 19723, 36629, 33576, 22114, 38025, 39958, 39006, 42500, 43360, 44570, 26434, 26633, 41255, 23645, 40784, 43494, 32018, 35881, 4081, 39946, 45411, 26633, 30311, 20524, 16183, 25129, 15239, 28314, 45793, 15824, 41626, 35656, 10121, 11062, 18207, 
29002, 18967, 13104, 45500, 33427, 42248, 12520, 39406, 45817, 23062, -1, 42569, 42006, 16412, 42304, 40032, 29400, 35705, 26395, 29711, 30591, 26670, 34883, 11584, 24054, 23056, 40969, 32828, 42783, 44652, 25742, 21673, 43551, 30411, 24639, 24755, 29190, 13403, 39637, 21013, 34936, 41603, 14024, 30899, 45750, 41300, 31299, 3345, 30954, 27457, 42491, 33381, 31666, 43965, 5619, 43760, 6148, 42591, 44726, 22690, 35292, 35746, 10177, 41854, 22914, 26659, 35942, 21270, 38855, 11842, 29755, 4895, 14312, 13461, 28734, 39179, 24680, 35360, 37426, 28873, 46005, 26757, 32267, 34879, 20676, 21659, 37306, 16776, 18714, 19109, 22183, 20262, 43266, 15803, 17735, 29302, 12381, 39533, 28337, 18190, 16188, 41020, 11020, 36766, 44756, 15687, 36322, 23423, 16003, 23071, 6223, 23620, 24112, 23784, 10739, 28775, 46059, 14107, 44279, 40511, 42142, 45185, 17370, 45974, 18746, 43832, 10083, 30770, 35672, 23882, 38403, 29272, 39359, 21552, 39787, 23183, 39764, 45486, 3315, 43180, 30949, 44037, 34493, 28833, 34673, 35745, 42319, 44763, 35382, 19314, 30623, 32625, 41378, 39607, 40530, 29011, 35850, 18180, 34965, 10994, 33266, 42553, 42720, 45597, 38855, 23700, 28030, 43846, 27417, 9845, 26729, 44538, 22436, 24026, 26152, 43656, 39658, 22731, 25925, 11681, 24234, 26931, 25040, 28501, 36348, 40458, 40596, 15830, 15382, 17033, 21980, 44191, 29170, 26325, 38105, 6399, 45969, 28322, 25815, 39651, 33168, 33582, 36202, 39054, 37634, 31588, 37003, 36055, 31587, 33449, 39084, 
36515, 18750, 10006, 45704, 23872, 8067, 43442, 12889, 26766, 39614, 42569, -1, 34025, 7972, 43557, 29062, 37318, 18026, 32237, 28081, 37103, 35329, 15224, 43652, 42121, 32543, 43018, 36242, 43005, 17872, 34432, 38293, 4081, 45181, 41591, 43065, 45090, 9848, 10179, 30347, 36077, 26446, 18146, 25352, 40852, 18426, 21781, 13348, 45883, 10696, 8620, 37948, 22842, 39281, 45498, 19489, 32076, 37689, 41231, 42490, 27928, 34886, 43360, 39324, 31631, 13373, 29588, 27879, 44291, 43826, 40512, 45889, 42513, 40289, 15311, 39114, 9304, 21615, 24607, 42247, 43819, 43636, 44843, 38987, 28109, 24006, 38212, 15878, 34669, 45137, 36577, 35155, 18738, 39874, 35091, 13848, 35883, 9350, 21163, 39847, 29931, 16348, 44853, 29461, 12522, 33641, 29415, 27806, 28701, 31613, 45056, 31612, 7462, 40141, 30926, 12010, 41684, 23427, 16053, 24479, 19737, 40301, 7282, 44620, 30151, 35909, 42098, 13895, 29692, 30382, 40325, 45053, 13282, 27204, 43470, 39766, 33312, 22346, 32687, 39686, 43786, 22599, 30884, 38226, 40089, 40512, 34079, 45421, 33160, 17476, 7143, 7461, 8600, 46105, 28907, 4483, 31449, 41935, 45253, 22385, 9573, 25702, 40356, 13946, 26186, 37325, 35377, 38679, 28591, 12862, 32138, 27108, 14086, 17352, 16762, 14870, 40527, 30256, 25865, 32084, 27235, 4388, 41372, 32800, 30271, 19650, 40297, 42908, 16778, 45076, 12572, 44619, 32365, 19825, 43577, 39747, 35798, 23521, 31168, 23343, 31067, 8936, 33594, 27558, 10105, 41598, 19036, 31162, 32632, 24948, 41054, 
25220, 10809, 39862, 34024, 24256, 40618, 38599, 25339, 30235, 32755, 42006, 34025, -1, 30096, 44894, 44733, 22794, 38743, 28129, 37339, 43710, 37703, 29050, 42397, 41601, 43124, 18604, 20770, 36467, 25590, 18535, 7511, 32952, 45264, 23521, 35582, 28038, 26063, 46322, 36908, 29237, 44238, 34755, 31639, 17997, 37554, 7161, 40301, 46335, 44832, 41155, 25737, 34418, 26096, 8045, 42247, 27649, 21824, 40468, 26900, 14284, 35434, 21051, 34399, 35812, 46023, 10541, 3900, 30003, 38796, 6468, 12304, 40274, 38109, 45001, 32776, 22526, 40092, 7627, 25946, 37391, 32429, 31351, 38288, 21015, 37134, 41831, 43681, 42023, 22563, 42828, 17514, 45397, 33543, 31668, 19924, 43459, 32151, 27851, 39897, 30071, 25261, 22535, 40556, 44910, 45764, 4691, 7147, 14180, 38884, 13465, 7697, 20523, 43621, 17134, 18498, 45523, 37377, 42103, 15129, 32647, 24408, 41099, 41560, 19076, 9037, 43353, 42419, 27211, 46122, 27623, 42298, 38134, 14280, 45274, 14632, 30515, 44196, 32948, 32151, 26466, 34080, 7810, 39838, 42466, 6152, 25767, 41127, 41767, 40032, 19715, 14597, 13751, 44904, 15651, 39956, 37577, 16047, 34819, 43974, 30851, 40269, 7233, 31343, 26540, 36099, 43639, 34494, 40056, 26104, 41776, 37072, 13983, 12993, 42367, 40641, 43951, 36977, 37699, 22959, 44461, 41513, 32195, 39921, 42724, 37132, 38889, 18707, 45889, 19989, 39391, 28447, 35061, 14409, 31484, 23779, 41964, 19279, 45234, 11797, 43427, 29900, 37782, 45418, 22973, 31333, 13406, 42628, 22033, 17973, 29666, 
28063, 25012, 37365, 14858, 43189, 19010, 27739, 6722, 33850, 39812, 16412, 7972, 30096, -1, 42664, 36855, 23415, 23262, 41248, 34753, 36003, 31563, 16388, 37632, 18367, 42052, 44173, 34752, 24099, 24584, 32377, 9582, 18761, 18194, 45316, 32568, 40398, 37925, 19237, 38147, 40970, 34350, 32846, 37338, 27133, 20982, 17839, 34064, 35674, 26800, 32276, 40688, 35515, 44395, 23816, 31506, 6659, 24645, 7801, 25852, 28600, 32325, 26738, 31271, 37187, 25415, 42816, 38077, 11944, 27973, 31268, 29609, 16421, 44791, 35588, 24812, 43678, 41299, 15509, 41752, 36532, 45556, 39523, 35503, 23107, 36138, 42161, 41319, 16583, 23227, 37306, 40874, 26561, 14667, 20325, 28695, 7067, 33369, 36965, 38098, 35921, 43716, 21367, 34766, 35600, 41696, 43332, 32867, 41746, 26218, 34043, 32251, 33545, 40789, 45580, 20554, 25550, 36158, 43231, 32775, 34876, 15326, 37990, 39295, 37988, 46028, 9079, 30052, 41272, 45024, 35948, 26456, 40722, 19068, 36665, 22200, 35546, 30070, 29258, 40468, 25217, 27294, 35462, 33752, 39407, 24821, 45992, 8936, 24427, 6304, 28267, 34043, 41804, 15068, 30330, 25730, 42272, 44179, 25995, 29328, 42870, 45205, 32898, 29693, 15130, 26989, 31135, 22006, 32708, 38156, 42302, 34363, 44289, 12204, 41092, 38056, 17400, 31522, 27457, 13204, 29906, 34978, 25613, 21659, 38064, 38294, 18495, 29322, 39266, 37955, 33593, 41693, 35593, 46202, 4429, 25800, 45906, 11195, 19288, 46166, 37375, 22341, 29128, 38776, 38379, 38371, 44172, 45204, 34030, 37770, 30976, 
39174, 38222, 44192, 40538, 42456, 44423, 26995, 39932, 44967, 33823, 42304, 43557, 44894, 42664, -1, 35901, 41656, 27134, 21691, 44289, 29940, 45951, 16533, 22645, 46144, 39221, 6588, 42351, 40878, 20261, 39949, 42401, 36780, 16391, 35469, 43971, 31138, 25043, 28502, 21610, 28297, 28259, 38568, 38274, 43442, 34357, 37225, 44861, 21029, 39167, 29104, 29284, 28145, 14516, 44326, 29202, 44515, 41273, 26740, 24882, 40366, 38783, 36118, 18833, 22114, 25597, 39382, 32806, 31067, 28932, 29153, 29484, 26896, 37667, 31346, 19019, 23635, 9711, 19320, 41581, 32064, 28123, 30536, 32531, 11532, 46065, 16266, 41112, 23623, 42086, 42225, 22619, 11912, 31383, 20802, 19542, 38580, 30815, 31266, 34544, 42304, 36627, 29400, 37348, 37412, 41420, 37657, 32014, 38249, 35627, 41333, 39280, 35184, 46043, 17619, 30607, 15807, 40636, 45398, 31548, 34637, 39332, 35803, 30131, 30563, 25312, 10920, 44626, 30630, 42449, 14148, 25579, 40043, 37478, 44289, 39328, 44598, 37091, 38537, 18505, 46204, 12778, 43323, 40937, 13213, 38454, 28483, 29468, 31498, 37809, 40327, 44993, 41006, 24242, 43049, 28808, 35594, 40458, 30124, 26715, 40429, 19334, 20162, 41426, 27376, 40558, 44786, 42846, 44175, 4323, 24690, 36788, 32812, 40106, 33416, 46121, 7726, 13264, 16552, 35625, 17941, 37662, 45495, 33164, 23140, 26899, 45861, 24556, 46254, 23494, 40315, 32877, 34058, 37240, 44738, 16499, 44330, 22899, 43677, 35988, 37393, 20682, 39459, 25838, 24150, 18898, 39052, 37285, 15581, 35251, 38184, 
38672, 41490, 45634, 23028, 38229, 42285, 16196, 26573, 30940, 37322, 40032, 29062, 44733, 36855, 35901, -1, 26688, 38261, 23179, 26642, 32955, 45564, 40709, 38068, 24658, 8000, 24675, 26232, 23028, 44044, 45791, 39973, 8305, 11189, 39195, 36669, 37858, 36589, 45399, 30630, 43936, 33356, 45163, 23952, 41371, 15303, 27880, 24395, 34498, 14827, 3120, 42247, 15486, 28952, 30434, 25032, 39757, 15014, 41319, 33561, 46096, 34205, 28478, 36750, 41415, 18258, 40610, 38911, 26181, 40059, 40740, 19328, 20062, 8114, 36355, 3851, 36650, 21188, 25238, 36783, 28543, 18659, 45278, 30874, 24669, 21933, 39225, 32066, 41623, 37514, 19398, 35089, 23922, 15219, 33378, 42394, 16954, 9083, 43748, 27197, 25516, 18843, 27095, 23161, 33981, 46211, 43707, 38080, 39258, 23522, 40746, 15010, 7715, 37213, 36154, 23613, 25915, 39620, 44393, 13022, 44616, 32727, 9854, 18863, 42436, 39304, 43734, 9444, 40396, 9164, 16501, 45391, 14798, 36267, 14927, 34278, 43384, 44602, 5560, 37995, 40047, 27096, 17985, 33696, 38052, 28174, 34634, 37992, 17506, 42846, 40808, 37564, 33818, 20391, 38290, 41213, 31416, 12152, 16337, 25920, 13477, 38374, 23379, 24918, 22348, 42915, 45657, 31804, 24607, 8541, 39183, 38671, 41316, 40769, 39779, 45151, 32878, 29139, 28899, 25503, 37073, 12017, 35505, 13726, 38268, 45459, 9600, 23339, 20451, 16837, 17715, 40479, 21423, 39580, 37237, 39991, 31831, 20231, 35718, 8579, 12801, 11563, 20753, 37591, 26218, 33331, 8827, 24521, 42986, 36325, 45933, 
27509, 27443, 31921, 36402, 13571, 6711, 30973, 27979, 38411, 26624, 29400, 37318, 22794, 23415, 41656, 26688, -1, 25632, 38910, 43426, 37152, 37880, 33692, 23249, 42052, 32264, 11220, 29564, 41691, 15851, 33259, 35969, 38626, 38728, 41673, 37272, 11875, 40869, 39806, 39799, 44581, 28910, 39712, 43133, 32966, 23617, 11996, 34499, 18693, 16280, 21717, 44849, 41599, 12202, 41263, 37491, 10954, 43432, 35061, 11682, 32525, 45292, 22100, 28340, 11813, 25223, 33754, 25959, 26264, 45777, 41106, 10522, 28618, 423, 29754, 45334, 21167, 44849, 39660, 44507, 25297, 29065, 37698, 44617, 15754, 43143, 34487, 26111, 43888, 18615, 34708, 19407, 35008, 31196, 17396, 44799, 34881, 34959, 25151, 39490, 13648, 15400, 36006, 23102, 39578, 44808, 42669, 40336, 45217, 11551, 42537, 26320, 11820, 39417, 24735, 12768, 21807, 38367, 31255, 30646, 14253, 41502, 38867, 29318, 44280, 38976, 39581, 33109, 32128, 34735, 20903, 7135, 26021, 39750, 18502, 21665, 41019, 41867, 39683, 40630, 26812, 30581, 13674, 34868, 44464, 30445, 13498, 39544, 45136, 33038, 37837, 44552, 27684, 38762, 25158, 39095, 26067, 42401, 17874, 26570, 23237, 37805, 33553, 13407, 12229, 44967, 26453, 39988, 36424, 24084, 40631, 23694, 11267, 21973, 34040, 42106, 33727, 15103, 28733, 20943, 29972, 37799, 42742, 4633, 22083, 44960, 39256, 36666, 45965, 25724, 43146, 35959, 35691, 31433, 18889, 43923, 30855, 20651, 27352, 14711, 44577, 42176, 3346, 37752, 39988, 14389, 33152, 44691, 45587, 22944, 33022, 
5819, 31314, 40211, 34592, 2385, 38390, 14423, 34484, 34979, 19687, 35705, 18026, 38743, 23262, 27134, 38261, 25632, -1, 41337, 43946, 32761, 34128, 38448, 20827, 45947, 35655, 44789, 43255, 41418, 41293, 39572, 25799, 37643, 28400, 8943, 30173, 40760, 30717, 25653, 24124, 16768, 34526, 26094, 44768, 19103, 37532, 28226, 39318, 3997, 33318, 28542, 40716, 41996, 37721, 32838, 28356, 35999, 30279, 23302, 22672, 27431, 33618, 30483, 18664, 45234, 40328, 44710, 45207, 37939, 40356, 30766, 34316, 26940, 42420, 33849, 45333, 29657, 32068, 10141, 16054, 6353, 40432, 39803, 35716, 19731, 43242, 21055, 40204, 16427, 42768, 23792, 17562, 23073, 20361, 33095, 36374, 44198, 46313, 24461, 30827, 24285, 32052, 15261, 14837, 38507, 34250, 42725, 25283, 39562, 30238, 42514, 34944, 37331, 37008, 25833, 42793, 45173, 25178, 35510, 12906, 34210, 10137, 43478, 26895, 9115, 42339, 29839, 44399, 45161, 44395, 39493, 46281, 27804, 33495, 39001, 29052, 41712, 27257, 33105, 36897, 40594, 37005, 18228, 41120, 30122, 24349, 13810, 9119, 41728, 28414, 19843, 43278, 32761, 42536, 46296, 42860, 42148, 45731, 40598, 20936, 30300, 44118, 38516, 18491, 39839, 36968, 37342, 30051, 18618, 32470, 21700, 22878, 32244, 45463, 25365, 24901, 36836, 33469, 40298, 25866, 40367, 25181, 25445, 45624, 26188, 19904, 44067, 36420, 27257, 19122, 11175, 26646, 40786, 34791, 39659, 43448, 23381, 26450, 35972, 15487, 34849, 21617, 44674, 32762, 44642, 33495, 42518, 26511, 30769, 33608, 43709, 
33957, 45822, 37896, 17900, 28605, 17635, 31375, 11733, 45417, 39013, 26395, 32237, 28129, 41248, 21691, 23179, 38910, 41337, -1, 35144, 24539, 26683, 36773, 37134, 30401, 30598, 29437, 43336, 33388, 24947, 42876, 26293, 11246, 37211, 13779, 27273, 39401, 24021, 35182, 27763, 21815, 23344, 44850, 41841, 42961, 41267, 42122, 41360, 5907, 19328, 29046, 42108, 42524, 39536, 40508, 43015, 45764, 40488, 29584, 44219, 16733, 31091, 23290, 15954, 27359, 45222, 32327, 43545, 43017, 40847, 44140, 43543, 39387, 10433, 41167, 33037, 29899, 25782, 24802, 32650, 37311, 35921, 45992, 43361, 34708, 10089, 7097, 28494, 26900, 33262, 23794, 26553, 45365, 11284, 22961, 25165, 29461, 25830, 16082, 40367, 38458, 20387, 39073, 20987, 38512, 45943, 41033, 32231, 27249, 12256, 45334, 23701, 30042, 42606, 42455, 27440, 44271, 33534, 10284, 28544, 40858, 39822, 29782, 34651, 40161, 22410, 33457, 12514, 37110, 34181, 38990, 7738, 43823, 33678, 24710, 40566, 4165, 34981, 28772, 18991, 28256, 35115, 4186, 45755, 41477, 34137, 43258, 34913, 25751, 38859, 34988, 34886, 17532, 42379, 37951, 36957, 40567, 32119, 43957, 26601, 37886, 41783, 22778, 39111, 30485, 43012, 28017, 44568, 17194, 20912, 8287, 32449, 6319, 19125, 44619, 23357, 41873, 39634, 27828, 1546, 36268, 38321, 29503, 45099, 36515, 13681, 41446, 24891, 22887, 40951, 39941, 38021, 16142, 43592, 35078, 34536, 41374, 19116, 25157, 37606, 42768, 30407, 21741, 43359, 38365, 40333, 36188, 36654, 39562, 18397, 23512, 
28049, 44586, 9969, 16504, 42785, 36587, 14831, 37075, 44346, 15382, 29711, 28081, 37339, 34753, 44289, 26642, 43426, 43946, 35144, -1, 38902, 40388, 40573, 45483, 23997, 44186, 12708, 42127, 33135, 43666, 7389, 22568, 44987, 21241, 7179, 15791, 16370, 44240, 30168, 34287, 3644, 20325, 28123, 40173, 39532, 46028, 44071, 15396, 33055, 36916, 38974, 28494, 39438, 29462, 25046, 44044, 14331, 31866, 25551, 28703, 32075, 39282, 43703, 40439, 31594, 29546, 14001, 22432, 8227, 36440, 41971, 39111, 9586, 44053, 45910, 26411, 26713, 31138, 28756, 29974, 34009, 26287, 26691, 20734, 13977, 23379, 35440, 45620, 35170, 45942, 12754, 34863, 44725, 24689, 6067, 45178, 40047, 18560, 31417, 44587, 20584, 26932, 6412, 9011, 24322, 44694, 43088, 27321, 21404, 12215, 28964, 17527, 14870, 7254, 30061, 17919, 38882, 38137, 28062, 29382, 31577, 44985, 36379, 22084, 36854, 42289, 29629, 24848, 36776, 43475, 20075, 44619, 41935, 6404, 41513, 25295, 21308, 46312, 41797, 45796, 28930, 34191, 26000, 24802, 33263, 25637, 34857, 26243, 13793, 24783, 24516, 35655, 19721, 34891, 43035, 38701, 45094, 39251, 17762, 46019, 31401, 13026, 40940, 9023, 37237, 34204, 36622, 34138, 15184, 36032, 27320, 11731, 30738, 39468, 32807, 30509, 15928, 40867, 12399, 18939, 43123, 30286, 3332, 19789, 39679, 39536, 15361, 39196, 19715, 35753, 25221, 46049, 34331, 21213, 8517, 16870, 34006, 32498, 44178, 43230, 43040, 36341, 33421, 36177, 41996, 42377, 45264, 43844, 40183, 34517, 38528, 
15911, 15889, 38995, 16427, 26402, 17040, 38302, 34243, 17418, 28221, 30591, 37103, 43710, 36003, 29940, 32955, 37152, 32761, 24539, 38902, -1, 37221, 37794, 4059, 24477, 43826, 20552, 41996, 39564, 3730, 45839, 41757, 37976, 41058, 36793, 21404, 37820, 45090, 38885, 44696, 42684, 45099, 43303, 31246, 38536, 32560, 44846, 43880, 39095, 35460, 21998, 29787, 30579, 27466, 38139, 25757, 10993, 21501, 39269, 24952, 25653, 9861, 32352, 25537, 24449, 32260, 39365, 41252, 24073, 43703, 24257, 20333, 28659, 24612, 39638, 40393, 22613, 35121, 32001, 26275, 34287, 25934, 33020, 26443, 28161, 29776, 39008, 26402, 28759, 35867, 37846, 25144, 27794, 29721, 36483, 36836, 45503, 44638, 27807, 45993, 41542, 45392, 19225, 31885, 9699, 42553, 40760, 43202, 40676, 24502, 27604, 39264, 19316, 23466, 22284, 18527, 34036, 46231, 13188, 44458, 40719, 26372, 26058, 17640, 20114, 41492, 30729, 18121, 41557, 42392, 30769, 28677, 41969, 30084, 41059, 37253, 43341, 29488, 35026, 44514, 26623, 26993, 38743, 22005, 38290, 22604, 37702, 34974, 24760, 22996, 40344, 39978, 39916, 41861, 18619, 23722, 43546, 44738, 40975, 24108, 19158, 34724, 27395, 23532, 36467, 44955, 39572, 9887, 44258, 6122, 37238, 9976, 33125, 31274, 39342, 28003, 5120, 33109, 29310, 39135, 22771, 17120, 6806, 42533, 36547, 26268, 28032, 17770, 29994, 37005, 45480, 36500, 16343, 38224, 21832, 24604, 38808, 19047, 37316, 22225, 38220, 45038, 27616, 6586, 22000, 41306, 35793, 35307, 35163, 39019, 11306, 
31403, 31384, 25197, 16304, 31057, 42822, 6295, 16921, 26322, 34386, 26670, 35329, 37703, 31563, 45951, 45564, 37880, 34128, 26683, 40388, 37221, -1, 21586, 33729, 10675, 43507, 43119, 32234, 27222, 28395, 18342, 41506, 30564, 33648, 37808, 24796, 36242, 34795, 28971, 42774, 37025, 45938, 33513, 13570, 37575, 20283, 42999, 34661, 19773, 31263, 28900, 23484, 20296, 6404, 45031, 39856, 40287, 16661, 20388, 32673, 20469, 33785, 38461, 22316, 37252, 44409, 23886, 14639, 32036, 41485, 22584, 19724, 43569, 42740, 31337, 28255, 28232, 21340, 35338, 30939, 22676, 35224, 5588, 31876, 27061, 42819, 34712, 40254, 33489, 43261, 19639, 44847, 33514, 14590, 31937, 33573, 11623, 41055, 27621, 21659, 38465, 44729, 43967, 14403, 34078, 31163, 30434, 12856, 35837, 44183, 22593, 40268, 13909, 7517, 44580, 22330, 41635, 42629, 42100, 23793, 44207, 25136, 27800, 23885, 36344, 40076, 38574, 13019, 13106, 26156, 36488, 37520, 45881, 37830, 20821, 26765, 44807, 38018, 7336, 26579, 37996, 40762, 25566, 11372, 22618, 10382, 36432, 27151, 28088, 45565, 28167, 45119, 40623, 26861, 45805, 30182, 21760, 11057, 21789, 41113, 45892, 13679, 26708, 41416, 30296, 38382, 38756, 26989, 27374, 36164, 39208, 10744, 41320, 35026, 12764, 19057, 17708, 33107, 13306, 43812, 14076, 39853, 12430, 23124, 36640, 34109, 25417, 44335, 40644, 41306, 13946, 40277, 36104, 46295, 40433, 9935, 16422, 41918, 28407, 39115, 34471, 40342, 8907, 29548, 31796, 18250, 45792, 45947, 23404, 30734, 25277, 
9109, 27723, 16203, 41726, 17841, 28979, 22180, 31285, 44928, 15033, 34883, 15224, 29050, 16388, 16533, 40709, 33692, 38448, 36773, 40573, 37794, 21586, -1, 28844, 24201, 31757, 9991, 20551, 23571, 18681, 42624, 28547, 21137, 43915, 23768, 42730, 38905, 36891, 22776, 20512, 43712, 44866, 34596, 27276, 35261, 28149, 42113, 20201, 42487, 34070, 37708, 12006, 21713, 27201, 43702, 31603, 37990, 6318, 20786, 13943, 30990, 40092, 10381, 27105, 43355, 44961, 39804, 36836, 45672, 33529, 40360, 43482, 17282, 38011, 30968, 30052, 39302, 40721, 28100, 30330, 38962, 44199, 34477, 4053, 13637, 40553, 20467, 28318, 17631, 20556, 40985, 41355, 16610, 44369, 17857, 25332, 36065, 30924, 23831, 33473, 10762, 31429, 46244, 14971, 6376, 5977, 15805, 14332, 43583, 9869, 29940, 7867, 44002, 24941, 16190, 28136, 32994, 27735, 27891, 43622, 25206, 11050, 37853, 45501, 18670, 21020, 26682, 24809, 45520, 7339, 45732, 18515, 36883, 38063, 37659, 37724, 33331, 35941, 43227, 34403, 25919, 2615, 33029, 22045, 43719, 38959, 28514, 41464, 24427, 29538, 41571, 23675, 40283, 44774, 29671, 22418, 6902, 32987, 42917, 21203, 21467, 16632, 14849, 43951, 7724, 44681, 22855, 35848, 39457, 24079, 12662, 19319, 38332, 44581, 19753, 34124, 41553, 26436, 24609, 32286, 43772, 32530, 20776, 12460, 26544, 25569, 38871, 35818, 39638, 17373, 33686, 31479, 41794, 37544, 23603, 40219, 41603, 45843, 40867, 18341, 19038, 36300, 22590, 26838, 26026, 34627, 36729, 25533, 36857, 28498, 12289, 
36438, 37337, 29778, 30533, 33957, 36946, 34726, 44204, 42265, 35093, 11584, 43652, 42397, 37632, 22645, 38068, 23249, 20827, 37134, 45483, 4059, 33729, 28844, -1, 37242, 44776, 37379, 36724, 25617, 8986, 33241, 42740, 26986, 44510, 39220, 34218, 34527, 29808, 37056, 24755, 32453, 33120, 42431, 35422, 26703, 43069, 43026, 45948, 34856, 29584, 34492, 45236, 24879, 35035, 8808, 11280, 27119, 27192, 26638, 36337, 38375, 44694, 7337, 37374, 32424, 45933, 45060, 4845, 20158, 11792, 30960, 39597, 18996, 21331, 40145, 37083, 30474, 26299, 37055, 39700, 38881, 36991, 30543, 21482, 36659, 32260, 23162, 33399, 25330, 25939, 31104, 34251, 29015, 26419, 31309, 41179, 4232, 43220, 23816, 42284, 24264, 34519, 30865, 44789, 43656, 36282, 35777, 37942, 22345, 43546, 15811, 26817, 42579, 38315, 34442, 25988, 29181, 23728, 38108, 34897, 33094, 44467, 35552, 44012, 41915, 22238, 29637, 39454, 7659, 31241, 38049, 40469, 19489, 34084, 24986, 33459, 45553, 36385, 24667, 32356, 45863, 17351, 10785, 28468, 39331, 44391, 43018, 35736, 26851, 40966, 8797, 12770, 41871, 45604, 26534, 29613, 27950, 40180, 6351, 45221, 43103, 28075, 34113, 40382, 43838, 7718, 26807, 45463, 42951, 43251, 42506, 20426, 20354, 41459, 35286, 42182, 16895, 9514, 35303, 40647, 10493, 41654, 29099, 19695, 42019, 45932, 20997, 35570, 45141, 31301, 28673, 15216, 17731, 16250, 24380, 37287, 30652, 38063, 33426, 46228, 35510, 34989, 44686, 41438, 43520, 45620, 36482, 37809, 38534, 42479, 35638, 
41520, 7575, 36580, 7619, 31538, 42970, 43666, 23586, 46207, 46011, 24054, 42121, 41601, 18367, 46144, 24658, 42052, 45947, 30401, 23997, 24477, 10675, 24201, 37242, -1, 44958, 33288, 26215, 38877, 41260, 37734, 14477, 15395, 42131, 23995, 5796, 36636, 28539, 27358, 43667, 39938, 22319, 14690, 45505, 20842, 38758, 4832, 27784, 39145, 25369, 44247, 13880, 42002, 33606, 8190, 41567, 20412, 39831, 19336, 32152, 4931, 31909, 20112, 16255, 22835, 30176, 9991, 43530, 37301, 32323, 31725, 35336, 21064, 43895, 29934, 28977, 3911, 35972, 33381, 24013, 12042, 27209, 31609, 45096, 29333, 13870, 24870, 43793, 31314, 33412, 31755, 22980, 39759, 13972, 41393, 35281, 12676, 43214, 38378, 31997, 28622, 35688, 32766, 13121, 33832, 36017, 18105, 14849, 37313, 33443, 15995, 4721, 31690, 43202, 30473, 44107, 21184, 29884, 31529, 31675, 30181, 23912, 20885, 43936, 45134, 36433, 43733, 39763, 16319, 45149, 45180, 38135, 20722, 31743, 26350, 36586, 21479, 40551, 26051, 18094, 26000, 14028, 21720, 15795, 41616, 45508, 24379, 43741, 22627, 31048, 40131, 31781, 9928, 25784, 18799, 6954, 40493, 16243, 38820, 39871, 13319, 36042, 23118, 29141, 36742, 43031, 17550, 42175, 25432, 38320, 44154, 28463, 46021, 29783, 12485, 9213, 40530, 41922, 37387, 33449, 37012, 30597, 31420, 26068, 45579, 29294, 44720, 39041, 45824, 32677, 29746, 27291, 18068, 30088, 30737, 26356, 45840, 13301, 27116, 12803, 22334, 22218, 37615, 41588, 37044, 31340, 20554, 26465, 30599, 41107, 45342, 
16425, 10440, 23309, 33085, 22764, 43888, 33073, 42637, 43228, 27925, 23056, 32543, 43124, 42052, 39221, 8000, 32264, 35655, 30598, 44186, 43826, 43507, 31757, 44776, 44958, -1, 32442, 14696, 19491, 30359, 34819, 13542, 10815, 22728, 14430, 38917, 12743, 16366, 44184, 14818, 29199, 34027, 45603, 30922, 16054, 42333, 10385, 24488, 18488, 23963, 30118, 42384, 45464, 44350, 42711, 40438, 5183, 32072, 22704, 27663, 31203, 25775, 6780, 35967, 28026, 35413, 44291, 45980, 20258, 38078, 37804, 2834, 42349, 24495, 15015, 20968, 38999, 41956, 36134, 34548, 38098, 39867, 16824, 35360, 37246, 31123, 26795, 35255, 39013, 31023, 18914, 44899, 38965, 29274, 37944, 22174, 30177, 35965, 22745, 43586, 24595, 30879, 37993, 38667, 43721, 31483, 44164, 5016, 39625, 27641, 27338, 41791, 35453, 9721, 27289, 37975, 15678, 36062, 39851, 39186, 25737, 34312, 7462, 24314, 41015, 44173, 33804, 46073, 25074, 36763, 44841, 33325, 19503, 18102, 37172, 45636, 25063, 24427, 33880, 43051, 43771, 13536, 44946, 18199, 16816, 22942, 20934, 14028, 22420, 9301, 3447, 32770, 36941, 44614, 41042, 39315, 17987, 21231, 32883, 13201, 44482, 32324, 5606, 8114, 41199, 3484, 34731, 30247, 31110, 30118, 27438, 23576, 26095, 46206, 15611, 43622, 14131, 32222, 39362, 10747, 40196, 11647, 41074, 24924, 32857, 32125, 25381, 42314, 45349, 7035, 40133, 46186, 35017, 31590, 18027, 27567, 38600, 40095, 27016, 11623, 20014, 44257, 39766, 43367, 34108, 29906, 45513, 5571, 41826, 19764, 19240, 
44928, 33855, 35420, 42368, 34813, 15370, 16774, 40486, 37871, 41230, 40969, 43018, 18604, 44173, 6588, 24675, 11220, 44789, 29437, 12708, 20552, 43119, 9991, 37379, 33288, 32442, -1, 24573, 35269, 33073, 21095, 33671, 36415, 20240, 32288, 22340, 29270, 34655, 37409, 42420, 34076, 17876, 26305, 40963, 22212, 25430, 29886, 23802, 16212, 46226, 19270, 36590, 39159, 20748, 24876, 13223, 45008, 21217, 37620, 31410, 38488, 20512, 44690, 40532, 39023, 18658, 29049, 45081, 45605, 5980, 36718, 15770, 9406, 44886, 36427, 12326, 41614, 19859, 16701, 21803, 32244, 38929, 40215, 35385, 36610, 32078, 36286, 32843, 45755, 31723, 41909, 22364, 41496, 15341, 42659, 43872, 21450, 3685, 40597, 34887, 37090, 33121, 10341, 17102, 40122, 38392, 3233, 28077, 14210, 41941, 18624, 39541, 10994, 38639, 33516, 43198, 6143, 35997, 13762, 21019, 38896, 46269, 39059, 38645, 40377, 36091, 16009, 31287, 29386, 27956, 46167, 40052, 20262, 30100, 12981, 25305, 18093, 22000, 39486, 29076, 37927, 1531, 45494, 1345, 46053, 44449, 44734, 25946, 6277, 13407, 28985, 28209, 12818, 40127, 38323, 38323, 34416, 26645, 18602, 45893, 7374, 41170, 18476, 10890, 10331, 42059, 44237, 9350, 44768, 41549, 30328, 20028, 7406, 4385, 21319, 40242, 16994, 38171, 36712, 14836, 33356, 35520, 45360, 42202, 19972, 45825, 26520, 34159, 40362, 38131, 43471, 20345, 32459, 41034, 19825, 15417, 32739, 38992, 25090, 41965, 45075, 40516, 35624, 37704, 13668, 30068, 31730, 46279, 13652, 15182, 32902, 
