179
[-1, 21438, 18486, 19962, 30261, 24226, 29480, 33585, 28184, 30261, 29105, 11830, 5072, 41479, 35730, 35473, 45988, 43652, 17318, 23960, 40330, 32019, 29470, 27499, 31656, 43197, 45571, 19417, 37855, 14094, 41674, 41593, 24760, 21825, 41015, 44730, 45829, 31823, 35204, 46095, 37496, 17229, 33407, 31216, 28821, 14966, 30701, 44103, 41428, 31634, 43571, 3383, 10615, 38074, 40869, 42822, 43645, 30354, 30415, 27945, 4803, 44986, 30028, 32319, 43110, 26974, 23719, 40181, 40298, 45809, 41450, 41380, 40818, 24683, 23048, 38757, 40622, 21766, 32142, 29942, 22169, 30380, 37995, 41132, 32475, 45885, 24048, 34623, 37128, 46088, 15485, 27624, 7773, 44646, 33769, 31598, 42759, 20536, 42430, 22273, 7375, 34691, 17558, 18087, 43632, 41183, 30091, 45302, 40165, 29539, 41866, 29309, 28549, 32577, 43094, 29356, 26914, 39275, 16769, 41242, 42791, 21855, 24069, 34326, 34130, 29558, 28533, 45719, 35108, 46021, 9060, 23250, 31491, 34589, 32594, 43802, 27751, 42811, 17051, 43769, 26329, 33464, 39583, 25322, 40168, 12719, 30770, 22246, 46334, 37387, 45396, 42789, 8159, 39361, 22437, 16585, 26571, 27267, 6891, 30448, 23562, 25233, 24947, 37118, 18718, 35318, 23219, 14835, 33731, 30189, 29094, 38458, 26095, 5495, 33202, 43775, 42422, 44519, 43868, 
21438, -1, 8619, 36547, 41795, 41970, 33053, 42350, 32422, 35525, 34079, 45871, 24973, 46021, 25001, 29097, 31338, 41460, 44300, 20294, 29737, 33568, 4601, 18413, 38486, 32103, 28573, 31559, 31094, 46282, 42957, 24166, 9930, 24801, 31052, 40170, 24243, 27668, 1445, 35420, 31532, 25477, 24455, 21773, 39174, 46027, 40163, 35854, 27014, 12678, 36060, 44806, 16323, 29834, 33312, 29978, 39947, 28020, 17015, 2720, 6093, 3582, 39656, 32702, 31873, 35909, 5543, 30676, 34437, 26460, 32423, 19596, 30931, 14422, 36159, 33952, 28372, 26854, 43428, 20263, 37792, 40324, 44544, 35500, 45290, 38701, 37946, 22189, 15181, 45981, 15689, 19042, 26384, 35251, 43238, 36815, 4529, 18237, 13405, 24606, 41131, 16149, 24050, 35973, 37250, 20191, 9989, 35301, 41254, 33346, 43620, 46243, 30514, 34199, 13452, 41584, 35739, 28196, 29930, 45537, 26754, 42017, 26952, 24213, 30041, 23017, 31973, 44242, 19667, 43463, 39038, 26063, 41723, 18125, 24387, 18589, 13804, 44291, 45844, 46333, 32861, 20797, 34321, 44057, 24637, 45785, 29589, 23368, 42687, 28748, 24710, 12683, 36699, 8927, 17613, 22250, 13324, 16011, 42265, 39559, 21086, 37484, 16742, 40356, 44325, 31495, 38134, 43003, 19202, 43791, 27513, 19502, 41462, 25225, 38124, 12699, 17703, 15401, 44258, 
18486, 8619, -1, 15338, 20111, 19823, 24003, 34965, 39211, 33185, 46170, 33832, 32878, 42393, 30184, 45581, 37682, 32371, 36142, 15432, 31522, 40006, 44015, 20107, 31536, 33850, 38931, 32500, 13830, 25587, 4549, 38541, 20882, 39283, 34239, 20290, 26948, 25942, 32727, 25701, 29454, 18413, 39489, 36670, 34481, 34210, 19036, 31322, 23506, 36323, 46130, 6675, 23137, 39646, 32666, 14671, 46234, 18794, 37857, 29878, 31559, 18156, 36174, 40774, 44964, 41073, 18749, 13975, 27442, 37564, 31339, 43060, 28476, 43941, 37659, 24278, 35327, 40995, 29246, 9255, 35727, 41407, 11801, 43522, 43175, 39616, 36950, 31261, 10040, 28021, 37436, 39303, 38988, 36891, 42579, 43222, 21830, 18678, 45333, 35115, 30601, 33263, 30203, 30974, 31538, 43716, 16214, 23171, 15564, 30247, 42202, 31317, 35907, 29605, 18621, 33820, 19823, 33664, 37303, 18026, 34240, 46089, 41120, 15449, 44367, 42070, 30258, 22923, 28039, 41760, 27773, 33750, 37432, 46302, 37687, 38953, 17743, 9751, 39294, 32106, 41497, 25756, 37997, 21908, 14767, 29923, 30447, 24219, 23961, 34683, 35919, 42574, 39931, 44572, 35851, 29802, 45536, 10683, 30036, 9187, 45268, 36709, 23616, 21668, 26687, 32934, 32976, 37976, 27397, 34371, 20525, 41437, 33793, 39812, 38805, 26928, 19339, 30902, 45587, 
19962, 36547, 15338, -1, 38483, 23261, 38645, 27116, 35951, 41575, 35104, 12067, 44146, 3910, 40847, 20573, 40046, 43813, 40149, 31943, 13468, 37584, 40113, 38759, 44443, 36066, 34099, 29513, 31190, 31062, 46234, 42986, 3538, 41111, 23966, 40945, 43284, 21056, 19746, 41604, 27827, 41704, 17772, 42587, 33470, 23072, 23768, 26401, 35595, 44387, 46142, 33307, 19397, 24580, 10081, 22768, 30767, 42731, 32267, 26181, 42126, 26709, 30762, 30581, 24827, 30215, 34008, 26987, 43816, 22000, 36846, 22691, 39522, 14241, 17897, 32835, 29018, 19734, 28929, 36823, 10823, 46287, 24926, 26978, 41041, 14828, 32458, 28891, 33139, 33657, 26251, 45827, 32601, 44606, 41578, 22382, 44069, 45592, 31090, 31225, 11659, 33268, 27863, 14296, 15911, 39724, 26562, 45322, 13996, 40330, 18556, 45999, 37498, 38358, 44194, 24971, 22463, 32289, 43734, 34185, 39812, 41539, 43369, 42700, 32123, 37817, 37419, 12390, 40382, 41976, 28046, 40454, 21737, 32393, 23566, 7794, 40131, 38913, 2342, 23270, 15983, 9998, 34552, 45884, 42015, 44074, 15298, 22770, 45406, 44386, 38880, 43575, 20451, 36925, 45217, 37922, 39303, 31281, 28161, 9361, 44133, 23515, 18115, 37046, 37309, 18765, 23825, 45248, 43621, 37484, 18524, 38468, 30415, 44696, 41231, 15699, 11766, 4888, 14083, 
30261, 41795, 20111, 38483, -1, 21384, 13386, 39266, 16297, 20417, 30766, 33676, 14509, 24929, 42312, 45793, 20026, 30995, 42845, 41338, 2737, 44814, 7842, 33977, 44636, 24373, 45684, 41315, 33787, 28956, 42075, 10388, 35470, 33353, 45862, 18015, 19109, 32073, 33553, 26159, 21376, 43239, 41263, 25199, 25736, 44233, 42608, 13209, 31338, 30944, 39149, 39592, 45584, 39648, 45702, 29215, 45282, 40824, 37383, 34951, 29703, 33152, 44444, 41254, 44834, 9899, 44838, 26785, 17534, 4670, 10192, 42180, 30785, 30291, 38127, 31272, 32126, 34839, 25232, 38926, 18513, 16576, 44354, 13416, 34205, 14465, 32427, 32082, 17665, 38841, 19959, 9118, 36472, 22579, 34212, 29872, 44719, 43430, 28998, 43590, 19526, 28419, 34267, 3455, 19211, 38403, 38881, 38306, 39621, 19236, 34029, 24993, 33688, 33966, 32095, 32644, 42835, 20360, 5006, 16889, 23397, 22106, 31720, 9403, 41543, 25451, 40248, 11096, 22014, 41431, 22700, 42369, 40981, 24145, 24810, 44759, 27610, 29584, 37821, 16126, 21505, 24697, 36866, 45843, 30138, 31732, 36433, 28191, 33538, 38940, 13517, 28529, 31860, 38339, 28870, 30784, 7661, 28446, 39795, 16038, 44210, 13350, 31475, 23594, 40296, 41355, 44158, 14697, 18919, 45340, 37955, 22701, 37950, 19643, 12018, 45155, 29194, 18885, 44491, 
24226, 41970, 19823, 23261, 21384, -1, 14613, 36359, 18898, 36092, 42536, 37991, 35558, 31386, 3124, 8031, 29595, 20651, 6825, 8022, 34158, 34769, 31663, 20359, 14813, 27423, 23790, 29798, 30929, 43200, 28690, 42939, 32784, 35062, 38918, 23345, 45560, 44081, 43031, 23495, 45045, 20728, 19596, 9693, 25731, 27562, 23930, 4986, 25365, 44007, 32783, 34768, 32009, 19927, 30354, 33292, 7446, 23865, 33148, 45599, 41046, 35522, 30494, 33734, 23387, 45045, 46201, 30045, 39109, 36445, 25403, 41235, 45170, 32900, 44553, 45752, 37296, 19802, 27535, 36833, 35251, 32243, 30952, 2512, 23490, 25044, 35425, 29420, 27005, 15761, 18902, 13627, 40063, 40471, 38959, 34401, 31394, 42426, 45260, 19954, 24279, 38049, 10138, 8257, 35296, 4371, 44665, 37638, 40360, 35404, 17115, 40279, 24425, 21329, 43765, 15504, 35199, 18901, 27691, 37481, 43750, 34295, 37382, 42859, 42021, 35665, 41487, 19764, 39155, 27864, 33767, 8467, 16162, 40534, 34575, 46167, 38646, 22540, 6820, 32585, 36361, 22945, 45042, 42437, 33078, 14667, 33289, 37113, 29940, 18724, 33002, 26228, 44569, 44403, 16394, 34043, 40905, 46171, 39793, 21572, 37603, 41901, 20629, 39531, 39791, 46263, 30072, 7390, 43737, 34708, 22957, 45067, 31665, 27731, 43504, 27603, 46262, 24401, 39552, 
29480, 33053, 24003, 38645, 13386, 14613, -1, 39049, 37745, 43200, 15098, 40962, 32969, 41696, 36503, 10072, 17396, 12359, 36267, 42385, 21138, 21806, 24798, 29795, 17488, 41112, 30596, 45671, 24877, 45501, 15254, 25814, 27366, 32534, 33123, 45841, 35285, 21955, 40574, 23718, 33709, 24097, 27591, 40663, 42996, 34533, 36571, 39369, 33655, 46106, 44157, 44574, 30633, 40003, 28588, 15178, 17453, 37309, 42133, 41031, 16863, 25972, 13774, 38751, 37363, 9981, 30347, 30088, 33331, 45726, 36359, 23327, 21442, 39484, 25306, 36181, 39115, 40650, 38636, 36652, 31530, 14606, 13978, 30330, 26419, 37884, 37243, 28904, 27795, 21950, 20295, 42054, 24731, 41262, 39206, 21722, 40960, 11779, 43703, 34158, 28710, 41163, 42962, 44007, 40981, 34305, 26200, 31294, 42793, 41412, 43606, 17798, 21230, 32266, 37991, 29233, 45666, 13732, 38979, 23437, 34555, 39315, 31494, 35613, 24677, 38089, 38694, 39319, 30100, 28668, 38974, 29060, 2980, 16635, 41856, 43601, 29893, 31098, 25550, 43332, 27153, 31874, 46311, 34975, 29045, 33204, 17777, 26881, 35093, 44750, 28325, 24569, 33392, 24300, 14959, 15416, 45995, 41831, 21794, 43540, 37351, 45398, 24636, 27918, 34167, 43203, 37123, 40378, 22002, 37716, 22042, 33109, 26706, 34182, 32950, 27383, 33046, 38189, 39176, 
33585, 42350, 34965, 27116, 39266, 36359, 39049, -1, 10686, 28992, 40306, 30786, 14160, 38949, 36411, 46211, 21704, 38759, 42014, 37050, 5730, 33527, 34926, 24765, 36237, 16280, 41678, 19820, 43603, 23242, 17862, 46084, 35378, 37218, 22617, 33630, 34438, 40564, 14287, 30754, 32455, 18752, 38102, 26392, 42753, 33307, 34479, 39246, 8061, 23029, 39715, 33132, 22722, 44477, 34505, 44856, 27947, 34103, 32545, 44497, 8742, 41224, 46232, 22217, 7704, 23340, 46093, 847, 39054, 20370, 45730, 34717, 21579, 27027, 45780, 7975, 25920, 41591, 36010, 45306, 13442, 29934, 44579, 42655, 38746, 24993, 37491, 44868, 45199, 35289, 35048, 2763, 46328, 36817, 39929, 28058, 30619, 43469, 29104, 21918, 24951, 25771, 38654, 42839, 31584, 44375, 41893, 21978, 35121, 35615, 36692, 35428, 35138, 23951, 25566, 22530, 19973, 23061, 23103, 37349, 39843, 32737, 42742, 25133, 10134, 24760, 41601, 14715, 20810, 13981, 42049, 38534, 31531, 42315, 35926, 17982, 45636, 37190, 33337, 42347, 46152, 45368, 32440, 37737, 8846, 46091, 36829, 26205, 36594, 34835, 29284, 12094, 38749, 43935, 6505, 43359, 44266, 41127, 35764, 35866, 25632, 11038, 42174, 27781, 34270, 24633, 16129, 23028, 39473, 5555, 46325, 22950, 23281, 14174, 38572, 39632, 31073, 27868, 40974, 
28184, 32422, 39211, 35951, 16297, 18898, 37745, 10686, -1, 23714, 46148, 15530, 39434, 11171, 40647, 31539, 32187, 40510, 17697, 37204, 29347, 18529, 35887, 26736, 9801, 35456, 23991, 23328, 40378, 43821, 31635, 22874, 9846, 40756, 30790, 40466, 39534, 42095, 31424, 28366, 18821, 20076, 44592, 8604, 33775, 32864, 39895, 38963, 44018, 42200, 26836, 36814, 15672, 31319, 25939, 34455, 42295, 31103, 15114, 46298, 24121, 25067, 9312, 36573, 37153, 30872, 17939, 21179, 36878, 22112, 44122, 2088, 13944, 41260, 40005, 45764, 34357, 44265, 11223, 30431, 2740, 38854, 32947, 37392, 33607, 40931, 45676, 45299, 27273, 29414, 35898, 45088, 26995, 12684, 22169, 39153, 34864, 22074, 6670, 44347, 44103, 14775, 27987, 30577, 40993, 38920, 34723, 25236, 42883, 20925, 36530, 45140, 43005, 24394, 37302, 33381, 36459, 21068, 28982, 30295, 41952, 27022, 39242, 43299, 41754, 45623, 45644, 40212, 36072, 35858, 45661, 15012, 19926, 11458, 36164, 21869, 19472, 36232, 43218, 31939, 44156, 27807, 10318, 38161, 31136, 46290, 36865, 44439, 45304, 21441, 4713, 32384, 21244, 37024, 43569, 8566, 35409, 41903, 44486, 36980, 44043, 44644, 44768, 40951, 31770, 27144, 30264, 30557, 24352, 37950, 10017, 29252, 27237, 38861, 31354, 38581, 43088, 43763, 36088, 
30261, 35525, 33185, 41575, 20417, 36092, 43200, 28992, 23714, -1, 45032, 29966, 43032, 21807, 36692, 37649, 35622, 36474, 32119, 45275, 45684, 21640, 42787, 44893, 20655, 15833, 40801, 26788, 9930, 36765, 19464, 35335, 41654, 44223, 17986, 14674, 11706, 9039, 21466, 44979, 46119, 21976, 27620, 37111, 35050, 40502, 44409, 1053, 41099, 33178, 26733, 44004, 28170, 20949, 39997, 38922, 40672, 11022, 32268, 45155, 18484, 37576, 43989, 16971, 19512, 13554, 35338, 28479, 45651, 43201, 26044, 37476, 45139, 36838, 34988, 13257, 31557, 41043, 12379, 30317, 22695, 36332, 10414, 34772, 42475, 19768, 30110, 37689, 26664, 45386, 17162, 41474, 27051, 30175, 19935, 14886, 33392, 38555, 45834, 22841, 35766, 39371, 46059, 32304, 39378, 37311, 42594, 42637, 46228, 22971, 31505, 31252, 37964, 22673, 44450, 41556, 46017, 10072, 45071, 34724, 35939, 19010, 5316, 40838, 10267, 32666, 36879, 31775, 41088, 35540, 20361, 19682, 25315, 14106, 31585, 24697, 29710, 19308, 19639, 42030, 40948, 45367, 40207, 12775, 41700, 31573, 14332, 23660, 45372, 20002, 29875, 42647, 7979, 39464, 36850, 29612, 44816, 23782, 30689, 31836, 24325, 31400, 18047, 39653, 39728, 24304, 26297, 42140, 30665, 45211, 19211, 40896, 35024, 46288, 28949, 18405, 25373, 39716, 31010, 
29105, 34079, 46170, 35104, 30766, 42536, 15098, 40306, 46148, 45032, -1, 27802, 26905, 28475, 43504, 27024, 26252, 41438, 28156, 19015, 30110, 12197, 31703, 20859, 23178, 31189, 40343, 34520, 41725, 34359, 42003, 37771, 6414, 25905, 45565, 35791, 21856, 21861, 22523, 36926, 35728, 39699, 44027, 31115, 18852, 8338, 45508, 18177, 23924, 45798, 24586, 18463, 38401, 25836, 29842, 27257, 40409, 27872, 27166, 19512, 15685, 9567, 18144, 29098, 27033, 40862, 26521, 38020, 18261, 44181, 30824, 10697, 10335, 21834, 38449, 32165, 40495, 9946, 24252, 43801, 15186, 45772, 18378, 41098, 36574, 38698, 36526, 17005, 42005, 32682, 33121, 45609, 21532, 46103, 38792, 35966, 25384, 37453, 34125, 37257, 36487, 46335, 29613, 10696, 29064, 34823, 24811, 46094, 41237, 11668, 34304, 24236, 33130, 44739, 20143, 41142, 30895, 27783, 17104, 7019, 26928, 42231, 34311, 41463, 23861, 42965, 20775, 13346, 38447, 42409, 40460, 31952, 41689, 43208, 33891, 38520, 37960, 25082, 28514, 34579, 33951, 23876, 29416, 42128, 39810, 20461, 33107, 45147, 41704, 21776, 39482, 34092, 44898, 39917, 36392, 18391, 37786, 34738, 11303, 39875, 30147, 12504, 45850, 21968, 30499, 27239, 38300, 19004, 45180, 37378, 10799, 8708, 25912, 29691, 40347, 45301, 42391, 40150, 45270, 
11830, 45871, 33832, 12067, 33676, 37991, 40962, 30786, 15530, 29966, 27802, -1, 14223, 30029, 33374, 39677, 46085, 31088, 33479, 10621, 44063, 34133, 17885, 33111, 34443, 7491, 41940, 30776, 46032, 45594, 38690, 19239, 42391, 28568, 33921, 40237, 34447, 32855, 33026, 31601, 44364, 45790, 18142, 17051, 32321, 45526, 9657, 13808, 17516, 44005, 27284, 26398, 21127, 11405, 46201, 10191, 40642, 28441, 25362, 43279, 23622, 35873, 23747, 10332, 45344, 25019, 36281, 23849, 12972, 19657, 23586, 22739, 9418, 37061, 18089, 41396, 24424, 9828, 35900, 10795, 40724, 37562, 39222, 40468, 31822, 25199, 15125, 28441, 11654, 41182, 23906, 16628, 38991, 29147, 4462, 40603, 10871, 38058, 39078, 40746, 31005, 15216, 42893, 12699, 43203, 7650, 25867, 13549, 29449, 29060, 24036, 16229, 24910, 17154, 25330, 37787, 19375, 9379, 32276, 29452, 20568, 31554, 27956, 22184, 43758, 42423, 41958, 38811, 32844, 38145, 42825, 38637, 31540, 16173, 17690, 45629, 14965, 21464, 24987, 42174, 31061, 19332, 26188, 26480, 23946, 36383, 26531, 39534, 34037, 25912, 39154, 21046, 13712, 45363, 44276, 46045, 20122, 26268, 8885, 40695, 15008, 18834, 33354, 34045, 22220, 45208, 41282, 41316, 33219, 19646, 26143, 13448, 34010, 31269, 34000, 43475, 18817, 45941, 37746, 
5072, 24973, 32878, 44146, 14509, 35558, 32969, 14160, 39434, 43032, 26905, 14223, -1, 45032, 9480, 33874, 41063, 46023, 26730, 39088, 36132, 34495, 36299, 27376, 46127, 18193, 31753, 40121, 44228, 40264, 41104, 33120, 45858, 39923, 41482, 5554, 12461, 27176, 41921, 41753, 7247, 36511, 45167, 25849, 36019, 20526, 3831, 39547, 43822, 39333, 23263, 44791, 35420, 23459, 17726, 24907, 44685, 31000, 34261, 26850, 32584, 43499, 32335, 30186, 43644, 36662, 44635, 17870, 33067, 43571, 36847, 46154, 39472, 17692, 9259, 25815, 31235, 30890, 16031, 12555, 23524, 34685, 45877, 18993, 25872, 44780, 8758, 13516, 44616, 34783, 34956, 27302, 39091, 40998, 35614, 18620, 28170, 7580, 18673, 42845, 31196, 37889, 42334, 34163, 19154, 11089, 21001, 43811, 31038, 44617, 34013, 17508, 11645, 30172, 32924, 30340, 4758, 32593, 23530, 9879, 37549, 32429, 43412, 14973, 42455, 42098, 39704, 4186, 40334, 35865, 31808, 40782, 28295, 19574, 41957, 30953, 43940, 44505, 43464, 35176, 37578, 43370, 27273, 35955, 11747, 25786, 3415, 29866, 43745, 34622, 33229, 41840, 18338, 19549, 41342, 29638, 39378, 33767, 42755, 8897, 36602, 13158, 46011, 29244, 19584, 11878, 45454, 25577, 23485, 22597, 8794, 29644, 27201, 45538, 43633, 24271, 13399, 41194, 26698, 
41479, 46021, 42393, 3910, 24929, 31386, 41696, 38949, 11171, 21807, 28475, 30029, 45032, -1, 31779, 16889, 41376, 6253, 35266, 41931, 24715, 40635, 27902, 33390, 40620, 30148, 29935, 43685, 38647, 45348, 21588, 11803, 6680, 29997, 27275, 45590, 42191, 39844, 20917, 34619, 34724, 22746, 24566, 34755, 38107, 45810, 37602, 44739, 25980, 38632, 43977, 32447, 41474, 24437, 29432, 23981, 34547, 41030, 27630, 37667, 44557, 36833, 28073, 35695, 44611, 33710, 12639, 37979, 20173, 30373, 14302, 33128, 26825, 42657, 30167, 5902, 27624, 43943, 28414, 36789, 39573, 37171, 24791, 24288, 26491, 28329, 27591, 37974, 30349, 27437, 5652, 41817, 31124, 39646, 46009, 19156, 3060, 34470, 29448, 35231, 20087, 2866, 33117, 17748, 17965, 25463, 33105, 13414, 25710, 28757, 18855, 34566, 33175, 22547, 31811, 16059, 24411, 38577, 36109, 39912, 24063, 34337, 29980, 20692, 41538, 33498, 45225, 44620, 30749, 18355, 41049, 39844, 21436, 13272, 31190, 25439, 40961, 16552, 34895, 36758, 37806, 24295, 44320, 41024, 23949, 18701, 16279, 5963, 40398, 45951, 30583, 31276, 43387, 44222, 37513, 20320, 31439, 11090, 42545, 32590, 24300, 35458, 32298, 9152, 34173, 35547, 6627, 31050, 15864, 15410, 11660, 16423, 44577, 30107, 34570, 44410, 33216, 21056, 40298, 
35730, 25001, 30184, 40847, 42312, 3124, 36503, 36411, 40647, 36692, 43504, 33374, 9480, 31779, -1, 31980, 40983, 32398, 32590, 19596, 25229, 31437, 43386, 18941, 45333, 42942, 25546, 32005, 33473, 35764, 38030, 11559, 15063, 43421, 36468, 46012, 19599, 27455, 26711, 39435, 17720, 39958, 42120, 24377, 31852, 3382, 33718, 29886, 41778, 7224, 16878, 14662, 33124, 18171, 33206, 41479, 15568, 39939, 32269, 23063, 30389, 43596, 33889, 19020, 22079, 44172, 45659, 17215, 35303, 44993, 24557, 36565, 35014, 22193, 42737, 44336, 40411, 11380, 28134, 45909, 42633, 34775, 46208, 21333, 34755, 40949, 36103, 17122, 25635, 16883, 14987, 43934, 35438, 14357, 41959, 40226, 14185, 18086, 6091, 32441, 25234, 25761, 14463, 29326, 44054, 16276, 39370, 27716, 46012, 34408, 34552, 45180, 13314, 27498, 7324, 29548, 41563, 33679, 38584, 29916, 11802, 42878, 3393, 12149, 8144, 27628, 14771, 14548, 44778, 34409, 11561, 26844, 38376, 36511, 25719, 35334, 23307, 11255, 31767, 7381, 16321, 43507, 36129, 22530, 13672, 10561, 38803, 15780, 28489, 24822, 37993, 28207, 33085, 32645, 28901, 22449, 21302, 35228, 42477, 19447, 41494, 30972, 45832, 12731, 44723, 29092, 26105, 45551, 36928, 28039, 43198, 19236, 12488, 41947, 3156, 33542, 21150, 19013, 22478, 
35473, 29097, 45581, 20573, 45793, 8031, 10072, 46211, 31539, 37649, 27024, 39677, 33874, 16889, 31980, -1, 31673, 34523, 26675, 21872, 37595, 12652, 39564, 8153, 42796, 38771, 42645, 20340, 42612, 24647, 17243, 35268, 28839, 17182, 42774, 43819, 14551, 38406, 40407, 41250, 40164, 37925, 12173, 32474, 45640, 10896, 17879, 40624, 30158, 12246, 19640, 46262, 6288, 34540, 32196, 38852, 40663, 40426, 10001, 31739, 39267, 42302, 23764, 20449, 23025, 24837, 19020, 44452, 31128, 24181, 12955, 27850, 27866, 14077, 17963, 16798, 38752, 36375, 16717, 29958, 28372, 36462, 45681, 25198, 37075, 45210, 44029, 41480, 37939, 37927, 24099, 39601, 44484, 45407, 18409, 43581, 23180, 14289, 21750, 24935, 33071, 14962, 27572, 39954, 32445, 35477, 5788, 45927, 25017, 41788, 9404, 28117, 41644, 32907, 46077, 44115, 19244, 40288, 19338, 45343, 7481, 30348, 45314, 28896, 44490, 30119, 43461, 38169, 41949, 29539, 29677, 33412, 2332, 38823, 21001, 20697, 45306, 20999, 46246, 44877, 46113, 18145, 21809, 37966, 39988, 25173, 41153, 34487, 35012, 43131, 14264, 14637, 40206, 41235, 42518, 12445, 41725, 44764, 17442, 39880, 44648, 29491, 28506, 40133, 40988, 29108, 12190, 19287, 15427, 25371, 41152, 30946, 39443, 33387, 27833, 40153, 34232, 33394, 12489, 
45988, 31338, 37682, 40046, 20026, 29595, 17396, 21704, 32187, 35622, 26252, 46085, 41063, 41376, 40983, 31673, -1, 35526, 25479, 18596, 32956, 42540, 29317, 21988, 44647, 44761, 15452, 39803, 28439, 39824, 36801, 21454, 35806, 44407, 36515, 29322, 31430, 20842, 24716, 35982, 36492, 29413, 38092, 17025, 42228, 19954, 42636, 40841, 37592, 17163, 39020, 33056, 44977, 22358, 24272, 44580, 35984, 14458, 36966, 18192, 45214, 31060, 16426, 25208, 21956, 45817, 42946, 39391, 42699, 29937, 45624, 2957, 41908, 15475, 13210, 39902, 16341, 31596, 44654, 43399, 25392, 25638, 37220, 30288, 44316, 33236, 36813, 44094, 23678, 35735, 16495, 42751, 10260, 27101, 40407, 37387, 44524, 14896, 43412, 30280, 43260, 40595, 25686, 36123, 42908, 34349, 44220, 42131, 20322, 45905, 45026, 22678, 23005, 36186, 16507, 33559, 37986, 28760, 39768, 19123, 17226, 42731, 41620, 1652, 37158, 18436, 39167, 19199, 26089, 34601, 27836, 35109, 37307, 26781, 46227, 11315, 20507, 22236, 45342, 14377, 35537, 4347, 41118, 28849, 37668, 24428, 11345, 38034, 35155, 17947, 31601, 39580, 38072, 42115, 21535, 39074, 37485, 42514, 26580, 13127, 7313, 21670, 35359, 26532, 11100, 14217, 44291, 36526, 44264, 27863, 8852, 40875, 44087, 30630, 28511, 45925, 27226, 36703, 32982, 
43652, 41460, 32371, 43813, 30995, 20651, 12359, 38759, 40510, 36474, 41438, 31088, 46023, 6253, 32398, 34523, 35526, -1, 18777, 28637, 17875, 32568, 44414, 18431, 38652, 26993, 44032, 32806, 33696, 19218, 17274, 29939, 16335, 6872, 30219, 34330, 44311, 24259, 36441, 41141, 45528, 22857, 35222, 42922, 29842, 32443, 30520, 22564, 43058, 22972, 40244, 22854, 39167, 24791, 35720, 41791, 28557, 29339, 34042, 31465, 37960, 30910, 27126, 35619, 25035, 41001, 42530, 40547, 26672, 32201, 33838, 32404, 28230, 35236, 42501, 35806, 41250, 31482, 27052, 44661, 42052, 23064, 43267, 31624, 19397, 22215, 44214, 33212, 40648, 39470, 23506, 33551, 26875, 44846, 27539, 19183, 38145, 31747, 43432, 994, 27419, 31994, 17929, 35543, 42367, 8396, 38662, 36634, 33504, 40216, 38399, 46284, 35609, 35922, 44443, 14808, 28054, 21733, 32865, 44606, 31170, 33180, 22230, 42687, 40518, 18956, 25950, 20193, 14327, 39114, 7789, 38497, 20518, 42412, 15928, 33019, 17218, 22827, 45091, 18502, 10717, 40623, 44563, 30612, 21442, 18151, 27340, 34407, 31609, 1887, 28819, 36920, 44848, 21474, 28697, 6590, 14845, 38562, 39678, 32058, 41330, 41890, 33845, 37503, 41457, 35145, 32887, 27987, 41147, 23554, 42323, 25933, 26779, 3260, 31960, 44341, 41143, 15807, 28809, 
17318, 44300, 36142, 40149, 42845, 6825, 36267, 42014, 17697, 32119, 28156, 33479, 26730, 35266, 32590, 26675, 25479, 18777, -1, 44518, 30127, 43107, 41250, 43280, 20956, 21815, 16729, 26001, 33004, 33825, 29441, 45420, 32702, 13967, 41914, 5506, 10149, 12173, 25068, 31896, 35402, 10512, 36879, 45414, 28687, 43287, 38569, 36496, 35458, 19213, 39735, 13587, 21944, 17423, 22906, 24421, 28259, 45751, 33804, 43124, 11105, 26647, 37108, 38782, 40253, 36322, 16660, 39195, 24396, 26354, 41821, 7064, 26725, 39444, 41386, 18681, 44388, 24843, 34263, 34296, 41291, 46292, 35491, 29595, 38837, 27639, 29487, 35958, 38287, 38591, 29713, 27395, 24584, 16921, 34946, 43860, 37069, 38685, 25770, 34487, 23685, 37655, 9664, 29489, 23066, 45548, 40877, 36206, 45288, 35444, 44327, 3843, 41619, 37487, 34464, 44772, 44140, 34824, 24034, 40775, 26538, 32995, 16736, 31262, 38482, 38119, 37510, 13678, 18287, 35153, 30374, 38759, 14715, 37914, 31151, 11232, 39119, 44133, 28473, 36855, 30870, 25983, 29519, 43124, 19245, 45536, 24801, 5011, 32900, 16179, 3005, 45655, 42276, 34939, 20916, 40060, 34570, 15022, 23970, 8065, 38685, 40201, 41391, 29508, 15409, 38141, 16445, 36019, 3020, 38004, 36902, 32557, 37302, 31661, 21504, 45951, 25695, 22320, 39500, 
23960, 20294, 15432, 31943, 41338, 8022, 42385, 37050, 37204, 45275, 19015, 10621, 39088, 41931, 19596, 21872, 18596, 28637, 44518, -1, 28939, 15026, 3101, 25218, 41024, 25655, 28226, 44569, 44093, 20193, 32887, 42020, 18850, 39320, 32506, 40159, 37026, 42809, 16188, 17891, 25071, 45474, 28586, 19719, 29248, 42936, 42996, 45107, 29981, 16636, 40107, 25426, 37562, 27888, 39227, 37041, 10414, 44480, 43485, 42446, 25191, 25305, 31758, 40798, 28475, 27189, 39379, 30305, 35638, 30315, 44403, 42748, 30349, 31058, 27916, 14329, 18630, 41184, 28595, 43614, 35459, 25949, 36267, 46279, 43390, 11879, 44284, 39735, 36503, 45191, 40220, 36253, 26098, 40686, 45348, 23192, 25998, 23772, 43442, 23755, 45537, 17209, 44631, 43211, 17804, 19944, 13808, 19028, 40161, 30171, 19670, 45137, 43832, 19687, 39442, 31729, 35606, 29613, 24583, 33573, 43503, 38795, 43403, 16340, 23840, 44561, 15572, 23297, 20973, 36820, 46211, 35662, 44868, 39800, 12713, 33538, 36376, 44987, 27449, 43162, 24021, 40904, 22985, 44552, 35220, 36704, 45596, 43619, 6534, 44210, 17299, 17250, 44945, 35479, 36189, 25161, 36271, 13809, 25327, 22402, 41822, 20209, 31300, 25341, 40087, 42827, 35019, 28231, 44351, 31689, 30065, 46255, 30162, 35680, 24280, 43786, 41719, 36235, 11375, 
40330, 29737, 31522, 13468, 2737, 34158, 21138, 5730, 29347, 45684, 30110, 44063, 36132, 24715, 25229, 37595, 32956, 17875, 30127, 28939, -1, 8082, 36643, 37553, 26428, 34931, 19682, 39748, 29209, 16745, 25117, 29218, 3903, 30775, 23493, 35402, 27409, 34994, 30053, 22871, 31393, 23929, 40063, 35470, 19169, 40865, 29992, 37212, 34374, 20993, 44196, 34628, 12278, 10950, 42433, 35001, 33336, 36097, 35029, 42121, 29737, 18728, 42294, 39546, 17152, 8214, 29366, 43707, 27012, 15052, 43314, 43248, 12187, 21567, 25619, 18547, 42904, 21058, 17283, 36917, 36600, 26832, 42094, 10706, 34868, 39929, 22049, 33307, 18015, 40030, 27996, 19528, 3250, 38136, 22426, 44193, 17592, 36502, 36534, 19762, 40501, 45084, 44590, 43298, 40237, 35077, 29515, 32174, 33790, 11200, 43697, 38424, 39739, 25936, 29442, 14350, 32677, 19991, 15961, 43644, 2343, 44181, 37781, 10939, 30507, 36065, 14243, 31671, 35639, 27839, 17122, 43112, 44126, 42122, 45270, 24738, 34134, 17487, 27929, 36963, 37182, 31889, 17698, 28288, 6752, 32771, 28068, 44653, 44427, 42166, 46178, 30978, 45101, 44490, 32002, 36688, 15368, 5554, 25188, 26422, 37647, 23524, 8438, 22919, 16051, 39556, 44120, 39891, 30842, 27428, 41775, 41319, 40757, 33534, 31215, 22852, 24310, 44339, 4651, 
32019, 33568, 40006, 37584, 44814, 34769, 21806, 33527, 18529, 21640, 12197, 34133, 34495, 40635, 31437, 12652, 42540, 32568, 43107, 15026, 8082, -1, 18514, 17009, 31608, 32091, 20606, 31421, 35169, 29437, 16813, 25736, 31008, 26227, 35037, 46295, 43684, 24849, 39656, 19391, 40530, 13384, 39780, 18914, 25602, 23120, 37575, 8068, 45712, 26867, 37520, 17428, 31554, 45027, 8550, 32389, 6783, 13585, 19897, 6474, 20955, 38791, 37074, 6793, 18356, 34836, 29117, 46265, 40961, 34849, 26026, 43482, 33031, 33861, 15850, 34629, 22143, 15911, 15981, 37025, 33096, 30662, 24021, 31949, 8590, 917, 29492, 3998, 19531, 2155, 17798, 26580, 30734, 35976, 33512, 38535, 24219, 39712, 40890, 24243, 40425, 25525, 15912, 36311, 43805, 45428, 35364, 26663, 32668, 29904, 21078, 6856, 31321, 29388, 19174, 30858, 31968, 23805, 38946, 36525, 8172, 14654, 6792, 11951, 17720, 39539, 34933, 41676, 44282, 32289, 33237, 41088, 36924, 33133, 45302, 37358, 40419, 29080, 23901, 15387, 38286, 22331, 21347, 43484, 13077, 35157, 12764, 32167, 44450, 27778, 43840, 45259, 36400, 39817, 6595, 43102, 43901, 41432, 12629, 40971, 17917, 27933, 25015, 22646, 35280, 28699, 33618, 28140, 20180, 30408, 40234, 39161, 12836, 28186, 40498, 18296, 29046, 16207, 45564, 
29470, 4601, 44015, 40113, 7842, 31663, 24798, 34926, 35887, 42787, 31703, 17885, 36299, 27902, 43386, 39564, 29317, 44414, 41250, 3101, 36643, 18514, -1, 16395, 43254, 38983, 38332, 38642, 18229, 37143, 29347, 21202, 31189, 7914, 30509, 41567, 16841, 37127, 42891, 31289, 31181, 33391, 37531, 40095, 45759, 28427, 34220, 6013, 39690, 17996, 36848, 36587, 7700, 28539, 20775, 39811, 9521, 10893, 42613, 37638, 27448, 12313, 41663, 40679, 41496, 24398, 30814, 42253, 41889, 24240, 45557, 20887, 31258, 39568, 24570, 13039, 38854, 44949, 16959, 29119, 19476, 33596, 44811, 41367, 27074, 43685, 42848, 37824, 37926, 32597, 36220, 33195, 42552, 4299, 39519, 44384, 18397, 44699, 39369, 37145, 39424, 11914, 37917, 44560, 23305, 24269, 34471, 21370, 43600, 7409, 35742, 26795, 42903, 44244, 37727, 17769, 39665, 34871, 33662, 25122, 25456, 36311, 7113, 30329, 36726, 45916, 33686, 41596, 23360, 29919, 20458, 23778, 16519, 17094, 30775, 44035, 44252, 38685, 36756, 29480, 42223, 43610, 45737, 45620, 33174, 26559, 10522, 46193, 24035, 43203, 16349, 44366, 22347, 40807, 41808, 44262, 21606, 29968, 39510, 28603, 16484, 37234, 14938, 46147, 42420, 37981, 25781, 35469, 30480, 39298, 37770, 41873, 44267, 31559, 36517, 22304, 19467, 3971, 33735, 
27499, 18413, 20107, 38759, 33977, 20359, 29795, 24765, 26736, 44893, 20859, 33111, 27376, 33390, 18941, 8153, 21988, 18431, 43280, 25218, 37553, 17009, 16395, -1, 23659, 31676, 22507, 39044, 11228, 37516, 33783, 28141, 33636, 31930, 44559, 37724, 27795, 19113, 33343, 42364, 26934, 45027, 36237, 41493, 18536, 39327, 9223, 27031, 41843, 29938, 42135, 25685, 29249, 19994, 43970, 11363, 22982, 28327, 28611, 43390, 37646, 42881, 5677, 35569, 15705, 29694, 33617, 11290, 32981, 44872, 14047, 17076, 45164, 25807, 29330, 20222, 33693, 32655, 34099, 37401, 43395, 40394, 18383, 29644, 43931, 39737, 12039, 36771, 36465, 46285, 11537, 10674, 38192, 17644, 43040, 41838, 13611, 28725, 26355, 34419, 43791, 44913, 7412, 39799, 16328, 25019, 13181, 26463, 20574, 44615, 6483, 21026, 18139, 27217, 38939, 12889, 41436, 31688, 38752, 30328, 43201, 39775, 31274, 33797, 10418, 45587, 21643, 17992, 44856, 14375, 22410, 25573, 28315, 29258, 14993, 43302, 26340, 35295, 31244, 42561, 27004, 4956, 24504, 37541, 26605, 37168, 45384, 9858, 35314, 33014, 36269, 35623, 20265, 15362, 41245, 45499, 30135, 45742, 21408, 31690, 38068, 35670, 6981, 45834, 40961, 37565, 42709, 45292, 40540, 20546, 16436, 44673, 32300, 37870, 44373, 25638, 43759, 38187, 38899, 
31656, 38486, 31536, 44443, 44636, 14813, 17488, 36237, 9801, 20655, 23178, 34443, 46127, 40620, 45333, 42796, 44647, 38652, 20956, 41024, 26428, 31608, 43254, 23659, -1, 37743, 37682, 20058, 8897, 8556, 43487, 18145, 38609, 42640, 19360, 30913, 45817, 25315, 32130, 24396, 5832, 44361, 33890, 34910, 35277, 40644, 28211, 20724, 22593, 27910, 10930, 42783, 33064, 31159, 19539, 42249, 17507, 45803, 39854, 40264, 29436, 25973, 21632, 40796, 32143, 43404, 42366, 30364, 29570, 42873, 32416, 38946, 33668, 6069, 24795, 23647, 25507, 25186, 41342, 31275, 42780, 31168, 46188, 9008, 19754, 43611, 44249, 35212, 22211, 21295, 34121, 34922, 19622, 13366, 33896, 35877, 45871, 41060, 23861, 24716, 11556, 38682, 40026, 42466, 18462, 16064, 37779, 46133, 45301, 23069, 2467, 34683, 27897, 12682, 25520, 16815, 24783, 35630, 28897, 22043, 40052, 41722, 41193, 8145, 30725, 37607, 35343, 31946, 27614, 23694, 27495, 38916, 25609, 43941, 40235, 32704, 43176, 26444, 29625, 45265, 46241, 30751, 19675, 34971, 42569, 43342, 39970, 24326, 30826, 43787, 14592, 31183, 25590, 22128, 24834, 23729, 41267, 44555, 20241, 24591, 23435, 42401, 24627, 40758, 13899, 39772, 45197, 13045, 6060, 22320, 21053, 34858, 43260, 9925, 41639, 42041, 37987, 41826, 19420, 
43197, 32103, 33850, 36066, 24373, 27423, 41112, 16280, 35456, 15833, 31189, 7491, 18193, 30148, 42942, 38771, 44761, 26993, 21815, 25655, 34931, 32091, 38983, 31676, 37743, -1, 37127, 39082, 41144, 11278, 33573, 39538, 20274, 42067, 39528, 21108, 46023, 37692, 38702, 44970, 15124, 24550, 43122, 14593, 25115, 16529, 16929, 34041, 19104, 12723, 39968, 21869, 31962, 36898, 36159, 42444, 40688, 17356, 42025, 25918, 44600, 36320, 18166, 41768, 9426, 42325, 22493, 29605, 28027, 42082, 25210, 37916, 31798, 38289, 33796, 40125, 33202, 14357, 20918, 45530, 30530, 40900, 24973, 28394, 36411, 33587, 46230, 36786, 32196, 43679, 7783, 43049, 43796, 37367, 25064, 16681, 34531, 45053, 38335, 30607, 26910, 37981, 32062, 27146, 40576, 17097, 11213, 18818, 21026, 21814, 35809, 38283, 21218, 35986, 39107, 38680, 36412, 26641, 19981, 32481, 35858, 43381, 20778, 24828, 26096, 18485, 8335, 34673, 32174, 22625, 26551, 45070, 16628, 14823, 38608, 31530, 38841, 20340, 42235, 27502, 21391, 43770, 40555, 21821, 37727, 25162, 14297, 37501, 30944, 25128, 12585, 41422, 21272, 39081, 13304, 14821, 21247, 38700, 23345, 7659, 36520, 27385, 39291, 3225, 39924, 22081, 29165, 45781, 44341, 25441, 34605, 37015, 35194, 12938, 15884, 42260, 36751, 26890, 1914, 
45571, 28573, 38931, 34099, 45684, 23790, 30596, 41678, 23991, 40801, 40343, 41940, 31753, 29935, 25546, 42645, 15452, 44032, 16729, 28226, 19682, 20606, 38332, 22507, 37682, 37127, -1, 17711, 17894, 36688, 36432, 30757, 16611, 37139, 6765, 43024, 40897, 39150, 15452, 10029, 12893, 29772, 29969, 18328, 17440, 22400, 27819, 44402, 17811, 34572, 28477, 43876, 16607, 41113, 31690, 44994, 45987, 39224, 27039, 25153, 28475, 45626, 44160, 45897, 33827, 22831, 42001, 43829, 39301, 42697, 28000, 35032, 23393, 36373, 43808, 36686, 38634, 38300, 45707, 11879, 32340, 20876, 44563, 41673, 23304, 43460, 29502, 22629, 35962, 9049, 38195, 35610, 42172, 30581, 44036, 31240, 30661, 39441, 45746, 36958, 11205, 41858, 28958, 32108, 19013, 12303, 43977, 28780, 37879, 10395, 30131, 23431, 10712, 7060, 36869, 31177, 14461, 23617, 2991, 12986, 22477, 39045, 24047, 38869, 28714, 39050, 42631, 34433, 43982, 26383, 13998, 20173, 38819, 18766, 32551, 33689, 40041, 36223, 31894, 34302, 14302, 46061, 39737, 27468, 26856, 37583, 12710, 44945, 31666, 25359, 45975, 21374, 41784, 29716, 38537, 40113, 38044, 45543, 45813, 28594, 45023, 18264, 42086, 38332, 2933, 43330, 46152, 39762, 37143, 4854, 24537, 33820, 12971, 44082, 15042, 37900, 19662, 34536, 38981, 
19417, 31559, 32500, 29513, 41315, 29798, 45671, 19820, 23328, 26788, 34520, 30776, 40121, 43685, 32005, 20340, 39803, 32806, 26001, 44569, 39748, 31421, 38642, 39044, 20058, 39082, 17711, -1, 20087, 25979, 43377, 35780, 32145, 46228, 13151, 21609, 45489, 34560, 44871, 24395, 32593, 40796, 43469, 23233, 22268, 34466, 37338, 39550, 29559, 24111, 30768, 45117, 27204, 16314, 46047, 45296, 25750, 37046, 23760, 19000, 21048, 12590, 13114, 26080, 31793, 34223, 34050, 19341, 15951, 40866, 43274, 28082, 44291, 22175, 19864, 14259, 37201, 23469, 44210, 29306, 21018, 41929, 15568, 9052, 31040, 23073, 41295, 22430, 23737, 22400, 33575, 28794, 43389, 28864, 13285, 42237, 14836, 41311, 23496, 44721, 39972, 36259, 44732, 17760, 33391, 45247, 11906, 22857, 13445, 44988, 42187, 24728, 32723, 42423, 35648, 43095, 14279, 41897, 34325, 43050, 42332, 32169, 29447, 39853, 40405, 39340, 39055, 28873, 12368, 40719, 26333, 26804, 22402, 27206, 23459, 23756, 44786, 36381, 43906, 32842, 27963, 30914, 21860, 22777, 11211, 28071, 18676, 33818, 36957, 37124, 26996, 43489, 43891, 24105, 19115, 33921, 42011, 30727, 24282, 12179, 18207, 31236, 31156, 40988, 20386, 14348, 23585, 17833, 43074, 18252, 39913, 17142, 39504, 27856, 32500, 25129, 4325, 41447, 27703, 
37855, 31094, 13830, 31190, 33787, 30929, 24877, 43603, 40378, 9930, 41725, 46032, 44228, 38647, 33473, 42612, 28439, 33696, 33004, 44093, 29209, 35169, 18229, 11228, 8897, 41144, 17894, 20087, -1, 24927, 29847, 43187, 33311, 44113, 46270, 44190, 39521, 27456, 27924, 27911, 44959, 24483, 24349, 8561, 10339, 27730, 40628, 40790, 13980, 33680, 28740, 14630, 24522, 32166, 6209, 27610, 32287, 45607, 45885, 33036, 43945, 33281, 14938, 43827, 40500, 15541, 42592, 39565, 45143, 23526, 44986, 18108, 30971, 42075, 35498, 14265, 40153, 15542, 45606, 32269, 18092, 12609, 45296, 41300, 31154, 26135, 38988, 46293, 19213, 41996, 26415, 29560, 39505, 43398, 15007, 25059, 25345, 28846, 26702, 45540, 39928, 21249, 12132, 38543, 14137, 21891, 14007, 44837, 26370, 12352, 45203, 33787, 40888, 30954, 43043, 28510, 43814, 38778, 19540, 6791, 36752, 44452, 26374, 38998, 34724, 8629, 36560, 43659, 38720, 26973, 24381, 26733, 18623, 17596, 32397, 26837, 38048, 41454, 15805, 16220, 29548, 34382, 36594, 20610, 42720, 34648, 45521, 34988, 32449, 37096, 32734, 39761, 39661, 20749, 24209, 30297, 26603, 44271, 36070, 32601, 30673, 43594, 41146, 43304, 25751, 24275, 38225, 15403, 43523, 30987, 39815, 32373, 42399, 29550, 40043, 6138, 23537, 30526, 17711, 
14094, 46282, 25587, 31062, 28956, 43200, 45501, 23242, 43821, 36765, 34359, 45594, 40264, 45348, 35764, 24647, 39824, 19218, 33825, 20193, 16745, 29437, 37143, 37516, 8556, 11278, 36688, 25979, 24927, -1, 35823, 31740, 30081, 24014, 24782, 11451, 28464, 41191, 34345, 31116, 24615, 42179, 43770, 10866, 8058, 34348, 36079, 19756, 43100, 38491, 17311, 44982, 16459, 22364, 45928, 10079, 42125, 32024, 26518, 4309, 31609, 33919, 40918, 42402, 8907, 33383, 37711, 15152, 4456, 24057, 20184, 38353, 28779, 32803, 27253, 17277, 44066, 28275, 25682, 38674, 38637, 42901, 31782, 10183, 24242, 38772, 27226, 26679, 24681, 14794, 21820, 44954, 44474, 20270, 43068, 37841, 24766, 46222, 25363, 44483, 696, 4347, 28319, 15902, 35866, 13362, 6235, 38819, 43527, 28760, 19324, 44445, 36596, 12098, 32203, 42437, 33479, 38256, 26372, 29094, 24465, 25960, 40817, 31091, 31967, 17677, 34951, 31143, 40383, 32587, 27975, 6778, 45227, 38245, 28014, 31128, 31139, 32346, 7184, 36415, 45773, 27350, 37946, 27320, 44947, 3163, 34121, 22441, 41664, 37580, 42067, 4416, 24638, 30531, 42094, 41322, 40968, 43164, 16812, 33667, 37650, 18817, 24531, 37722, 38768, 37836, 24085, 36011, 39127, 4608, 21118, 36961, 42130, 45437, 31433, 40781, 43078, 41797, 29345, 
41674, 42957, 4549, 46234, 42075, 28690, 15254, 17862, 31635, 19464, 42003, 38690, 41104, 21588, 38030, 17243, 36801, 17274, 29441, 32887, 25117, 16813, 29347, 33783, 43487, 33573, 36432, 43377, 29847, 35823, -1, 28586, 22482, 39943, 30566, 16799, 4914, 33956, 3889, 45233, 10318, 45536, 43113, 27274, 15744, 39225, 12468, 44512, 38393, 17769, 26984, 23530, 42759, 20723, 24856, 44019, 35525, 44922, 29035, 16181, 34071, 28089, 17989, 42929, 36167, 44660, 43053, 18723, 37482, 21905, 29596, 26784, 45268, 46098, 9967, 29390, 38044, 24521, 43830, 41669, 41602, 40141, 4074, 36491, 45651, 38562, 44078, 29883, 14318, 43935, 40307, 6194, 33317, 1252, 18233, 32717, 43595, 32624, 36989, 28349, 19976, 38157, 43434, 19017, 8165, 40744, 18092, 38020, 29916, 37429, 19961, 28027, 41708, 43585, 23094, 28857, 35776, 21230, 37471, 43752, 13007, 37958, 35866, 32510, 19127, 37424, 26549, 40160, 38902, 28734, 30056, 22474, 45111, 33155, 34504, 40225, 15884, 43625, 40527, 30108, 24663, 37101, 29472, 23940, 15748, 19460, 16124, 38751, 31388, 40989, 18482, 19387, 32171, 18033, 26571, 44414, 25727, 29710, 35015, 46276, 28630, 32878, 14517, 44480, 35605, 37458, 31516, 43827, 20230, 36445, 43729, 45206, 37227, 40476, 28953, 30009, 41037, 46008, 31675, 
41593, 24166, 38541, 42986, 10388, 42939, 25814, 46084, 22874, 35335, 37771, 19239, 33120, 11803, 11559, 35268, 21454, 29939, 45420, 42020, 29218, 25736, 21202, 28141, 18145, 39538, 30757, 35780, 43187, 31740, 28586, -1, 19728, 41468, 13904, 24416, 37290, 44422, 40456, 37247, 42298, 37773, 44561, 12159, 35448, 29855, 33849, 31280, 40816, 40976, 8085, 8196, 26500, 30646, 35200, 37207, 20372, 19014, 30328, 31212, 11921, 23632, 21540, 14499, 8360, 10660, 39915, 39625, 34913, 44959, 6250, 24846, 33752, 35186, 22889, 31681, 24618, 34631, 18407, 33908, 36138, 41776, 45508, 31443, 40269, 28150, 21844, 33837, 30136, 14529, 34395, 41752, 25870, 42144, 20051, 29840, 4670, 41879, 38968, 6286, 25813, 44820, 40937, 39801, 34619, 41853, 41272, 11374, 43272, 30914, 38032, 37856, 11748, 10588, 28460, 23489, 30981, 15378, 23431, 27313, 21020, 41190, 35699, 31672, 42923, 35981, 12721, 28605, 40412, 40338, 44667, 30837, 43690, 35258, 43949, 7270, 40662, 44913, 21486, 27145, 46332, 37541, 28230, 23289, 43429, 34363, 32460, 11511, 26260, 32532, 28051, 44019, 40832, 10530, 42665, 40430, 28692, 22412, 29299, 44418, 34993, 40835, 6410, 22790, 35748, 43057, 30414, 24413, 10609, 15747, 32603, 36639, 40843, 38650, 29469, 34988, 46034, 24578, 35494, 
