226
[-1, 0, 1564545923, 0, 0, 629960730, 0, 0, 1237470077, 429242082, 1784111939, 0, 0, 0, 0, 1334833142, 722835451, 1415668678, 0, 1964160171, 0, 0, 109740537, 1432677093, 1398261521, 177851720, 1096195621, 0, 160650415, 34116847, 0, 481661150, 290166401, 0, 0, 0, 1021340994, 0, 0, 0, 0, 266781070, 1399583557, 0, 1773684750, 232482067, 0, 0, 0, 2128082456, 0, 1355144747, 0, 932419869, 0, 0, 1680371776, 1002343796, 0, 29843888, 0, 0, 0, 0, 1990188724, 867401995, 672639033, 0, 238762194, 737778232, 0, 533873577, 0, 453636242, 936802707, 34286744, 960247554, 2141459168, 1980033154, 141265775, 489425057, 0, 0, 0, 1476813344, 69892876, 928872592, 403671031, 0, 0, 0, 0, 0, 0, 0, 0, 662510050, 0, 0, 798590215, 2124249053, 0, 51942343, 0, 0, 349020652, 0, 692574047, 0, 23166903, 0, 0, 0, 888614657, 1967555889, 1140124406, 792355382, 379724932, 1330909959, 1626467645, 1273787701, 0, 0, 1783546195, 584936936, 0, 0, 160991227, 1032842902, 0, 0, 0, 1491984303, 313996380, 1960488235, 0, 0, 0, 1995198834, 0, 1338927946, 1199974823, 2016331949, 0, 426681767, 0, 337317634, 853928992, 1733571655, 0, 0, 0, 2023099227, 0, 0, 0, 866623452, 1169798218, 474883821, 2125219217, 0, 0, 0, 0, 0, 261963179, 0, 0, 1132964416, 0, 402934372, 0, 0, 0, 0, 0, 1420593139, 0, 1798248304, 0, 0, 0, 0, 1584029896, 0, 0, 0, 1877369932, 0, 1988723747, 0, 0, 0, 0, 500702866, 0, 20771374, 0, 0, 1255559193, 0, 1155728106, 724888160, 797412399, 335879239, 493022232, 0, 0, 0, 491183044, 428710447, 0, 1531565871, 992944836, 821989445, 0, 0, 1624717533, 57031630, 0, 601203456, 1262460174, 0, 213879384, 391918371, 0, 
0, -1, 291518248, 0, 420417486, 0, 0, 0, 0, 0, 0, 0, 0, 0, 406707056, 0, 0, 615463103, 634337452, 0, 841722176, 0, 0, 0, 2050500782, 0, 0, 1743701011, 1021244466, 1476377039, 0, 1242718719, 0, 0, 615784898, 506334499, 369290171, 1631513239, 0, 1670589166, 1122498717, 1495111893, 0, 1284528212, 1687738055, 949728714, 0, 1452738120, 2075313360, 779391073, 0, 1981781823, 1586803906, 1329419450, 1109681170, 0, 1060334879, 520483844, 1185215905, 0, 0, 1453379356, 0, 0, 127310853, 280843406, 0, 1754303596, 0, 1398178656, 0, 0, 385423180, 0, 0, 1690530559, 1529742958, 310532393, 1910468826, 912500210, 0, 0, 0, 1227036037, 0, 1166888664, 2082059756, 1949343175, 62191322, 1802413378, 0, 0, 1909612242, 131362844, 1611975771, 0, 1692173647, 0, 0, 1896430941, 920825704, 794277515, 1138721638, 1605680279, 0, 0, 863340083, 0, 0, 0, 736246467, 0, 229918194, 0, 0, 0, 0, 0, 694941358, 794672958, 0, 0, 1204867705, 362799125, 1446092532, 1580523923, 1474644149, 0, 0, 0, 0, 765648935, 0, 0, 2147214642, 1927411359, 667222550, 1089790355, 1395761955, 1422971059, 0, 1293925665, 0, 0, 0, 0, 0, 1116636137, 0, 0, 0, 0, 0, 1594277209, 1337912503, 1149364952, 0, 1963625582, 0, 0, 0, 0, 0, 711393493, 1305142512, 646246428, 215569012, 0, 1563265291, 499235120, 0, 0, 1708659764, 1722652508, 985588385, 426018602, 1630642884, 0, 0, 570681804, 0, 0, 2083176629, 0, 1590547791, 368838521, 0, 0, 1315175273, 1609380844, 440297889, 0, 1961974026, 1780820037, 1438054493, 0, 1434051779, 0, 0, 643178277, 650381880, 0, 2033341680, 0, 0, 1449847560, 2053012215, 0, 0, 0, 1055114083, 0, 1318976798, 0, 1628673857, 1174991115, 0, 0, 0, 0, 746508, 342162820, 0, 1251988721, 0, 1166725104, 
1564545923, 291518248, -1, 0, 0, 1305147082, 270100839, 0, 0, 0, 0, 0, 1604517850, 1995379152, 1643069148, 0, 0, 466686170, 767289803, 0, 1401174747, 0, 2055409055, 803685587, 0, 1452842943, 1857051620, 0, 0, 0, 1859581024, 304782865, 0, 0, 1118250670, 0, 1298495420, 1099320730, 0, 0, 1402749623, 503974151, 0, 0, 0, 931266672, 2006968246, 0, 440703332, 1593887809, 0, 0, 1192444576, 0, 0, 862236854, 0, 1829829359, 616792983, 0, 0, 482550554, 1143470009, 0, 0, 1046639105, 0, 0, 0, 0, 0, 626699855, 1229180191, 1670791502, 1869026930, 2004369294, 0, 0, 0, 0, 0, 0, 621907106, 965172107, 414051326, 0, 2100338941, 829051594, 0, 0, 0, 0, 317441609, 0, 0, 97247678, 0, 0, 3735803, 0, 55759014, 0, 0, 0, 0, 526396742, 0, 1127939907, 449373174, 0, 0, 1469783825, 836671306, 1463347283, 790903323, 0, 1941869242, 0, 1791649674, 1936746808, 0, 0, 64715936, 1141612792, 1171344373, 0, 0, 1741948728, 1230438933, 0, 0, 1815046508, 1322190709, 0, 0, 0, 13867418, 0, 478973160, 0, 1408587633, 0, 0, 445321429, 0, 471427040, 0, 1600646637, 0, 320343990, 859541338, 0, 1126215828, 832902990, 0, 900207880, 0, 0, 406111610, 1863648440, 2143600524, 1828056493, 0, 1790340428, 0, 875571205, 0, 835768858, 0, 0, 0, 0, 0, 0, 1416916824, 0, 1262868407, 0, 0, 1332749022, 0, 0, 64877006, 0, 569245984, 0, 0, 0, 1217163570, 0, 0, 0, 775200797, 1281233567, 0, 447926925, 0, 0, 0, 590702988, 0, 0, 0, 1770910074, 0, 1821859916, 959935151, 925059152, 959792165, 0, 1517357166, 337757586, 0, 1100869684, 0, 1229618870, 0, 0, 515452064, 1993867405, 259019307, 1227113670, 1368766434, 1738165889, 1443587499, 0, 
0, 0, 0, -1, 0, 0, 0, 0, 161709737, 901668865, 1114675001, 0, 1289778190, 0, 207033333, 64309433, 744517187, 0, 1665139734, 0, 492825896, 0, 1153820397, 0, 0, 1324840195, 0, 2039986735, 992855834, 178953670, 1065570255, 0, 0, 0, 727765393, 0, 0, 585494824, 0, 1866464331, 163444557, 336894280, 1105432508, 0, 498822612, 0, 2127202169, 1465591082, 0, 193506448, 663583512, 0, 49297162, 784148557, 0, 239672223, 0, 0, 0, 1928558572, 1304369054, 0, 0, 2033508666, 0, 192597769, 0, 2122973420, 1856909916, 1336274821, 185528244, 0, 1429992542, 0, 1855058550, 1500335454, 343451359, 0, 0, 208967096, 1485482304, 0, 0, 1290536438, 0, 0, 0, 772401924, 0, 1031753549, 139833287, 0, 0, 1574556886, 0, 538424952, 1382594417, 0, 721291057, 0, 854345880, 1424635750, 0, 1922220792, 382122240, 0, 874830209, 0, 659511788, 0, 0, 851370855, 0, 51824710, 0, 0, 2040734044, 0, 0, 1517276260, 0, 0, 0, 1948042964, 655973841, 0, 0, 395407654, 0, 1598308162, 0, 0, 1833026744, 2138908271, 870856583, 722243675, 0, 188304418, 1087772212, 0, 0, 1916777817, 252114742, 562991782, 0, 0, 0, 515366832, 453611707, 1824727670, 0, 1172100643, 0, 0, 0, 0, 0, 0, 1624534510, 0, 87555486, 0, 2014360628, 1003198558, 0, 328467687, 16631863, 0, 0, 163620438, 1613365713, 0, 1431479897, 2032798244, 0, 0, 0, 1767210916, 0, 0, 0, 0, 0, 1092746323, 0, 0, 0, 0, 832628399, 802857074, 547539713, 608231770, 0, 0, 0, 0, 504506859, 1039602636, 0, 1697436171, 1653979070, 941250550, 459102684, 2114508020, 0, 1215758653, 1715618077, 495057307, 0, 0, 0, 0, 0, 184543481, 982237322, 0, 467659229, 0, 0, 0, 1793966634, 0, 861102170, 0, 1241157755, 193016869, 
0, 420417486, 0, 0, -1, 0, 778577877, 1542563079, 1432357898, 0, 0, 1662828265, 110097216, 1113285145, 0, 0, 0, 0, 0, 890812900, 15998738, 0, 1309184554, 0, 0, 2026804479, 732987059, 2089715417, 0, 0, 662050298, 0, 0, 0, 1911852583, 0, 0, 0, 0, 1258939625, 0, 0, 0, 0, 0, 0, 0, 701240276, 0, 0, 0, 294129155, 1773139672, 0, 1307278071, 805049149, 1488810480, 750909794, 1373253773, 0, 691800998, 0, 0, 0, 0, 0, 0, 0, 0, 276191111, 0, 0, 0, 0, 0, 0, 0, 617141036, 0, 0, 0, 0, 1922729849, 1699234688, 1049684281, 0, 1350095450, 0, 1437995562, 0, 0, 0, 756224202, 1960372336, 2034031162, 0, 1185879702, 1545092402, 573905015, 0, 0, 0, 1694287586, 0, 0, 464638999, 0, 1914719958, 479668522, 794114512, 1223545207, 678710049, 1505028025, 0, 0, 697282448, 0, 0, 797288457, 0, 0, 930707883, 103762897, 1868478622, 0, 0, 1672415810, 652583971, 1704871495, 0, 1499258273, 0, 1249350641, 670388645, 0, 0, 0, 0, 177371957, 0, 0, 1000628773, 948366842, 1900605460, 0, 1465716644, 0, 1249330953, 0, 0, 1794399539, 0, 1587920713, 0, 1478641511, 0, 67021671, 0, 1625811233, 0, 1754356974, 0, 456843901, 273847882, 973376094, 442278101, 0, 1373152429, 800449338, 0, 1321299291, 0, 1107062036, 1375057619, 0, 1929173521, 2039584532, 103564528, 0, 73931981, 0, 377660966, 0, 215878385, 0, 1474490245, 0, 0, 0, 200131361, 383514332, 1329760252, 0, 0, 572528784, 973311809, 0, 1333266107, 327220494, 0, 0, 0, 0, 1147938197, 0, 0, 0, 456465538, 0, 0, 0, 0, 1861356021, 0, 778796671, 1627881494, 2136842729, 0, 1229456935, 0, 0, 1134971359, 1708567148, 0, 990400172, 0, 
629960730, 0, 1305147082, 0, 0, -1, 0, 0, 1751429173, 293593656, 605295070, 2088946140, 0, 288573990, 1761882227, 0, 1406797981, 0, 0, 121103998, 0, 466070401, 0, 0, 0, 1047484017, 0, 0, 100490131, 1657491653, 441738181, 1325363998, 0, 0, 0, 889020013, 859297015, 1184231083, 102282956, 1040733415, 0, 0, 0, 0, 0, 1530162446, 0, 0, 2077446816, 0, 1745246393, 0, 616797396, 1823523643, 1251554015, 343358817, 0, 0, 0, 0, 0, 0, 511086988, 0, 0, 0, 1957324655, 0, 0, 0, 0, 1816709058, 2030486804, 0, 862862808, 0, 1478562124, 0, 0, 282277024, 670204825, 0, 1248861507, 2123529583, 0, 1007261413, 0, 1816765345, 1110550106, 0, 0, 99241301, 0, 2101818296, 0, 265764787, 592529615, 988234124, 756260083, 1768889614, 0, 0, 1538360008, 1843818344, 299043380, 2104468564, 1362256252, 0, 0, 1644569685, 0, 0, 1908451248, 1643029162, 904582855, 1889070665, 0, 1851644668, 553194966, 0, 488243644, 1433570032, 0, 0, 190203931, 917547039, 0, 1243931925, 0, 58095828, 800541914, 0, 0, 542449533, 1805599894, 951362270, 0, 0, 0, 0, 0, 0, 2120789610, 0, 420106675, 1767940646, 0, 0, 0, 479333386, 0, 0, 865842996, 1773555108, 0, 1079292975, 0, 0, 0, 0, 0, 845852839, 209100043, 1878152344, 0, 0, 1536764828, 0, 0, 501708988, 1753752039, 905518110, 0, 1720022949, 0, 1756937682, 1969523639, 1322864260, 0, 865043903, 0, 1080780884, 0, 0, 1452728866, 0, 0, 563846991, 1812698190, 0, 0, 0, 1286740276, 713708122, 0, 2112388634, 1905199159, 313317200, 1366832592, 0, 1287179158, 732770718, 977924415, 0, 0, 1805386505, 0, 0, 0, 0, 0, 2080986366, 676672068, 1884148788, 0, 0, 0, 504611641, 0, 0, 0, 0, 0, 0, 1432933216, 320260905, 
0, 0, 270100839, 0, 778577877, 0, -1, 0, 230907021, 0, 0, 1684242993, 1749279729, 494899743, 0, 1587255158, 0, 0, 0, 966879416, 0, 1982171855, 266732986, 0, 0, 1147434425, 1469565248, 518000536, 666352151, 0, 0, 1390523682, 1878768821, 0, 0, 1550817336, 0, 0, 0, 0, 16283013, 905932807, 0, 339233838, 1984813840, 1435121645, 1051460461, 908815505, 2117433482, 0, 830588048, 1656313832, 1376305755, 0, 824778207, 853365202, 0, 434800386, 513973905, 0, 1698969102, 1631588357, 1668437064, 111533246, 0, 505937034, 0, 0, 1984326780, 0, 0, 215633436, 0, 0, 287211200, 1808017487, 1898188694, 715060628, 1570971114, 587506196, 0, 1450329974, 2074049767, 0, 345885604, 1435784684, 0, 0, 855073016, 1519075447, 866649755, 0, 362597063, 0, 0, 1635921530, 0, 841011874, 1903669963, 378297218, 838460556, 0, 1064837932, 0, 0, 0, 0, 1856651343, 0, 0, 866931691, 1077371863, 478886025, 0, 2022809492, 0, 1513311807, 188051443, 0, 2107254142, 22937319, 2102240098, 1114672209, 0, 0, 0, 83794654, 2065819679, 1261988262, 0, 1769281702, 1927609331, 1295526304, 0, 2024946695, 0, 0, 0, 1762781963, 1424494471, 1784279186, 0, 1428966275, 0, 0, 292889507, 1139714072, 0, 1597519852, 1162644888, 0, 1595216536, 0, 2111951723, 1716952856, 1427145876, 0, 0, 0, 1569931801, 1431388821, 0, 0, 0, 0, 911348500, 1936432409, 0, 390361665, 0, 0, 0, 1706345857, 0, 0, 1675901650, 0, 1313825611, 2005645318, 0, 761474273, 0, 0, 2069052208, 0, 0, 0, 0, 1158777838, 2071127634, 1620867194, 2083518534, 547631222, 39994172, 1747447481, 978604228, 1359328736, 0, 1831663620, 1396029724, 0, 0, 0, 1025954556, 0, 0, 0, 1633732437, 2004950134, 0, 0, 1277914740, 0, 914206349, 215565402, 0, 0, 0, 1002023865, 1711381419, 1082136063, 1959314523, 0, 1234822633, 1854330767, 1857283730, 
0, 0, 0, 0, 1542563079, 0, 0, -1, 0, 1601629214, 0, 1268133705, 811694142, 917832580, 62946505, 0, 0, 167144983, 43550868, 0, 0, 617437881, 0, 0, 0, 0, 1997673690, 0, 1837102516, 1983047428, 0, 0, 1829078669, 1047039654, 0, 0, 0, 683256653, 0, 0, 0, 0, 0, 781490357, 845029022, 0, 1747856232, 0, 0, 0, 0, 47014635, 0, 848590594, 304041823, 0, 1017620245, 821335135, 0, 1966786897, 0, 2063016804, 1429557659, 0, 0, 1334424771, 0, 1313750531, 547038477, 1151033063, 674102020, 0, 543294674, 126369662, 1203361528, 0, 547824624, 0, 757035295, 1429821655, 0, 0, 142732927, 0, 0, 1188836536, 863680099, 1184026166, 1138127115, 529380708, 7808298, 0, 1555169654, 0, 0, 0, 0, 550818537, 0, 0, 0, 0, 668119953, 0, 1827299756, 0, 0, 0, 0, 0, 0, 2015787508, 1877012762, 0, 0, 0, 0, 1334695240, 639674973, 0, 0, 822591466, 1400125330, 0, 0, 0, 1912568041, 672318909, 0, 0, 205360216, 36993685, 0, 0, 1733966398, 1434676723, 0, 730087241, 0, 0, 635237696, 382087670, 0, 49092061, 0, 1969991761, 187748756, 0, 0, 0, 0, 539475927, 0, 0, 0, 66467061, 465475714, 0, 1017822068, 0, 0, 938160388, 0, 545090258, 1915414310, 2140935131, 0, 1943598592, 433653841, 1200460149, 1019904837, 0, 0, 1319819890, 1077990431, 1626803985, 0, 0, 1573958732, 0, 722177623, 0, 0, 1804137152, 0, 0, 1866069335, 1271339969, 57898622, 2109561879, 0, 0, 100525486, 1599749210, 0, 1165393578, 748651146, 0, 244107222, 0, 0, 0, 968876112, 339358624, 0, 731421925, 2145267060, 0, 0, 0, 0, 0, 0, 0, 51556391, 0, 2051133242, 1270440538, 960614274, 0, 756734249, 125379502, 315726326, 316887257, 0, 0, 
1237470077, 0, 0, 161709737, 1432357898, 1751429173, 230907021, 0, -1, 0, 0, 0, 0, 0, 1645288196, 0, 597808277, 0, 0, 1631900384, 1955727219, 1500540797, 1247811811, 1251785976, 1688854983, 29792762, 1204081513, 0, 0, 2118319972, 1964196191, 0, 0, 0, 0, 1848170880, 0, 764007638, 905252116, 1132463299, 469423337, 1357152469, 0, 0, 1981333417, 507376942, 0, 1814017693, 0, 1454086326, 0, 1069343649, 0, 0, 0, 0, 2119739305, 2063710330, 0, 0, 0, 1932360291, 29323884, 783113069, 0, 204021210, 0, 0, 0, 4511950, 116405194, 0, 0, 0, 0, 1794802586, 0, 0, 0, 0, 511864938, 676815292, 380060888, 419283815, 0, 0, 971117817, 779916691, 156669590, 0, 0, 478677122, 2002360748, 1268639790, 413165803, 0, 0, 1715582068, 0, 1055627883, 739263309, 1962397456, 0, 0, 1017352857, 0, 0, 0, 0, 947050701, 859913543, 0, 0, 2059710810, 1040472201, 0, 1197081339, 0, 0, 1556901153, 1223265636, 1365803540, 0, 1667648679, 1313080955, 301697310, 0, 0, 283256681, 0, 1326870043, 1294662886, 632079485, 1370122033, 0, 0, 1925585808, 0, 0, 2041555491, 0, 2139300834, 0, 1713099832, 779397538, 1887314949, 1915823247, 0, 80374814, 1562541731, 0, 0, 0, 1989437023, 0, 0, 1078874559, 0, 0, 774854763, 0, 1662716782, 2049145206, 606658224, 0, 0, 1447946951, 0, 790846314, 1365251169, 0, 1013342364, 992105230, 1998467401, 0, 678456066, 89503176, 0, 413375353, 0, 314724678, 0, 0, 980150278, 655073322, 1221496409, 1187690446, 0, 0, 178695885, 0, 2018154957, 0, 0, 2114359273, 0, 0, 0, 2043326091, 316684000, 592170583, 1778260836, 2022465104, 343052, 0, 0, 0, 0, 1856442757, 0, 294223084, 1245486875, 0, 0, 0, 1594866257, 0, 0, 1240561053, 0, 0, 450210423, 1904382459, 2029523359, 2078795377, 441049602, 
429242082, 0, 0, 901668865, 0, 293593656, 0, 1601629214, 0, -1, 0, 0, 1206680767, 0, 0, 868015941, 1995760927, 292988724, 0, 0, 0, 0, 2066796402, 0, 0, 1658776776, 673517442, 0, 0, 382419851, 0, 876803545, 194842612, 1736974500, 0, 1008082594, 0, 283286359, 0, 0, 0, 0, 857030090, 0, 1158885957, 0, 818742550, 735027442, 1071485982, 1169932732, 947915972, 1611092385, 0, 0, 824754104, 0, 0, 1972333252, 0, 0, 0, 0, 959795947, 0, 1117398637, 0, 0, 1635173557, 471267383, 728942160, 44289820, 0, 1032655590, 0, 0, 87751304, 0, 509430190, 0, 2023311746, 603655343, 343032106, 1812004342, 0, 0, 0, 0, 1876634931, 1886222193, 0, 1327322665, 0, 0, 0, 1428890854, 0, 1210231658, 0, 0, 0, 611206043, 0, 1367343030, 0, 1621766932, 0, 0, 749193310, 252552248, 1569575534, 1794776076, 0, 2022798430, 1461182353, 0, 653596233, 0, 0, 1387098182, 291193096, 0, 1331908406, 0, 279321461, 0, 0, 0, 0, 1870936219, 0, 0, 1421659120, 1766846682, 846170025, 636407263, 1436299806, 1504979692, 850188034, 0, 0, 0, 88792569, 0, 0, 2142132179, 0, 0, 0, 0, 0, 0, 0, 489417808, 0, 0, 1565320383, 0, 0, 0, 0, 0, 1340541851, 1260543791, 1652099770, 1394613262, 1776099540, 0, 0, 0, 891577531, 602993789, 0, 1119935516, 0, 0, 0, 341893492, 983650798, 1556746854, 0, 64042375, 1563102826, 2090083719, 915465873, 488946705, 2033550097, 0, 850421503, 1750084285, 685395198, 995691479, 0, 1884120491, 0, 543556421, 0, 69388842, 0, 0, 0, 733878954, 0, 0, 0, 1349629209, 1526714175, 0, 335590795, 546249196, 0, 0, 0, 1543957173, 0, 1162836309, 1274331429, 572074636, 72220170, 243037683, 0, 0, 0, 0, 0, 1356055467, 0, 
1784111939, 0, 0, 1114675001, 0, 605295070, 0, 0, 0, 0, -1, 951313213, 0, 83165410, 0, 0, 0, 1831591265, 251357389, 1735243738, 631011754, 0, 1388522977, 2027065464, 0, 259272144, 0, 235670739, 0, 1829077134, 0, 1840059425, 0, 0, 0, 1614238260, 1597405134, 46896260, 0, 1412094436, 648328595, 83294995, 0, 0, 1959552012, 0, 1245764327, 0, 1985122597, 0, 0, 0, 0, 188986486, 0, 1487570016, 0, 1855849924, 1544412630, 0, 0, 0, 0, 1841752577, 0, 1411111362, 0, 0, 0, 0, 0, 537346607, 0, 0, 801069650, 1669383678, 1715192530, 145241291, 0, 0, 274128278, 0, 1071846772, 0, 1953170858, 273972414, 0, 0, 0, 0, 0, 614393378, 0, 0, 0, 1901014923, 0, 2090699902, 0, 0, 2093326464, 2016064569, 0, 1152733008, 0, 60294460, 0, 0, 1659218706, 0, 0, 1128282503, 0, 639413392, 285078802, 0, 0, 0, 0, 0, 0, 0, 768327251, 0, 0, 0, 0, 0, 0, 1361109279, 0, 1005909348, 0, 0, 0, 1329257781, 1576710718, 91451872, 0, 1067016370, 476851934, 0, 0, 627048401, 1206743672, 1022675079, 0, 1834305094, 0, 0, 0, 0, 0, 1922535600, 0, 0, 758320233, 0, 0, 0, 0, 0, 1944979147, 1119243278, 0, 0, 1205362144, 0, 281970341, 89833042, 0, 0, 0, 1682841590, 1769841871, 0, 0, 1366858822, 0, 0, 0, 136750367, 754835739, 1195939175, 0, 0, 0, 0, 1540184458, 87975162, 419276835, 2060233270, 0, 0, 0, 0, 0, 0, 0, 0, 0, 1213188412, 0, 1927130734, 2022987093, 0, 0, 1187790516, 0, 0, 0, 0, 500148165, 0, 359643138, 460899546, 1698542133, 229877455, 0, 0, 0, 1889883263, 1882565541, 0, 1354155934, 760395432, 
0, 0, 0, 0, 1662828265, 2088946140, 1684242993, 1268133705, 0, 0, 951313213, -1, 698192806, 0, 0, 0, 536157728, 666783763, 1884309160, 0, 0, 2003335807, 1417904222, 0, 0, 47344465, 0, 1487237361, 0, 0, 0, 0, 0, 1550236403, 0, 0, 0, 0, 0, 0, 657272073, 152467674, 0, 1881677836, 0, 1838998704, 1333772018, 217727137, 0, 915331233, 0, 0, 0, 0, 0, 0, 1527457533, 0, 0, 0, 1642600245, 0, 0, 0, 0, 1041979778, 1298340160, 1688511698, 0, 1370187877, 1344838519, 0, 0, 0, 828394140, 0, 546425355, 0, 0, 1487798514, 62258976, 0, 252798675, 1640698596, 0, 289807774, 0, 0, 113616228, 443882694, 0, 264349624, 0, 647099554, 0, 0, 784225430, 9033666, 1413303197, 0, 0, 1319160522, 0, 0, 0, 0, 772558832, 0, 654754724, 1953027665, 885176146, 0, 0, 0, 109917112, 0, 490615022, 0, 1436204171, 2029455909, 0, 0, 1501324919, 850001489, 0, 2101830757, 1659629336, 74603749, 1926301656, 0, 646136987, 0, 842568646, 1461105237, 0, 0, 1063667391, 0, 845640458, 290277917, 0, 680676175, 0, 1337749597, 0, 0, 0, 421158271, 0, 774084634, 0, 257267673, 208296516, 119225914, 1654700830, 0, 0, 342535853, 121806434, 0, 1137205536, 1612859996, 1997929352, 1844207409, 0, 1714646378, 990181165, 0, 0, 0, 0, 0, 0, 0, 0, 0, 0, 0, 0, 0, 994597543, 0, 0, 3300773, 0, 1968235860, 0, 0, 1997534493, 2090642717, 0, 522088627, 0, 814299904, 826033750, 313538166, 1582764765, 699783799, 0, 592650441, 0, 0, 2092135885, 0, 249843310, 0, 505664936, 0, 1733760774, 0, 0, 1783603734, 0, 0, 437589711, 0, 1949126835, 1238523018, 1276489196, 1291081204, 0, 0, 0, 0, 0, 0, 
0, 0, 1604517850, 1289778190, 110097216, 0, 1749279729, 811694142, 0, 1206680767, 0, 698192806, -1, 1263981764, 1895306716, 861592869, 0, 1404847877, 0, 2122179912, 1082433313, 0, 288684808, 107372584, 0, 0, 1713210181, 1678886042, 789418931, 1980149159, 0, 0, 1678952102, 0, 202723224, 0, 0, 0, 0, 0, 23959778, 0, 958861578, 0, 631822269, 0, 0, 0, 1762359572, 0, 2054104317, 1895545341, 0, 1165049876, 0, 283089861, 0, 1428633273, 0, 1095669221, 0, 0, 1044554091, 0, 478174037, 0, 0, 1586886759, 0, 0, 356176338, 991640816, 57058479, 942570324, 0, 0, 0, 1650954031, 0, 0, 1915379868, 982107469, 0, 0, 0, 1189975980, 1297464512, 2056275800, 651833538, 1314684785, 0, 0, 1103952284, 0, 634420032, 1554044085, 0, 1040336902, 1928721723, 0, 0, 1998419240, 816901175, 0, 1965667308, 0, 1016146656, 2029188392, 2013132431, 565038023, 862732539, 2013463368, 0, 0, 1185580907, 2138587648, 0, 666645673, 2055567438, 1782337574, 1539170771, 1977293401, 0, 1072983651, 0, 1683764313, 754513258, 0, 0, 1694048408, 0, 1588985905, 1865612404, 0, 0, 1637410195, 0, 749285545, 0, 1141283439, 2135808324, 1729558490, 0, 0, 0, 0, 0, 1508997365, 1372066008, 2040738745, 1384521711, 87086753, 0, 0, 1685147822, 0, 0, 0, 1269055076, 1461052350, 0, 0, 1595807514, 1369187364, 206054249, 1855435528, 2064726001, 17609313, 0, 1967134900, 1790072465, 0, 0, 0, 0, 1498443775, 935597428, 0, 1631367808, 626037614, 1590449092, 0, 0, 0, 1906883695, 0, 0, 77877728, 331068148, 518637066, 0, 0, 0, 0, 424446524, 2097143042, 980194177, 0, 0, 497113175, 1720914126, 1439831125, 54935542, 0, 0, 0, 0, 0, 1746974583, 0, 0, 0, 0, 0, 0, 704843944, 80010917, 1998950857, 396218856, 1695329127, 353615687, 1712140173, 944846553, 1629713314, 0, 954162885, 
0, 0, 1995379152, 0, 1113285145, 288573990, 494899743, 917832580, 0, 0, 83165410, 0, 1263981764, -1, 1513444794, 0, 0, 0, 1172172385, 0, 0, 1792463820, 1896135832, 0, 769539236, 1323995876, 0, 1905480459, 60078379, 0, 0, 0, 1929270732, 540134482, 0, 125636847, 0, 0, 1455955392, 611211723, 159469045, 0, 1736740097, 108464272, 0, 2059524674, 683104774, 2114383324, 0, 0, 0, 0, 0, 83036678, 0, 1233414675, 857788023, 0, 1319683637, 0, 0, 0, 0, 0, 1455103664, 0, 62457516, 1560343623, 778073736, 0, 0, 209969142, 0, 0, 0, 562657534, 0, 0, 0, 285982047, 0, 810572879, 56224591, 0, 0, 193599185, 0, 0, 1732808886, 0, 1033375485, 965365400, 0, 1564851840, 1950525897, 1753570108, 0, 0, 789993509, 0, 883703896, 1156751371, 0, 0, 763298886, 0, 1327161360, 0, 0, 0, 0, 0, 0, 0, 1481738291, 0, 0, 620232662, 0, 0, 0, 0, 249492174, 1699856561, 122281938, 0, 0, 0, 1716369070, 0, 1708794308, 347072079, 186332997, 1745642735, 1111124287, 0, 0, 1615652090, 955794000, 1041486175, 0, 0, 0, 0, 553486615, 0, 0, 1170305242, 67393528, 0, 252810923, 0, 1549932905, 1749527211, 0, 0, 271601924, 0, 0, 2049448156, 903606022, 0, 2146656010, 0, 951681932, 0, 0, 0, 2140001228, 0, 0, 0, 0, 1905916325, 0, 0, 515812937, 0, 0, 1666360632, 1032530833, 542050750, 782646783, 0, 713924675, 0, 1886792874, 827660350, 1627580209, 1382524843, 1729079890, 0, 1878447100, 1648295178, 0, 1851077345, 0, 2018568770, 1125903994, 0, 1378690744, 1055772632, 1506376244, 0, 0, 0, 0, 0, 0, 0, 1405552943, 0, 0, 0, 906647318, 1657927184, 0, 0, 1896627989, 0, 0, 0, 0, 947444063, 1842738787, 1250079481, 
0, 406707056, 1643069148, 207033333, 0, 1761882227, 0, 62946505, 1645288196, 0, 0, 0, 1895306716, 1513444794, -1, 1778932419, 0, 426166482, 0, 483956262, 1956132354, 1273139372, 739278335, 0, 0, 669181487, 0, 0, 0, 0, 0, 844244365, 1639581895, 2144585210, 1709329780, 1781795924, 1787721369, 1178555800, 0, 0, 0, 0, 69114322, 347754344, 0, 0, 142180219, 0, 1365087625, 0, 703212276, 0, 0, 0, 0, 1710802093, 0, 528420413, 502233503, 1368527286, 1878491122, 0, 1498297620, 1813713152, 0, 1423405563, 0, 1877854296, 0, 1022951747, 368311284, 0, 705156854, 0, 0, 0, 0, 0, 0, 0, 256690733, 1706241889, 0, 310994872, 1781053394, 0, 0, 377140606, 0, 202394059, 0, 0, 1768664762, 766022355, 0, 613804921, 180816594, 0, 453596746, 954528961, 0, 53366999, 206356531, 0, 0, 1900680270, 0, 179848948, 0, 1013503187, 558121512, 274073871, 0, 1578188124, 0, 1481895275, 0, 0, 564552579, 0, 0, 197420399, 654148724, 0, 442446612, 0, 162120916, 0, 0, 0, 104373725, 1420685462, 0, 1181532590, 0, 2104793850, 0, 1337683638, 1918409750, 1342392453, 1047569914, 1926497211, 788318707, 264203307, 1183639680, 1878592969, 0, 1477289403, 1924154211, 2088936708, 793008027, 1000338426, 437276539, 196062223, 275054610, 0, 0, 0, 919321338, 0, 1666207023, 843001345, 0, 0, 0, 0, 0, 0, 0, 0, 959722891, 0, 368489559, 478023022, 195639447, 59111803, 841805147, 148264856, 207179797, 1173015805, 1054837315, 1993467764, 0, 0, 1250577273, 0, 221997782, 1807719471, 0, 0, 0, 1569960389, 1357204389, 1480619593, 1128725891, 247823551, 999184910, 1215105422, 1255663042, 0, 0, 1984225646, 875099268, 1412886556, 6163122, 0, 575584852, 1693708621, 0, 274049979, 899312553, 0, 1699929090, 1208325274, 0, 0, 1907094933, 0, 963242991, 620476505, 440441481, 0, 0, 0, 0, 815687339, 
1334833142, 0, 0, 64309433, 0, 0, 1587255158, 0, 0, 868015941, 0, 0, 861592869, 0, 1778932419, -1, 375340576, 0, 0, 994314070, 0, 1761230767, 1819793097, 0, 447994314, 1347439229, 0, 0, 0, 0, 0, 0, 1999126483, 1065177401, 2039257282, 1063172504, 0, 0, 0, 119711671, 1612430241, 0, 0, 0, 0, 0, 1334317709, 0, 2061976406, 0, 0, 0, 1904920935, 1564082532, 1958834937, 1218758973, 1861751089, 471270260, 0, 0, 0, 1318347604, 0, 1969166321, 0, 0, 1045066986, 0, 1696764538, 318674031, 0, 723080952, 0, 2041260058, 0, 0, 376379146, 0, 0, 0, 0, 0, 681638752, 0, 0, 1954525098, 288329250, 1010107211, 413020120, 0, 0, 2132551038, 0, 1308322074, 0, 1829526925, 0, 987276648, 0, 409434256, 0, 1799432461, 0, 1658376622, 0, 0, 0, 0, 595248502, 0, 842543464, 1228975138, 0, 1852393763, 0, 0, 0, 1029762487, 691644570, 0, 0, 1679442923, 0, 0, 0, 87118945, 0, 544827881, 0, 0, 0, 0, 0, 0, 0, 1680412684, 0, 0, 1698825528, 0, 18368507, 0, 0, 0, 919279372, 0, 0, 0, 1716326897, 0, 320358879, 891174701, 0, 0, 1701752635, 1398761232, 0, 1578937050, 978261109, 0, 0, 1119009090, 1271042086, 0, 0, 0, 0, 1979434262, 843075667, 710373599, 0, 0, 0, 0, 577054528, 0, 296554089, 1774876238, 0, 684472671, 635406655, 0, 1483316807, 1550654394, 2139087196, 1337240318, 5602283, 868377645, 0, 0, 0, 0, 1120116169, 1742407266, 1737232329, 0, 145395350, 0, 0, 0, 0, 260523420, 1265967601, 433232799, 0, 0, 0, 1197558256, 0, 669694064, 1136983370, 1787975409, 0, 683387870, 0, 0, 2017327062, 1847542438, 0, 0, 2070707611, 2012335676, 2024981298, 26611651, 0, 1379056602, 
722835451, 0, 0, 744517187, 0, 1406797981, 0, 0, 597808277, 1995760927, 0, 536157728, 0, 0, 0, 375340576, -1, 1854017409, 727694079, 1251633810, 1994796184, 396526514, 0, 0, 0, 915208663, 0, 1075439918, 0, 0, 0, 0, 844089808, 5118382, 0, 685610569, 0, 0, 779333908, 2141448579, 0, 0, 258077261, 0, 1572436905, 0, 0, 0, 0, 1985722497, 0, 0, 0, 0, 129976839, 897973609, 0, 257496781, 2084438883, 1744037717, 0, 0, 1008312615, 0, 659851932, 981812786, 1290109232, 1719070807, 820012085, 0, 1787096373, 1355646875, 1132338628, 0, 0, 653468080, 515852926, 477952419, 2031604683, 0, 0, 1788491400, 123995636, 0, 0, 0, 0, 0, 591986996, 1968549631, 1355008941, 867368532, 307230374, 0, 348727253, 1173351150, 0, 1940120834, 0, 0, 1152563970, 236624811, 2006432703, 0, 203791111, 0, 992380070, 1041879488, 385949493, 0, 1707316190, 1277425723, 0, 429527782, 0, 0, 0, 0, 0, 1922115482, 1665934619, 0, 0, 691689114, 0, 52274232, 0, 0, 1681925689, 1993627668, 764150247, 1822665331, 0, 0, 0, 0, 0, 1657448584, 0, 0, 700634845, 994821945, 0, 0, 0, 0, 331452371, 325371280, 0, 1329300643, 0, 1981824955, 1037147392, 1600056228, 1897549521, 0, 0, 0, 0, 0, 1687190651, 0, 0, 1487982228, 906339426, 0, 0, 1543937593, 0, 0, 0, 1053446977, 2065148145, 0, 0, 0, 1878046445, 281573294, 1413048396, 0, 0, 648018298, 0, 0, 1599619763, 0, 817305967, 0, 0, 1277158117, 2050771872, 0, 0, 0, 68890842, 0, 0, 0, 0, 0, 241644509, 1407097668, 0, 0, 1977651689, 1357333693, 0, 0, 0, 0, 98263839, 244912634, 1573575699, 0, 246048104, 0, 0, 64161426, 0, 0, 0, 1974106910, 0, 1436918236, 0, 0, 
1415668678, 615463103, 466686170, 0, 0, 0, 0, 167144983, 0, 292988724, 1831591265, 666783763, 1404847877, 0, 426166482, 0, 1854017409, -1, 1465026731, 545519727, 734752083, 2036179102, 0, 1558251681, 1831758065, 0, 1913807890, 0, 2038985695, 0, 511777579, 0, 0, 2028123496, 0, 1121091137, 0, 0, 0, 0, 0, 0, 453289289, 0, 680515519, 0, 584737718, 0, 721206027, 1447528062, 1548813955, 0, 0, 1424302953, 394988277, 1628270558, 0, 749097316, 0, 690615728, 0, 1922270132, 0, 0, 0, 0, 645307483, 813387060, 1111890402, 0, 0, 0, 0, 0, 0, 1265415370, 0, 0, 255235584, 0, 0, 0, 0, 0, 1611561250, 0, 0, 1270594282, 1688965254, 874704925, 0, 0, 0, 22207496, 0, 0, 893311342, 0, 0, 83841782, 0, 28300964, 0, 0, 0, 0, 1400084116, 754179080, 0, 223222640, 0, 1055943586, 853509533, 1365304735, 3483265, 0, 0, 0, 134080853, 1992793926, 245875455, 2003203135, 0, 570246511, 0, 1267221279, 528688345, 0, 1211769678, 1170774393, 1393727676, 0, 0, 0, 1202661546, 454338383, 429386750, 0, 1417158631, 83199343, 781783462, 0, 0, 0, 1991927893, 0, 1458678129, 582480939, 0, 0, 471343855, 690225498, 46434346, 1309529296, 1780489443, 0, 0, 428883788, 0, 1368563527, 1178528198, 0, 1549736498, 1724969317, 1243226631, 478560892, 704320352, 959294567, 1496045601, 0, 1931415669, 2128156146, 0, 259942010, 0, 0, 0, 483429670, 0, 0, 1454241139, 1429706831, 0, 0, 0, 0, 291143465, 0, 656037941, 137664393, 0, 0, 0, 0, 0, 1150354806, 1120548786, 924999169, 0, 1991813045, 1036312374, 803922199, 0, 0, 0, 0, 1782193757, 0, 243777905, 1605485903, 0, 1251625142, 0, 0, 1579911564, 1444486082, 0, 1474198340, 1647455333, 0, 1347897774, 0, 812290473, 0, 1240678267, 0, 
0, 634337452, 767289803, 1665139734, 0, 0, 0, 43550868, 0, 0, 251357389, 1884309160, 0, 1172172385, 0, 0, 727694079, 1465026731, -1, 2114641980, 0, 39674082, 504940555, 0, 0, 1569455322, 72976509, 188961511, 0, 891343444, 1992583315, 0, 0, 0, 0, 841752054, 25518519, 990825188, 0, 0, 0, 1210601478, 430619858, 0, 120523785, 0, 867315720, 1960940311, 0, 0, 0, 0, 0, 1458214276, 1351186716, 0, 634662708, 0, 0, 0, 303436266, 594399752, 198883442, 806986400, 1060288080, 309662780, 0, 0, 2021352423, 1977792130, 1920904384, 0, 0, 1636430389, 0, 0, 1909728943, 0, 0, 1250952655, 1583459230, 283305817, 78991367, 547347075, 0, 0, 1493489324, 0, 0, 0, 1728729783, 0, 148376389, 0, 4264099, 1031649369, 714210877, 1618097665, 1643566093, 1507379533, 0, 0, 2107624723, 833674674, 0, 0, 244408051, 0, 0, 1886528356, 1174314595, 165988031, 0, 0, 0, 0, 0, 0, 1234162587, 2025467793, 1025146650, 195872417, 1875899372, 0, 1408868632, 1841607257, 0, 1565308471, 997240618, 1835255963, 0, 375742531, 0, 242667338, 0, 1802692001, 0, 1277682021, 752676859, 0, 1118167450, 955743834, 0, 0, 0, 298824190, 0, 0, 0, 0, 0, 1048359507, 1622259207, 1941494421, 463189671, 0, 1635068097, 900310706, 0, 774166761, 0, 0, 0, 0, 1366821820, 0, 0, 0, 707313963, 166790741, 1037329786, 378567994, 1334977669, 58685887, 1942982492, 0, 1183762313, 392864952, 1242905005, 686333848, 0, 0, 0, 0, 0, 0, 1912089253, 1972301842, 372647497, 0, 2087202988, 136754071, 455917352, 433289121, 0, 559569085, 1368975597, 0, 0, 0, 28844935, 0, 2009582988, 0, 1863171993, 0, 343247363, 0, 1752421057, 0, 0, 848813574, 318942601, 1728748848, 0, 0, 0, 1356020945, 398459493, 0, 2015682340, 1379449076, 562307206, 580946847, 0, 1398468596, 
1964160171, 0, 0, 0, 890812900, 121103998, 966879416, 0, 1631900384, 0, 1735243738, 0, 2122179912, 0, 483956262, 994314070, 1251633810, 545519727, 2114641980, -1, 0, 1489767410, 97209213, 0, 1731525455, 1652887668, 0, 1238272521, 1023205791, 0, 1635712631, 0, 1781587795, 0, 0, 1787083776, 0, 0, 0, 0, 792574367, 0, 626270587, 1719163386, 0, 0, 0, 0, 0, 83617646, 0, 949081251, 0, 511399737, 0, 75282860, 1721839933, 0, 478816451, 3499956, 0, 0, 1517703628, 0, 0, 0, 1500069465, 0, 0, 1449085516, 0, 145035664, 0, 0, 0, 0, 1099473114, 0, 12571437, 2033293678, 1554633569, 0, 0, 0, 93736321, 0, 1970079451, 466605072, 0, 0, 0, 1844542596, 565382544, 2017818825, 487507648, 1625607950, 2135416837, 0, 0, 586599883, 0, 0, 1849107879, 1010953553, 642733659, 0, 0, 0, 0, 38336304, 1142818838, 639238351, 1319796511, 0, 2072473514, 0, 0, 1165798055, 539581056, 2077050708, 0, 409446295, 0, 0, 1870073468, 151755740, 269149474, 0, 0, 1110559770, 399895235, 1016321881, 1467171417, 0, 0, 265637837, 0, 1217509740, 0, 0, 0, 0, 1406718967, 273082105, 1525085397, 0, 1425033012, 0, 1281843990, 0, 856223342, 0, 0, 0, 0, 961215231, 0, 480648629, 839292515, 0, 0, 0, 0, 0, 673022991, 1470998410, 826475250, 0, 1231656875, 187941450, 588698186, 0, 0, 143507248, 1325459420, 1379166521, 0, 0, 1216258721, 813768789, 1380236754, 0, 665170784, 0, 433634124, 0, 0, 1731380004, 0, 0, 0, 1506618727, 2006507732, 0, 216654234, 0, 2144986096, 1553766163, 583948303, 402745573, 0, 0, 0, 730020081, 384056424, 1193219309, 857574806, 1454784935, 0, 1198544839, 0, 0, 1106654196, 751528635, 2050165316, 1395917440, 1353949494, 0, 0, 939746664, 1963609285, 0, 0, 0, 1364003586, 0, 
0, 841722176, 1401174747, 492825896, 15998738, 0, 0, 0, 1955727219, 0, 631011754, 0, 1082433313, 0, 1956132354, 0, 1994796184, 734752083, 0, 0, -1, 507132563, 714711608, 1366661385, 1126741614, 78975109, 841807975, 128358827, 2101190034, 0, 546946061, 0, 1333758099, 2141396277, 727144296, 1734257801, 0, 16508949, 1605693986, 127274335, 0, 0, 25809689, 1623869966, 0, 0, 0, 0, 0, 2069544552, 752091652, 1674360465, 0, 0, 0, 997335222, 0, 0, 0, 332562255, 2093976367, 0, 1286521880, 0, 0, 912096770, 0, 0, 1645820456, 0, 826673398, 583466088, 0, 0, 0, 1831045893, 0, 2005100346, 0, 441605257, 0, 1739338699, 1897997684, 0, 1316891363, 699665064, 0, 0, 0, 412019893, 0, 0, 0, 1409061408, 1208342075, 22928789, 402750712, 1858392638, 0, 0, 332355471, 0, 212192445, 0, 0, 2060441973, 0, 883433546, 973298283, 0, 1959346401, 438964254, 0, 0, 201063079, 0, 959858370, 628177, 164843314, 0, 1309911967, 0, 0, 381973746, 1807508983, 1485268854, 0, 0, 652754579, 0, 943379130, 0, 0, 1821413214, 0, 0, 1785979552, 1455484974, 798577844, 1508439750, 0, 1430739832, 1998096481, 498038615, 124772127, 1334023050, 0, 2025032981, 0, 0, 0, 1220988996, 0, 0, 0, 0, 540452230, 0, 0, 863187295, 0, 0, 40400395, 0, 1025771484, 0, 0, 25163687, 0, 0, 51340452, 1734570939, 0, 671839990, 0, 1865947358, 1193303995, 1353944390, 0, 0, 1849708849, 628545931, 0, 0, 0, 0, 1261898135, 1915307627, 745373009, 0, 16341102, 1037346929, 0, 1972350047, 1426190362, 577088827, 0, 1214217579, 543232803, 324129728, 1827024172, 0, 1053297590, 553713472, 0, 252196677, 0, 1114343796, 0, 1687451163, 165769941, 0, 1658622498, 0, 0, 0, 1290065263, 0, 0, 0, 0, 271576723, 160263859, 47684084, 0, 1211968615, 
0, 0, 0, 0, 0, 466070401, 1982171855, 617437881, 1500540797, 0, 0, 2003335807, 0, 1792463820, 1273139372, 1761230767, 396526514, 2036179102, 39674082, 1489767410, 507132563, -1, 0, 576227850, 0, 0, 0, 271913665, 0, 0, 0, 0, 5861707, 842198304, 1238529049, 0, 1975281497, 0, 1118791666, 0, 743101023, 0, 799837574, 1439397761, 0, 1588039981, 2083170652, 0, 0, 1309930740, 1814421320, 2134222763, 1290512182, 1726850884, 0, 0, 0, 1437610324, 0, 333254467, 0, 554705807, 1833059043, 1234804339, 1748921849, 1758669892, 756488129, 0, 0, 1816210844, 0, 0, 0, 0, 0, 0, 1519966841, 330650884, 1870526844, 481696838, 0, 342538545, 1608084677, 515551289, 14967864, 326944408, 1912585239, 857925686, 268205086, 139159808, 1089842101, 0, 0, 0, 0, 1449786419, 1379126676, 0, 0, 1211969457, 1115627785, 0, 1467388889, 0, 0, 930360719, 0, 0, 0, 0, 791270378, 2014872745, 274025429, 102085527, 872155415, 1940339342, 1409956467, 979406696, 0, 0, 1600597724, 288836986, 1381664981, 0, 1812519587, 0, 2120286826, 0, 1204648480, 0, 0, 0, 0, 0, 1445896021, 0, 358148529, 0, 635714435, 0, 0, 0, 0, 0, 1250367361, 550788723, 0, 0, 0, 0, 540831987, 0, 0, 0, 0, 2037266735, 1135046874, 0, 0, 0, 0, 934907801, 0, 0, 0, 1157963821, 1202956806, 0, 0, 1050681498, 1053878038, 0, 838196545, 0, 0, 0, 0, 241020375, 0, 0, 672817422, 0, 2017610552, 1828692325, 524782138, 82583663, 0, 0, 416438786, 691707685, 1132807225, 2070073444, 1074297958, 0, 1791697004, 913391836, 0, 0, 0, 0, 0, 1590120670, 0, 0, 0, 0, 0, 0, 515537414, 0, 1681746511, 0, 0, 0, 1643004242, 1740284647, 376578632, 522933281, 0, 1076877221, 0, 0, 1056012990, 0, 266290962, 0, 
109740537, 0, 2055409055, 1153820397, 1309184554, 0, 266732986, 0, 1247811811, 2066796402, 1388522977, 1417904222, 288684808, 1896135832, 739278335, 1819793097, 0, 0, 504940555, 97209213, 714711608, 0, -1, 0, 1859389235, 0, 0, 0, 1119490812, 892862457, 610343743, 1153496013, 619757871, 291697862, 1144496123, 887048938, 884691750, 0, 0, 1220860380, 0, 1007650161, 0, 0, 1459650616, 1543015886, 0, 1475207393, 1386085235, 936513080, 0, 1092787976, 1210278297, 984820533, 0, 1734202736, 0, 416561637, 1916257717, 712002670, 0, 0, 0, 0, 188086415, 776389042, 0, 0, 160174960, 0, 0, 0, 0, 1115415171, 0, 0, 1246041317, 0, 0, 841185932, 0, 1258833834, 1332756265, 1566643127, 0, 1007866480, 1079525106, 0, 1444093601, 0, 0, 0, 2001721275, 0, 30014119, 0, 1749575831, 2137971319, 1585724281, 0, 1587999613, 0, 706373091, 0, 872259946, 1065228131, 1344119115, 1386455489, 0, 1564144753, 0, 869407342, 481079509, 199644263, 0, 0, 0, 1576217460, 0, 0, 360413622, 1134678385, 1969179439, 905502727, 2062375862, 0, 1517006026, 0, 1556219244, 220821927, 0, 2037357974, 1543630425, 1335845112, 0, 215480538, 0, 0, 0, 0, 0, 0, 1309621964, 0, 0, 357039758, 0, 1090415270, 1002753408, 1443633825, 272238306, 218296375, 485234790, 0, 1514520286, 73528804, 0, 0, 0, 1246741679, 0, 1949978868, 1412945275, 0, 0, 1521737824, 1778357885, 1421648255, 129986217, 0, 1046880267, 1578091607, 0, 63652154, 1298400522, 0, 530284294, 704835112, 638492336, 1592076449, 0, 224262420, 1126254239, 1840570924, 0, 1885132892, 0, 0, 193861242, 0, 0, 0, 926970400, 424555397, 0, 1533165964, 1660417600, 1667426191, 233376320, 1763209321, 0, 0, 0, 0, 1331151691, 0, 10471433, 969432193, 882344053, 0, 1164870832, 0, 1608833651, 1190759732, 0, 0, 942326519, 1351442008, 0, 0, 761508837, 0, 1406867102, 0, 1095146760, 0, 
1432677093, 0, 803685587, 0, 0, 0, 0, 0, 1251785976, 0, 2027065464, 0, 107372584, 0, 0, 0, 0, 1558251681, 0, 0, 1366661385, 576227850, 0, -1, 0, 0, 0, 306257557, 0, 0, 723995093, 0, 1783247427, 1927461145, 165167619, 0, 0, 0, 833857332, 0, 1897625343, 0, 1526289950, 1904567677, 714244816, 138523369, 0, 0, 0, 1050887086, 1241357133, 485861838, 142785808, 1405986492, 0, 550145487, 0, 1126303683, 1705644108, 0, 0, 1995744101, 667941911, 0, 2022034092, 0, 0, 2070624199, 0, 1340492215, 0, 1255005792, 810126536, 0, 0, 284507075, 734662306, 0, 1151749446, 0, 258664209, 1600169389, 0, 0, 0, 0, 1583245175, 0, 2141555467, 507014810, 0, 0, 1879796300, 0, 0, 605204325, 1388770749, 877368094, 1476248915, 0, 1756132090, 1140528995, 0, 0, 1231797215, 1622897532, 1385498169, 0, 2071575741, 43519632, 83906310, 243827430, 1322343894, 0, 0, 0, 0, 493289035, 826473726, 0, 327495789, 1503591858, 0, 618820043, 539185299, 0, 0, 0, 0, 0, 0, 0, 1410693148, 0, 1618187594, 355646174, 0, 0, 848509650, 0, 1353505737, 1777500809, 393306633, 0, 0, 0, 1706713523, 0, 691815225, 0, 0, 1502881593, 1968043242, 1013861600, 0, 0, 0, 0, 635218534, 1534156871, 0, 0, 0, 0, 0, 0, 1866547232, 0, 398860583, 0, 2041399489, 1524344455, 0, 647395592, 0, 0, 1343569185, 1531200677, 1895471825, 575691183, 0, 2059354212, 1209660266, 0, 0, 1148009210, 0, 0, 0, 1881196985, 1305788134, 283951424, 1410844928, 0, 516569638, 1676180320, 0, 405986890, 0, 0, 0, 1216243517, 0, 0, 558562848, 0, 357534259, 82677310, 0, 0, 1817109694, 0, 1725727950, 0, 1656057283, 0, 1199230066, 645211432, 0, 0, 1156660747, 1809861657, 0, 1162098650, 0, 1618350874, 
