29
[[-1, 44502, 44075, 26045, 42489, 30218, 41369, 36768, 30631, 42131, 14603, 21420, 31337, 42884, 17436, 21569, 42027, 33701, 25456, 42956, 6766, 31578, 41257, 18802, 3655, 42960, 37404, 40287, 43065],[44502, -1, 44844, 23186, 44285, 44673, 3999, 14008, 37309, 31332, 37175, 23149, 24503, 43464, 16773, 45039, 43012, 21250, 26152, 43679, 45106, 34536, 45967, 16794, 39366, 34549, 42547, 4733, 40628],[44075, 44844, -1, 24583, 15069, 34529, 31553, 43538, 43908, 44430, 17981, 17903, 34694, 43290, 30578, 39213, 21182, 35494, 10190, 36958, 13089, 11388, 11992, 38551, 38763, 23027, 35831, 30304, 18558],[26045, 23186, 24583, -1, 29216, 35115, 18079, 25983, 43712, 45651, 36635, 28908, 36599, 44252, 34238, 34789, 34540, 25421, 45534, 34775, 42841, 14946, 32938, 34854, 31538, 45860, 19826, 39109, 24345],[42489, 44285, 15069, 29216, -1, 10802, 21527, 43185, 27117, 40861, 41434, 43455, 8443, 37921, 44845, 20465, 22336, 18733, 40139, 30343, 4120, 30871, 16908, 30815, 11409, 18367, 42949, 25450, 46248],[30218, 44673, 34529, 35115, 10802, -1, 40861, 28815, 39021, 30724, 37520, 33007, 37362, 41663, 15365, 38072, 38262, 35569, 29868, 37270, 38179, 38752, 35228, 37732, 33395, 23336, 7599, 27645, 30901],[41369, 3999, 31553, 18079, 21527, 40861, -1, 44898, 45900, 19464, 25398, 31062, 34471, 40268, 40606, 35825, 45886, 44879, 27369, 24654, 13602, 14687, 45477, 12768, 45350, 40226, 9558, 45127, 24673],[36768, 14008, 43538, 25983, 43185, 28815, 44898, -1, 21186, 35575, 21644, 36406, 36847, 39286, 44027, 26443, 26036, 21908, 30060, 40114, 42135, 26771, 45159, 41178, 34273, 44294, 40918, 46266, 26467],[30631, 37309, 43908, 43712, 27117, 39021, 45900, 21186, -1, 44787, 34976, 23020, 28091, 10998, 34391, 8538, 9057, 31590, 32023, 38841, 20199, 34112, 31801, 25793, 38710, 19382, 42947, 38431, 20013],[42131, 31332, 44430, 45651, 40861, 30724, 19464, 35575, 44787, -1, 20312, 17207, 27243, 36261, 40257, 43090, 33152, 41899, 13025, 24486, 17088, 45991, 43593, 44516, 30547, 33666, 28245, 34386, 36133],[14603, 37175, 17981, 36635, 41434, 37520, 25398, 21644, 34976, 20312, -1, 23366, 25786, 26741, 22944, 23134, 33553, 42236, 41382, 7196, 41844, 19688, 16186, 35145, 45847, 8814, 24913, 12582, 29231],[21420, 23149, 17903, 28908, 43455, 33007, 31062, 36406, 23020, 17207, 23366, -1, 33188, 45917, 44472, 8319, 22067, 29862, 37994, 44767, 35678, 18606, 34076, 35323, 41604, 45773, 32451, 33491, 33690],[31337, 24503, 34694, 36599, 8443, 37362, 34471, 36847, 28091, 27243, 25786, 33188, -1, 41564, 32333, 16846, 42892, 41476, 41937, 41902, 21522, 14698, 32919, 38122, 30562, 20816, 7313, 19734, 35379],[42884, 43464, 43290, 44252, 37921, 41663, 40268, 39286, 10998, 36261, 26741, 45917, 41564, -1, 31411, 25554, 36467, 17572, 41006, 26992, 42016, 35419, 36034, 36980, 45288, 37254, 21372, 33628, 17264],[17436, 16773, 30578, 34238, 44845, 15365, 40606, 44027, 34391, 40257, 22944, 44472, 32333, 31411, -1, 43885, 9792, 24243, 33147, 13754, 40691, 45373, 37684, 18007, 22276, 22468, 44579, 33348, 42544],[21569, 45039, 39213, 34789, 20465, 38072, 35825, 26443, 8538, 43090, 23134, 8319, 16846, 25554, 43885, -1, 16369, 42155, 28592, 21469, 36436, 29233, 44125, 8734, 3250, 42153, 29247, 34315, 27353],[42027, 43012, 21182, 34540, 22336, 38262, 45886, 26036, 9057, 33152, 33553, 22067, 42892, 36467, 9792, 16369, -1, 27569, 42082, 36673, 41549, 37791, 31046, 34179, 44551, 21579, 37611, 22944, 2324],[33701, 21250, 35494, 25421, 18733, 35569, 44879, 21908, 31590, 41899, 42236, 29862, 41476, 17572, 24243, 42155, 27569, -1, 41892, 27935, 27697, 45865, 33561, 28723, 34237, 42009, 37798, 39949, 7940],[25456, 26152, 10190, 45534, 40139, 29868, 27369, 30060, 32023, 13025, 41382, 37994, 41937, 41006, 33147, 28592, 42082, 41892, -1, 26893, 41180, 40763, 45960, 25799, 32186, 43660, 19634, 21056, 22890],[42956, 43679, 36958, 34775, 30343, 37270, 24654, 40114, 38841, 24486, 7196, 44767, 41902, 26992, 13754, 21469, 36673, 27935, 26893, -1, 33149, 17325, 43085, 28155, 43857, 31685, 13278, 26731, 33645],[6766, 45106, 13089, 42841, 4120, 38179, 13602, 42135, 20199, 17088, 41844, 35678, 21522, 42016, 40691, 36436, 41549, 27697, 41180, 33149, -1, 41828, 36747, 42850, 18897, 38633, 17428, 33693, 31413],[31578, 34536, 11388, 14946, 30871, 38752, 14687, 26771, 34112, 45991, 19688, 18606, 14698, 35419, 45373, 29233, 37791, 45865, 40763, 17325, 41828, -1, 28403, 13737, 20698, 42259, 26838, 27909, 41236],[41257, 45967, 11992, 32938, 16908, 35228, 45477, 45159, 31801, 43593, 16186, 34076, 32919, 36034, 37684, 44125, 31046, 33561, 45960, 43085, 36747, 28403, -1, 31654, 30256, 29355, 36646, 4306, 20808],[18802, 16794, 38551, 34854, 30815, 37732, 12768, 41178, 25793, 44516, 35145, 35323, 38122, 36980, 18007, 8734, 34179, 28723, 25799, 28155, 42850, 13737, 31654, -1, 25757, 26998, 46057, 36563, 33483],[3655, 39366, 38763, 31538, 11409, 33395, 45350, 34273, 38710, 30547, 45847, 41604, 30562, 45288, 22276, 3250, 44551, 34237, 32186, 43857, 18897, 20698, 30256, 25757, -1, 32288, 18445, 12693, 42125],[42960, 34549, 23027, 45860, 18367, 23336, 40226, 44294, 19382, 33666, 8814, 45773, 20816, 37254, 22468, 42153, 21579, 42009, 43660, 31685, 38633, 42259, 29355, 26998, 32288, -1, 24191, 34779, 45797],[37404, 42547, 35831, 19826, 42949, 7599, 9558, 40918, 42947, 28245, 24913, 32451, 7313, 21372, 44579, 29247, 37611, 37798, 19634, 13278, 17428, 26838, 36646, 46057, 18445, 24191, -1, 16010, 18399],[40287, 4733, 30304, 39109, 25450, 27645, 45127, 46266, 38431, 34386, 12582, 33491, 19734, 33628, 33348, 34315, 22944, 39949, 21056, 26731, 33693, 27909, 4306, 36563, 12693, 34779, 16010, -1, 27915],[43065, 40628, 18558, 24345, 46248, 30901, 24673, 26467, 20013, 36133, 29231, 33690, 35379, 17264, 42544, 27353, 2324, 7940, 22890, 33645, 31413, 41236, 20808, 33483, 42125, 45797, 18399, 27915, -1]]