74
[[-1, 26831, 41940, 0, 43017, 29394, 5788, 40362, 0, 0, 38826, 0, 8128, 0, 0, 0, 19731, 27407, 32939, 0, 35418, 0, 32933, 0, 0, 32196, 8538, 0, 41199, 44197, 36231, 0, 7824, 0, 39343, 37488, 32247, 42419, 35217, 35041, 35111, 28443, 19138, 0, 21677, 42996, 45314, 34742, 44865, 0, 14184, 33502, 28396, 22068, 34265, 40237, 31006, 42895, 14458, 42280, 0, 26927, 44443, 16780, 0, 40629, 42143, 24370, 0, 45644, 24067, 31710, 39155, 0],[26831, -1, 35823, 0, 19686, 20965, 0, 0, 35387, 28595, 0, 0, 39201, 27952, 26271, 20595, 42463, 0, 10908, 14588, 26483, 28106, 0, 35822, 0, 38750, 0, 43175, 40196, 33377, 34949, 28703, 21878, 0, 35242, 0, 39402, 19060, 0, 24918, 10669, 17238, 44119, 37753, 34782, 42690, 26042, 0, 40890, 44985, 0, 28872, 41864, 16367, 14718, 41707, 0, 11886, 38696, 44503, 22248, 39268, 25047, 0, 0, 41170, 13985, 41803, 0, 0, 1969, 42893, 39733, 46148],[41940, 35823, -1, 10626, 44513, 0, 45856, 33468, 0, 41805, 42078, 16035, 37481, 0, 11471, 0, 0, 0, 0, 46080, 14496, 11359, 36009, 0, 36337, 17318, 37994, 0, 44397, 0, 28043, 0, 0, 0, 0, 0, 17356, 25300, 45111, 35502, 0, 0, 0, 0, 43904, 28464, 23849, 28223, 0, 37930, 27740, 4248, 23370, 41985, 28531, 17653, 38498, 27545, 40510, 36299, 18458, 16083, 0, 0, 42228, 46002, 40631, 0, 0, 0, 44209, 30312, 32818, 0],[0, 0, 10626, -1, 28939, 27343, 40777, 0, 12142, 0, 39799, 26761, 0, 0, 0, 10447, 16223, 0, 0, 19641, 0, 26613, 39943, 45873, 0, 0, 26406, 37834, 0, 20907, 11544, 0, 0, 24909, 14566, 34115, 20620, 26701, 28640, 45370, 15403, 41045, 39628, 0, 40710, 0, 41324, 0, 39417, 0, 45866, 25512, 0, 45205, 46098, 40295, 37670, 39359, 23848, 37129, 21461, 43767, 0, 42734, 10348, 38981, 0, 0, 24619, 0, 42084, 0, 39254, 16670],[43017, 19686, 44513, 28939, -1, 46124, 0, 31398, 35543, 44918, 28865, 8826, 0, 0, 42326, 45712, 35881, 27128, 29850, 45061, 22116, 31524, 43524, 14398, 0, 38883, 38308, 0, 41678, 0, 12292, 31240, 0, 45853, 16608, 26559, 13467, 13483, 40949, 45407, 44657, 0, 0, 0, 0, 33690, 0, 38505, 26699, 22656, 0, 32250, 0, 33811, 20215, 18720, 43981, 0, 16395, 0, 0, 32532, 4861, 30545, 44537, 0, 0, 18717, 33701, 37151, 0, 0, 21051, 37524],[29394, 20965, 0, 27343, 46124, -1, 0, 37127, 44834, 38884, 0, 39438, 13518, 0, 34167, 16030, 46251, 35825, 0, 23393, 11534, 0, 0, 31299, 0, 42007, 20792, 27684, 23698, 0, 0, 5548, 35195, 41627, 0, 39118, 39261, 40419, 0, 0, 38840, 0, 33975, 35511, 32869, 4907, 38436, 22133, 0, 45031, 19432, 15109, 32712, 26078, 0, 8905, 21437, 0, 0, 43523, 0, 37164, 41461, 36095, 40728, 38947, 19826, 38555, 7310, 22194, 22609, 0, 44267, 42764],[5788, 0, 45856, 40777, 0, 0, -1, 0, 34441, 42951, 34748, 45075, 14907, 32805, 0, 15804, 30674, 36126, 25194, 12585, 13526, 38228, 0, 27267, 44747, 21642, 34759, 0, 25048, 0, 30890, 45643, 0, 0, 17362, 24004, 24990, 0, 0, 42589, 0, 36159, 45804, 11896, 0, 0, 0, 0, 31841, 0, 0, 27279, 25922, 0, 45599, 44244, 0, 0, 40573, 0, 33531, 0, 0, 41958, 34476, 32551, 40165, 13491, 29328, 19784, 0, 0, 0, 0],[40362, 0, 33468, 0, 31398, 37127, 0, -1, 0, 0, 0, 0, 0, 33190, 0, 25966, 27238, 32612, 35406, 42535, 0, 20569, 0, 0, 35231, 12300, 0, 0, 45472, 42503, 27275, 43885, 39505, 42989, 0, 19920, 0, 0, 26199, 0, 16529, 42682, 37432, 44539, 0, 0, 0, 0, 26658, 37342, 0, 0, 19353, 33000, 0, 43102, 0, 23338, 43022, 35844, 29441, 37313, 42504, 39945, 46305, 0, 43286, 42947, 35855, 30655, 0, 41279, 26562, 0],[0, 35387, 0, 12142, 35543, 44834, 34441, 0, -1, 0, 39759, 25897, 0, 0, 43532, 0, 0, 23975, 28473, 0, 38365, 17121, 0, 29737, 31287, 11258, 40542, 0, 24567, 0, 0, 32618, 0, 0, 0, 0, 7896, 0, 14221, 9954, 40758, 33726, 0, 0, 0, 0, 31378, 17073, 0, 28266, 38428, 0, 0, 37415, 0, 0, 29156, 0, 0, 32216, 0, 33014, 12004, 36611, 0, 28623, 0, 35331, 24732, 0, 0, 0, 35336, 0],[0, 28595, 41805, 0, 44918, 38884, 42951, 0, 0, -1, 42526, 41812, 38759, 36363, 0, 0, 0, 21532, 0, 0, 44614, 0, 36321, 0, 41474, 6155, 32112, 45876, 27671, 40869, 0, 16260, 0, 0, 0, 27193, 0, 0, 24230, 0, 0, 39992, 13852, 0, 0, 36303, 32747, 0, 24527, 0, 0, 44032, 24500, 30169, 32896, 44892, 44943, 19169, 38477, 27024, 0, 42472, 0, 9017, 23713, 0, 0, 39835, 0, 0, 35220, 41962, 0, 39778],[38826, 0, 42078, 39799, 28865, 0, 34748, 0, 39759, 42526, -1, 39322, 31011, 0, 14421, 0, 40763, 0, 0, 37413, 0, 45214, 0, 0, 37897, 0, 30152, 28685, 37324, 45718, 17382, 32423, 0, 18603, 27960, 31740, 30602, 40123, 40549, 45750, 32314, 39307, 0, 0, 39087, 44091, 23920, 44997, 0, 27608, 10164, 31892, 44738, 34848, 44358, 22540, 0, 0, 33239, 35852, 33084, 43158, 0, 33439, 21582, 23356, 32250, 36060, 10627, 0, 37796, 44908, 0, 0],[0, 0, 16035, 26761, 8826, 39438, 45075, 0, 25897, 41812, 39322, -1, 19040, 34689, 14899, 44796, 16042, 42883, 0, 36300, 22287, 0, 16497, 10687, 37461, 0, 0, 0, 0, 41527, 39594, 32328, 42301, 27915, 0, 0, 0, 7284, 26358, 0, 40297, 41442, 42726, 0, 27704, 0, 35069, 0, 32386, 26836, 41324, 10119, 0, 45225, 32198, 27817, 0, 0, 0, 0, 37948, 28352, 35590, 0, 16192, 0, 37037, 29221, 23401, 0, 39922, 0, 39021, 34971],[8128, 39201, 37481, 0, 0, 13518, 14907, 0, 0, 38759, 31011, 19040, -1, 31313, 0, 0, 35505, 0, 0, 0, 0, 38535, 32111, 0, 9950, 0, 0, 36629, 44945, 42322, 16729, 33528, 29344, 25454, 25820, 0, 0, 25600, 0, 24930, 44284, 33069, 16962, 0, 13522, 35590, 0, 37490, 39625, 39288, 26578, 40611, 0, 0, 26076, 27442, 0, 0, 14679, 0, 35016, 25034, 29099, 0, 0, 7520, 36176, 12608, 0, 0, 0, 34642, 32429, 23209],[0, 27952, 0, 0, 0, 0, 32805, 33190, 0, 36363, 0, 34689, 31313, -1, 17035, 44445, 0, 0, 30772, 0, 41932, 36772, 44687, 0, 35227, 0, 42084, 43142, 31970, 35611, 43834, 23279, 30643, 19172, 38887, 37902, 0, 14412, 0, 31000, 36897, 0, 0, 14078, 44681, 0, 32764, 34822, 0, 45322, 36314, 15738, 22218, 35422, 13525, 12407, 23140, 19200, 33569, 0, 20221, 0, 0, 31018, 13221, 44166, 33852, 33112, 23202, 41933, 46191, 0, 45052, 15669],[0, 26271, 11471, 0, 42326, 34167, 0, 0, 43532, 0, 14421, 14899, 0, 17035, -1, 17373, 30997, 0, 31832, 44806, 31687, 0, 0, 20121, 21632, 0, 20321, 0, 0, 0, 14749, 19269, 45473, 38869, 27882, 41518, 0, 0, 20483, 15009, 26001, 0, 32567, 33858, 0, 27830, 0, 9254, 17544, 0, 0, 41810, 0, 0, 0, 36425, 0, 43435, 31416, 15386, 5274, 42453, 22509, 0, 24165, 0, 45340, 0, 0, 43405, 0, 14023, 33051, 0],[0, 20595, 0, 10447, 45712, 16030, 15804, 25966, 0, 0, 0, 44796, 0, 44445, 17373, -1, 34182, 0, 13542, 0, 0, 34042, 31698, 46322, 37846, 17945, 37754, 0, 19868, 37544, 0, 44644, 36945, 35426, 17335, 16554, 23371, 25051, 39845, 28132, 35703, 28158, 0, 25856, 0, 37203, 18601, 0, 0, 19509, 9153, 35344, 0, 29669, 32617, 14055, 20258, 35322, 40790, 42265, 37829, 0, 14781, 0, 30102, 3528, 39301, 39500, 20513, 45417, 31684, 0, 0, 46139],[19731, 42463, 0, 16223, 35881, 46251, 30674, 27238, 0, 0, 40763, 16042, 35505, 0, 30997, 34182, -1, 38711, 0, 0, 24007, 37927, 0, 33057, 0, 44244, 0, 26310, 25561, 0, 45666, 37943, 31094, 43842, 6368, 0, 37429, 35351, 0, 27281, 28044, 40743, 37517, 0, 6805, 0, 39841, 0, 28799, 39008, 41322, 27403, 0, 0, 0, 0, 0, 0, 0, 0, 0, 34027, 0, 32859, 27400, 9033, 31081, 32695, 0, 0, 0, 8125, 40087, 36951],[27407, 0, 0, 0, 27128, 35825, 36126, 32612, 23975, 21532, 0, 42883, 0, 0, 0, 0, 38711, -1, 30792, 28229, 4135, 45798, 7708, 33023, 30347, 37951, 16290, 21451, 29333, 34159, 0, 41191, 39957, 36952, 39874, 22943, 0, 28308, 0, 13490, 32197, 0, 35883, 0, 0, 43254, 10915, 43544, 0, 27913, 40482, 42465, 0, 0, 20119, 0, 0, 0, 41952, 0, 2812, 18504, 33308, 0, 45493, 18144, 0, 0, 3862, 0, 9533, 44110, 46078, 0],[32939, 10908, 0, 0, 29850, 0, 25194, 35406, 28473, 0, 0, 0, 0, 30772, 31832, 13542, 0, 30792, -1, 16498, 0, 0, 0, 41420, 26911, 38153, 39051, 26804, 0, 46103, 0, 24566, 9129, 44939, 40938, 41510, 0, 2538, 43178, 35138, 34090, 0, 43599, 44959, 25762, 0, 0, 2600, 30322, 0, 20516, 0, 0, 16888, 41268, 32652, 10606, 43587, 29816, 0, 18302, 32644, 42951, 20455, 26695, 0, 14792, 0, 15617, 28101, 39347, 0, 30695, 34869],[0, 14588, 46080, 19641, 45061, 23393, 12585, 42535, 0, 0, 37413, 36300, 0, 0, 44806, 0, 0, 28229, 16498, -1, 0, 0, 0, 20447, 41388, 45648, 15242, 45660, 34239, 9014, 17632, 0, 35009, 24395, 0, 33158, 0, 39635, 0, 20879, 0, 23821, 43634, 44533, 34472, 18572, 43494, 32775, 28656, 0, 12104, 23056, 11913, 22578, 35369, 0, 42130, 0, 0, 13194, 40510, 46194, 46109, 16988, 0, 0, 35694, 20394, 44952, 23156, 14124, 0, 0, 40349],[35418, 26483, 14496, 0, 22116, 11534, 13526, 0, 38365, 44614, 0, 22287, 0, 41932, 31687, 0, 24007, 4135, 0, 0, -1, 41952, 35822, 0, 0, 0, 0, 10926, 46170, 18254, 41364, 0, 39573, 34076, 38887, 24234, 0, 32795, 0, 40016, 44276, 0, 0, 34350, 42584, 0, 3277, 45750, 37590, 41433, 39923, 34217, 0, 2090, 43920, 32972, 43058, 28970, 0, 39671, 40901, 0, 33603, 38621, 34023, 38508, 41702, 37045, 39076, 0, 0, 18608, 0, 35524],[0, 28106, 11359, 26613, 31524, 0, 38228, 20569, 17121, 0, 45214, 0, 38535, 36772, 0, 34042, 37927, 45798, 0, 0, 41952, -1, 35828, 28714, 0, 0, 0, 36329, 0, 0, 0, 0, 0, 0, 0, 21460, 0, 0, 17349, 0, 38749, 37026, 0, 0, 0, 0, 0, 21918, 29890, 20302, 46051, 0, 0, 17386, 9344, 17965, 31990, 31385, 37100, 28176, 0, 22794, 0, 32712, 35020, 0, 0, 0, 12578, 30554, 41398, 0, 17680, 23337],[32933, 0, 36009, 39943, 43524, 0, 0, 0, 0, 36321, 0, 16497, 32111, 44687, 0, 31698, 0, 7708, 0, 0, 35822, 35828, -1, 14984, 30821, 0, 36208, 40642, 43580, 25967, 26552, 8977, 0, 0, 0, 40406, 14726, 16216, 0, 38793, 32906, 16494, 0, 23392, 45276, 25909, 41583, 0, 28587, 0, 27184, 41949, 0, 34476, 0, 20565, 25884, 40365, 19687, 36657, 23036, 29226, 39183, 42238, 30698, 0, 40630, 39011, 0, 0, 16212, 4850, 18352, 44456],[0, 35822, 0, 45873, 14398, 31299, 27267, 0, 29737, 0, 0, 10687, 0, 0, 20121, 46322, 33057, 33023, 41420, 20447, 0, 28714, 14984, -1, 17644, 0, 19659, 43630, 37820, 0, 2694, 42735, 0, 18426, 0, 0, 30050, 33070, 41905, 44330, 42665, 34323, 33820, 42025, 0, 34070, 46159, 0, 40596, 32099, 36303, 0, 38089, 43360, 23925, 0, 42461, 20455, 33387, 23370, 30361, 34226, 21493, 0, 43785, 0, 29415, 0, 0, 29328, 0, 38125, 31366, 0],[0, 0, 36337, 0, 0, 0, 44747, 35231, 31287, 41474, 37897, 37461, 9950, 35227, 21632, 37846, 0, 30347, 26911, 41388, 0, 0, 30821, 17644, -1, 0, 0, 9897, 32761, 0, 38927, 22147, 12420, 0, 23361, 11939, 5683, 41983, 0, 17582, 36099, 29685, 0, 37390, 45364, 30184, 0, 12827, 12548, 0, 37915, 18135, 0, 20271, 45262, 0, 0, 32199, 7309, 44177, 38326, 0, 0, 25472, 20723, 0, 33485, 0, 0, 31591, 0, 7385, 0, 0],[32196, 38750, 17318, 0, 38883, 42007, 21642, 12300, 11258, 6155, 0, 0, 0, 0, 0, 17945, 44244, 37951, 38153, 45648, 0, 0, 0, 0, 0, -1, 29197, 29725, 41071, 34769, 0, 0, 0, 25493, 0, 43914, 18497, 39629, 0, 24610, 0, 0, 10056, 37589, 37257, 38569, 6382, 44830, 35484, 0, 25894, 42419, 45294, 13893, 0, 22440, 28916, 34761, 0, 34506, 0, 34496, 38552, 40618, 24389, 42780, 25414, 41526, 9937, 33761, 20960, 38424, 30697, 33634],[8538, 0, 37994, 26406, 38308, 20792, 34759, 0, 40542, 32112, 30152, 0, 0, 42084, 20321, 37754, 0, 16290, 39051, 15242, 0, 0, 36208, 19659, 0, 29197, -1, 0, 37456, 6379, 45088, 0, 22204, 0, 34608, 38428, 0, 0, 11265, 35596, 44917, 0, 35356, 39278, 21064, 27561, 0, 36978, 15291, 0, 27926, 7809, 42827, 18667, 34174, 16947, 13465, 23258, 0, 4014, 27752, 0, 29681, 0, 36234, 41020, 0, 0, 0, 40344, 18222, 37588, 34592, 43743],[0, 43175, 0, 37834, 0, 27684, 0, 0, 0, 45876, 28685, 0, 36629, 43142, 0, 0, 26310, 21451, 26804, 45660, 10926, 36329, 40642, 43630, 9897, 29725, 0, -1, 24259, 5669, 0, 27361, 0, 43293, 41773, 33050, 23914, 0, 0, 9455, 19032, 41561, 0, 18015, 46114, 33780, 0, 30841, 0, 21214, 27298, 0, 0, 0, 0, 30520, 42091, 20703, 0, 38150, 0, 8524, 20773, 0, 4483, 42192, 37311, 17220, 0, 0, 22495, 28098, 8000, 43412],[41199, 40196, 44397, 0, 41678, 23698, 25048, 45472, 24567, 27671, 37324, 0, 44945, 31970, 0, 19868, 25561, 29333, 0, 34239, 46170, 0, 43580, 37820, 32761, 41071, 37456, 24259, -1, 32200, 27495, 10936, 0, 0, 44660, 43486, 0, 40462, 0, 34969, 40672, 38485, 0, 44634, 37697, 45296, 0, 18873, 0, 0, 0, 35451, 0, 11274, 10757, 45235, 0, 0, 43976, 0, 13128, 29629, 0, 0, 28655, 32308, 0, 30682, 33767, 0, 22552, 0, 33523, 0],[44197, 33377, 0, 20907, 0, 0, 0, 42503, 0, 40869, 45718, 41527, 42322, 35611, 0, 37544, 0, 34159, 46103, 9014, 18254, 0, 25967, 0, 0, 34769, 6379, 5669, 32200, -1, 23790, 23652, 8965, 32590, 37938, 0, 0, 13865, 34851, 40282, 0, 0, 0, 43219, 40834, 39858, 35772, 28188, 17696, 37479, 0, 23597, 37909, 0, 30904, 30500, 27641, 32610, 20483, 44241, 30552, 40456, 0, 0, 0, 31343, 35042, 0, 39070, 27512, 30343, 40585, 0, 17785],[36231, 34949, 28043, 11544, 12292, 0, 30890, 27275, 0, 0, 17382, 39594, 16729, 43834, 14749, 0, 45666, 0, 0, 17632, 41364, 0, 26552, 2694, 38927, 0, 45088, 0, 27495, 23790, -1, 0, 0, 0, 0, 0, 0, 46044, 28020, 0, 22629, 0, 6696, 43434, 0, 30966, 44409, 0, 23983, 22474, 46169, 26121, 45240, 17986, 41436, 0, 44520, 16537, 43518, 0, 20388, 32828, 0, 0, 21426, 45044, 0, 39017, 44463, 25900, 40388, 0, 10149, 41144],[0, 28703, 0, 0, 31240, 5548, 45643, 43885, 32618, 16260, 32423, 32328, 33528, 23279, 19269, 44644, 37943, 41191, 24566, 0, 0, 0, 8977, 42735, 22147, 0, 0, 27361, 10936, 23652, 0, -1, 0, 0, 0, 34696, 45631, 18269, 30199, 44871, 29634, 40549, 34248, 0, 24411, 0, 0, 34112, 0, 0, 20421, 28585, 0, 0, 0, 33274, 0, 0, 13186, 42235, 43658, 0, 0, 28097, 38578, 18678, 19661, 0, 0, 45381, 39961, 28900, 43775, 0],[7824, 21878, 0, 0, 0, 35195, 0, 39505, 0, 0, 0, 42301, 29344, 30643, 45473, 36945, 31094, 39957, 9129, 35009, 39573, 0, 0, 0, 12420, 0, 22204, 0, 0, 8965, 0, 0, -1, 45887, 31951, 43761, 8226, 22565, 21651, 0, 13188, 35464, 42735, 0, 0, 27204, 45227, 0, 0, 32606, 21902, 29417, 33615, 8141, 17059, 0, 0, 42536, 40608, 17981, 0, 8972, 25826, 23381, 31007, 0, 28184, 42421, 38916, 41707, 43642, 42898, 0, 35568],[0, 0, 0, 24909, 45853, 41627, 0, 42989, 0, 0, 18603, 27915, 25454, 19172, 38869, 35426, 43842, 36952, 44939, 24395, 34076, 0, 0, 18426, 0, 25493, 0, 43293, 0, 32590, 0, 0, 45887, -1, 41987, 31716, 0, 30517, 34576, 20250, 42443, 23895, 4377, 36905, 0, 15082, 33852, 0, 24467, 30688, 0, 0, 0, 0, 36866, 0, 0, 40311, 0, 0, 33980, 23372, 0, 45731, 44933, 14516, 44013, 34257, 45167, 45023, 30053, 0, 30870, 22978],[39343, 35242, 0, 14566, 16608, 0, 17362, 0, 0, 0, 27960, 0, 25820, 38887, 27882, 17335, 6368, 39874, 40938, 0, 38887, 0, 0, 0, 23361, 0, 34608, 41773, 44660, 37938, 0, 0, 31951, 41987, -1, 15842, 0, 0, 36779, 0, 40721, 0, 14264, 44711, 0, 0, 25481, 3366, 15120, 24813, 39336, 32707, 0, 0, 42228, 37458, 38145, 28636, 22729, 29440, 0, 42803, 16890, 39508, 31631, 0, 0, 44712, 42646, 22623, 0, 10572, 25108, 0],[37488, 0, 0, 34115, 26559, 39118, 24004, 19920, 0, 27193, 31740, 0, 0, 37902, 41518, 16554, 0, 22943, 41510, 33158, 24234, 21460, 40406, 0, 11939, 43914, 38428, 33050, 43486, 0, 0, 34696, 43761, 31716, 15842, -1, 0, 35662, 11119, 29002, 0, 29181, 8376, 0, 20367, 0, 43047, 16395, 42133, 0, 43415, 0, 0, 22347, 0, 10314, 33686, 0, 31689, 22013, 26659, 0, 0, 9011, 0, 42002, 37502, 32147, 24534, 19862, 0, 43358, 32992, 44426],[32247, 39402, 17356, 20620, 13467, 39261, 24990, 0, 7896, 0, 30602, 0, 0, 0, 0, 23371, 37429, 0, 0, 0, 0, 0, 14726, 30050, 5683, 18497, 0, 23914, 0, 0, 0, 45631, 8226, 0, 0, 0, -1, 0, 0, 0, 34407, 26531, 46251, 0, 41894, 0, 0, 46166, 0, 0, 30718, 0, 0, 45311, 0, 0, 26250, 0, 30665, 0, 0, 31236, 33217, 0, 25264, 16939, 0, 8750, 25997, 19633, 0, 42670, 15525, 23803],[42419, 19060, 25300, 26701, 13483, 40419, 0, 0, 0, 0, 40123, 7284, 25600, 14412, 0, 25051, 35351, 28308, 2538, 39635, 32795, 0, 16216, 33070, 41983, 39629, 0, 0, 40462, 13865, 46044, 18269, 22565, 30517, 0, 35662, 0, -1, 0, 35193, 45251, 0, 0, 32761, 21264, 0, 4907, 0, 0, 0, 29011, 14076, 0, 27428, 17778, 41709, 35952, 0, 0, 19302, 27199, 38040, 33899, 37792, 0, 30092, 23957, 0, 0, 40541, 31625, 39746, 0, 16952],[35217, 0, 45111, 28640, 40949, 0, 0, 26199, 14221, 24230, 40549, 26358, 0, 0, 20483, 39845, 0, 0, 43178, 0, 0, 17349, 0, 41905, 0, 0, 11265, 0, 0, 34851, 28020, 30199, 21651, 34576, 36779, 11119, 0, 0, -1, 0, 42467, 0, 15436, 38503, 31998, 0, 0, 0, 36641, 16747, 0, 35639, 0, 0, 0, 30700, 41847, 0, 40649, 42003, 32077, 0, 0, 4684, 16296, 39899, 20468, 25232, 0, 45130, 40062, 0, 0, 45676],[35041, 24918, 35502, 45370, 45407, 0, 42589, 0, 9954, 0, 45750, 0, 24930, 31000, 15009, 28132, 27281, 13490, 35138, 20879, 40016, 0, 38793, 44330, 17582, 24610, 35596, 9455, 34969, 40282, 0, 44871, 0, 20250, 0, 29002, 0, 35193, 0, -1, 0, 0, 30862, 36865, 43206, 11551, 0, 16673, 0, 0, 10366, 40392, 27743, 19657, 26955, 0, 8865, 26836, 43765, 23801, 30475, 27704, 35956, 0, 38363, 39314, 40256, 39142, 28669, 35754, 20750, 0, 25524, 31004],[35111, 10669, 0, 15403, 44657, 38840, 0, 16529, 40758, 0, 32314, 40297, 44284, 36897, 26001, 35703, 28044, 32197, 34090, 0, 44276, 38749, 32906, 42665, 36099, 0, 44917, 19032, 40672, 0, 22629, 29634, 13188, 42443, 40721, 0, 34407, 45251, 42467, 0, -1, 42007, 23999, 39240, 46271, 15242, 45447, 0, 0, 0, 39588, 34361, 43350, 26074, 36118, 0, 9156, 0, 8793, 46285, 42686, 38121, 0, 12807, 0, 37791, 40188, 45424, 0, 46322, 31117, 32982, 27387, 44459],[28443, 17238, 0, 41045, 0, 0, 36159, 42682, 33726, 39992, 39307, 41442, 33069, 0, 0, 28158, 40743, 0, 0, 23821, 0, 37026, 16494, 34323, 29685, 0, 0, 41561, 38485, 0, 0, 40549, 35464, 23895, 0, 29181, 26531, 0, 0, 0, 42007, -1, 13095, 33483, 43616, 26534, 4524, 43548, 40368, 0, 0, 12612, 0, 38423, 0, 39894, 0, 0, 22469, 0, 0, 0, 0, 38583, 21651, 35548, 26069, 28748, 0, 28273, 36256, 43728, 0, 36212],[19138, 44119, 0, 39628, 0, 33975, 45804, 37432, 0, 13852, 0, 42726, 16962, 0, 32567, 0, 37517, 35883, 43599, 43634, 0, 0, 0, 33820, 0, 10056, 35356, 0, 0, 0, 6696, 34248, 42735, 4377, 14264, 8376, 46251, 0, 15436, 30862, 23999, 13095, -1, 37782, 16049, 16913, 11165, 7634, 0, 0, 33585, 32566, 0, 24817, 11700, 44428, 15827, 21364, 8873, 0, 0, 17469, 15426, 0, 28319, 0, 0, 24282, 40938, 0, 43303, 0, 20320, 31642],[0, 37753, 0, 0, 0, 35511, 11896, 44539, 0, 0, 0, 0, 0, 14078, 33858, 25856, 0, 0, 44959, 44533, 34350, 0, 23392, 42025, 37390, 37589, 39278, 18015, 44634, 43219, 43434, 0, 0, 36905, 44711, 0, 0, 32761, 38503, 36865, 39240, 33483, 37782, -1, 23064, 45474, 45737, 23539, 41177, 43341, 41434, 18616, 35682, 0, 19127, 40809, 17760, 43729, 0, 39697, 27421, 28548, 0, 19091, 22577, 0, 31200, 2202, 30151, 25512, 44755, 23415, 15246, 41997],[21677, 34782, 43904, 40710, 0, 32869, 0, 0, 0, 0, 39087, 27704, 13522, 44681, 0, 0, 6805, 0, 25762, 34472, 42584, 0, 45276, 0, 45364, 37257, 21064, 46114, 37697, 40834, 0, 24411, 0, 0, 0, 20367, 41894, 21264, 31998, 43206, 46271, 43616, 16049, 23064, -1, 32894, 0, 0, 15489, 18175, 11880, 30396, 26291, 0, 26254, 39047, 28865, 25014, 0, 34895, 20521, 32165, 22287, 0, 0, 45487, 38427, 0, 41518, 28166, 0, 39304, 8289, 21949],[42996, 42690, 28464, 0, 33690, 4907, 0, 0, 0, 36303, 44091, 0, 35590, 0, 27830, 37203, 0, 43254, 0, 18572, 0, 0, 25909, 34070, 30184, 38569, 27561, 33780, 45296, 39858, 30966, 0, 27204, 15082, 0, 0, 0, 0, 0, 11551, 15242, 26534, 16913, 45474, 32894, -1, 45309, 0, 19678, 10931, 39522, 19786, 0, 26200, 27608, 0, 44598, 18572, 0, 37769, 42841, 30937, 35351, 41212, 0, 31365, 17019, 43316, 15399, 0, 36254, 0, 0, 37858],[45314, 26042, 23849, 41324, 0, 38436, 0, 0, 31378, 32747, 23920, 35069, 0, 32764, 0, 18601, 39841, 10915, 0, 43494, 3277, 0, 41583, 46159, 0, 6382, 0, 0, 0, 35772, 44409, 0, 45227, 33852, 25481, 43047, 0, 4907, 0, 0, 45447, 4524, 11165, 45737, 0, 45309, -1, 19884, 25758, 0, 17188, 35337, 42184, 5310, 23222, 21959, 10606, 24193, 0, 17701, 28193, 29689, 7383, 0, 23369, 43730, 0, 45261, 27559, 20447, 0, 22866, 42065, 35340],[34742, 0, 28223, 0, 38505, 22133, 0, 0, 17073, 0, 44997, 0, 37490, 34822, 9254, 0, 0, 43544, 2600, 32775, 45750, 21918, 0, 0, 12827, 44830, 36978, 30841, 18873, 28188, 0, 34112, 0, 0, 3366, 16395, 46166, 0, 0, 16673, 0, 43548, 7634, 23539, 0, 0, 19884, -1, 0, 0, 38256, 0, 43622, 39342, 0, 19960, 24190, 32638, 0, 32429, 35755, 25626, 6278, 35909, 0, 41516, 28057, 37021, 6278, 6854, 26843, 43039, 0, 0],[44865, 40890, 0, 39417, 26699, 0, 31841, 26658, 0, 24527, 0, 32386, 39625, 0, 17544, 0, 28799, 0, 30322, 28656, 37590, 29890, 28587, 40596, 12548, 35484, 15291, 0, 0, 17696, 23983, 0, 0, 24467, 15120, 42133, 0, 0, 36641, 0, 0, 40368, 0, 41177, 15489, 19678, 25758, 0, -1, 22032, 41632, 40874, 45592, 39405, 0, 26859, 0, 42883, 31589, 0, 0, 46224, 40527, 40107, 22267, 29242, 42488, 0, 23159, 43058, 16719, 31091, 0, 20801],[0, 44985, 37930, 0, 22656, 45031, 0, 37342, 28266, 0, 27608, 26836, 39288, 45322, 0, 19509, 39008, 27913, 0, 0, 41433, 20302, 0, 32099, 0, 0, 0, 21214, 0, 37479, 22474, 0, 32606, 30688, 24813, 0, 0, 0, 16747, 0, 0, 0, 0, 43341, 18175, 10931, 0, 0, 22032, -1, 37451, 45939, 29396, 0, 0, 41173, 37084, 21563, 31976, 0, 29617, 14635, 35807, 31157, 31006, 31251, 19571, 29333, 45170, 0, 28788, 36628, 35579, 44008],[14184, 0, 27740, 45866, 0, 19432, 0, 0, 38428, 0, 10164, 41324, 26578, 36314, 0, 9153, 41322, 40482, 20516, 12104, 39923, 46051, 27184, 36303, 37915, 25894, 27926, 27298, 0, 0, 46169, 20421, 21902, 0, 39336, 43415, 30718, 29011, 0, 10366, 39588, 0, 33585, 41434, 11880, 39522, 17188, 38256, 41632, 37451, -1, 20113, 22475, 43451, 37205, 0, 46106, 0, 0, 0, 0, 18816, 39479, 23587, 0, 38693, 37823, 9014, 17166, 35893, 42756, 23373, 43933, 0],[33502, 28872, 4248, 25512, 32250, 15109, 27279, 0, 0, 44032, 31892, 10119, 40611, 15738, 41810, 35344, 27403, 42465, 0, 23056, 34217, 0, 41949, 0, 18135, 42419, 7809, 0, 35451, 23597, 26121, 28585, 29417, 0, 32707, 0, 0, 14076, 35639, 40392, 34361, 12612, 32566, 18616, 30396, 19786, 35337, 0, 40874, 45939, 20113, -1, 0, 32804, 0, 41329, 0, 0, 43223, 41559, 28845, 6502, 43414, 25004, 31650, 32419, 18806, 0, 37166, 36827, 0, 42268, 26092, 32800],[28396, 41864, 23370, 0, 0, 32712, 25922, 19353, 0, 24500, 44738, 0, 0, 22218, 0, 0, 0, 0, 0, 11913, 0, 0, 0, 38089, 0, 45294, 42827, 0, 0, 37909, 45240, 0, 33615, 0, 0, 0, 0, 0, 0, 27743, 43350, 0, 0, 35682, 26291, 0, 42184, 43622, 45592, 29396, 22475, 0, -1, 17567, 0, 0, 0, 25440, 46202, 0, 35889, 27227, 24695, 14181, 13774, 0, 32093, 27979, 14714, 21778, 0, 38552, 0, 33239],[22068, 16367, 41985, 45205, 33811, 26078, 0, 33000, 37415, 30169, 34848, 45225, 0, 35422, 0, 29669, 0, 0, 16888, 22578, 2090, 17386, 34476, 43360, 20271, 13893, 18667, 0, 11274, 0, 17986, 0, 8141, 0, 0, 22347, 45311, 27428, 0, 19657, 26074, 38423, 24817, 0, 0, 26200, 5310, 39342, 39405, 0, 43451, 32804, 17567, -1, 0, 0, 22745, 0, 0, 35092, 22034, 42616, 35776, 21642, 35935, 14659, 27685, 42149, 22495, 39236, 17665, 38598, 45603, 39295],[34265, 14718, 28531, 46098, 20215, 0, 45599, 0, 0, 32896, 44358, 32198, 26076, 13525, 0, 32617, 0, 20119, 41268, 35369, 43920, 9344, 0, 23925, 45262, 0, 34174, 0, 10757, 30904, 41436, 0, 17059, 36866, 42228, 0, 0, 17778, 0, 26955, 36118, 0, 11700, 19127, 26254, 27608, 23222, 0, 0, 0, 37205, 0, 0, 0, -1, 14108, 0, 44497, 33820, 42674, 0, 20457, 0, 14710, 0, 0, 35175, 37144, 0, 0, 0, 29395, 37085, 0],[40237, 41707, 17653, 40295, 18720, 8905, 44244, 43102, 0, 44892, 22540, 27817, 27442, 12407, 36425, 14055, 0, 0, 32652, 0, 32972, 17965, 20565, 0, 0, 22440, 16947, 30520, 45235, 30500, 0, 33274, 0, 0, 37458, 10314, 0, 41709, 30700, 0, 0, 39894, 44428, 40809, 39047, 0, 21959, 19960, 26859, 41173, 0, 41329, 0, 0, 14108, -1, 7024, 38333, 7791, 43477, 36415, 25794, 0, 35116, 11292, 0, 27035, 28534, 43808, 0, 36994, 36818, 0, 0],[31006, 0, 38498, 37670, 43981, 21437, 0, 0, 29156, 44943, 0, 0, 0, 23140, 0, 20258, 0, 0, 10606, 42130, 43058, 31990, 25884, 42461, 0, 28916, 13465, 42091, 0, 27641, 44520, 0, 0, 0, 38145, 33686, 26250, 35952, 41847, 8865, 9156, 0, 15827, 17760, 28865, 44598, 10606, 24190, 0, 37084, 46106, 0, 0, 22745, 0, 7024, -1, 30972, 25010, 0, 0, 30747, 0, 0, 0, 30892, 26855, 0, 0, 36891, 42271, 31665, 0, 36716],[42895, 11886, 27545, 39359, 0, 0, 0, 23338, 0, 19169, 0, 0, 0, 19200, 43435, 35322, 0, 0, 43587, 0, 28970, 31385, 40365, 20455, 32199, 34761, 23258, 20703, 0, 32610, 16537, 0, 42536, 40311, 28636, 0, 0, 0, 0, 26836, 0, 0, 21364, 43729, 25014, 18572, 24193, 32638, 42883, 21563, 0, 0, 25440, 0, 44497, 38333, 30972, -1, 8856, 24178, 0, 44557, 27727, 36351, 42840, 7127, 0, 45995, 32126, 0, 0, 0, 0, 20840],[14458, 38696, 40510, 23848, 16395, 0, 40573, 43022, 0, 38477, 33239, 0, 14679, 33569, 31416, 40790, 0, 41952, 29816, 0, 0, 37100, 19687, 33387, 7309, 0, 0, 0, 43976, 20483, 43518, 13186, 40608, 0, 22729, 31689, 30665, 0, 40649, 43765, 8793, 22469, 8873, 0, 0, 0, 0, 0, 31589, 31976, 0, 43223, 46202, 0, 33820, 7791, 25010, 8856, -1, 1253, 44233, 31307, 0, 17082, 0, 5851, 35956, 0, 0, 10806, 22671, 1412, 39182, 44468],[42280, 44503, 36299, 37129, 0, 43523, 0, 35844, 32216, 27024, 35852, 0, 0, 0, 15386, 42265, 0, 0, 0, 13194, 39671, 28176, 36657, 23370, 44177, 34506, 4014, 38150, 0, 44241, 0, 42235, 17981, 0, 29440, 22013, 0, 19302, 42003, 23801, 46285, 0, 0, 39697, 34895, 37769, 17701, 32429, 0, 0, 0, 41559, 0, 35092, 42674, 43477, 0, 24178, 1253, -1, 23006, 40127, 8911, 0, 0, 38089, 22676, 38005, 0, 0, 42031, 0, 26206, 11228],[0, 22248, 18458, 21461, 0, 0, 33531, 29441, 0, 0, 33084, 37948, 35016, 20221, 5274, 37829, 0, 2812, 18302, 40510, 40901, 0, 23036, 30361, 38326, 0, 27752, 0, 13128, 30552, 20388, 43658, 0, 33980, 0, 26659, 0, 27199, 32077, 30475, 42686, 0, 0, 27421, 20521, 42841, 28193, 35755, 0, 29617, 0, 28845, 35889, 22034, 0, 36415, 0, 0, 44233, 23006, -1, 5512, 35448, 34122, 0, 42509, 0, 0, 26340, 23460, 33047, 0, 41728, 28017],[26927, 39268, 16083, 43767, 32532, 37164, 0, 37313, 33014, 42472, 43158, 28352, 25034, 0, 42453, 0, 34027, 18504, 32644, 46194, 0, 22794, 29226, 34226, 0, 34496, 0, 8524, 29629, 40456, 32828, 0, 8972, 23372, 42803, 0, 31236, 38040, 0, 27704, 38121, 0, 17469, 28548, 32165, 30937, 29689, 25626, 46224, 14635, 18816, 6502, 27227, 42616, 20457, 25794, 30747, 44557, 31307, 40127, 5512, -1, 0, 0, 19954, 14040, 0, 41019, 0, 18334, 36703, 18047, 31261, 12481],[44443, 25047, 0, 0, 4861, 41461, 0, 42504, 12004, 0, 0, 35590, 29099, 0, 22509, 14781, 0, 33308, 42951, 46109, 33603, 0, 39183, 21493, 0, 38552, 29681, 20773, 0, 0, 0, 0, 25826, 0, 16890, 0, 33217, 33899, 0, 35956, 0, 0, 15426, 0, 22287, 35351, 7383, 6278, 40527, 35807, 39479, 43414, 24695, 35776, 0, 0, 0, 27727, 0, 8911, 35448, 0, -1, 43934, 18821, 35278, 41831, 41476, 40796, 34785, 39230, 24015, 17612, 28055],[16780, 0, 0, 42734, 30545, 36095, 41958, 39945, 36611, 9017, 33439, 0, 0, 31018, 0, 0, 32859, 0, 20455, 16988, 38621, 32712, 42238, 0, 25472, 40618, 0, 0, 0, 0, 0, 28097, 23381, 45731, 39508, 9011, 0, 37792, 4684, 0, 12807, 38583, 0, 19091, 0, 41212, 0, 35909, 40107, 31157, 23587, 25004, 14181, 21642, 14710, 35116, 0, 36351, 17082, 0, 34122, 0, 43934, -1, 0, 45565, 0, 27551, 23285, 33254, 0, 29983, 7817, 41834],[0, 0, 42228, 10348, 44537, 40728, 34476, 46305, 0, 23713, 21582, 16192, 0, 13221, 24165, 30102, 27400, 45493, 26695, 0, 34023, 35020, 30698, 43785, 20723, 24389, 36234, 4483, 28655, 0, 21426, 38578, 31007, 44933, 31631, 0, 25264, 0, 16296, 38363, 0, 21651, 28319, 22577, 0, 0, 23369, 0, 22267, 31006, 0, 31650, 13774, 35935, 0, 11292, 0, 42840, 0, 0, 0, 19954, 18821, 0, -1, 35679, 0, 20108, 36996, 42457, 41731, 0, 45935, 13916],[40629, 41170, 46002, 38981, 0, 38947, 32551, 0, 28623, 0, 23356, 0, 7520, 44166, 0, 3528, 9033, 18144, 0, 0, 38508, 0, 0, 0, 0, 42780, 41020, 42192, 32308, 31343, 45044, 18678, 0, 14516, 0, 42002, 16939, 30092, 39899, 39314, 37791, 35548, 0, 0, 45487, 31365, 43730, 41516, 29242, 31251, 38693, 32419, 0, 14659, 0, 0, 30892, 7127, 5851, 38089, 42509, 14040, 35278, 45565, 35679, -1, 31005, 0, 37771, 0, 38550, 20858, 0, 30163],[42143, 13985, 40631, 0, 0, 19826, 40165, 43286, 0, 0, 32250, 37037, 36176, 33852, 45340, 39301, 31081, 0, 14792, 35694, 41702, 0, 40630, 29415, 33485, 25414, 0, 37311, 0, 35042, 0, 19661, 28184, 44013, 0, 37502, 0, 23957, 20468, 40256, 40188, 26069, 0, 31200, 38427, 17019, 0, 28057, 42488, 19571, 37823, 18806, 32093, 27685, 35175, 27035, 26855, 0, 35956, 22676, 0, 0, 41831, 0, 0, 31005, -1, 21922, 0, 36707, 42988, 0, 0, 13596],[24370, 41803, 0, 0, 18717, 38555, 13491, 42947, 35331, 39835, 36060, 29221, 12608, 33112, 0, 39500, 32695, 0, 0, 20394, 37045, 0, 39011, 0, 0, 41526, 0, 17220, 30682, 0, 39017, 0, 42421, 34257, 44712, 32147, 8750, 0, 25232, 39142, 45424, 28748, 24282, 2202, 0, 43316, 45261, 37021, 0, 29333, 9014, 0, 27979, 42149, 37144, 28534, 0, 45995, 0, 38005, 0, 41019, 41476, 27551, 20108, 0, 21922, -1, 0, 29240, 38258, 0, 0, 15380],[0, 0, 0, 24619, 33701, 7310, 29328, 35855, 24732, 0, 10627, 23401, 0, 23202, 0, 20513, 0, 3862, 15617, 44952, 39076, 12578, 0, 0, 0, 9937, 0, 0, 33767, 39070, 44463, 0, 38916, 45167, 42646, 24534, 25997, 0, 0, 28669, 0, 0, 40938, 30151, 41518, 15399, 27559, 6278, 23159, 45170, 17166, 37166, 14714, 22495, 0, 43808, 0, 32126, 0, 0, 26340, 0, 40796, 23285, 36996, 37771, 0, 0, -1, 16139, 39599, 0, 0, 0],[45644, 0, 0, 0, 37151, 22194, 19784, 30655, 0, 0, 0, 0, 0, 41933, 43405, 45417, 0, 0, 28101, 23156, 0, 30554, 0, 29328, 31591, 33761, 40344, 0, 0, 27512, 25900, 45381, 41707, 45023, 22623, 19862, 19633, 40541, 45130, 35754, 46322, 28273, 0, 25512, 28166, 0, 20447, 6854, 43058, 0, 35893, 36827, 21778, 39236, 0, 0, 36891, 0, 10806, 0, 23460, 18334, 34785, 33254, 42457, 0, 36707, 29240, 16139, -1, 0, 0, 13708, 23187],[24067, 1969, 44209, 42084, 0, 22609, 0, 0, 0, 35220, 37796, 39922, 0, 46191, 0, 31684, 0, 9533, 39347, 14124, 0, 41398, 16212, 0, 0, 20960, 18222, 22495, 22552, 30343, 40388, 39961, 43642, 30053, 0, 0, 0, 31625, 40062, 20750, 31117, 36256, 43303, 44755, 0, 36254, 0, 26843, 16719, 28788, 42756, 0, 0, 17665, 0, 36994, 42271, 0, 22671, 42031, 33047, 36703, 39230, 0, 41731, 38550, 42988, 38258, 39599, 0, -1, 42462, 36178, 10799],[31710, 42893, 30312, 0, 0, 0, 0, 41279, 0, 41962, 44908, 0, 34642, 0, 14023, 0, 8125, 44110, 0, 0, 18608, 0, 4850, 38125, 7385, 38424, 37588, 28098, 0, 40585, 0, 28900, 42898, 0, 10572, 43358, 42670, 39746, 0, 0, 32982, 43728, 0, 23415, 39304, 0, 22866, 43039, 31091, 36628, 23373, 42268, 38552, 38598, 29395, 36818, 31665, 0, 1412, 0, 0, 18047, 24015, 29983, 0, 20858, 0, 0, 0, 0, 42462, -1, 0, 41532],[39155, 39733, 32818, 39254, 21051, 44267, 0, 26562, 35336, 0, 0, 39021, 32429, 45052, 33051, 0, 40087, 46078, 30695, 0, 0, 17680, 18352, 31366, 0, 30697, 34592, 8000, 33523, 0, 10149, 43775, 0, 30870, 25108, 32992, 15525, 0, 0, 25524, 27387, 0, 20320, 15246, 8289, 0, 42065, 0, 0, 35579, 43933, 26092, 0, 45603, 37085, 0, 0, 0, 39182, 26206, 41728, 31261, 17612, 7817, 45935, 0, 0, 0, 0, 13708, 36178, 0, -1, 25754],[0, 46148, 0, 16670, 37524, 42764, 0, 0, 0, 39778, 0, 34971, 23209, 15669, 0, 46139, 36951, 0, 34869, 40349, 35524, 23337, 44456, 0, 0, 33634, 43743, 43412, 0, 17785, 41144, 0, 35568, 22978, 0, 44426, 23803, 16952, 45676, 31004, 44459, 36212, 31642, 41997, 21949, 37858, 35340, 0, 20801, 44008, 0, 32800, 33239, 39295, 0, 0, 36716, 20840, 44468, 11228, 28017, 12481, 28055, 41834, 13916, 30163, 13596, 15380, 0, 23187, 10799, 41532, 25754, -1]]