41
[[-1, 42600, 26168, 26970, 13079, 36301, 0, 39546, 27753, 0, 45613, 0, 25336, 19917, 21294, 43753, 0, 18452, 26357, 0, 44164, 40480, 40007, 33226, 0, 0, 21867, 44698, 44737, 23458, 0, 41488, 0, 7595, 29970, 0, 37458, 39136, 0, 0, 37381],[42600, -1, 36931, 36479, 11218, 0, 0, 35754, 0, 28565, 34674, 41459, 0, 0, 23591, 34792, 0, 35885, 27416, 0, 0, 41928, 26803, 42619, 0, 30799, 30213, 23140, 44734, 14430, 0, 32214, 28043, 0, 0, 7133, 24008, 42051, 0, 38668, 39207],[26168, 36931, -1, 40534, 39654, 30721, 21745, 0, 38768, 0, 29909, 30837, 0, 0, 37061, 8922, 43087, 0, 41527, 0, 32331, 39025, 0, 0, 34151, 0, 0, 0, 41747, 41131, 0, 41990, 45413, 0, 29475, 44871, 0, 0, 41370, 0, 0],[26970, 36479, 40534, -1, 39529, 0, 0, 0, 11111, 8340, 0, 33022, 0, 41453, 34903, 0, 0, 0, 37460, 42795, 34698, 0, 30291, 28404, 45947, 23385, 0, 44455, 34607, 0, 16960, 0, 0, 0, 0, 23532, 28588, 23080, 46135, 12105, 25428],[13079, 11218, 39654, 39529, -1, 0, 22114, 35260, 0, 30248, 0, 19764, 0, 0, 0, 40964, 39261, 41322, 0, 0, 0, 16297, 0, 15121, 0, 24618, 0, 40345, 22870, 38200, 0, 42808, 44757, 0, 0, 0, 11679, 0, 3305, 40376, 4920],[36301, 0, 30721, 0, 0, -1, 39408, 41831, 36571, 13403, 44644, 45270, 41023, 0, 22271, 41106, 16253, 46208, 37982, 33512, 43955, 34819, 29507, 0, 43220, 0, 0, 0, 33381, 0, 7403, 0, 0, 24099, 16038, 41776, 45577, 19304, 0, 12537, 28344],[0, 0, 21745, 0, 22114, 39408, -1, 0, 14290, 0, 45987, 8171, 29739, 0, 0, 37954, 37863, 35881, 0, 24447, 0, 44471, 0, 30019, 43357, 0, 31998, 37991, 45337, 0, 44939, 25063, 39441, 25698, 42834, 28766, 46102, 29278, 37957, 22668, 41403],[39546, 35754, 0, 0, 35260, 41831, 0, -1, 37250, 0, 26761, 32564, 8230, 33412, 27345, 21718, 32379, 30404, 28241, 45038, 0, 34504, 35509, 41746, 38155, 39167, 6847, 17426, 17027, 43845, 44158, 0, 36171, 39866, 31902, 43122, 0, 0, 43127, 0, 31768],[27753, 0, 38768, 11111, 0, 36571, 14290, 37250, -1, 10533, 0, 22551, 40534, 30918, 32856, 0, 0, 38589, 33846, 35495, 0, 36412, 0, 18507, 28610, 0, 34120, 41698, 13246, 43684, 0, 0, 0, 22328, 27273, 0, 0, 27605, 45736, 38719, 0],[0, 28565, 0, 8340, 30248, 13403, 0, 0, 10533, -1, 37192, 28172, 29739, 41247, 26202, 0, 0, 31649, 0, 0, 22697, 41059, 37540, 0, 21531, 41947, 0, 36522, 33374, 0, 2064, 0, 40285, 29995, 0, 31086, 17823, 33768, 42597, 40871, 42466],[45613, 34674, 29909, 0, 0, 44644, 45987, 26761, 0, 37192, -1, 25350, 36428, 45965, 34943, 0, 44950, 45204, 0, 0, 22669, 15748, 0, 10454, 0, 31641, 0, 26489, 0, 19395, 28601, 0, 0, 0, 0, 40041, 0, 19052, 0, 0, 0],[0, 41459, 30837, 33022, 19764, 45270, 8171, 32564, 22551, 28172, 25350, -1, 35253, 25700, 0, 0, 0, 35598, 24140, 36980, 0, 35990, 8062, 33947, 0, 20434, 14668, 39370, 0, 39352, 41970, 0, 0, 0, 0, 0, 19641, 43030, 0, 44902, 14002],[25336, 0, 0, 0, 0, 41023, 29739, 8230, 40534, 29739, 36428, 35253, -1, 10185, 41952, 37323, 30321, 36061, 0, 17005, 37653, 0, 0, 0, 34106, 34670, 46201, 39309, 0, 35204, 0, 0, 0, 34605, 45401, 6511, 36630, 22616, 27047, 0, 34136],[19917, 0, 0, 41453, 0, 0, 0, 33412, 30918, 41247, 45965, 25700, 10185, -1, 0, 27996, 0, 25383, 43824, 19607, 18142, 10072, 44247, 0, 30904, 0, 43273, 37229, 25667, 0, 30700, 0, 43892, 37968, 26421, 0, 45292, 41638, 26323, 43162, 46063],[21294, 23591, 37061, 34903, 0, 22271, 0, 27345, 32856, 26202, 34943, 0, 41952, 0, -1, 36798, 40432, 0, 41194, 28705, 2437, 0, 39948, 35270, 20823, 0, 43719, 0, 17987, 21130, 16191, 32413, 35053, 44387, 0, 38810, 36753, 32845, 42499, 44204, 33108],[43753, 34792, 8922, 0, 40964, 41106, 37954, 21718, 0, 0, 0, 0, 37323, 27996, 36798, -1, 33827, 44455, 0, 0, 36535, 11737, 0, 18206, 41356, 0, 42624, 0, 0, 24241, 16147, 0, 42854, 44500, 44343, 10244, 43021, 0, 20467, 36491, 0],[0, 0, 43087, 0, 39261, 16253, 37863, 32379, 0, 0, 44950, 0, 30321, 0, 40432, 33827, -1, 43423, 0, 16887, 0, 0, 0, 34602, 0, 35310, 36926, 0, 20910, 30981, 0, 0, 40223, 20237, 27456, 43208, 0, 0, 0, 0, 35963],[18452, 35885, 0, 0, 41322, 46208, 35881, 30404, 38589, 31649, 45204, 35598, 36061, 25383, 0, 44455, 43423, -1, 22989, 22422, 26541, 26272, 5855, 40977, 36011, 0, 45516, 22043, 41606, 23432, 10003, 0, 18028, 29896, 42113, 13160, 6858, 43534, 45356, 0, 20298],[26357, 27416, 41527, 37460, 0, 37982, 0, 28241, 33846, 0, 0, 24140, 0, 43824, 41194, 0, 0, 22989, -1, 45205, 6146, 29643, 0, 46306, 20007, 22057, 29164, 0, 0, 40329, 37311, 43741, 0, 0, 0, 22501, 0, 0, 0, 0, 7663],[0, 0, 0, 42795, 0, 33512, 24447, 45038, 35495, 0, 0, 36980, 17005, 19607, 28705, 0, 16887, 22422, 45205, -1, 10650, 41491, 28028, 0, 18077, 44892, 23130, 0, 0, 0, 6048, 27855, 20076, 36977, 0, 39784, 38062, 0, 0, 0, 0],[44164, 0, 32331, 34698, 0, 43955, 0, 0, 0, 22697, 22669, 0, 37653, 18142, 2437, 36535, 0, 26541, 6146, 10650, -1, 0, 0, 34375, 0, 24888, 17387, 42986, 0, 24085, 18723, 27256, 11428, 0, 0, 10789, 0, 39070, 0, 0, 36891],[40480, 41928, 39025, 0, 16297, 34819, 44471, 34504, 36412, 41059, 15748, 35990, 0, 10072, 0, 11737, 0, 26272, 29643, 41491, 0, -1, 6745, 38155, 0, 0, 21400, 35797, 0, 0, 0, 10964, 0, 33347, 32722, 0, 32838, 19923, 31955, 10775, 0],[40007, 26803, 0, 30291, 0, 29507, 0, 35509, 0, 37540, 0, 8062, 0, 44247, 39948, 0, 0, 5855, 0, 28028, 0, 6745, -1, 0, 32646, 42237, 28050, 32078, 0, 44368, 40247, 15593, 0, 46018, 0, 44660, 41042, 37548, 32123, 44591, 39859],[33226, 42619, 0, 28404, 15121, 0, 30019, 41746, 18507, 0, 10454, 33947, 0, 0, 35270, 18206, 34602, 40977, 46306, 0, 34375, 38155, 0, -1, 46074, 20883, 34661, 33565, 24663, 46059, 46265, 43852, 36743, 46016, 0, 34383, 7520, 0, 35121, 21522, 14398],[0, 0, 34151, 45947, 0, 43220, 43357, 38155, 28610, 21531, 0, 0, 34106, 30904, 20823, 41356, 0, 36011, 20007, 18077, 0, 0, 32646, 46074, -1, 41160, 0, 27962, 0, 0, 45448, 40633, 43252, 35314, 32575, 19893, 0, 9549, 31879, 27811, 40138],[0, 30799, 0, 23385, 24618, 0, 0, 39167, 0, 41947, 31641, 20434, 34670, 0, 0, 0, 35310, 0, 22057, 44892, 24888, 0, 42237, 20883, 41160, -1, 39687, 0, 27887, 0, 0, 0, 0, 16949, 0, 39305, 17944, 40783, 0, 26483, 0],[21867, 30213, 0, 0, 0, 0, 31998, 6847, 34120, 0, 0, 14668, 46201, 43273, 43719, 42624, 36926, 45516, 29164, 23130, 17387, 21400, 28050, 34661, 0, 39687, -1, 0, 11919, 41286, 23381, 0, 26645, 10627, 31318, 31145, 0, 0, 14508, 15201, 35936],[44698, 23140, 0, 44455, 40345, 0, 37991, 17426, 41698, 36522, 26489, 39370, 39309, 37229, 0, 0, 0, 22043, 0, 0, 42986, 35797, 32078, 33565, 27962, 0, 0, -1, 14881, 40618, 19465, 0, 35772, 0, 0, 0, 0, 9011, 42445, 0, 42236],[44737, 44734, 41747, 34607, 22870, 33381, 45337, 17027, 13246, 33374, 0, 0, 0, 25667, 17987, 0, 20910, 41606, 0, 0, 0, 0, 0, 24663, 0, 27887, 11919, 14881, -1, 0, 0, 30117, 32401, 20959, 41236, 43139, 36260, 0, 0, 41322, 43561],[23458, 14430, 41131, 0, 38200, 0, 0, 43845, 43684, 0, 19395, 39352, 35204, 0, 21130, 24241, 30981, 23432, 40329, 0, 24085, 0, 44368, 46059, 0, 0, 41286, 40618, 0, -1, 10853, 26939, 15138, 31889, 0, 10297, 27513, 30958, 40007, 16722, 0],[0, 0, 0, 16960, 0, 7403, 44939, 44158, 0, 2064, 28601, 41970, 0, 30700, 16191, 16147, 0, 10003, 37311, 6048, 18723, 0, 40247, 46265, 45448, 0, 23381, 19465, 0, 10853, -1, 46338, 30457, 0, 36534, 0, 43936, 0, 0, 0, 25423],[41488, 32214, 41990, 0, 42808, 0, 25063, 0, 0, 0, 0, 0, 0, 0, 32413, 0, 0, 0, 43741, 27855, 27256, 10964, 15593, 43852, 40633, 0, 0, 0, 30117, 26939, 46338, -1, 31520, 21612, 6822, 18781, 34146, 0, 25744, 0, 0],[0, 28043, 45413, 0, 44757, 0, 39441, 36171, 0, 40285, 0, 0, 0, 43892, 35053, 42854, 40223, 18028, 0, 20076, 11428, 0, 0, 36743, 43252, 0, 26645, 35772, 32401, 15138, 30457, 31520, -1, 35326, 24645, 0, 0, 2813, 26604, 45247, 30823],[7595, 0, 0, 0, 0, 24099, 25698, 39866, 22328, 29995, 0, 0, 34605, 37968, 44387, 44500, 20237, 29896, 0, 36977, 0, 33347, 46018, 46016, 35314, 16949, 10627, 0, 20959, 31889, 0, 21612, 35326, -1, 30872, 0, 39043, 0, 0, 0, 28813],[29970, 0, 29475, 0, 0, 16038, 42834, 31902, 27273, 0, 0, 0, 45401, 26421, 0, 44343, 27456, 42113, 0, 0, 0, 32722, 0, 0, 32575, 0, 31318, 0, 41236, 0, 36534, 6822, 24645, 30872, -1, 14651, 0, 40980, 0, 25354, 0],[0, 7133, 44871, 23532, 0, 41776, 28766, 43122, 0, 31086, 40041, 0, 6511, 0, 38810, 10244, 43208, 13160, 22501, 39784, 10789, 0, 44660, 34383, 19893, 39305, 31145, 0, 43139, 10297, 0, 18781, 0, 0, 14651, -1, 0, 0, 0, 26745, 45494],[37458, 24008, 0, 28588, 11679, 45577, 46102, 0, 0, 17823, 0, 19641, 36630, 45292, 36753, 43021, 0, 6858, 0, 38062, 0, 32838, 41042, 7520, 0, 17944, 0, 0, 36260, 27513, 43936, 34146, 0, 39043, 0, 0, -1, 0, 0, 0, 0],[39136, 42051, 0, 23080, 0, 19304, 29278, 0, 27605, 33768, 19052, 43030, 22616, 41638, 32845, 0, 0, 43534, 0, 0, 39070, 19923, 37548, 0, 9549, 40783, 0, 9011, 0, 30958, 0, 0, 2813, 0, 40980, 0, 0, -1, 45499, 42399, 0],[0, 0, 41370, 46135, 3305, 0, 37957, 43127, 45736, 42597, 0, 0, 27047, 26323, 42499, 20467, 0, 45356, 0, 0, 0, 31955, 32123, 35121, 31879, 0, 14508, 42445, 0, 40007, 0, 25744, 26604, 0, 0, 0, 0, 45499, -1, 42205, 34929],[0, 38668, 0, 12105, 40376, 12537, 22668, 0, 38719, 40871, 0, 44902, 0, 43162, 44204, 36491, 0, 0, 0, 0, 0, 10775, 44591, 21522, 27811, 26483, 15201, 0, 41322, 16722, 0, 0, 45247, 0, 25354, 26745, 0, 42399, 42205, -1, 25825],[37381, 39207, 0, 25428, 4920, 28344, 41403, 31768, 0, 42466, 0, 14002, 34136, 46063, 33108, 0, 35963, 20298, 7663, 0, 36891, 0, 39859, 14398, 40138, 0, 35936, 42236, 43561, 0, 25423, 0, 30823, 28813, 0, 45494, 0, 0, 34929, 25825, -1]]