81
[[-1, 24188, 30640, 0, 25477, 42598, 30623, 0, 0, 37996, 18952, 23553, 0, 16031, 0, 26430, 0, 0, 0, 14452, 29190, 0, 0, 0, 35654, 35961, 0, 0, 42419, 43394, 0, 40556, 0, 26294, 0, 34220, 13972, 0, 0, 22179, 31574, 22631, 38393, 0, 40605, 0, 42297, 19443, 40288, 0, 0, 44162, 0, 0, 0, 44620, 0, 0, 37953, 0, 0, 11972, 34367, 6332, 0, 41031, 7715, 41043, 33822, 0, 36326, 11312, 33961, 0, 34922, 35923, 10044, 0, 35977, 34069, 0],[24188, -1, 0, 0, 0, 27905, 33747, 42042, 26288, 0, 42362, 27613, 24663, 45021, 45254, 38343, 28476, 0, 19509, 0, 42303, 38946, 0, 41302, 29932, 15643, 23051, 0, 0, 0, 0, 0, 42413, 29699, 0, 0, 0, 38832, 28163, 41709, 44615, 0, 0, 37002, 30807, 40623, 17739, 0, 25021, 30734, 0, 26645, 0, 33726, 33437, 41747, 39435, 18004, 39507, 43275, 0, 28646, 0, 0, 32253, 0, 20241, 41716, 0, 38063, 38037, 37233, 45628, 19480, 0, 37624, 25832, 43562, 6428, 0, 0],[30640, 0, -1, 37786, 11633, 44845, 0, 30539, 20494, 0, 0, 41699, 34900, 41330, 43340, 39644, 0, 38647, 39533, 0, 40348, 36473, 26632, 0, 0, 27109, 0, 0, 0, 0, 0, 0, 37160, 13541, 5515, 45115, 24027, 17327, 24657, 28665, 9019, 0, 0, 0, 0, 35574, 45475, 18054, 28714, 41359, 0, 0, 43202, 38831, 13110, 16242, 37480, 15568, 25857, 30811, 27699, 44409, 20582, 35347, 42771, 0, 38746, 0, 0, 0, 25392, 37238, 0, 0, 23430, 41850, 36043, 38232, 0, 36765, 0],[0, 0, 37786, -1, 0, 0, 33250, 8773, 0, 40254, 0, 24304, 20887, 28815, 0, 0, 31222, 0, 6183, 17953, 28294, 0, 45825, 0, 33299, 13886, 33314, 0, 0, 39658, 41543, 41160, 43648, 14853, 27745, 24646, 16269, 0, 23341, 36207, 36026, 0, 29867, 0, 41109, 0, 0, 0, 0, 29914, 22982, 34464, 23509, 0, 29449, 22165, 33242, 0, 22593, 0, 0, 0, 25405, 38489, 29545, 33555, 43046, 42831, 0, 24326, 16629, 19199, 34976, 0, 39521, 29781, 20550, 34361, 0, 39591, 37751],[25477, 0, 11633, 0, -1, 0, 0, 16176, 0, 0, 0, 39590, 25225, 0, 0, 0, 0, 0, 33133, 0, 0, 36482, 24350, 0, 18133, 36637, 29640, 38298, 37737, 23550, 42642, 35442, 37557, 20094, 37988, 37428, 0, 36247, 24050, 43187, 0, 44501, 45982, 0, 27966, 41202, 26336, 42672, 24851, 31169, 0, 0, 22693, 0, 45715, 0, 0, 34764, 0, 0, 21312, 0, 0, 0, 42376, 0, 42697, 35277, 32183, 39816, 0, 32470, 36005, 0, 23276, 24141, 37526, 26400, 0, 38430, 37561],[42598, 27905, 44845, 0, 0, -1, 29973, 42734, 0, 0, 23287, 37360, 0, 20620, 27458, 32313, 8941, 41458, 45099, 24247, 19470, 0, 33853, 37963, 18297, 42295, 13059, 38055, 28707, 16856, 0, 0, 42411, 41852, 0, 34458, 21179, 20121, 0, 24695, 40588, 0, 45900, 0, 41177, 44761, 35140, 34541, 17376, 37877, 27157, 0, 37281, 17321, 31690, 26978, 24594, 26249, 10458, 37938, 45398, 5949, 0, 36316, 22508, 43361, 10049, 0, 39494, 32587, 0, 0, 42094, 36537, 0, 19750, 45452, 21735, 44425, 0, 17331],[30623, 33747, 0, 33250, 0, 29973, -1, 28112, 40611, 0, 0, 32874, 10532, 32846, 16689, 45727, 5573, 24289, 10022, 45351, 37330, 21362, 36579, 4007, 11252, 42470, 0, 37081, 0, 0, 33458, 29066, 32261, 31772, 12956, 43976, 44162, 0, 36528, 6780, 45458, 38867, 29011, 21043, 29480, 43794, 38850, 27994, 24093, 0, 0, 16747, 26093, 25043, 0, 35092, 40028, 36240, 24097, 0, 26021, 28691, 28725, 29798, 27675, 26574, 43973, 21010, 0, 22229, 26278, 26170, 0, 39609, 0, 0, 0, 41749, 10494, 0, 39804],[0, 42042, 30539, 8773, 16176, 42734, 28112, -1, 0, 35023, 0, 0, 28466, 0, 0, 14357, 27440, 42194, 0, 0, 39268, 30033, 35456, 0, 40469, 7239, 0, 24177, 0, 35429, 39042, 0, 46037, 33984, 0, 20818, 0, 20707, 23240, 28809, 36652, 0, 0, 45934, 0, 16891, 46284, 0, 42774, 0, 40263, 0, 0, 10842, 40055, 18294, 0, 0, 0, 0, 24517, 43940, 42778, 12108, 0, 23908, 0, 40511, 0, 0, 0, 33586, 0, 20396, 0, 33405, 30224, 37713, 35335, 41930, 40132],[0, 26288, 20494, 0, 0, 0, 40611, 0, -1, 25520, 37858, 44436, 34773, 35580, 32423, 0, 9001, 0, 44954, 0, 30201, 37101, 31952, 0, 38400, 44667, 18053, 0, 24204, 0, 0, 0, 0, 0, 0, 0, 37635, 0, 20423, 42905, 15290, 35804, 0, 45678, 33423, 0, 0, 42812, 39610, 0, 0, 30297, 21688, 43660, 0, 0, 0, 39056, 0, 28374, 25604, 0, 0, 5877, 31456, 33473, 0, 42448, 0, 32503, 26369, 0, 19862, 9885, 0, 25553, 33599, 44520, 37792, 18286, 35635],[37996, 0, 0, 40254, 0, 0, 0, 35023, 25520, -1, 0, 44437, 29192, 33490, 0, 0, 35863, 0, 14180, 40137, 15493, 30794, 31982, 44055, 42220, 18614, 0, 29195, 0, 24881, 32321, 15844, 39131, 39158, 0, 10607, 13106, 38911, 43704, 32793, 0, 0, 22665, 0, 30843, 22431, 26715, 0, 42285, 31721, 0, 26290, 0, 0, 0, 0, 35191, 8809, 45044, 34741, 41985, 43487, 0, 4236, 0, 39615, 0, 41535, 0, 0, 29518, 35535, 0, 43289, 33606, 42303, 41032, 0, 0, 24786, 33364],[18952, 42362, 0, 0, 0, 23287, 0, 0, 37858, 0, -1, 25520, 0, 0, 0, 23814, 10037, 25838, 38476, 0, 40406, 39508, 44994, 35948, 44779, 0, 45841, 37911, 0, 44424, 29352, 5837, 42872, 0, 28247, 0, 0, 28029, 31254, 0, 43817, 19495, 0, 39984, 0, 0, 0, 0, 44732, 23866, 0, 0, 0, 10343, 44259, 43995, 0, 22211, 0, 45445, 0, 0, 28002, 0, 12895, 39498, 28850, 24028, 0, 29454, 0, 0, 9731, 41783, 15289, 45446, 37581, 45852, 23645, 44768, 44122],[23553, 27613, 41699, 24304, 39590, 37360, 32874, 0, 44436, 44437, 25520, -1, 41620, 40729, 33091, 0, 46230, 0, 44617, 29601, 34177, 35252, 0, 30103, 0, 37863, 28154, 0, 37720, 33378, 36438, 0, 0, 0, 31115, 23037, 14211, 0, 30680, 38632, 0, 42227, 27103, 0, 30341, 17418, 15858, 45656, 0, 12720, 43124, 34290, 30918, 0, 23274, 0, 0, 37020, 37524, 0, 42857, 19665, 43355, 37774, 0, 7974, 0, 0, 0, 33304, 0, 0, 23561, 42834, 25330, 33721, 41737, 0, 0, 45381, 37579],[0, 24663, 34900, 20887, 25225, 0, 10532, 28466, 34773, 29192, 0, 41620, -1, 0, 11734, 45022, 46017, 38925, 0, 0, 0, 25938, 45744, 20220, 0, 0, 35394, 32270, 31746, 15220, 34822, 0, 43450, 44681, 29450, 23606, 37531, 30727, 20051, 39638, 9144, 30105, 24715, 44781, 17641, 23950, 0, 0, 24469, 37216, 19988, 21378, 0, 30279, 27156, 0, 38985, 38426, 26876, 19579, 40233, 46155, 30112, 46245, 38767, 15945, 35399, 26920, 43187, 30565, 0, 0, 0, 17404, 0, 38093, 0, 0, 45205, 0, 24308],[16031, 45021, 41330, 28815, 0, 20620, 32846, 0, 35580, 33490, 0, 40729, 0, -1, 40660, 13414, 0, 0, 0, 0, 37703, 45164, 0, 44821, 0, 0, 26347, 0, 35293, 32516, 27789, 37692, 0, 40629, 0, 0, 34113, 23861, 38156, 16226, 43150, 44749, 35265, 0, 35861, 7738, 0, 37734, 43258, 0, 15259, 0, 0, 32205, 0, 31741, 25957, 26008, 26149, 0, 19825, 30273, 40976, 37551, 40978, 0, 0, 0, 0, 32592, 44979, 46190, 38959, 0, 36221, 19944, 0, 14336, 11512, 39320, 45616],[0, 45254, 43340, 0, 0, 27458, 16689, 0, 32423, 0, 0, 33091, 11734, 40660, -1, 24141, 38585, 22367, 22666, 0, 0, 0, 39552, 40344, 0, 26886, 15547, 12877, 0, 38258, 0, 0, 0, 41762, 39785, 0, 43764, 32277, 41339, 30317, 45613, 31736, 38527, 14899, 0, 19222, 40646, 34332, 30488, 0, 46187, 41118, 30150, 40853, 35815, 25478, 35113, 28305, 35187, 39406, 0, 34636, 40397, 3897, 44676, 25205, 16757, 35296, 36852, 43736, 21924, 0, 25141, 31103, 26699, 35323, 35592, 0, 38073, 30187, 0],[26430, 38343, 39644, 0, 0, 32313, 45727, 14357, 0, 0, 23814, 0, 45022, 13414, 24141, -1, 17835, 42619, 0, 32408, 42897, 28089, 41005, 37758, 44793, 38727, 38711, 10918, 0, 0, 27757, 40584, 43249, 24646, 25863, 42294, 29378, 18554, 0, 33321, 22397, 39494, 0, 32713, 0, 0, 9277, 30969, 0, 0, 0, 43299, 0, 31581, 43353, 30081, 25966, 0, 45089, 39057, 42434, 11730, 16215, 0, 0, 0, 0, 0, 0, 0, 0, 0, 36473, 2964, 44760, 39585, 0, 34403, 0, 38416, 42504],[0, 28476, 0, 31222, 0, 8941, 5573, 27440, 9001, 35863, 10037, 46230, 46017, 0, 38585, 17835, -1, 0, 0, 34169, 20347, 0, 36538, 21092, 36414, 32171, 0, 0, 27116, 22132, 29233, 31852, 0, 0, 0, 0, 25294, 40043, 0, 29782, 0, 18859, 5639, 45830, 30225, 22280, 30652, 0, 41587, 0, 0, 31863, 0, 29660, 0, 0, 23850, 31556, 15336, 0, 35530, 0, 43142, 0, 0, 0, 31721, 17067, 32363, 29684, 41307, 37057, 15985, 0, 0, 39305, 0, 13444, 28553, 31033, 31493],[0, 0, 38647, 0, 0, 41458, 24289, 42194, 0, 0, 25838, 0, 38925, 0, 22367, 42619, 0, -1, 10194, 42589, 33474, 0, 41915, 0, 35681, 25380, 16078, 7972, 0, 0, 0, 40115, 36428, 27512, 0, 18098, 0, 33800, 31715, 0, 27065, 0, 44785, 33245, 29260, 8678, 32833, 45243, 35552, 36597, 43618, 12445, 37846, 25098, 0, 22513, 25545, 0, 0, 40150, 40340, 32500, 22346, 33939, 0, 25596, 44931, 41411, 9410, 0, 17884, 0, 0, 0, 38005, 32259, 21411, 0, 0, 42605, 23486],[0, 19509, 39533, 6183, 33133, 45099, 10022, 0, 44954, 14180, 38476, 44617, 0, 0, 22666, 0, 0, 10194, -1, 43776, 34954, 15812, 40824, 22190, 23871, 22209, 27085, 32392, 28973, 27594, 11015, 23482, 36255, 20577, 0, 0, 0, 41885, 0, 34013, 40811, 33479, 44399, 31719, 8677, 0, 41528, 0, 35996, 34945, 14097, 0, 32853, 41501, 38678, 0, 0, 42545, 32882, 0, 42799, 33011, 38216, 39035, 0, 27306, 39807, 0, 33183, 37607, 0, 23988, 0, 37312, 29278, 0, 0, 0, 36470, 42423, 28638],[14452, 0, 0, 17953, 0, 24247, 45351, 0, 0, 40137, 0, 29601, 0, 0, 0, 32408, 34169, 42589, 43776, -1, 0, 0, 24669, 0, 0, 0, 0, 0, 37931, 8189, 32605, 42156, 0, 37414, 31375, 0, 35676, 29479, 21330, 41278, 45876, 0, 37909, 18206, 23504, 32592, 41338, 42867, 0, 0, 31952, 29522, 43273, 0, 22017, 26614, 36723, 36570, 15929, 24424, 27960, 0, 43790, 38287, 7765, 23291, 21822, 21395, 0, 36736, 0, 0, 43424, 40816, 16638, 0, 23587, 24851, 36587, 33210, 26234],[29190, 42303, 40348, 28294, 0, 19470, 37330, 39268, 30201, 15493, 40406, 34177, 0, 37703, 0, 42897, 20347, 33474, 34954, 0, -1, 42772, 0, 0, 0, 45418, 1496, 36924, 29555, 14859, 0, 23311, 0, 40706, 14171, 0, 0, 0, 37153, 39590, 9744, 0, 0, 34384, 0, 0, 36772, 25575, 35216, 0, 0, 2448, 32797, 31431, 33511, 45597, 0, 16428, 0, 46149, 0, 44046, 38341, 31189, 38747, 32437, 0, 20558, 37271, 21189, 0, 0, 42920, 35203, 0, 0, 0, 0, 37877, 0, 0],[0, 38946, 36473, 0, 36482, 0, 21362, 30033, 37101, 30794, 39508, 35252, 25938, 45164, 0, 28089, 0, 0, 15812, 0, 42772, -1, 26562, 18147, 40704, 28561, 32562, 41674, 0, 0, 13503, 33011, 0, 31212, 0, 0, 41222, 0, 0, 13804, 0, 42741, 0, 38907, 41153, 13151, 28134, 27773, 25920, 38059, 0, 36741, 41181, 44965, 0, 45227, 41778, 0, 44442, 0, 0, 0, 20941, 0, 0, 0, 0, 0, 43211, 36868, 0, 44912, 0, 0, 11998, 0, 21253, 14428, 0, 44473, 41018],[0, 0, 26632, 45825, 24350, 33853, 36579, 35456, 31952, 31982, 44994, 0, 45744, 0, 39552, 41005, 36538, 41915, 40824, 24669, 0, 26562, -1, 0, 38162, 14410, 0, 39049, 0, 0, 40646, 4323, 0, 11054, 5384, 28245, 0, 41923, 33152, 0, 0, 0, 45444, 12091, 27005, 23043, 40906, 11084, 21396, 0, 0, 40220, 0, 35143, 41742, 34296, 41632, 24593, 18413, 34051, 29397, 0, 21985, 29866, 0, 0, 28375, 38089, 0, 30249, 8803, 0, 0, 0, 0, 0, 31635, 32883, 34402, 41406, 36327],[0, 41302, 0, 0, 0, 37963, 4007, 0, 0, 44055, 35948, 30103, 20220, 44821, 40344, 37758, 21092, 0, 22190, 0, 0, 18147, 0, -1, 29195, 0, 0, 0, 29798, 41519, 29517, 33942, 26695, 38732, 41309, 0, 7226, 0, 44129, 43712, 0, 39425, 42657, 27243, 45408, 12743, 0, 35630, 0, 17424, 0, 33786, 40621, 16601, 43622, 26928, 22220, 0, 0, 0, 35747, 0, 36507, 0, 0, 42743, 39897, 34122, 35719, 18175, 0, 32698, 42511, 44344, 33058, 34885, 34039, 0, 44445, 42335, 0],[35654, 29932, 0, 33299, 18133, 18297, 11252, 40469, 38400, 42220, 44779, 0, 0, 0, 0, 44793, 36414, 35681, 23871, 0, 0, 40704, 38162, 29195, -1, 0, 0, 43847, 28660, 38361, 31868, 36368, 18360, 0, 0, 21923, 15337, 23882, 0, 15271, 35508, 0, 0, 0, 29995, 16897, 0, 31126, 5954, 0, 43430, 2113, 40659, 0, 0, 41759, 44977, 0, 26948, 0, 21875, 26904, 44048, 0, 25830, 0, 37884, 32305, 19834, 45184, 0, 37327, 35956, 0, 0, 37621, 35223, 45572, 5535, 16912, 0],[35961, 15643, 27109, 13886, 36637, 42295, 42470, 7239, 44667, 18614, 0, 37863, 0, 0, 26886, 38727, 32171, 25380, 22209, 0, 45418, 28561, 14410, 0, 0, -1, 32607, 0, 32714, 42133, 39962, 22128, 46067, 0, 33815, 42389, 0, 36589, 44704, 38426, 33317, 45999, 0, 0, 18756, 25331, 9885, 0, 0, 0, 37629, 0, 38526, 12143, 35230, 39579, 5755, 22345, 14966, 12640, 36505, 43162, 38494, 14781, 17943, 33912, 46263, 42021, 44660, 0, 0, 34732, 0, 0, 42285, 43243, 16838, 0, 0, 43550, 39630],[0, 23051, 0, 33314, 29640, 13059, 0, 0, 18053, 0, 45841, 28154, 35394, 26347, 15547, 38711, 0, 16078, 27085, 0, 1496, 32562, 0, 0, 0, 32607, -1, 0, 31066, 44749, 0, 0, 0, 0, 22844, 42546, 7546, 0, 23578, 0, 19130, 18860, 37273, 41277, 33289, 32635, 22027, 35676, 0, 0, 15879, 9398, 42787, 44030, 36201, 43260, 45671, 0, 34349, 8734, 16700, 0, 0, 30861, 0, 29759, 30814, 39528, 26691, 29265, 0, 0, 20090, 45248, 0, 0, 16234, 0, 40629, 0, 19216],[0, 0, 0, 0, 38298, 38055, 37081, 24177, 0, 29195, 37911, 0, 32270, 0, 12877, 10918, 0, 7972, 32392, 0, 36924, 41674, 39049, 0, 43847, 0, 0, -1, 2970, 0, 0, 26633, 0, 0, 0, 0, 40597, 14380, 0, 45091, 0, 36841, 0, 0, 0, 0, 0, 0, 45972, 27602, 0, 10939, 0, 36176, 16240, 22103, 0, 0, 41076, 0, 0, 34636, 0, 30625, 0, 37581, 0, 26753, 43787, 41248, 12379, 0, 44376, 43550, 35544, 0, 44867, 33474, 14436, 45647, 46328],[42419, 0, 0, 0, 37737, 28707, 0, 0, 24204, 0, 0, 37720, 31746, 35293, 0, 0, 27116, 0, 28973, 37931, 29555, 0, 0, 29798, 28660, 32714, 31066, 2970, -1, 44815, 32944, 30049, 23888, 12790, 27251, 0, 0, 0, 0, 32125, 0, 19752, 29389, 11701, 0, 27425, 0, 11829, 40614, 44919, 0, 0, 43577, 0, 32098, 0, 35336, 43539, 9208, 0, 0, 45823, 0, 0, 43557, 45093, 9020, 36585, 4389, 41889, 34268, 38393, 0, 38778, 6838, 45427, 0, 44651, 0, 0, 22808],[43394, 0, 0, 39658, 23550, 16856, 0, 35429, 0, 24881, 44424, 33378, 15220, 32516, 38258, 0, 22132, 0, 27594, 8189, 14859, 0, 0, 41519, 38361, 42133, 44749, 0, 44815, -1, 0, 6158, 0, 0, 19927, 0, 30701, 0, 0, 42452, 39618, 37572, 0, 40782, 36972, 0, 0, 32161, 44622, 27440, 0, 42955, 0, 0, 6966, 36634, 13861, 36801, 28363, 0, 0, 0, 34709, 30975, 38863, 39395, 33565, 40945, 0, 41346, 0, 41524, 0, 43433, 38782, 0, 22946, 0, 28449, 35760, 0],[0, 0, 0, 41543, 42642, 0, 33458, 39042, 0, 32321, 29352, 36438, 34822, 27789, 0, 27757, 29233, 0, 11015, 32605, 0, 13503, 40646, 29517, 31868, 39962, 0, 0, 32944, 0, -1, 39973, 0, 0, 0, 0, 28082, 0, 27384, 35660, 38288, 0, 44781, 29771, 28901, 38833, 0, 33121, 0, 0, 43615, 37006, 24837, 0, 36622, 0, 37809, 26035, 39405, 34365, 29544, 0, 0, 27873, 40833, 0, 0, 0, 0, 30585, 29067, 20713, 21496, 0, 31158, 8553, 0, 44784, 0, 40567, 35256],[40556, 0, 0, 41160, 35442, 0, 29066, 0, 0, 15844, 5837, 0, 0, 37692, 0, 40584, 31852, 40115, 23482, 42156, 23311, 33011, 4323, 33942, 36368, 22128, 0, 26633, 30049, 6158, 39973, -1, 19832, 44833, 40655, 42383, 40843, 38903, 43498, 21314, 37986, 44307, 29818, 30096, 29742, 30768, 45349, 15993, 0, 0, 9162, 22553, 0, 36618, 0, 45056, 3080, 0, 0, 35188, 0, 0, 36129, 14304, 0, 45859, 44047, 43298, 40333, 26717, 36861, 41363, 20566, 40192, 15430, 41967, 45075, 0, 11985, 20527, 39800],[0, 42413, 37160, 43648, 37557, 42411, 32261, 46037, 0, 39131, 42872, 0, 43450, 0, 0, 43249, 0, 36428, 36255, 0, 0, 0, 0, 26695, 18360, 46067, 0, 0, 23888, 0, 0, 19832, -1, 14722, 6345, 0, 30866, 0, 45982, 37766, 27082, 29114, 0, 0, 19826, 0, 0, 0, 35017, 30409, 21309, 37540, 18108, 0, 33923, 26844, 28548, 27138, 31731, 31755, 0, 15145, 46228, 25384, 21706, 15974, 45698, 28379, 0, 0, 25605, 43354, 0, 13714, 5616, 21877, 36469, 0, 14845, 0, 0],[26294, 29699, 13541, 14853, 20094, 41852, 31772, 33984, 0, 39158, 0, 0, 44681, 40629, 41762, 24646, 0, 27512, 20577, 37414, 40706, 31212, 11054, 38732, 0, 0, 0, 0, 12790, 0, 0, 44833, 14722, -1, 0, 30644, 0, 0, 0, 29792, 0, 14102, 19325, 5826, 0, 25250, 8529, 16244, 41659, 35532, 0, 38156, 19098, 35956, 43413, 39223, 41935, 37683, 43434, 44637, 43450, 45906, 40022, 36024, 29190, 0, 38249, 25470, 0, 0, 32960, 22901, 6608, 0, 45065, 9971, 0, 0, 0, 14901, 15864],[0, 0, 5515, 27745, 37988, 0, 12956, 0, 0, 0, 28247, 31115, 29450, 0, 39785, 25863, 0, 0, 0, 31375, 14171, 0, 5384, 41309, 0, 33815, 22844, 0, 27251, 19927, 0, 40655, 6345, 0, -1, 34927, 32419, 43259, 27342, 36984, 32411, 21757, 38253, 34396, 29302, 43947, 24888, 43952, 0, 37906, 25690, 4359, 33636, 38349, 0, 0, 42079, 30486, 0, 31530, 0, 21476, 46060, 39815, 43540, 46052, 0, 31863, 21854, 28793, 25076, 29890, 0, 0, 43815, 44427, 0, 43181, 43344, 0, 42467],[34220, 0, 45115, 24646, 37428, 34458, 43976, 20818, 0, 10607, 0, 23037, 23606, 0, 0, 42294, 0, 18098, 0, 0, 0, 0, 28245, 0, 21923, 42389, 42546, 0, 0, 0, 0, 42383, 0, 30644, 34927, -1, 30642, 0, 22208, 0, 31778, 0, 41546, 41481, 34407, 19122, 33750, 42373, 40408, 0, 44106, 0, 12129, 0, 0, 15792, 31830, 21591, 0, 45620, 0, 0, 14962, 39465, 0, 34279, 38893, 26442, 0, 35471, 40330, 39608, 11366, 21296, 36109, 0, 0, 44641, 39620, 34543, 36513],[13972, 0, 24027, 16269, 0, 21179, 44162, 0, 37635, 13106, 0, 14211, 37531, 34113, 43764, 29378, 25294, 0, 0, 35676, 0, 41222, 0, 7226, 15337, 0, 7546, 40597, 0, 30701, 28082, 40843, 30866, 0, 32419, 30642, -1, 0, 6124, 7513, 18718, 41242, 0, 0, 30045, 6246, 26725, 32329, 17475, 33947, 43350, 15713, 45478, 45996, 31457, 0, 40893, 44177, 32244, 0, 30852, 0, 0, 42883, 42027, 44382, 30479, 41278, 0, 45797, 0, 28297, 0, 25465, 0, 16058, 16051, 0, 33735, 13238, 46264],[0, 38832, 17327, 0, 36247, 20121, 0, 20707, 0, 38911, 28029, 0, 30727, 23861, 32277, 18554, 40043, 33800, 41885, 29479, 0, 0, 41923, 0, 23882, 36589, 0, 14380, 0, 0, 0, 38903, 0, 0, 43259, 0, 0, -1, 28816, 0, 0, 0, 8110, 0, 0, 0, 0, 0, 0, 0, 35992, 0, 0, 24324, 35684, 40959, 12636, 39017, 0, 35647, 43242, 35363, 19685, 0, 38785, 25255, 41075, 0, 32953, 33008, 11456, 39381, 32859, 0, 39872, 0, 22776, 0, 0, 0, 38500],[0, 28163, 24657, 23341, 24050, 0, 36528, 23240, 20423, 43704, 31254, 30680, 20051, 38156, 41339, 0, 0, 31715, 0, 21330, 37153, 0, 33152, 44129, 0, 44704, 23578, 0, 0, 0, 27384, 43498, 45982, 0, 27342, 22208, 6124, 28816, -1, 0, 32522, 38689, 19742, 0, 44699, 5077, 17728, 37423, 0, 41235, 0, 0, 8954, 24460, 20693, 24854, 6826, 16638, 41005, 46182, 20055, 41864, 21074, 29528, 37122, 0, 0, 0, 0, 40434, 44402, 26253, 13448, 16039, 14890, 29444, 0, 0, 25935, 27970, 0],[22179, 41709, 28665, 36207, 43187, 24695, 6780, 28809, 42905, 32793, 0, 38632, 39638, 16226, 30317, 33321, 29782, 0, 34013, 41278, 39590, 13804, 0, 43712, 15271, 38426, 0, 45091, 32125, 42452, 35660, 21314, 37766, 29792, 36984, 0, 7513, 0, 0, -1, 35651, 32397, 22559, 0, 27120, 14286, 23498, 31468, 35637, 0, 0, 0, 0, 45937, 25129, 40160, 33527, 0, 0, 37154, 37553, 44336, 30185, 0, 41389, 0, 0, 14039, 43983, 43032, 0, 30260, 36548, 40465, 43699, 28175, 13247, 26492, 25340, 36710, 37991],[31574, 44615, 9019, 36026, 0, 40588, 45458, 36652, 15290, 0, 43817, 0, 9144, 43150, 45613, 22397, 0, 27065, 40811, 45876, 9744, 0, 0, 0, 35508, 33317, 19130, 0, 0, 39618, 38288, 37986, 27082, 0, 32411, 31778, 18718, 0, 32522, 35651, -1, 33277, 40196, 19550, 0, 1446, 28705, 33938, 35827, 44950, 0, 32546, 26281, 38957, 39156, 0, 0, 0, 14726, 29384, 29538, 45761, 0, 38436, 0, 0, 30973, 39907, 25612, 35202, 37118, 29131, 35003, 0, 25337, 19485, 0, 38246, 0, 0, 30085],[22631, 0, 0, 0, 44501, 0, 38867, 0, 35804, 0, 19495, 42227, 30105, 44749, 31736, 39494, 18859, 0, 33479, 0, 0, 42741, 0, 39425, 0, 45999, 18860, 36841, 19752, 37572, 0, 44307, 29114, 14102, 21757, 0, 41242, 0, 38689, 32397, 33277, -1, 0, 0, 34103, 0, 40467, 21201, 28843, 43336, 0, 31331, 0, 12347, 0, 0, 38410, 41041, 0, 42630, 0, 40895, 40307, 0, 0, 19525, 31437, 23618, 41098, 38917, 0, 24882, 45243, 0, 43784, 40999, 45577, 20951, 22795, 0, 36705],[38393, 0, 0, 29867, 45982, 45900, 29011, 0, 0, 22665, 0, 27103, 24715, 35265, 38527, 0, 5639, 44785, 44399, 37909, 0, 0, 45444, 42657, 0, 0, 37273, 0, 29389, 0, 44781, 29818, 0, 19325, 38253, 41546, 0, 8110, 19742, 22559, 40196, 0, -1, 44444, 0, 0, 45492, 28029, 0, 0, 35461, 37587, 41415, 24694, 0, 0, 0, 0, 30356, 34197, 0, 0, 0, 19014, 0, 10777, 28121, 27970, 37842, 30380, 40583, 42989, 20386, 43732, 42504, 0, 14829, 28915, 8740, 0, 0],[0, 37002, 0, 0, 0, 0, 21043, 45934, 45678, 0, 39984, 0, 44781, 0, 14899, 32713, 45830, 33245, 31719, 18206, 34384, 38907, 12091, 27243, 0, 0, 41277, 0, 11701, 40782, 29771, 30096, 0, 5826, 34396, 41481, 0, 0, 0, 0, 19550, 0, 44444, -1, 42868, 13582, 0, 11448, 8948, 40414, 0, 0, 0, 17395, 41259, 8871, 29583, 43938, 0, 33808, 40733, 0, 14078, 23160, 28774, 17677, 41847, 0, 0, 0, 26601, 33460, 0, 26401, 0, 43670, 41427, 11791, 0, 19711, 0],[40605, 30807, 0, 41109, 27966, 41177, 29480, 0, 33423, 30843, 0, 30341, 17641, 35861, 0, 0, 30225, 29260, 8677, 23504, 0, 41153, 27005, 45408, 29995, 18756, 33289, 0, 0, 36972, 28901, 29742, 19826, 0, 29302, 34407, 30045, 0, 44699, 27120, 0, 34103, 0, 42868, -1, 37024, 9637, 13592, 0, 32092, 36981, 0, 28879, 36002, 25289, 0, 35269, 40602, 0, 35993, 26494, 24894, 31652, 41246, 23600, 30573, 0, 0, 0, 9204, 36894, 34350, 27943, 0, 32558, 45965, 0, 19134, 35075, 18770, 0],[0, 40623, 35574, 0, 41202, 44761, 43794, 16891, 0, 22431, 0, 17418, 23950, 7738, 19222, 0, 22280, 8678, 0, 32592, 0, 13151, 23043, 12743, 16897, 25331, 32635, 0, 27425, 0, 38833, 30768, 0, 25250, 43947, 19122, 6246, 0, 5077, 14286, 1446, 0, 0, 13582, 37024, -1, 0, 0, 43461, 45933, 34088, 10619, 0, 21039, 0, 22923, 26404, 22620, 40404, 0, 0, 24931, 26211, 42705, 26840, 0, 23747, 0, 11807, 23775, 0, 45328, 40592, 26480, 0, 18273, 0, 40553, 31834, 32704, 43025],[42297, 17739, 45475, 0, 26336, 35140, 38850, 46284, 0, 26715, 0, 15858, 0, 0, 40646, 9277, 30652, 32833, 41528, 41338, 36772, 28134, 40906, 0, 0, 9885, 22027, 0, 0, 0, 0, 45349, 0, 8529, 24888, 33750, 26725, 0, 17728, 23498, 28705, 40467, 45492, 0, 9637, 0, -1, 38803, 0, 751, 23202, 0, 26477, 34188, 0, 35219, 35051, 43573, 0, 0, 41633, 0, 45868, 0, 43164, 21455, 24073, 38270, 16549, 25719, 38600, 45561, 0, 0, 0, 29136, 11527, 0, 0, 37046, 16002],[19443, 0, 18054, 0, 42672, 34541, 27994, 0, 42812, 0, 0, 45656, 0, 37734, 34332, 30969, 0, 45243, 0, 42867, 25575, 27773, 11084, 35630, 31126, 0, 35676, 0, 11829, 32161, 33121, 15993, 0, 16244, 43952, 42373, 32329, 0, 37423, 31468, 33938, 21201, 28029, 11448, 13592, 0, 38803, -1, 29094, 10329, 40870, 37575, 11984, 0, 12603, 4136, 35073, 32541, 27293, 44040, 43432, 0, 0, 12708, 15585, 0, 27139, 39453, 0, 15189, 0, 42814, 13339, 22206, 0, 22723, 0, 0, 25684, 0, 0],[40288, 25021, 28714, 0, 24851, 17376, 24093, 42774, 39610, 42285, 44732, 0, 24469, 43258, 30488, 0, 41587, 35552, 35996, 0, 35216, 25920, 21396, 0, 5954, 0, 0, 45972, 40614, 44622, 0, 0, 35017, 41659, 0, 40408, 17475, 0, 0, 35637, 35827, 28843, 0, 8948, 0, 43461, 0, 29094, -1, 26174, 44699, 25449, 41971, 0, 0, 37404, 0, 31457, 0, 37546, 26839, 0, 0, 0, 0, 30981, 44907, 34961, 16155, 33584, 41264, 0, 31242, 13561, 33574, 24255, 34804, 0, 0, 34794, 0],[0, 30734, 41359, 29914, 31169, 37877, 0, 0, 0, 31721, 23866, 12720, 37216, 0, 0, 0, 0, 36597, 34945, 0, 0, 38059, 0, 17424, 0, 0, 0, 27602, 44919, 27440, 0, 0, 30409, 35532, 37906, 0, 33947, 0, 41235, 0, 44950, 43336, 0, 40414, 32092, 45933, 751, 10329, 26174, -1, 35063, 13588, 39940, 15759, 0, 0, 0, 42869, 21899, 32996, 30250, 38139, 0, 21051, 39076, 9508, 45439, 34450, 43770, 45568, 0, 0, 18119, 0, 0, 33867, 20589, 0, 45806, 40075, 38223],[0, 0, 0, 22982, 0, 27157, 0, 40263, 0, 0, 0, 43124, 19988, 15259, 46187, 0, 0, 43618, 14097, 31952, 0, 0, 0, 0, 43430, 37629, 15879, 0, 0, 0, 43615, 9162, 21309, 0, 25690, 44106, 43350, 35992, 0, 0, 0, 0, 35461, 0, 36981, 34088, 23202, 40870, 44699, 35063, -1, 0, 0, 37962, 0, 42429, 14795, 0, 0, 0, 36735, 46060, 40959, 0, 17114, 0, 15584, 0, 0, 25551, 0, 21795, 44660, 8951, 0, 30964, 0, 33550, 23602, 18119, 12761],[44162, 26645, 0, 34464, 0, 0, 16747, 0, 30297, 26290, 0, 34290, 21378, 0, 41118, 43299, 31863, 12445, 0, 29522, 2448, 36741, 40220, 33786, 2113, 0, 9398, 10939, 0, 42955, 37006, 22553, 37540, 38156, 4359, 0, 15713, 0, 0, 0, 32546, 31331, 37587, 0, 0, 10619, 0, 37575, 25449, 13588, 0, -1, 0, 40344, 23964, 44392, 12351, 0, 0, 0, 35036, 41569, 0, 0, 0, 0, 44835, 34176, 0, 33627, 0, 0, 0, 9090, 37835, 15012, 10759, 0, 0, 44132, 40162],[0, 0, 43202, 23509, 22693, 37281, 26093, 0, 21688, 0, 0, 30918, 0, 0, 30150, 0, 0, 37846, 32853, 43273, 32797, 41181, 0, 40621, 40659, 38526, 42787, 0, 43577, 0, 24837, 0, 18108, 19098, 33636, 12129, 45478, 0, 8954, 0, 26281, 0, 41415, 0, 28879, 0, 26477, 11984, 41971, 39940, 0, 0, -1, 22744, 24844, 38399, 0, 26679, 32547, 25794, 0, 9052, 44465, 41604, 34254, 42534, 0, 0, 43120, 33781, 0, 10139, 0, 28799, 20412, 0, 0, 24246, 44672, 38046, 0],[0, 33726, 38831, 0, 0, 17321, 25043, 10842, 43660, 0, 10343, 0, 30279, 32205, 40853, 31581, 29660, 25098, 41501, 0, 31431, 44965, 35143, 16601, 0, 12143, 44030, 36176, 0, 0, 0, 36618, 0, 35956, 38349, 0, 45996, 24324, 24460, 45937, 38957, 12347, 24694, 17395, 36002, 21039, 34188, 0, 0, 15759, 37962, 40344, 22744, -1, 37360, 0, 43430, 0, 36534, 46202, 0, 29192, 25141, 0, 0, 0, 0, 43474, 27357, 0, 44509, 25647, 14209, 26329, 32957, 0, 44730, 0, 0, 0, 35515],[0, 33437, 13110, 29449, 45715, 31690, 0, 40055, 0, 0, 44259, 23274, 27156, 0, 35815, 43353, 0, 0, 38678, 22017, 33511, 0, 41742, 43622, 0, 35230, 36201, 16240, 32098, 6966, 36622, 0, 33923, 43413, 0, 0, 31457, 35684, 20693, 25129, 39156, 0, 0, 41259, 25289, 0, 0, 12603, 0, 0, 0, 23964, 24844, 37360, -1, 32416, 32322, 6916, 19809, 0, 45434, 29438, 32002, 26730, 0, 45787, 19890, 34920, 0, 41586, 25498, 28281, 45743, 37625, 32496, 27150, 13097, 43758, 32969, 0, 19866],[44620, 41747, 16242, 22165, 0, 26978, 35092, 18294, 0, 0, 43995, 0, 0, 31741, 25478, 30081, 0, 22513, 0, 26614, 45597, 45227, 34296, 26928, 41759, 39579, 43260, 22103, 0, 36634, 0, 45056, 26844, 39223, 0, 15792, 0, 40959, 24854, 40160, 0, 0, 0, 8871, 0, 22923, 35219, 4136, 37404, 0, 42429, 44392, 38399, 0, 32416, -1, 0, 38235, 13631, 0, 43773, 0, 0, 41853, 0, 40972, 41357, 27390, 39814, 30246, 0, 41934, 45288, 0, 36142, 21177, 0, 0, 0, 9982, 39421],[0, 39435, 37480, 33242, 0, 24594, 40028, 0, 0, 35191, 0, 0, 38985, 25957, 35113, 25966, 23850, 25545, 0, 36723, 0, 41778, 41632, 22220, 44977, 5755, 45671, 0, 35336, 13861, 37809, 3080, 28548, 41935, 42079, 31830, 40893, 12636, 6826, 33527, 0, 38410, 0, 29583, 35269, 26404, 35051, 35073, 0, 0, 14795, 12351, 0, 43430, 32322, 0, -1, 11389, 39665, 28601, 46279, 14906, 0, 9539, 0, 24693, 0, 0, 43135, 39124, 44364, 15818, 22989, 0, 44013, 28107, 34027, 31883, 30249, 33704, 0],[0, 18004, 15568, 0, 34764, 26249, 36240, 0, 39056, 8809, 22211, 37020, 38426, 26008, 28305, 0, 31556, 0, 42545, 36570, 16428, 0, 24593, 0, 0, 22345, 0, 0, 43539, 36801, 26035, 0, 27138, 37683, 30486, 21591, 44177, 39017, 16638, 0, 0, 41041, 0, 43938, 40602, 22620, 43573, 32541, 31457, 42869, 0, 0, 26679, 0, 6916, 38235, 11389, -1, 15908, 27574, 0, 43021, 40657, 26820, 29872, 35638, 29359, 38233, 0, 29697, 44874, 26469, 45362, 38592, 42638, 0, 0, 0, 0, 34449, 0],[37953, 39507, 25857, 22593, 0, 10458, 24097, 0, 0, 45044, 0, 37524, 26876, 26149, 35187, 45089, 15336, 0, 32882, 15929, 0, 44442, 18413, 0, 26948, 14966, 34349, 41076, 9208, 28363, 39405, 0, 31731, 43434, 0, 0, 32244, 0, 41005, 0, 14726, 0, 30356, 0, 0, 40404, 0, 27293, 0, 21899, 0, 0, 32547, 36534, 19809, 13631, 39665, 15908, -1, 0, 27415, 0, 37437, 0, 33984, 41107, 32181, 41071, 27139, 0, 45347, 45409, 43915, 40705, 17344, 0, 45107, 45767, 0, 0, 30383],[0, 43275, 30811, 0, 0, 37938, 0, 0, 28374, 34741, 45445, 0, 19579, 0, 39406, 39057, 0, 40150, 0, 24424, 46149, 0, 34051, 0, 0, 12640, 8734, 0, 0, 0, 34365, 35188, 31755, 44637, 31530, 45620, 0, 35647, 46182, 37154, 29384, 42630, 34197, 33808, 35993, 0, 0, 44040, 37546, 32996, 0, 0, 25794, 46202, 0, 0, 28601, 27574, 0, -1, 23865, 41122, 42529, 41318, 0, 40856, 23056, 27353, 38934, 0, 0, 17261, 33379, 0, 0, 43048, 38903, 45294, 39559, 16731, 0],[0, 0, 27699, 0, 21312, 45398, 26021, 24517, 25604, 41985, 0, 42857, 40233, 19825, 0, 42434, 35530, 40340, 42799, 27960, 0, 0, 29397, 35747, 21875, 36505, 16700, 0, 0, 0, 29544, 0, 0, 43450, 0, 0, 30852, 43242, 20055, 37553, 29538, 0, 0, 40733, 26494, 0, 41633, 43432, 26839, 30250, 36735, 35036, 0, 0, 45434, 43773, 46279, 0, 27415, 23865, -1, 22437, 18647, 19423, 43475, 15347, 0, 43763, 30053, 16927, 40855, 0, 33416, 42865, 31083, 38240, 37568, 36964, 24947, 35469, 0],[11972, 28646, 44409, 0, 0, 5949, 28691, 43940, 0, 43487, 0, 19665, 46155, 30273, 34636, 11730, 0, 32500, 33011, 0, 44046, 0, 0, 0, 26904, 43162, 0, 34636, 45823, 0, 0, 0, 15145, 45906, 21476, 0, 0, 35363, 41864, 44336, 45761, 40895, 0, 0, 24894, 24931, 0, 0, 0, 38139, 46060, 41569, 9052, 29192, 29438, 0, 14906, 43021, 0, 41122, 22437, -1, 0, 27023, 40223, 35652, 10165, 0, 26985, 0, 903, 0, 45668, 31649, 0, 30888, 21481, 38284, 46102, 39764, 43484],[34367, 0, 20582, 25405, 0, 0, 28725, 42778, 0, 0, 28002, 43355, 30112, 40976, 40397, 16215, 43142, 22346, 38216, 43790, 38341, 20941, 21985, 36507, 44048, 38494, 0, 0, 0, 34709, 0, 36129, 46228, 40022, 46060, 14962, 0, 19685, 21074, 30185, 0, 40307, 0, 14078, 31652, 26211, 45868, 0, 0, 0, 40959, 0, 44465, 25141, 32002, 0, 0, 40657, 37437, 42529, 18647, 0, -1, 45847, 0, 31648, 0, 42072, 26086, 32949, 43267, 0, 26233, 30401, 0, 27901, 34522, 8873, 22732, 39957, 42677],[6332, 0, 35347, 38489, 0, 36316, 29798, 12108, 5877, 4236, 0, 37774, 46245, 37551, 3897, 0, 0, 33939, 39035, 38287, 31189, 0, 29866, 0, 0, 14781, 30861, 30625, 0, 30975, 27873, 14304, 25384, 36024, 39815, 39465, 42883, 0, 29528, 0, 38436, 0, 19014, 23160, 41246, 42705, 0, 12708, 0, 21051, 0, 0, 41604, 0, 26730, 41853, 9539, 26820, 0, 41318, 19423, 27023, 45847, -1, 23471, 0, 31895, 45509, 20123, 31208, 0, 42089, 42414, 30954, 0, 22376, 12025, 37499, 39055, 0, 0],[0, 32253, 42771, 29545, 42376, 22508, 27675, 0, 31456, 0, 12895, 0, 38767, 40978, 44676, 0, 0, 0, 0, 7765, 38747, 0, 0, 0, 25830, 17943, 0, 0, 43557, 38863, 40833, 0, 21706, 29190, 43540, 0, 42027, 38785, 37122, 41389, 0, 0, 0, 28774, 23600, 26840, 43164, 15585, 0, 39076, 17114, 0, 34254, 0, 0, 0, 0, 29872, 33984, 0, 43475, 40223, 0, 23471, -1, 22521, 44262, 28556, 0, 43804, 0, 0, 43417, 0, 46126, 0, 33500, 35807, 39147, 0, 20827],[41031, 0, 0, 33555, 0, 43361, 26574, 23908, 33473, 39615, 39498, 7974, 15945, 0, 25205, 0, 0, 25596, 27306, 23291, 32437, 0, 0, 42743, 0, 33912, 29759, 37581, 45093, 39395, 0, 45859, 15974, 0, 46052, 34279, 44382, 25255, 0, 0, 0, 19525, 10777, 17677, 30573, 0, 21455, 0, 30981, 9508, 0, 0, 42534, 0, 45787, 40972, 24693, 35638, 41107, 40856, 15347, 35652, 31648, 0, 22521, -1, 36168, 0, 43885, 28756, 39001, 23087, 35224, 39300, 0, 43397, 34709, 0, 0, 33155, 45196],[7715, 20241, 38746, 43046, 42697, 10049, 43973, 0, 0, 0, 28850, 0, 35399, 0, 16757, 0, 31721, 44931, 39807, 21822, 0, 0, 28375, 39897, 37884, 46263, 30814, 0, 9020, 33565, 0, 44047, 45698, 38249, 0, 38893, 30479, 41075, 0, 0, 30973, 31437, 28121, 41847, 0, 23747, 24073, 27139, 44907, 45439, 15584, 44835, 0, 0, 19890, 41357, 0, 29359, 32181, 23056, 0, 10165, 0, 31895, 44262, 36168, -1, 44624, 35182, 43571, 0, 38944, 44416, 33697, 39087, 40430, 31635, 20336, 18390, 0, 2295],[41043, 41716, 0, 42831, 35277, 0, 21010, 40511, 42448, 41535, 24028, 0, 26920, 0, 35296, 0, 17067, 41411, 0, 21395, 20558, 0, 38089, 34122, 32305, 42021, 39528, 26753, 36585, 40945, 0, 43298, 28379, 25470, 31863, 26442, 41278, 0, 0, 14039, 39907, 23618, 27970, 0, 0, 0, 38270, 39453, 34961, 34450, 0, 34176, 0, 43474, 34920, 27390, 0, 38233, 41071, 27353, 43763, 0, 42072, 45509, 28556, 0, 44624, -1, 39647, 5591, 35823, 27859, 37382, 28563, 40417, 18798, 0, 18477, 0, 0, 43100],[33822, 0, 0, 0, 32183, 39494, 0, 0, 0, 0, 0, 0, 43187, 0, 36852, 0, 32363, 9410, 33183, 0, 37271, 43211, 0, 35719, 19834, 44660, 26691, 43787, 4389, 0, 0, 40333, 0, 0, 21854, 0, 0, 32953, 0, 43983, 25612, 41098, 37842, 0, 0, 11807, 16549, 0, 16155, 43770, 0, 0, 43120, 27357, 0, 39814, 43135, 0, 27139, 38934, 30053, 26985, 26086, 20123, 0, 43885, 35182, 39647, -1, 37343, 35123, 35820, 23003, 0, 0, 28044, 34763, 14167, 0, 36611, 0],[0, 38063, 0, 24326, 39816, 32587, 22229, 0, 32503, 0, 29454, 33304, 30565, 32592, 43736, 0, 29684, 0, 37607, 36736, 21189, 36868, 30249, 18175, 45184, 0, 29265, 41248, 41889, 41346, 30585, 26717, 0, 0, 28793, 35471, 45797, 33008, 40434, 43032, 35202, 38917, 30380, 0, 9204, 23775, 25719, 15189, 33584, 45568, 25551, 33627, 33781, 0, 41586, 30246, 39124, 29697, 0, 0, 16927, 0, 32949, 31208, 43804, 28756, 43571, 5591, 37343, -1, 0, 0, 0, 0, 20175, 39783, 32247, 32389, 41142, 0, 9437],[36326, 38037, 25392, 16629, 0, 0, 26278, 0, 26369, 29518, 0, 0, 0, 44979, 21924, 0, 41307, 17884, 0, 0, 0, 0, 8803, 0, 0, 0, 0, 12379, 34268, 0, 29067, 36861, 25605, 32960, 25076, 40330, 0, 11456, 44402, 0, 37118, 0, 40583, 26601, 36894, 0, 38600, 0, 41264, 0, 0, 0, 0, 44509, 25498, 0, 44364, 44874, 45347, 0, 40855, 903, 43267, 0, 0, 39001, 0, 35823, 35123, 0, -1, 28066, 33299, 40904, 33979, 29404, 14688, 31402, 38036, 34889, 9529],[11312, 37233, 37238, 19199, 32470, 0, 26170, 33586, 0, 35535, 0, 0, 0, 46190, 0, 0, 37057, 0, 23988, 0, 0, 44912, 0, 32698, 37327, 34732, 0, 0, 38393, 41524, 20713, 41363, 43354, 22901, 29890, 39608, 28297, 39381, 26253, 30260, 29131, 24882, 42989, 33460, 34350, 45328, 45561, 42814, 0, 0, 21795, 0, 10139, 25647, 28281, 41934, 15818, 26469, 45409, 17261, 0, 0, 0, 42089, 0, 23087, 38944, 27859, 35820, 0, 28066, -1, 26600, 38761, 0, 23088, 40309, 44532, 15695, 36158, 45220],[33961, 45628, 0, 34976, 36005, 42094, 0, 0, 19862, 0, 9731, 23561, 0, 38959, 25141, 36473, 15985, 0, 0, 43424, 42920, 0, 0, 42511, 35956, 0, 20090, 44376, 0, 0, 21496, 20566, 0, 6608, 0, 11366, 0, 32859, 13448, 36548, 35003, 45243, 20386, 0, 27943, 40592, 0, 13339, 31242, 18119, 44660, 0, 0, 14209, 45743, 45288, 22989, 45362, 43915, 33379, 33416, 45668, 26233, 42414, 43417, 35224, 44416, 37382, 23003, 0, 33299, 26600, -1, 37497, 34500, 38197, 19431, 31765, 5787, 26878, 28487],[0, 19480, 0, 0, 0, 36537, 39609, 20396, 9885, 43289, 41783, 42834, 17404, 0, 31103, 2964, 0, 0, 37312, 40816, 35203, 0, 0, 44344, 0, 0, 45248, 43550, 38778, 43433, 0, 40192, 13714, 0, 0, 21296, 25465, 0, 16039, 40465, 0, 0, 43732, 26401, 0, 26480, 0, 22206, 13561, 0, 8951, 9090, 28799, 26329, 37625, 0, 0, 38592, 40705, 0, 42865, 31649, 30401, 30954, 0, 39300, 33697, 28563, 0, 0, 40904, 38761, 37497, -1, 0, 25850, 0, 10252, 38479, 22315, 40771],[34922, 0, 23430, 39521, 23276, 0, 0, 0, 0, 33606, 15289, 25330, 0, 36221, 26699, 44760, 0, 38005, 29278, 16638, 0, 11998, 0, 33058, 0, 42285, 0, 35544, 6838, 38782, 31158, 15430, 5616, 45065, 43815, 36109, 0, 39872, 14890, 43699, 25337, 43784, 42504, 0, 32558, 0, 0, 0, 33574, 0, 0, 37835, 20412, 32957, 32496, 36142, 44013, 42638, 17344, 0, 31083, 0, 0, 0, 46126, 0, 39087, 40417, 0, 20175, 33979, 0, 34500, 0, -1, 23433, 34567, 29133, 0, 45184, 0],[35923, 37624, 41850, 29781, 24141, 19750, 0, 33405, 25553, 42303, 45446, 33721, 38093, 19944, 35323, 39585, 39305, 32259, 0, 0, 0, 0, 0, 34885, 37621, 43243, 0, 0, 45427, 0, 8553, 41967, 21877, 9971, 44427, 0, 16058, 0, 29444, 28175, 19485, 40999, 0, 43670, 45965, 18273, 29136, 22723, 24255, 33867, 30964, 15012, 0, 0, 27150, 21177, 28107, 0, 0, 43048, 38240, 30888, 27901, 22376, 0, 43397, 40430, 18798, 28044, 39783, 29404, 23088, 38197, 25850, 23433, -1, 27269, 0, 10673, 0, 0],[10044, 25832, 36043, 20550, 37526, 45452, 0, 30224, 33599, 41032, 37581, 41737, 0, 0, 35592, 0, 0, 21411, 0, 23587, 0, 21253, 31635, 34039, 35223, 16838, 16234, 44867, 0, 22946, 0, 45075, 36469, 0, 0, 0, 16051, 22776, 0, 13247, 0, 45577, 14829, 41427, 0, 0, 11527, 0, 34804, 20589, 0, 10759, 0, 44730, 13097, 0, 34027, 0, 45107, 38903, 37568, 21481, 34522, 12025, 33500, 34709, 31635, 0, 34763, 32247, 14688, 40309, 19431, 0, 34567, 27269, -1, 0, 38487, 35109, 40019],[0, 43562, 38232, 34361, 26400, 21735, 41749, 37713, 44520, 0, 45852, 0, 0, 14336, 0, 34403, 13444, 0, 0, 24851, 0, 14428, 32883, 0, 45572, 0, 0, 33474, 44651, 0, 44784, 0, 0, 0, 43181, 44641, 0, 0, 0, 26492, 38246, 20951, 28915, 11791, 19134, 40553, 0, 0, 0, 0, 33550, 0, 24246, 0, 43758, 0, 31883, 0, 45767, 45294, 36964, 38284, 8873, 37499, 35807, 0, 20336, 18477, 14167, 32389, 31402, 44532, 31765, 10252, 29133, 0, 0, -1, 44320, 0, 32908],[35977, 6428, 0, 0, 0, 44425, 10494, 35335, 37792, 0, 23645, 0, 45205, 11512, 38073, 0, 28553, 0, 36470, 36587, 37877, 0, 34402, 44445, 5535, 0, 40629, 14436, 0, 28449, 0, 11985, 14845, 0, 43344, 39620, 33735, 0, 25935, 25340, 0, 22795, 8740, 0, 35075, 31834, 0, 25684, 0, 45806, 23602, 0, 44672, 0, 32969, 0, 30249, 0, 0, 39559, 24947, 46102, 22732, 39055, 39147, 0, 18390, 0, 0, 41142, 38036, 15695, 5787, 38479, 0, 10673, 38487, 44320, -1, 41343, 0],[34069, 0, 36765, 39591, 38430, 0, 0, 41930, 18286, 24786, 44768, 45381, 0, 39320, 30187, 38416, 31033, 42605, 42423, 33210, 0, 44473, 41406, 42335, 16912, 43550, 0, 45647, 0, 35760, 40567, 20527, 0, 14901, 0, 34543, 13238, 0, 27970, 36710, 0, 0, 0, 19711, 18770, 32704, 37046, 0, 34794, 40075, 18119, 44132, 38046, 0, 0, 9982, 33704, 34449, 0, 16731, 35469, 39764, 39957, 0, 0, 33155, 0, 0, 36611, 0, 34889, 36158, 26878, 22315, 45184, 0, 35109, 0, 41343, -1, 41772],[0, 0, 0, 37751, 37561, 17331, 39804, 40132, 35635, 33364, 44122, 37579, 24308, 45616, 0, 42504, 31493, 23486, 28638, 26234, 0, 41018, 36327, 0, 0, 39630, 19216, 46328, 22808, 0, 35256, 39800, 0, 15864, 42467, 36513, 46264, 38500, 0, 37991, 30085, 36705, 0, 0, 0, 43025, 16002, 0, 0, 38223, 12761, 40162, 0, 35515, 19866, 39421, 0, 0, 30383, 0, 0, 43484, 42677, 0, 20827, 45196, 2295, 43100, 0, 9437, 9529, 45220, 28487, 40771, 0, 0, 40019, 32908, 0, 41772, -1]]