60
[[-1, 18200, 26388, 30130, 20660, 37886, 22985, 39477, 24465, 25008, 20721, 44906, 33771, 3430, 40192, 44551, 45720, 11218, 39418, 26703, 5488, 31136, 27908, 15941, 36095, 8084, 34687, 39131, 35884, 18868, 40528, 36306, 39163, 44984, 11969, 42646, 36290, 22052, 24584, 41002, 38223, 10442, 14075, 41808, 8064, 42647, 40478, 37964, 38542, 40527, 37364, 38024, 29815, 18541, 25820, 42582, 11674, 28648, 17463, 8558],[18200, -1, 45255, 43633, 41174, 10160, 44877, 44181, 16024, 26716, 41449, 33167, 30757, 4029, 36387, 8862, 44145, 43460, 44979, 39166, 9688, 16303, 18911, 32496, 33995, 15841, 35349, 8894, 29172, 23350, 29535, 34055, 30282, 33627, 34614, 37935, 39514, 5665, 31426, 41916, 42890, 22914, 33551, 30144, 44817, 39918, 23946, 1799, 41511, 10439, 15809, 15085, 9424, 38730, 33597, 40658, 39557, 38832, 37919, 15630],[26388, 45255, -1, 35899, 31773, 11648, 30244, 28782, 43158, 17216, 22071, 45886, 32360, 7613, 34588, 43833, 34079, 24642, 14349, 33635, 44774, 20940, 41326, 24781, 43705, 19401, 28263, 39934, 10670, 37979, 34339, 39797, 9064, 45617, 17026, 46318, 23655, 25787, 44408, 12694, 42700, 35703, 28213, 37043, 16502, 38284, 40950, 42052, 45971, 14485, 23967, 36607, 27883, 27758, 46053, 18252, 37807, 45497, 28755, 45905],[30130, 43633, 35899, -1, 22226, 42512, 29098, 35992, 28081, 15528, 33444, 28608, 38727, 30863, 27434, 12487, 34442, 39087, 9798, 30265, 31811, 44892, 15688, 41477, 40667, 16298, 37162, 40997, 44515, 35822, 18311, 28981, 40287, 39913, 38370, 39571, 46053, 21740, 19417, 3378, 30985, 45232, 18317, 17292, 27480, 45100, 28638, 37918, 36351, 15240, 44362, 24730, 39914, 8820, 18675, 43885, 33021, 14825, 30785, 8272],[20660, 41174, 31773, 22226, -1, 40083, 4830, 38852, 14285, 36947, 44439, 31940, 45559, 35422, 20181, 33456, 36652, 27784, 30977, 39989, 10724, 43708, 40734, 29440, 36780, 20972, 25275, 6331, 40079, 44708, 40894, 30609, 37179, 21171, 32236, 30837, 37359, 46219, 35290, 7507, 45281, 2926, 38283, 35479, 13036, 37160, 13316, 18647, 17569, 25865, 28807, 13698, 27588, 41159, 30989, 13427, 26264, 13400, 5487, 31098],[37886, 10160, 11648, 42512, 40083, -1, 44617, 19268, 22180, 41751, 43608, 44933, 16072, 16531, 30279, 23438, 29815, 30641, 31472, 32895, 29787, 35432, 23739, 30023, 28360, 40263, 2647, 17936, 21362, 43075, 26938, 10544, 23418, 44036, 34516, 9701, 24159, 43312, 37997, 31543, 10819, 22923, 28158, 39690, 40419, 21898, 29175, 19490, 26171, 10541, 27867, 31908, 31028, 45936, 16995, 11575, 45419, 17832, 38513, 34935],[22985, 44877, 30244, 29098, 4830, 44617, -1, 31456, 43264, 44162, 35914, 38739, 45439, 32720, 23349, 35270, 43124, 15698, 37594, 29594, 40704, 18918, 35573, 25798, 23712, 45937, 31113, 33147, 33021, 35042, 45426, 32640, 14460, 36093, 18524, 44710, 22964, 5931, 10151, 45190, 45781, 20395, 33362, 7613, 34101, 23794, 31237, 45226, 20245, 40930, 42994, 40403, 21574, 25822, 1143, 28553, 39573, 13339, 44321, 38063],[39477, 44181, 28782, 35992, 38852, 19268, 31456, -1, 24502, 5119, 14825, 21658, 45675, 35931, 18090, 36302, 43924, 36678, 18822, 35256, 36920, 33178, 33660, 10831, 16032, 1927, 41553, 43620, 29260, 35842, 45028, 18450, 21000, 39532, 33729, 43713, 24098, 44996, 34881, 41362, 13155, 33086, 41178, 15331, 41515, 45641, 28738, 21528, 35910, 25997, 34427, 35703, 26555, 44439, 33357, 43077, 27444, 18582, 46127, 26357],[24465, 16024, 43158, 28081, 14285, 22180, 43264, 24502, -1, 21071, 33270, 39832, 23724, 39588, 20923, 24991, 40915, 42633, 19237, 45656, 4168, 13180, 42725, 12507, 32533, 19878, 31878, 20260, 26858, 45523, 31935, 35853, 38005, 42153, 36121, 27106, 39053, 13008, 21993, 44774, 35800, 17859, 29119, 43792, 2793, 36371, 23045, 29358, 46185, 46112, 40094, 35395, 43666, 9700, 45550, 23196, 43352, 23587, 7258, 29744],[25008, 26716, 17216, 15528, 36947, 41751, 44162, 5119, 21071, -1, 43383, 20419, 36217, 2911, 44469, 38496, 15543, 19290, 23538, 23594, 37785, 7987, 41792, 1902, 40798, 17072, 34590, 32024, 32562, 33886, 27661, 20132, 27047, 45953, 12096, 32965, 7777, 45138, 43156, 28848, 11153, 44637, 20799, 43877, 23951, 18641, 42930, 44785, 31483, 22427, 29747, 1475, 42484, 29429, 11010, 10129, 19628, 34937, 20424, 30618],[20721, 41449, 22071, 33444, 44439, 43608, 35914, 14825, 33270, 43383, -1, 22148, 22200, 46292, 28233, 37949, 43222, 25419, 18569, 35623, 15425, 32187, 37794, 36457, 14307, 23427, 22819, 23701, 4211, 42752, 30130, 30067, 34980, 24980, 46207, 23187, 44012, 25800, 38143, 32904, 42200, 31869, 1986, 21533, 27045, 44288, 16629, 31537, 13495, 24160, 30948, 37762, 35189, 30947, 25150, 43917, 17553, 21449, 25239, 36692],[44906, 33167, 45886, 28608, 31940, 44933, 38739, 21658, 39832, 20419, 22148, -1, 35973, 32240, 29176, 45501, 34705, 19598, 41413, 15691, 7009, 39960, 42453, 27525, 24360, 37936, 44601, 28870, 41446, 34281, 45422, 41058, 45549, 42397, 36922, 32602, 45868, 46064, 3534, 44054, 27922, 45292, 39640, 38557, 37590, 42706, 18985, 42458, 9893, 30718, 24725, 15618, 34643, 4150, 22029, 30456, 11278, 31517, 32953, 24326],[33771, 30757, 32360, 38727, 45559, 16072, 45439, 45675, 23724, 36217, 22200, 35973, -1, 37632, 43595, 35269, 44334, 46079, 36961, 3865, 32312, 26770, 18191, 42003, 17803, 8589, 40983, 26825, 9156, 45972, 13522, 40341, 41879, 45527, 46214, 36218, 31209, 28187, 17424, 18280, 21982, 24974, 16822, 45496, 26456, 44149, 29579, 34625, 6241, 31452, 45073, 37785, 31196, 43995, 36197, 25183, 45696, 18880, 45562, 35080],[3430, 4029, 7613, 30863, 35422, 16531, 32720, 35931, 39588, 2911, 46292, 32240, 37632, -1, 33711, 36383, 35720, 45139, 44820, 26097, 26716, 26504, 14021, 19553, 23623, 45836, 41549, 30565, 22497, 39591, 15074, 27344, 39780, 25620, 23889, 35866, 28258, 27224, 35886, 32594, 39099, 43427, 18165, 37411, 43928, 27785, 29948, 45793, 40365, 26660, 23318, 10690, 38418, 40350, 10831, 34481, 43370, 41948, 26836, 27111],[40192, 36387, 34588, 27434, 20181, 30279, 23349, 18090, 20923, 44469, 28233, 29176, 43595, 33711, -1, 41977, 34719, 30800, 36997, 44910, 40103, 40966, 29732, 30019, 36215, 29903, 43237, 15588, 5132, 25763, 18876, 28794, 43575, 25617, 42188, 40344, 38279, 30410, 36884, 45918, 25376, 23658, 37920, 12191, 31026, 27332, 18932, 38596, 34154, 33758, 30085, 36484, 35703, 45562, 44238, 35215, 37505, 25836, 30105, 12989],[44551, 8862, 43833, 12487, 33456, 23438, 35270, 36302, 24991, 38496, 37949, 45501, 35269, 36383, 41977, -1, 21710, 37391, 35131, 13996, 42528, 35037, 27155, 44959, 21410, 36079, 46239, 33573, 38257, 46333, 28943, 23573, 21966, 31206, 25644, 41280, 28214, 36941, 41258, 36097, 23758, 27881, 42513, 24393, 44574, 40921, 28497, 43024, 45244, 12345, 44160, 23158, 34925, 45974, 43900, 42843, 45760, 23765, 11326, 34995],[45720, 44145, 34079, 34442, 36652, 29815, 43124, 43924, 40915, 15543, 43222, 34705, 44334, 35720, 34719, 21710, -1, 21087, 40971, 27419, 45513, 16797, 30447, 45145, 40000, 40325, 17407, 24952, 37333, 33538, 15731, 39846, 28543, 23849, 39950, 31787, 23658, 12628, 27406, 44033, 16512, 16323, 38357, 26003, 41206, 22325, 26677, 22258, 46156, 38753, 45660, 26651, 24636, 31905, 45042, 42394, 37070, 39192, 29114, 37818],[11218, 43460, 24642, 39087, 27784, 30641, 15698, 36678, 42633, 19290, 25419, 19598, 46079, 45139, 30800, 37391, 21087, -1, 23560, 40563, 37423, 40678, 31232, 33525, 30941, 21235, 32669, 25665, 39263, 44382, 37545, 31788, 13963, 28760, 34160, 40337, 35648, 25867, 33793, 21237, 42479, 43291, 13464, 32769, 37065, 34364, 37839, 20429, 32361, 33950, 33117, 43600, 44397, 43884, 35963, 13111, 26216, 20221, 36503, 13938],[39418, 44979, 14349, 9798, 30977, 31472, 37594, 18822, 19237, 23538, 18569, 41413, 36961, 44820, 36997, 35131, 40971, 23560, -1, 24075, 40953, 9565, 43338, 42598, 19473, 43519, 32263, 39545, 43796, 9975, 40541, 26591, 19566, 40889, 2974, 37936, 33666, 36564, 13365, 27113, 40936, 16807, 23060, 30316, 42263, 21088, 23495, 18544, 35799, 33740, 37313, 25586, 38290, 14562, 23946, 5745, 41790, 34480, 40949, 27873],[26703, 39166, 33635, 30265, 39989, 32895, 29594, 35256, 45656, 23594, 35623, 15691, 3865, 26097, 44910, 13996, 27419, 40563, 24075, -1, 45857, 8757, 13723, 35678, 37336, 43516, 30744, 38006, 42010, 30435, 36009, 23849, 22001, 18972, 36631, 32159, 38979, 44287, 22219, 40804, 45747, 39091, 21466, 38178, 39925, 10633, 16711, 9054, 33737, 29830, 29953, 7168, 23608, 13211, 6413, 31857, 19727, 42213, 24144, 39877],[5488, 9688, 44774, 31811, 10724, 29787, 40704, 36920, 4168, 37785, 15425, 7009, 32312, 26716, 40103, 42528, 45513, 37423, 40953, 45857, -1, 29923, 34744, 27803, 40005, 21856, 27577, 25604, 30213, 38082, 40759, 39571, 42655, 31080, 45087, 22111, 40231, 8989, 39564, 41721, 9564, 25916, 35460, 13459, 40630, 31983, 12894, 16238, 45270, 40350, 40725, 44089, 7342, 30703, 41941, 34749, 20708, 41402, 20732, 11214],[31136, 16303, 20940, 44892, 43708, 35432, 18918, 33178, 13180, 7987, 32187, 39960, 26770, 26504, 40966, 35037, 16797, 40678, 9565, 8757, 29923, -1, 43047, 23715, 41262, 39616, 45562, 15175, 44796, 32819, 35913, 45750, 36518, 17137, 45562, 44296, 41058, 40945, 25841, 13892, 42395, 7478, 21946, 32285, 21651, 37997, 28507, 20094, 7633, 43355, 16285, 26856, 36365, 15561, 24746, 39454, 40751, 18906, 39862, 39197],[27908, 18911, 41326, 15688, 40734, 23739, 35573, 33660, 42725, 41792, 37794, 42453, 18191, 14021, 29732, 27155, 30447, 31232, 43338, 13723, 34744, 43047, -1, 33666, 43531, 36262, 40910, 43232, 40972, 20129, 39884, 31612, 43420, 31983, 40445, 13261, 40607, 18524, 34270, 41257, 38343, 40630, 38093, 25085, 44776, 37684, 26509, 36952, 35225, 24156, 43179, 43811, 28464, 28677, 39060, 42517, 34342, 24248, 18033, 32869],[15941, 32496, 24781, 41477, 29440, 30023, 25798, 10831, 12507, 1902, 36457, 27525, 42003, 19553, 30019, 44959, 45145, 33525, 42598, 35678, 27803, 23715, 33666, -1, 36446, 12237, 36737, 23685, 41831, 25548, 13285, 34441, 32794, 32719, 45088, 35468, 38918, 33574, 13895, 23740, 32826, 42211, 42426, 33478, 35921, 28562, 38682, 18072, 25812, 33748, 42488, 6595, 39588, 39361, 30501, 4980, 35332, 13614, 38599, 38625],[36095, 33995, 43705, 40667, 36780, 28360, 23712, 16032, 32533, 40798, 14307, 24360, 17803, 23623, 36215, 21410, 40000, 30941, 19473, 37336, 40005, 41262, 43531, 36446, -1, 17909, 28410, 14636, 30460, 46181, 9083, 43549, 18738, 32827, 22486, 34089, 40668, 26103, 14137, 44499, 19166, 26041, 21646, 41659, 37483, 31861, 38112, 16096, 11940, 21262, 27863, 22426, 29427, 6863, 34297, 40854, 26475, 33785, 45095, 28600],[8084, 15841, 19401, 16298, 20972, 40263, 45937, 1927, 19878, 17072, 23427, 37936, 8589, 45836, 29903, 36079, 40325, 21235, 43519, 43516, 21856, 39616, 36262, 12237, 17909, -1, 17078, 38924, 24949, 37035, 45556, 5446, 39787, 30504, 29579, 34540, 38485, 36807, 23439, 24121, 33239, 5105, 46174, 36468, 18484, 20874, 26845, 36235, 45045, 43742, 42416, 22519, 45472, 33446, 23145, 42050, 44627, 29998, 37768, 38773],[34687, 35349, 28263, 37162, 25275, 2647, 31113, 41553, 31878, 34590, 22819, 44601, 40983, 41549, 43237, 46239, 17407, 32669, 32263, 30744, 27577, 45562, 40910, 36737, 28410, 17078, -1, 28364, 23525, 24244, 42916, 30490, 34230, 36665, 26530, 21475, 39926, 39584, 19429, 40865, 22895, 22734, 20310, 41111, 33553, 40351, 41965, 44913, 33252, 32107, 23931, 32854, 35276, 38033, 36510, 33150, 39736, 10775, 20799, 42621],[39131, 8894, 39934, 40997, 6331, 17936, 33147, 43620, 20260, 32024, 23701, 28870, 26825, 30565, 15588, 33573, 24952, 25665, 39545, 38006, 25604, 15175, 43232, 23685, 14636, 38924, 28364, -1, 9106, 33270, 30268, 41522, 43223, 15554, 29175, 6355, 6744, 31307, 36768, 45827, 20432, 35893, 39880, 40134, 44168, 17897, 29975, 17176, 24848, 28184, 38532, 32568, 45494, 31408, 25168, 37037, 35680, 16329, 43081, 34748],[35884, 29172, 10670, 44515, 40079, 21362, 33021, 29260, 26858, 32562, 4211, 41446, 9156, 22497, 5132, 38257, 37333, 39263, 43796, 42010, 30213, 44796, 40972, 41831, 30460, 24949, 23525, 9106, -1, 40633, 45011, 25311, 25237, 45262, 46301, 38563, 40026, 44951, 37413, 12788, 45226, 45434, 39443, 36996, 38219, 27543, 20247, 37202, 36548, 44012, 22003, 23487, 45010, 46230, 16522, 25115, 14147, 26908, 43331, 23647],[18868, 23350, 37979, 35822, 44708, 43075, 35042, 35842, 45523, 33886, 42752, 34281, 45972, 39591, 25763, 46333, 33538, 44382, 9975, 30435, 38082, 32819, 20129, 25548, 46181, 37035, 24244, 33270, 40633, -1, 42584, 45468, 22738, 31718, 41313, 6448, 43315, 28623, 22604, 42462, 36350, 43756, 34170, 4685, 29313, 19944, 42229, 27591, 35296, 14985, 42597, 35948, 31892, 44418, 33797, 15458, 31573, 39031, 43627, 21854],[40528, 29535, 34339, 18311, 40894, 26938, 45426, 45028, 31935, 27661, 30130, 45422, 13522, 15074, 18876, 28943, 15731, 37545, 40541, 36009, 40759, 35913, 39884, 13285, 9083, 45556, 42916, 30268, 45011, 42584, -1, 25291, 35938, 23371, 28420, 43479, 39380, 40401, 43293, 26845, 12185, 39049, 34085, 29061, 30618, 26682, 25060, 19579, 5150, 39742, 24206, 2266, 24519, 41130, 29994, 28808, 32584, 22363, 38181, 17672],[36306, 34055, 39797, 28981, 30609, 10544, 32640, 18450, 35853, 20132, 30067, 41058, 40341, 27344, 28794, 23573, 39846, 31788, 26591, 23849, 39571, 45750, 31612, 34441, 43549, 5446, 30490, 41522, 25311, 45468, 25291, -1, 42154, 18644, 1390, 21246, 40873, 26022, 10522, 25195, 19865, 42419, 31052, 40647, 41927, 10260, 28258, 42292, 45066, 30063, 41793, 40334, 42408, 45799, 22236, 40970, 28528, 44440, 34186, 44502],[39163, 30282, 9064, 40287, 37179, 23418, 14460, 21000, 38005, 27047, 34980, 45549, 41879, 39780, 43575, 21966, 28543, 13963, 19566, 22001, 42655, 36518, 43420, 32794, 18738, 39787, 34230, 43223, 25237, 22738, 35938, 42154, -1, 38253, 42218, 29588, 24888, 26532, 30775, 39591, 14018, 40770, 29846, 44040, 25236, 9435, 16543, 38601, 44371, 27618, 15060, 36257, 18924, 41823, 44835, 38027, 42112, 37779, 16200, 18512],[44984, 33627, 45617, 39913, 21171, 44036, 36093, 39532, 42153, 45953, 24980, 42397, 45527, 25620, 25617, 31206, 23849, 28760, 40889, 18972, 31080, 17137, 31983, 32719, 32827, 30504, 36665, 15554, 45262, 31718, 23371, 18644, 38253, -1, 28849, 28154, 29771, 37976, 37782, 45247, 12394, 15079, 38881, 32440, 32311, 36398, 38368, 21301, 14973, 45883, 27469, 35274, 46082, 42039, 22378, 30713, 46135, 39693, 43132, 17357],[11969, 34614, 17026, 38370, 32236, 34516, 18524, 33729, 36121, 12096, 46207, 36922, 46214, 23889, 42188, 25644, 39950, 34160, 2974, 36631, 45087, 45562, 40445, 45088, 22486, 29579, 26530, 29175, 46301, 41313, 28420, 1390, 42218, 28849, -1, 40860, 38099, 44211, 30209, 39761, 40407, 28448, 17845, 6286, 18446, 13617, 32412, 31090, 41028, 18755, 39284, 8341, 39026, 46332, 25417, 17263, 8916, 45244, 45963, 26912],[42646, 37935, 46318, 39571, 30837, 9701, 44710, 43713, 27106, 32965, 23187, 32602, 36218, 35866, 40344, 41280, 31787, 40337, 37936, 32159, 22111, 44296, 13261, 35468, 34089, 34540, 21475, 6355, 38563, 6448, 43479, 21246, 29588, 28154, 40860, -1, 44004, 37223, 41199, 14451, 9743, 29463, 13557, 39783, 3089, 27963, 22268, 32973, 37605, 37993, 31307, 27806, 44630, 31482, 23554, 16758, 25655, 28253, 31959, 15610],[36290, 39514, 23655, 46053, 37359, 24159, 22964, 24098, 39053, 7777, 44012, 45868, 31209, 28258, 38279, 28214, 23658, 35648, 33666, 38979, 40231, 41058, 40607, 38918, 40668, 38485, 39926, 6744, 40026, 43315, 39380, 40873, 24888, 29771, 38099, 44004, -1, 34258, 32786, 29238, 33031, 22184, 14468, 39906, 30361, 27841, 33968, 42623, 38669, 20286, 43871, 9649, 6308, 25390, 44426, 26835, 19272, 41182, 22925, 19651],[22052, 5665, 25787, 21740, 46219, 43312, 5931, 44996, 13008, 45138, 25800, 46064, 28187, 27224, 30410, 36941, 12628, 25867, 36564, 44287, 8989, 40945, 18524, 33574, 26103, 36807, 39584, 31307, 44951, 28623, 40401, 26022, 26532, 37976, 44211, 37223, 34258, -1, 45539, 38965, 31652, 24556, 26279, 25259, 16644, 37714, 38012, 36868, 29237, 43488, 27710, 44174, 31614, 34895, 33413, 41116, 41135, 35744, 42363, 15615],[24584, 31426, 44408, 19417, 35290, 37997, 10151, 34881, 21993, 43156, 38143, 3534, 17424, 35886, 36884, 41258, 27406, 33793, 13365, 22219, 39564, 25841, 34270, 13895, 14137, 23439, 19429, 36768, 37413, 22604, 43293, 10522, 30775, 37782, 30209, 41199, 32786, 45539, -1, 45223, 35326, 14863, 39465, 29540, 14441, 9109, 26983, 31009, 28538, 45265, 31513, 37169, 24734, 42479, 25986, 16616, 42552, 42399, 35189, 38171],[41002, 41916, 12694, 3378, 7507, 31543, 45190, 41362, 44774, 28848, 32904, 44054, 18280, 32594, 45918, 36097, 44033, 21237, 27113, 40804, 41721, 13892, 41257, 23740, 44499, 24121, 40865, 45827, 12788, 42462, 26845, 25195, 39591, 45247, 39761, 14451, 29238, 38965, 45223, -1, 33607, 36297, 36637, 33582, 18165, 33743, 44226, 41226, 8715, 19329, 43777, 33940, 34880, 18921, 31078, 28352, 34993, 37387, 41581, 41260],[38223, 42890, 42700, 30985, 45281, 10819, 45781, 13155, 35800, 11153, 42200, 27922, 21982, 39099, 25376, 23758, 16512, 42479, 40936, 45747, 9564, 42395, 38343, 32826, 19166, 33239, 22895, 20432, 45226, 36350, 12185, 19865, 14018, 12394, 40407, 9743, 33031, 31652, 35326, 33607, -1, 34723, 35568, 8822, 44895, 29869, 34611, 21445, 30042, 24044, 39542, 45020, 35903, 31988, 32439, 26625, 28561, 17717, 33584, 41786],[10442, 22914, 35703, 45232, 2926, 22923, 20395, 33086, 17859, 44637, 31869, 45292, 24974, 43427, 23658, 27881, 16323, 43291, 16807, 39091, 25916, 7478, 40630, 42211, 26041, 5105, 22734, 35893, 45434, 43756, 39049, 42419, 40770, 15079, 28448, 29463, 22184, 24556, 14863, 36297, 34723, -1, 22644, 18859, 10112, 16022, 40006, 18175, 9465, 42808, 35360, 30339, 21664, 14773, 40480, 36779, 35822, 11967, 8350, 29813],[14075, 33551, 28213, 18317, 38283, 28158, 33362, 41178, 29119, 20799, 1986, 39640, 16822, 18165, 37920, 42513, 38357, 13464, 23060, 21466, 35460, 21946, 38093, 42426, 21646, 46174, 20310, 39880, 39443, 34170, 34085, 31052, 29846, 38881, 17845, 13557, 14468, 26279, 39465, 36637, 35568, 22644, -1, 37739, 20845, 42046, 8847, 21605, 41381, 18374, 34859, 36343, 22005, 17255, 24530, 35226, 35935, 36450, 30109, 44831],[41808, 30144, 37043, 17292, 35479, 39690, 7613, 15331, 43792, 43877, 21533, 38557, 45496, 37411, 12191, 24393, 26003, 32769, 30316, 38178, 13459, 32285, 25085, 33478, 41659, 36468, 41111, 40134, 36996, 4685, 29061, 40647, 44040, 32440, 6286, 39783, 39906, 25259, 29540, 33582, 8822, 18859, 37739, -1, 21162, 41355, 28481, 22544, 33190, 20894, 11221, 26015, 20576, 36860, 7398, 14620, 40350, 35294, 23695, 10511],[8064, 44817, 16502, 27480, 13036, 40419, 34101, 41515, 2793, 23951, 27045, 37590, 26456, 43928, 31026, 44574, 41206, 37065, 42263, 39925, 40630, 21651, 44776, 35921, 37483, 18484, 33553, 44168, 38219, 29313, 30618, 41927, 25236, 32311, 18446, 3089, 30361, 16644, 14441, 18165, 44895, 10112, 20845, 21162, -1, 45104, 20365, 26953, 39534, 6582, 6833, 18217, 32684, 29839, 45586, 19892, 27465, 15790, 7230, 36013],[42647, 39918, 38284, 45100, 37160, 21898, 23794, 45641, 36371, 18641, 44288, 42706, 44149, 27785, 27332, 40921, 22325, 34364, 21088, 10633, 31983, 37997, 37684, 28562, 31861, 20874, 40351, 17897, 27543, 19944, 26682, 10260, 9435, 36398, 13617, 27963, 27841, 37714, 9109, 33743, 29869, 16022, 42046, 41355, 45104, -1, 39428, 34001, 32635, 25383, 17019, 44381, 42341, 31608, 42784, 37307, 33547, 37774, 29640, 43346],[40478, 23946, 40950, 28638, 13316, 29175, 31237, 28738, 23045, 42930, 16629, 18985, 29579, 29948, 18932, 28497, 26677, 37839, 23495, 16711, 12894, 28507, 26509, 38682, 38112, 26845, 41965, 29975, 20247, 42229, 25060, 28258, 16543, 38368, 32412, 22268, 33968, 38012, 26983, 44226, 34611, 40006, 8847, 28481, 20365, 39428, -1, 36328, 18219, 42476, 27350, 3578, 31248, 26782, 34582, 6687, 27586, 16752, 5371, 13466],[37964, 1799, 42052, 37918, 18647, 19490, 45226, 21528, 29358, 44785, 31537, 42458, 34625, 45793, 38596, 43024, 22258, 20429, 18544, 9054, 16238, 20094, 36952, 18072, 16096, 36235, 44913, 17176, 37202, 27591, 19579, 42292, 38601, 21301, 31090, 32973, 42623, 36868, 31009, 41226, 21445, 18175, 21605, 22544, 26953, 34001, 36328, -1, 40530, 39396, 39823, 21138, 29837, 37367, 30331, 26677, 28108, 28350, 33447, 38454],[38542, 41511, 45971, 36351, 17569, 26171, 20245, 35910, 46185, 31483, 13495, 9893, 6241, 40365, 34154, 45244, 46156, 32361, 35799, 33737, 45270, 7633, 35225, 25812, 11940, 45045, 33252, 24848, 36548, 35296, 5150, 45066, 44371, 14973, 41028, 37605, 38669, 29237, 28538, 8715, 30042, 9465, 41381, 33190, 39534, 32635, 18219, 40530, -1, 37918, 44923, 44643, 25406, 42330, 29021, 28300, 36316, 12088, 43803, 33936],[40527, 10439, 14485, 15240, 25865, 10541, 40930, 25997, 46112, 22427, 24160, 30718, 31452, 26660, 33758, 12345, 38753, 33950, 33740, 29830, 40350, 43355, 24156, 33748, 21262, 43742, 32107, 28184, 44012, 14985, 39742, 30063, 27618, 45883, 18755, 37993, 20286, 43488, 45265, 19329, 24044, 42808, 18374, 20894, 6582, 25383, 42476, 39396, 37918, -1, 29964, 45852, 6554, 13367, 25551, 34183, 16289, 29250, 27831, 30195],[37364, 15809, 23967, 44362, 28807, 27867, 42994, 34427, 40094, 29747, 30948, 24725, 45073, 23318, 30085, 44160, 45660, 33117, 37313, 29953, 40725, 16285, 43179, 42488, 27863, 42416, 23931, 38532, 22003, 42597, 24206, 41793, 15060, 27469, 39284, 31307, 43871, 27710, 31513, 43777, 39542, 35360, 34859, 11221, 6833, 17019, 27350, 39823, 44923, 29964, -1, 21095, 25273, 6964, 31750, 43375, 31585, 42731, 25295, 20111],[38024, 15085, 36607, 24730, 13698, 31908, 40403, 35703, 35395, 1475, 37762, 15618, 37785, 10690, 36484, 23158, 26651, 43600, 25586, 7168, 44089, 26856, 43811, 6595, 22426, 22519, 32854, 32568, 23487, 35948, 2266, 40334, 36257, 35274, 8341, 27806, 9649, 44174, 37169, 33940, 45020, 30339, 36343, 26015, 18217, 44381, 3578, 21138, 44643, 45852, 21095, -1, 44820, 43714, 31556, 44309, 17817, 31023, 19042, 37178],[29815, 9424, 27883, 39914, 27588, 31028, 21574, 26555, 43666, 42484, 35189, 34643, 31196, 38418, 35703, 34925, 24636, 44397, 38290, 23608, 7342, 36365, 28464, 39588, 29427, 45472, 35276, 45494, 45010, 31892, 24519, 42408, 18924, 46082, 39026, 44630, 6308, 31614, 24734, 34880, 35903, 21664, 22005, 20576, 32684, 42341, 31248, 29837, 25406, 6554, 25273, 44820, -1, 41328, 24944, 44078, 42910, 36892, 29019, 45783],[18541, 38730, 27758, 8820, 41159, 45936, 25822, 44439, 9700, 29429, 30947, 4150, 43995, 40350, 45562, 45974, 31905, 43884, 14562, 13211, 30703, 15561, 28677, 39361, 6863, 33446, 38033, 31408, 46230, 44418, 41130, 45799, 41823, 42039, 46332, 31482, 25390, 34895, 42479, 18921, 31988, 14773, 17255, 36860, 29839, 31608, 26782, 37367, 42330, 13367, 6964, 43714, 41328, -1, 45370, 36840, 41717, 37673, 34935, 42541],[25820, 33597, 46053, 18675, 30989, 16995, 1143, 33357, 45550, 11010, 25150, 22029, 36197, 10831, 44238, 43900, 45042, 35963, 23946, 6413, 41941, 24746, 39060, 30501, 34297, 23145, 36510, 25168, 16522, 33797, 29994, 22236, 44835, 22378, 25417, 23554, 44426, 33413, 25986, 31078, 32439, 40480, 24530, 7398, 45586, 42784, 34582, 30331, 29021, 25551, 31750, 31556, 24944, 45370, -1, 44958, 39950, 46203, 35921, 41374],[42582, 40658, 18252, 43885, 13427, 11575, 28553, 43077, 23196, 10129, 43917, 30456, 25183, 34481, 35215, 42843, 42394, 13111, 5745, 31857, 34749, 39454, 42517, 4980, 40854, 42050, 33150, 37037, 25115, 15458, 28808, 40970, 38027, 30713, 17263, 16758, 26835, 41116, 16616, 28352, 26625, 36779, 35226, 14620, 19892, 37307, 6687, 26677, 28300, 34183, 43375, 44309, 44078, 36840, 44958, -1, 34635, 11302, 22818, 37711],[11674, 39557, 37807, 33021, 26264, 45419, 39573, 27444, 43352, 19628, 17553, 11278, 45696, 43370, 37505, 45760, 37070, 26216, 41790, 19727, 20708, 40751, 34342, 35332, 26475, 44627, 39736, 35680, 14147, 31573, 32584, 28528, 42112, 46135, 8916, 25655, 19272, 41135, 42552, 34993, 28561, 35822, 35935, 40350, 27465, 33547, 27586, 28108, 36316, 16289, 31585, 17817, 42910, 41717, 39950, 34635, -1, 12431, 46177, 42709],[28648, 38832, 45497, 14825, 13400, 17832, 13339, 18582, 23587, 34937, 21449, 31517, 18880, 41948, 25836, 23765, 39192, 20221, 34480, 42213, 41402, 18906, 24248, 13614, 33785, 29998, 10775, 16329, 26908, 39031, 22363, 44440, 37779, 39693, 45244, 28253, 41182, 35744, 42399, 37387, 17717, 11967, 36450, 35294, 15790, 37774, 16752, 28350, 12088, 29250, 42731, 31023, 36892, 37673, 46203, 11302, 12431, -1, 38710, 43458],[17463, 37919, 28755, 30785, 5487, 38513, 44321, 46127, 7258, 20424, 25239, 32953, 45562, 26836, 30105, 11326, 29114, 36503, 40949, 24144, 20732, 39862, 18033, 38599, 45095, 37768, 20799, 43081, 43331, 43627, 38181, 34186, 16200, 43132, 45963, 31959, 22925, 42363, 35189, 41581, 33584, 8350, 30109, 23695, 7230, 29640, 5371, 33447, 43803, 27831, 25295, 19042, 29019, 34935, 35921, 22818, 46177, 38710, -1, 9183],[8558, 15630, 45905, 8272, 31098, 34935, 38063, 26357, 29744, 30618, 36692, 24326, 35080, 27111, 12989, 34995, 37818, 13938, 27873, 39877, 11214, 39197, 32869, 38625, 28600, 38773, 42621, 34748, 23647, 21854, 17672, 44502, 18512, 17357, 26912, 15610, 19651, 15615, 38171, 41260, 41786, 29813, 44831, 10511, 36013, 43346, 13466, 38454, 33936, 30195, 20111, 37178, 45783, 42541, 41374, 37711, 42709, 43458, 9183, -1]]