91
[[-1, 0, 21554, 0, 26836, 45406, 18670, 33106, 44679, 24278, 0, 20942, 26018, 33428, 46188, 38255, 41167, 0, 38996, 38860, 41224, 45294, 35356, 0, 37381, 33043, 23373, 0, 14288, 43945, 18465, 32301, 0, 44549, 0, 30918, 13691, 15520, 26349, 42066, 44050, 24040, 32776, 0, 0, 36087, 18161, 0, 45677, 0, 8900, 0, 17769, 0, 42217, 43848, 0, 0, 46235, 10663, 0, 0, 38987, 0, 0, 32539, 36437, 28474, 33290, 22344, 40647, 41356, 0, 0, 30530, 22316, 36549, 23123, 12112, 42897, 0, 41209, 38960, 32647, 0, 0, 21762, 0, 0, 0, 0],[0, -1, 35007, 17999, 0, 0, 0, 45971, 0, 36619, 43001, 0, 36650, 29343, 20437, 45783, 36733, 7705, 0, 14789, 22865, 0, 5559, 32694, 0, 29395, 0, 40116, 32343, 15289, 31906, 43665, 0, 35212, 0, 37186, 30296, 37025, 0, 19904, 0, 13106, 41716, 44773, 0, 13918, 28775, 19410, 41986, 38622, 0, 0, 40133, 21304, 15200, 30432, 40068, 0, 0, 0, 0, 41013, 12413, 23180, 21096, 36605, 16689, 44089, 0, 0, 43035, 16849, 0, 0, 20961, 46245, 25363, 41469, 40682, 0, 32263, 46239, 38205, 42546, 34337, 31261, 0, 0, 0, 0, 40409],[21554, 35007, -1, 23516, 37272, 35756, 28684, 16815, 0, 0, 31910, 39512, 44618, 10208, 25049, 43183, 21984, 0, 0, 42239, 0, 0, 24083, 25104, 41425, 9592, 33639, 15583, 28412, 40119, 0, 0, 40736, 27582, 9418, 37496, 0, 39914, 36493, 30994, 0, 0, 0, 43984, 31947, 29162, 19132, 45422, 33015, 33639, 44082, 22384, 35498, 34087, 0, 27374, 0, 31351, 11715, 31364, 0, 41184, 0, 0, 24259, 24419, 30954, 41727, 45767, 45188, 18694, 0, 38248, 0, 35348, 0, 11488, 0, 43787, 41535, 32943, 0, 0, 24326, 0, 32029, 26271, 38411, 39442, 0, 40154],[0, 17999, 23516, -1, 0, 38048, 33971, 39952, 6012, 0, 12109, 0, 41341, 33371, 33003, 38188, 33785, 3109, 0, 0, 20194, 30008, 19628, 25947, 0, 0, 37155, 29655, 25731, 38427, 28069, 0, 44508, 0, 32878, 0, 0, 25824, 0, 31181, 17304, 0, 25740, 37116, 0, 0, 0, 21439, 19347, 37760, 0, 0, 42382, 26483, 44944, 24309, 0, 0, 41600, 0, 0, 44459, 20569, 22309, 31217, 39961, 0, 0, 15111, 0, 0, 38916, 0, 46023, 0, 0, 36647, 43355, 0, 0, 43672, 41190, 0, 44428, 43850, 24339, 24246, 0, 31878, 12187, 0],[26836, 0, 37272, 0, -1, 37881, 0, 0, 32609, 31836, 32622, 30126, 46025, 36485, 37455, 0, 34420, 38205, 0, 44095, 18297, 39632, 19194, 0, 13181, 0, 37992, 0, 31520, 0, 0, 38247, 5960, 37742, 25080, 0, 0, 0, 33780, 0, 0, 22750, 38272, 29234, 45863, 0, 27633, 31682, 0, 33499, 33892, 0, 0, 0, 42829, 0, 41637, 0, 11123, 0, 0, 43736, 41661, 39178, 0, 24973, 10785, 21384, 46037, 18104, 36393, 33805, 0, 25088, 31867, 41903, 0, 18445, 22053, 43379, 41072, 27557, 22665, 21821, 19496, 0, 44607, 38740, 0, 46267, 0],[45406, 0, 35756, 38048, 37881, -1, 39986, 16722, 0, 37206, 14678, 16111, 0, 0, 45217, 28154, 34981, 0, 30432, 10388, 0, 42871, 44671, 13731, 0, 42731, 0, 29475, 0, 0, 0, 0, 0, 0, 34808, 25408, 0, 29656, 27543, 0, 0, 41154, 0, 39533, 43600, 39979, 6582, 30257, 27527, 0, 0, 0, 41079, 35112, 45260, 46108, 39094, 26358, 31163, 0, 0, 39770, 37794, 33030, 44371, 0, 40751, 0, 40546, 0, 0, 0, 45931, 32718, 5195, 43692, 10724, 43713, 20918, 31807, 43992, 31077, 41681, 41468, 34096, 0, 26152, 0, 0, 22194, 37296],[18670, 0, 28684, 33971, 0, 39986, -1, 0, 0, 40915, 41591, 41306, 34274, 16775, 0, 27580, 40121, 44281, 42260, 18744, 0, 7956, 0, 36257, 6722, 17363, 42024, 42549, 38962, 5292, 0, 34519, 0, 43199, 36035, 30341, 0, 22067, 30464, 0, 0, 0, 40419, 42757, 0, 35009, 29406, 46325, 0, 36653, 0, 31798, 0, 0, 0, 22173, 30199, 35484, 41644, 0, 0, 15721, 44283, 0, 9242, 21362, 34830, 42247, 0, 0, 29595, 26292, 20724, 45737, 24458, 20090, 24099, 44440, 42237, 39975, 0, 0, 16830, 40576, 34799, 35551, 42856, 35975, 12306, 0, 42842],[33106, 45971, 16815, 39952, 0, 16722, 0, -1, 24680, 0, 38507, 20688, 0, 34213, 12248, 0, 29233, 20422, 42635, 43795, 35287, 0, 35709, 45481, 0, 24766, 36745, 32590, 0, 0, 13665, 29979, 13178, 30609, 32739, 29854, 32876, 37000, 37023, 42545, 31481, 21130, 0, 18155, 42530, 20526, 38013, 0, 19301, 39725, 0, 31736, 0, 16287, 0, 42029, 44690, 0, 23225, 20485, 42710, 0, 0, 0, 0, 0, 28811, 43411, 16049, 14062, 28396, 33534, 0, 0, 39960, 43932, 39850, 33507, 0, 0, 0, 45535, 24054, 19736, 44460, 31371, 0, 15039, 0, 14456, 18970],[44679, 0, 0, 6012, 32609, 0, 0, 24680, -1, 0, 0, 40169, 12764, 0, 35110, 28636, 0, 0, 27482, 42302, 0, 24169, 22667, 0, 0, 35743, 27726, 19411, 0, 0, 33283, 45217, 0, 0, 43188, 28967, 0, 45072, 0, 41823, 21404, 0, 0, 41214, 24084, 32787, 0, 0, 28667, 0, 36457, 11197, 0, 0, 8551, 9316, 0, 4122, 25900, 43118, 16294, 31820, 45072, 43885, 22827, 0, 33594, 43523, 28915, 0, 0, 0, 25735, 40678, 21847, 44284, 0, 41641, 0, 33853, 0, 40254, 0, 0, 39876, 37014, 0, 0, 37258, 0, 46128],[24278, 36619, 0, 0, 31836, 37206, 40915, 0, 0, -1, 0, 0, 33488, 0, 6919, 33877, 33563, 35003, 28420, 0, 39970, 0, 27463, 0, 0, 41395, 11146, 0, 34484, 36440, 0, 38974, 42997, 26553, 0, 30095, 26905, 14939, 0, 9459, 22526, 0, 38586, 0, 0, 43593, 45297, 0, 0, 37572, 29389, 34751, 0, 0, 39476, 44343, 41599, 19435, 42349, 26445, 0, 36632, 21436, 43511, 40572, 0, 32323, 17522, 0, 21911, 0, 21594, 14225, 40875, 43353, 40519, 34380, 0, 0, 43703, 0, 26460, 0, 36507, 19773, 33824, 0, 36578, 46301, 42125, 18031],[0, 43001, 31910, 12109, 32622, 14678, 41591, 38507, 0, 0, -1, 37504, 0, 0, 31737, 34379, 0, 44314, 24895, 38258, 20173, 0, 45212, 28845, 21376, 21559, 17316, 0, 40178, 26772, 43256, 31583, 39137, 45709, 23019, 0, 14778, 36489, 44674, 0, 0, 31995, 0, 0, 42919, 24836, 17464, 12745, 31451, 19109, 41018, 9191, 0, 33828, 0, 17368, 0, 0, 43823, 24018, 45144, 29185, 33242, 41477, 33949, 26616, 37979, 35255, 40417, 0, 32355, 20627, 24206, 31426, 34572, 9919, 0, 38696, 36141, 40963, 14020, 23849, 19209, 40224, 0, 27236, 0, 46069, 38310, 26466, 45427],[20942, 0, 39512, 0, 30126, 16111, 41306, 20688, 40169, 0, 37504, -1, 15812, 0, 45856, 7980, 11982, 0, 37495, 38649, 19598, 46041, 40796, 0, 0, 0, 45835, 18023, 44263, 18042, 29155, 0, 34253, 30270, 0, 28433, 43531, 0, 0, 16307, 24911, 9965, 7137, 0, 28575, 0, 0, 14681, 20660, 27816, 45498, 45625, 2425, 40293, 0, 0, 19075, 16543, 22313, 0, 0, 29659, 0, 0, 35282, 0, 0, 0, 23107, 0, 26913, 29853, 24926, 0, 0, 30255, 44752, 0, 0, 33241, 0, 28436, 39716, 0, 35783, 0, 0, 0, 39755, 0, 40108],[26018, 36650, 44618, 41341, 46025, 0, 34274, 0, 12764, 33488, 0, 15812, -1, 35416, 24213, 41038, 21602, 0, 27134, 19370, 25839, 36133, 0, 41452, 0, 42296, 0, 0, 22958, 0, 6513, 0, 45856, 27508, 0, 0, 26473, 0, 13522, 37313, 0, 0, 41243, 0, 18290, 0, 22081, 29133, 18494, 36790, 0, 0, 0, 0, 14194, 12292, 0, 41081, 0, 28052, 0, 0, 30932, 0, 42345, 40395, 41937, 26130, 0, 0, 0, 20275, 34473, 34487, 19414, 28880, 39511, 25291, 37302, 43993, 0, 40674, 41887, 36744, 35606, 43398, 26028, 0, 38108, 25245, 0],[33428, 29343, 10208, 33371, 36485, 0, 16775, 34213, 0, 0, 0, 0, 35416, -1, 0, 32953, 24226, 31997, 33258, 26254, 37938, 21994, 43322, 41333, 12802, 0, 7881, 13758, 23724, 0, 39987, 45002, 21818, 0, 15055, 35022, 0, 0, 41204, 0, 42741, 39836, 35096, 0, 0, 38410, 39910, 0, 25931, 25905, 34997, 44767, 0, 0, 0, 43366, 0, 24772, 6583, 15090, 0, 37447, 36455, 32673, 0, 0, 37447, 3781, 39719, 21843, 0, 13540, 0, 0, 23630, 39188, 15864, 0, 28631, 3892, 11415, 0, 0, 23689, 28970, 12077, 30512, 0, 45644, 0, 45708],[46188, 20437, 25049, 33003, 37455, 45217, 0, 12248, 35110, 6919, 31737, 45856, 24213, 0, -1, 0, 40609, 24054, 44358, 39721, 37462, 23160, 15561, 44980, 45067, 0, 0, 0, 0, 0, 0, 18191, 28334, 44388, 36679, 33910, 12661, 7511, 32593, 19559, 42033, 31081, 35975, 27155, 37628, 24350, 14245, 44712, 0, 18088, 0, 19141, 0, 23375, 34714, 43095, 42988, 41158, 0, 36127, 0, 0, 29056, 40055, 0, 41985, 0, 0, 42067, 0, 26871, 43248, 0, 20002, 8111, 29906, 44201, 0, 34628, 0, 0, 0, 0, 0, 0, 36667, 30584, 0, 28645, 44079, 12369],[38255, 45783, 43183, 38188, 0, 28154, 27580, 0, 28636, 33877, 34379, 7980, 41038, 32953, 0, -1, 42577, 44877, 39913, 29348, 37305, 0, 0, 28323, 30872, 33138, 0, 26917, 0, 44089, 22620, 0, 32754, 24750, 45229, 11807, 0, 0, 23680, 0, 9535, 46220, 0, 31479, 41876, 27183, 42208, 0, 39053, 0, 13590, 37502, 30078, 0, 39349, 41916, 26681, 0, 43070, 35876, 33460, 38303, 32366, 32688, 33372, 39440, 10198, 0, 37462, 0, 42919, 11440, 26376, 23675, 38636, 0, 0, 44504, 0, 21372, 34033, 42136, 0, 0, 41105, 36012, 0, 42753, 36406, 0, 0],[41167, 36733, 21984, 33785, 34420, 34981, 40121, 29233, 0, 33563, 0, 11982, 21602, 24226, 40609, 42577, -1, 19180, 0, 15625, 36718, 0, 29679, 31375, 41934, 39302, 28277, 0, 0, 30180, 20991, 0, 0, 34146, 27643, 37681, 19448, 0, 0, 25418, 0, 34416, 0, 0, 31092, 0, 41745, 0, 41011, 23674, 0, 30714, 0, 0, 0, 29259, 22455, 38193, 0, 0, 0, 21491, 7773, 21781, 17167, 27473, 37454, 14270, 0, 31759, 42599, 21189, 33818, 39142, 25483, 5298, 33149, 38483, 0, 37880, 37666, 34323, 0, 0, 44110, 40390, 33924, 29668, 0, 23822, 22719],[0, 7705, 0, 3109, 38205, 0, 44281, 20422, 0, 35003, 44314, 0, 0, 31997, 24054, 44877, 19180, -1, 0, 0, 39604, 22613, 5456, 0, 39995, 44302, 27718, 23351, 3461, 44287, 0, 0, 17195, 0, 6065, 0, 33089, 0, 0, 0, 43917, 44144, 36702, 18268, 0, 0, 0, 0, 0, 19337, 40870, 21101, 41425, 0, 23320, 36654, 0, 0, 31364, 0, 44744, 0, 0, 0, 29577, 21131, 39304, 9546, 34755, 0, 36080, 44298, 28131, 33728, 6962, 0, 45512, 30289, 25482, 13425, 7272, 0, 25370, 35369, 35702, 0, 31328, 27899, 0, 45593, 30565],[38996, 0, 0, 0, 0, 30432, 42260, 42635, 27482, 28420, 24895, 37495, 27134, 33258, 44358, 39913, 0, 0, -1, 26054, 26453, 20025, 0, 0, 13378, 0, 0, 0, 0, 26605, 0, 0, 29629, 22425, 3056, 35206, 43524, 0, 46108, 29095, 0, 0, 0, 46074, 0, 34903, 40622, 0, 13597, 44180, 36169, 18346, 38054, 3197, 0, 20223, 37243, 0, 28658, 36702, 0, 18871, 15282, 38117, 0, 0, 20324, 0, 19863, 0, 39838, 13378, 23895, 0, 0, 0, 34407, 43873, 0, 8071, 0, 31094, 18017, 0, 0, 0, 37407, 34103, 0, 25616, 33113],[38860, 14789, 42239, 0, 44095, 10388, 18744, 43795, 42302, 0, 38258, 38649, 19370, 26254, 39721, 29348, 15625, 0, 26054, -1, 30748, 32188, 46094, 24293, 31781, 34324, 0, 45615, 27283, 0, 0, 25120, 35040, 32696, 31876, 39831, 21443, 43098, 35822, 15392, 46043, 0, 45058, 0, 32001, 43282, 0, 36762, 30890, 36016, 20790, 0, 36259, 42935, 0, 0, 0, 27432, 0, 0, 45809, 20896, 24822, 0, 39427, 43185, 0, 0, 41753, 0, 0, 0, 38851, 38251, 40390, 17461, 34061, 45438, 41344, 45535, 45445, 42234, 0, 42901, 0, 42596, 27902, 11092, 30702, 0, 16900],[41224, 22865, 0, 20194, 18297, 0, 0, 35287, 0, 39970, 20173, 19598, 25839, 37938, 37462, 37305, 36718, 39604, 26453, 30748, -1, 27561, 27593, 0, 30606, 38988, 45910, 41008, 37330, 29250, 39758, 0, 39621, 11278, 46217, 35593, 45075, 19535, 34351, 29074, 45907, 22812, 10431, 39476, 39027, 6356, 0, 37309, 0, 43664, 0, 0, 36562, 39207, 0, 41215, 24315, 0, 40952, 31998, 0, 0, 0, 0, 0, 0, 40971, 0, 26749, 0, 0, 0, 19367, 0, 26138, 0, 32110, 19539, 0, 37633, 33131, 45197, 35154, 0, 22641, 45746, 29285, 0, 40314, 44562, 0],[45294, 0, 0, 30008, 39632, 42871, 7956, 0, 24169, 0, 0, 46041, 36133, 21994, 23160, 0, 0, 22613, 20025, 32188, 27561, -1, 33098, 18021, 12524, 31642, 39889, 27430, 0, 34024, 36872, 0, 33390, 26657, 0, 15072, 38778, 46314, 0, 40058, 29814, 29997, 42427, 0, 22581, 23329, 0, 35802, 32527, 28892, 0, 0, 42351, 0, 21137, 32643, 42978, 35908, 0, 41901, 22053, 28659, 0, 0, 32970, 0, 36738, 17172, 23530, 32231, 0, 12660, 43214, 34288, 16109, 14326, 36798, 0, 0, 0, 31719, 13849, 30861, 40258, 19657, 0, 0, 18250, 0, 0, 19929],[35356, 5559, 24083, 19628, 19194, 44671, 0, 35709, 22667, 27463, 45212, 40796, 0, 43322, 15561, 0, 29679, 5456, 0, 46094, 27593, 33098, -1, 19994, 40106, 14574, 12017, 0, 0, 32339, 35609, 0, 40688, 34070, 0, 25733, 0, 22422, 44235, 44441, 44155, 23612, 0, 42691, 0, 0, 0, 42424, 14026, 44218, 27214, 25710, 46196, 8847, 18442, 30468, 35669, 0, 40345, 0, 42811, 0, 24518, 39948, 17009, 41035, 45352, 0, 27183, 29215, 42936, 41199, 0, 33729, 6237, 41406, 42767, 0, 0, 22610, 0, 0, 36358, 0, 19393, 24496, 42489, 40366, 0, 0, 21048],[0, 32694, 25104, 25947, 0, 13731, 36257, 45481, 0, 0, 28845, 0, 41452, 41333, 44980, 28323, 31375, 0, 0, 24293, 0, 18021, 19994, -1, 0, 34088, 0, 23978, 20351, 0, 28640, 45487, 0, 0, 0, 37577, 20030, 17164, 0, 35870, 14502, 0, 25740, 0, 43387, 0, 26818, 0, 40790, 0, 42030, 10825, 0, 0, 44599, 25133, 0, 30838, 4672, 0, 8293, 21172, 31997, 0, 17906, 23981, 0, 42307, 7983, 0, 13591, 32816, 0, 0, 0, 35414, 45428, 13454, 31315, 39738, 40302, 0, 0, 19817, 37803, 6826, 26471, 45866, 0, 14319, 34183],[37381, 0, 41425, 0, 13181, 0, 6722, 0, 0, 0, 21376, 0, 0, 12802, 45067, 30872, 41934, 39995, 13378, 31781, 30606, 12524, 40106, 0, -1, 45700, 0, 0, 46123, 45874, 0, 11496, 38760, 28574, 28108, 0, 12912, 0, 0, 25134, 0, 16900, 24865, 35214, 10301, 0, 0, 39638, 0, 30547, 21382, 0, 20707, 0, 0, 0, 39299, 15805, 14927, 26208, 1940, 34100, 0, 0, 0, 36953, 12651, 40552, 0, 0, 30227, 44743, 19821, 0, 0, 20017, 37677, 0, 39207, 30511, 0, 0, 46105, 42019, 0, 16719, 0, 43498, 43335, 15618, 0],[33043, 29395, 9592, 0, 0, 42731, 17363, 24766, 35743, 41395, 21559, 0, 42296, 0, 0, 33138, 39302, 44302, 0, 34324, 38988, 31642, 14574, 34088, 45700, -1, 38915, 37570, 14255, 39741, 0, 28073, 0, 5277, 0, 0, 18215, 33129, 0, 35170, 40453, 0, 0, 0, 27562, 0, 0, 24954, 0, 0, 0, 0, 0, 38613, 32884, 0, 42441, 0, 32632, 41358, 19545, 0, 31284, 5058, 43775, 0, 25431, 31095, 20706, 11882, 0, 30099, 0, 16806, 0, 17076, 0, 34559, 4141, 34490, 0, 0, 31828, 32613, 27426, 38593, 24579, 0, 0, 12679, 20606],[23373, 0, 33639, 37155, 37992, 0, 42024, 36745, 27726, 11146, 17316, 45835, 0, 7881, 0, 0, 28277, 27718, 0, 0, 45910, 39889, 12017, 0, 0, 38915, -1, 27056, 23599, 0, 0, 26178, 0, 34534, 29723, 30213, 0, 22158, 26940, 0, 23935, 25246, 0, 0, 41461, 34624, 44950, 0, 16988, 28549, 23473, 0, 35773, 28225, 43293, 33328, 23662, 0, 33047, 38473, 21132, 35552, 34396, 37161, 37654, 0, 0, 35703, 43139, 37970, 0, 40448, 10810, 39766, 31190, 45736, 34317, 21805, 11157, 46281, 0, 0, 43500, 42246, 29907, 31029, 0, 0, 0, 34740, 0],[0, 40116, 15583, 29655, 0, 29475, 42549, 32590, 19411, 0, 0, 18023, 0, 13758, 0, 26917, 0, 23351, 0, 45615, 41008, 27430, 0, 23978, 0, 37570, 27056, -1, 15664, 0, 23722, 21976, 0, 0, 0, 36464, 0, 18260, 0, 35491, 0, 33166, 12056, 0, 34572, 36936, 41072, 0, 31913, 43104, 27142, 19991, 20821, 21027, 46119, 24242, 14228, 0, 40445, 22253, 41674, 0, 36453, 10427, 40311, 30203, 0, 21075, 34047, 35267, 23907, 44957, 38295, 33987, 0, 41593, 0, 45200, 16841, 25831, 21587, 20981, 0, 41412, 42718, 18722, 36221, 34078, 39101, 26978, 0],[14288, 32343, 28412, 25731, 31520, 0, 38962, 0, 0, 34484, 40178, 44263, 22958, 23724, 0, 0, 0, 3461, 0, 27283, 37330, 0, 0, 20351, 46123, 14255, 23599, 15664, -1, 41280, 25253, 16317, 45559, 27313, 5842, 35313, 41577, 30232, 45455, 19003, 0, 14036, 8028, 30350, 27295, 0, 0, 32571, 23620, 0, 19816, 0, 28196, 37571, 15540, 0, 20291, 0, 44583, 0, 0, 28101, 17840, 40326, 23002, 39544, 27661, 34185, 29695, 34512, 0, 0, 0, 0, 36155, 0, 0, 0, 0, 0, 0, 42090, 0, 23855, 17294, 0, 45499, 43062, 37832, 24163, 36454],[43945, 15289, 40119, 38427, 0, 0, 5292, 0, 0, 36440, 26772, 18042, 0, 0, 0, 44089, 30180, 44287, 26605, 0, 29250, 34024, 32339, 0, 45874, 39741, 0, 0, 41280, -1, 0, 22998, 11103, 20271, 42224, 12621, 4303, 35263, 5588, 44420, 44329, 10921, 40808, 39366, 0, 0, 0, 0, 28715, 0, 0, 43799, 0, 13297, 0, 43925, 13197, 10359, 34127, 42460, 37017, 0, 19855, 24045, 33377, 39284, 34398, 0, 0, 21952, 33290, 12885, 37249, 43837, 36074, 19037, 11548, 0, 25215, 34057, 4978, 0, 0, 0, 45697, 0, 24251, 10163, 0, 0, 38083],[18465, 31906, 0, 28069, 0, 0, 0, 13665, 33283, 0, 43256, 29155, 6513, 39987, 0, 22620, 20991, 0, 0, 0, 39758, 36872, 35609, 28640, 0, 0, 0, 23722, 25253, 0, -1, 12646, 0, 0, 0, 43971, 34544, 31821, 16077, 46142, 33814, 17927, 0, 35258, 26529, 32658, 24970, 0, 7584, 19286, 0, 27386, 44044, 27709, 0, 32412, 0, 0, 39538, 36749, 29008, 20512, 21531, 0, 30185, 0, 32748, 25058, 0, 34361, 42506, 0, 35559, 0, 45549, 0, 0, 38053, 31296, 0, 41128, 36878, 43606, 41233, 43641, 31022, 20499, 34145, 44040, 24984, 0],[32301, 43665, 0, 0, 38247, 0, 34519, 29979, 45217, 38974, 31583, 0, 0, 45002, 18191, 0, 0, 0, 0, 25120, 0, 0, 0, 45487, 11496, 28073, 26178, 21976, 16317, 22998, 12646, -1, 0, 40577, 30542, 29196, 0, 31637, 43446, 22021, 18201, 0, 0, 44646, 39645, 17565, 21512, 35898, 11657, 0, 37421, 31741, 23889, 37463, 42132, 24140, 42666, 40687, 32036, 0, 24094, 0, 35178, 37833, 9560, 29437, 33887, 20381, 44501, 0, 21570, 17694, 27797, 36927, 0, 34267, 13016, 44558, 42785, 38184, 0, 31758, 0, 43346, 37202, 35797, 0, 0, 15451, 36543, 26104],[0, 0, 40736, 44508, 5960, 0, 0, 13178, 0, 42997, 39137, 34253, 45856, 21818, 28334, 32754, 0, 17195, 29629, 35040, 39621, 33390, 40688, 0, 38760, 0, 0, 0, 45559, 11103, 0, 0, -1, 0, 30925, 22621, 0, 42030, 0, 42355, 0, 38872, 24824, 42321, 38292, 13316, 42359, 20922, 34720, 0, 0, 26201, 26254, 25136, 0, 44327, 27286, 33190, 42151, 22423, 0, 4078, 30856, 0, 31192, 0, 41359, 3915, 31461, 19908, 0, 40040, 20813, 19311, 0, 18627, 24839, 0, 38339, 0, 37398, 0, 0, 29564, 32701, 0, 21770, 14742, 19605, 37174, 0],[44549, 35212, 27582, 0, 37742, 0, 43199, 30609, 0, 26553, 45709, 30270, 27508, 0, 44388, 24750, 34146, 0, 22425, 32696, 11278, 26657, 34070, 0, 28574, 5277, 34534, 0, 27313, 20271, 0, 40577, 0, -1, 0, 37997, 29454, 43308, 0, 42183, 45069, 0, 0, 30688, 45373, 19492, 40416, 0, 26710, 32590, 37862, 0, 0, 45756, 0, 32617, 0, 23489, 31953, 0, 41793, 14234, 0, 0, 0, 0, 0, 37751, 37603, 20119, 34749, 43752, 41323, 0, 14314, 0, 14122, 0, 19940, 19186, 20810, 0, 31745, 0, 18762, 23698, 30504, 0, 21449, 24738, 0],[0, 0, 9418, 32878, 25080, 34808, 36035, 32739, 43188, 0, 23019, 0, 0, 15055, 36679, 45229, 27643, 6065, 3056, 31876, 46217, 0, 0, 0, 28108, 0, 29723, 0, 5842, 42224, 0, 30542, 30925, 0, -1, 19358, 0, 38316, 36832, 0, 0, 33146, 0, 0, 23034, 13639, 41103, 0, 0, 0, 45271, 0, 9941, 27456, 44388, 0, 0, 45651, 0, 0, 37733, 43105, 26181, 19327, 20126, 44495, 39160, 0, 0, 5400, 32230, 41545, 9469, 34584, 0, 46335, 0, 0, 0, 0, 24287, 18848, 32742, 28868, 42217, 29472, 46175, 22514, 42175, 41052, 29318],[30918, 37186, 37496, 0, 0, 25408, 30341, 29854, 28967, 30095, 0, 28433, 0, 35022, 33910, 11807, 37681, 0, 35206, 39831, 35593, 15072, 25733, 37577, 0, 0, 30213, 36464, 35313, 12621, 43971, 29196, 22621, 37997, 19358, -1, 0, 0, 0, 32014, 41123, 0, 39549, 43709, 0, 26099, 0, 16667, 14573, 44399, 0, 19580, 0, 0, 11208, 40970, 39517, 0, 0, 0, 12501, 37061, 37252, 0, 26321, 0, 6240, 29905, 19799, 13059, 41878, 38340, 0, 38395, 0, 0, 44442, 0, 21648, 37677, 0, 43494, 26696, 45370, 35404, 35048, 18016, 0, 39597, 0, 25229],[13691, 30296, 0, 0, 0, 0, 0, 32876, 0, 26905, 14778, 43531, 26473, 0, 12661, 0, 19448, 33089, 43524, 21443, 45075, 38778, 0, 20030, 12912, 18215, 0, 0, 41577, 4303, 34544, 0, 0, 29454, 0, 0, -1, 46080, 13937, 40100, 7699, 38095, 34769, 24411, 29868, 25233, 19607, 27133, 0, 39864, 0, 32261, 28473, 37539, 0, 20717, 27657, 0, 30553, 21223, 35210, 0, 32924, 41768, 16303, 30868, 0, 36048, 0, 17648, 28552, 41488, 0, 0, 22550, 39959, 26725, 45593, 0, 8009, 27178, 38204, 0, 0, 29271, 9510, 4383, 38670, 23602, 40261, 35700],[15520, 37025, 39914, 25824, 0, 29656, 22067, 37000, 45072, 14939, 36489, 0, 0, 0, 7511, 0, 0, 0, 0, 43098, 19535, 46314, 22422, 17164, 0, 33129, 22158, 18260, 30232, 35263, 31821, 31637, 42030, 43308, 38316, 0, 46080, -1, 24015, 0, 35644, 46136, 18783, 43612, 38103, 0, 19039, 40989, 0, 40060, 40747, 0, 32826, 26072, 39345, 39268, 22031, 29433, 44313, 0, 0, 0, 26315, 0, 42309, 44584, 27064, 29776, 36022, 0, 15460, 0, 41833, 0, 4049, 16854, 30296, 0, 10119, 33057, 12552, 0, 22897, 18295, 0, 22837, 24833, 25769, 0, 0, 0],[26349, 0, 36493, 0, 33780, 27543, 30464, 37023, 0, 0, 44674, 0, 13522, 41204, 32593, 23680, 0, 0, 46108, 35822, 34351, 0, 44235, 0, 0, 0, 26940, 0, 45455, 5588, 16077, 43446, 0, 0, 36832, 0, 13937, 24015, -1, 43506, 0, 24339, 10220, 28536, 0, 0, 11660, 0, 45636, 0, 43562, 16991, 0, 16350, 36011, 44592, 26554, 35555, 0, 22771, 29734, 0, 28043, 0, 21710, 14067, 27290, 0, 42943, 0, 29562, 17950, 0, 0, 0, 0, 36622, 37917, 40335, 38658, 41087, 38103, 44254, 0, 22568, 36310, 8242, 0, 0, 0, 38858],[42066, 19904, 30994, 31181, 0, 0, 0, 42545, 41823, 9459, 0, 16307, 37313, 0, 19559, 0, 25418, 0, 29095, 15392, 29074, 40058, 44441, 35870, 25134, 35170, 0, 35491, 19003, 44420, 46142, 22021, 42355, 42183, 0, 32014, 40100, 0, 43506, -1, 44525, 33990, 0, 45773, 25169, 0, 18769, 41128, 0, 0, 29107, 23074, 40715, 37822, 35357, 33538, 41895, 13065, 19166, 39930, 34329, 33404, 36823, 38358, 46111, 0, 0, 34532, 40768, 40737, 41785, 25909, 33146, 8678, 20091, 28427, 0, 0, 0, 35267, 8802, 0, 30596, 45387, 38986, 0, 22849, 37195, 0, 44610, 9669],[44050, 0, 0, 17304, 0, 0, 0, 31481, 21404, 22526, 0, 24911, 0, 42741, 42033, 9535, 0, 43917, 0, 46043, 45907, 29814, 44155, 14502, 0, 40453, 23935, 0, 0, 44329, 33814, 18201, 0, 45069, 0, 41123, 7699, 35644, 0, 44525, -1, 23901, 30512, 24719, 0, 0, 0, 0, 15806, 43902, 37675, 45713, 13641, 32125, 36620, 35951, 0, 34189, 0, 31161, 41493, 33886, 38114, 0, 0, 34587, 43624, 10456, 0, 21575, 22167, 19599, 12037, 29531, 0, 20426, 0, 0, 0, 15257, 30071, 10066, 26641, 7430, 13691, 0, 42103, 35960, 0, 43919, 10819],[24040, 13106, 0, 0, 22750, 41154, 0, 21130, 0, 0, 31995, 9965, 0, 39836, 31081, 46220, 34416, 44144, 0, 0, 22812, 29997, 23612, 0, 16900, 0, 25246, 33166, 14036, 10921, 17927, 0, 38872, 0, 33146, 0, 38095, 46136, 24339, 33990, 23901, -1, 31197, 7319, 37021, 33062, 0, 19816, 0, 18890, 42272, 40100, 0, 15363, 28857, 24294, 29767, 30559, 0, 37107, 26290, 17539, 0, 41031, 34205, 0, 0, 27765, 9169, 45095, 39908, 0, 7297, 0, 0, 0, 18280, 0, 38346, 0, 35438, 43276, 30062, 0, 42416, 45464, 43083, 0, 43169, 0, 45715],[32776, 41716, 0, 25740, 38272, 0, 40419, 0, 0, 38586, 0, 7137, 41243, 35096, 35975, 0, 0, 36702, 0, 45058, 10431, 42427, 0, 25740, 24865, 0, 0, 12056, 8028, 40808, 0, 0, 24824, 0, 0, 39549, 34769, 18783, 10220, 0, 30512, 31197, -1, 27841, 31836, 41066, 32596, 0, 29592, 8332, 0, 0, 41639, 45154, 15209, 43764, 26659, 19481, 8026, 37493, 0, 34525, 0, 35601, 41988, 7073, 34661, 14170, 40137, 41204, 19056, 41860, 28052, 36779, 0, 0, 38329, 8217, 0, 0, 0, 36362, 7045, 32062, 0, 0, 36155, 33346, 14984, 0, 0],[0, 44773, 43984, 37116, 29234, 39533, 42757, 18155, 41214, 0, 0, 0, 0, 0, 27155, 31479, 0, 18268, 46074, 0, 39476, 0, 42691, 0, 35214, 0, 0, 0, 30350, 39366, 35258, 44646, 42321, 30688, 0, 43709, 24411, 43612, 28536, 45773, 24719, 7319, 27841, -1, 29482, 43780, 33278, 0, 0, 33684, 0, 0, 34681, 27664, 38896, 23750, 0, 0, 45019, 38932, 25273, 25971, 27863, 30639, 44078, 26721, 20303, 12535, 45813, 0, 29424, 21539, 23149, 38728, 41276, 29842, 20069, 33965, 45151, 36531, 10894, 0, 17286, 44825, 21730, 29069, 10258, 0, 0, 32979, 37291],[0, 0, 31947, 0, 45863, 43600, 0, 42530, 24084, 0, 42919, 28575, 18290, 0, 37628, 41876, 31092, 0, 0, 32001, 39027, 22581, 0, 43387, 10301, 27562, 41461, 34572, 27295, 0, 26529, 39645, 38292, 45373, 23034, 0, 29868, 38103, 0, 25169, 0, 37021, 31836, 29482, -1, 41430, 27391, 45233, 0, 16383, 21934, 0, 11603, 43176, 0, 17668, 0, 43138, 0, 0, 41190, 18598, 0, 0, 20103, 0, 32191, 16940, 15477, 27349, 2683, 12483, 23395, 45095, 8875, 44930, 0, 35580, 0, 0, 31744, 0, 41451, 22797, 24101, 0, 27023, 44364, 21054, 18526, 34508],[36087, 13918, 29162, 0, 0, 39979, 35009, 20526, 32787, 43593, 24836, 0, 0, 38410, 24350, 27183, 0, 0, 34903, 43282, 6356, 23329, 0, 0, 0, 0, 34624, 36936, 0, 0, 32658, 17565, 13316, 19492, 13639, 26099, 25233, 0, 0, 0, 0, 33062, 41066, 43780, 41430, -1, 43438, 0, 43166, 0, 0, 44400, 22957, 0, 44276, 36876, 0, 15936, 18985, 4463, 12471, 13960, 28611, 42724, 0, 22525, 0, 0, 4075, 0, 29382, 20556, 39172, 29436, 33413, 38949, 37995, 0, 25267, 26158, 28626, 43547, 28225, 15005, 25135, 0, 20826, 43935, 26726, 39752, 0],[18161, 28775, 19132, 0, 27633, 6582, 29406, 38013, 0, 45297, 17464, 0, 22081, 39910, 14245, 42208, 41745, 0, 40622, 0, 0, 0, 0, 26818, 0, 0, 44950, 41072, 0, 0, 24970, 21512, 42359, 40416, 41103, 0, 19607, 19039, 11660, 18769, 0, 0, 32596, 33278, 27391, 43438, -1, 39564, 0, 6444, 16934, 37618, 36790, 0, 0, 8075, 37091, 45931, 36276, 0, 0, 35025, 0, 24851, 44754, 0, 12669, 0, 33428, 32001, 21743, 0, 0, 25075, 0, 43512, 29058, 39253, 20722, 0, 33570, 37082, 36181, 43094, 0, 25485, 0, 0, 39483, 16035, 39381],[0, 19410, 45422, 21439, 31682, 30257, 46325, 0, 0, 0, 12745, 14681, 29133, 0, 44712, 0, 0, 0, 0, 36762, 37309, 35802, 42424, 0, 39638, 24954, 0, 0, 32571, 0, 0, 35898, 20922, 0, 0, 16667, 27133, 40989, 0, 41128, 0, 19816, 0, 0, 45233, 0, 39564, -1, 0, 36006, 0, 42627, 5718, 35357, 43508, 45939, 33711, 13903, 35852, 0, 24323, 37411, 43630, 28919, 25468, 36838, 10329, 14695, 0, 0, 0, 44414, 0, 32713, 25091, 46112, 0, 16932, 23234, 14586, 39759, 7358, 0, 45392, 27270, 20573, 0, 33103, 0, 0, 39698],[45677, 41986, 33015, 19347, 0, 27527, 0, 19301, 28667, 0, 31451, 20660, 18494, 25931, 0, 39053, 41011, 0, 13597, 30890, 0, 32527, 14026, 40790, 0, 0, 16988, 31913, 23620, 28715, 7584, 11657, 34720, 26710, 0, 14573, 0, 0, 45636, 0, 15806, 0, 29592, 0, 0, 43166, 0, 0, -1, 38581, 29094, 25195, 0, 35361, 26344, 16968, 0, 20059, 0, 40601, 44964, 0, 0, 25572, 44636, 43428, 14924, 0, 0, 38520, 0, 43494, 42379, 0, 43563, 25383, 4081, 0, 21674, 0, 6603, 0, 27182, 30038, 29813, 25054, 33820, 26762, 0, 39709, 23541],[0, 38622, 33639, 37760, 33499, 0, 36653, 39725, 0, 37572, 19109, 27816, 36790, 25905, 18088, 0, 23674, 19337, 44180, 36016, 43664, 28892, 44218, 0, 30547, 0, 28549, 43104, 0, 0, 19286, 0, 0, 32590, 0, 44399, 39864, 40060, 0, 0, 43902, 18890, 8332, 33684, 16383, 0, 6444, 36006, 38581, -1, 24752, 33723, 0, 43413, 18711, 25676, 0, 0, 38805, 35033, 27142, 37964, 38829, 0, 18540, 39358, 26814, 31704, 0, 0, 44858, 42420, 34215, 0, 18520, 35935, 0, 35741, 7830, 31779, 28784, 0, 45807, 24998, 36832, 22905, 43526, 0, 0, 0, 22324],[8900, 0, 44082, 0, 33892, 0, 0, 0, 36457, 29389, 41018, 45498, 0, 34997, 0, 13590, 0, 40870, 36169, 20790, 0, 0, 27214, 42030, 21382, 0, 23473, 27142, 19816, 0, 0, 37421, 0, 37862, 45271, 0, 0, 40747, 43562, 29107, 37675, 42272, 0, 0, 21934, 0, 16934, 0, 29094, 24752, -1, 45410, 20578, 26883, 41613, 0, 0, 28147, 0, 0, 46203, 10791, 0, 37768, 37436, 42976, 0, 0, 27013, 30182, 20540, 30243, 0, 34961, 30340, 0, 43771, 44052, 0, 0, 0, 38102, 30318, 27947, 27656, 0, 0, 41595, 10891, 30829, 28594],[0, 0, 22384, 0, 0, 0, 31798, 31736, 11197, 34751, 9191, 45625, 0, 44767, 19141, 37502, 30714, 21101, 18346, 0, 0, 0, 25710, 10825, 0, 0, 0, 19991, 0, 43799, 27386, 31741, 26201, 0, 0, 19580, 32261, 0, 16991, 23074, 45713, 40100, 0, 0, 0, 44400, 37618, 42627, 25195, 33723, 45410, -1, 21026, 0, 0, 36270, 10147, 34185, 25970, 0, 41237, 0, 0, 0, 0, 32273, 44380, 19592, 42752, 15282, 44033, 0, 0, 34265, 0, 32922, 0, 35609, 0, 0, 34091, 40166, 13877, 25983, 46110, 21269, 0, 26784, 0, 39299, 0],[17769, 40133, 35498, 42382, 0, 41079, 0, 0, 0, 0, 0, 2425, 0, 0, 0, 30078, 0, 41425, 38054, 36259, 36562, 42351, 46196, 0, 20707, 0, 35773, 20821, 28196, 0, 44044, 23889, 26254, 0, 9941, 0, 28473, 32826, 0, 40715, 13641, 0, 41639, 34681, 11603, 22957, 36790, 5718, 0, 0, 20578, 21026, -1, 0, 0, 19422, 0, 18448, 27230, 31781, 0, 25601, 24573, 9260, 31707, 20351, 42595, 42379, 30631, 0, 34364, 26838, 42300, 39612, 40918, 0, 0, 45746, 30933, 0, 26630, 0, 5792, 0, 32956, 0, 24854, 0, 45078, 0, 34189],[0, 21304, 34087, 26483, 0, 35112, 0, 16287, 0, 0, 33828, 40293, 0, 0, 23375, 0, 0, 0, 3197, 42935, 39207, 0, 8847, 0, 0, 38613, 28225, 21027, 37571, 13297, 27709, 37463, 25136, 45756, 27456, 0, 37539, 26072, 16350, 37822, 32125, 15363, 45154, 27664, 43176, 0, 0, 35357, 35361, 43413, 26883, 0, 0, -1, 28345, 14451, 24616, 0, 34444, 0, 33382, 20672, 0, 20051, 30727, 42387, 0, 0, 27444, 0, 0, 41691, 27615, 18591, 33646, 0, 40385, 42281, 0, 0, 39533, 0, 3087, 45236, 0, 0, 44467, 21145, 20833, 30020, 45738],[42217, 15200, 0, 44944, 42829, 45260, 0, 0, 8551, 39476, 0, 0, 14194, 0, 34714, 39349, 0, 23320, 0, 0, 0, 21137, 18442, 44599, 0, 32884, 43293, 46119, 15540, 0, 0, 42132, 0, 0, 44388, 11208, 0, 39345, 36011, 35357, 36620, 28857, 15209, 38896, 0, 44276, 0, 43508, 26344, 18711, 41613, 0, 0, 28345, -1, 0, 0, 0, 19572, 32468, 0, 45923, 14180, 25847, 0, 44617, 35875, 28266, 13418, 0, 0, 45987, 46249, 24732, 37580, 34407, 30771, 28327, 42348, 0, 31850, 27996, 0, 42547, 28439, 0, 29276, 0, 44056, 46110, 0],[43848, 30432, 27374, 24309, 0, 46108, 22173, 42029, 9316, 44343, 17368, 0, 12292, 43366, 43095, 41916, 29259, 36654, 20223, 0, 41215, 32643, 30468, 25133, 0, 0, 33328, 24242, 0, 43925, 32412, 24140, 44327, 32617, 0, 40970, 20717, 39268, 44592, 33538, 35951, 24294, 43764, 23750, 17668, 36876, 8075, 45939, 16968, 25676, 0, 36270, 19422, 14451, 0, -1, 43710, 0, 0, 41000, 31623, 38754, 41852, 31813, 4256, 0, 20745, 0, 0, 0, 38203, 37118, 31809, 0, 12944, 0, 0, 0, 0, 33655, 0, 0, 30118, 0, 0, 42772, 0, 29350, 29619, 0, 0],[0, 40068, 0, 0, 41637, 39094, 30199, 44690, 0, 41599, 0, 19075, 0, 0, 42988, 26681, 22455, 0, 37243, 0, 24315, 42978, 35669, 0, 39299, 42441, 23662, 14228, 20291, 13197, 0, 42666, 27286, 0, 0, 39517, 27657, 22031, 26554, 41895, 0, 29767, 26659, 0, 0, 0, 37091, 33711, 0, 0, 0, 10147, 0, 24616, 0, 43710, -1, 38870, 43653, 11335, 0, 38732, 42016, 0, 31377, 11408, 34166, 41944, 36852, 0, 16865, 0, 0, 32715, 31462, 40327, 0, 16234, 38101, 36238, 39136, 45948, 0, 28723, 42378, 35967, 40345, 18830, 36773, 37169, 0],[0, 0, 31351, 0, 0, 26358, 35484, 0, 4122, 19435, 0, 16543, 41081, 24772, 41158, 0, 38193, 0, 0, 27432, 0, 35908, 0, 30838, 15805, 0, 0, 0, 0, 10359, 0, 40687, 33190, 23489, 45651, 0, 0, 29433, 35555, 13065, 34189, 30559, 19481, 0, 43138, 15936, 45931, 13903, 20059, 0, 28147, 34185, 18448, 0, 0, 0, 38870, -1, 39908, 0, 0, 22759, 35904, 21262, 0, 6662, 22516, 42842, 0, 0, 40676, 26768, 7618, 0, 12959, 25970, 27141, 0, 40267, 43874, 26918, 0, 0, 40050, 32650, 33212, 0, 31653, 22193, 24432, 0],[46235, 0, 11715, 41600, 11123, 31163, 41644, 23225, 25900, 42349, 43823, 22313, 0, 6583, 0, 43070, 0, 31364, 28658, 0, 40952, 0, 40345, 4672, 14927, 32632, 33047, 40445, 44583, 34127, 39538, 32036, 42151, 31953, 0, 0, 30553, 44313, 0, 19166, 0, 0, 8026, 45019, 0, 18985, 36276, 35852, 0, 38805, 0, 25970, 27230, 34444, 19572, 0, 43653, 39908, -1, 19684, 42556, 37980, 0, 33535, 0, 20077, 15510, 37927, 40404, 45694, 12557, 17641, 0, 0, 28994, 27842, 21100, 43450, 0, 46183, 0, 6237, 32473, 42687, 34681, 0, 25083, 21721, 43803, 19835, 40856],[10663, 0, 31364, 0, 0, 0, 0, 20485, 43118, 26445, 24018, 0, 28052, 15090, 36127, 35876, 0, 0, 36702, 0, 31998, 41901, 0, 0, 26208, 41358, 38473, 22253, 0, 42460, 36749, 0, 22423, 0, 0, 0, 21223, 0, 22771, 39930, 31161, 37107, 37493, 38932, 0, 4463, 0, 0, 40601, 35033, 0, 0, 31781, 0, 32468, 41000, 11335, 0, 19684, -1, 0, 42678, 25996, 31732, 40569, 29630, 0, 27510, 33755, 42433, 36895, 11501, 25742, 41852, 44166, 30254, 41245, 26904, 0, 42092, 41506, 0, 28991, 33209, 46079, 43510, 0, 25027, 45766, 41122, 29771],[0, 0, 0, 0, 0, 0, 0, 42710, 16294, 0, 45144, 0, 0, 0, 0, 33460, 0, 44744, 0, 45809, 0, 22053, 42811, 8293, 1940, 19545, 21132, 41674, 0, 37017, 29008, 24094, 0, 41793, 37733, 12501, 35210, 0, 29734, 34329, 41493, 26290, 0, 25273, 41190, 12471, 0, 24323, 44964, 27142, 46203, 41237, 0, 33382, 0, 31623, 0, 0, 42556, 0, -1, 35749, 15935, 5625, 0, 0, 43426, 20369, 0, 0, 0, 0, 41579, 22536, 21934, 0, 28492, 30628, 0, 35284, 22396, 36063, 0, 0, 0, 12488, 0, 26322, 26756, 29007, 37480],[0, 41013, 41184, 44459, 43736, 39770, 15721, 0, 31820, 36632, 29185, 29659, 0, 37447, 0, 38303, 21491, 0, 18871, 20896, 0, 28659, 0, 21172, 34100, 0, 35552, 0, 28101, 0, 20512, 0, 4078, 14234, 43105, 37061, 0, 0, 0, 33404, 33886, 17539, 34525, 25971, 18598, 13960, 35025, 37411, 0, 37964, 10791, 0, 25601, 20672, 45923, 38754, 38732, 22759, 37980, 42678, 35749, -1, 17724, 26181, 5801, 0, 44450, 0, 26396, 45943, 42386, 29905, 0, 0, 27413, 0, 21023, 19477, 40376, 36002, 0, 16594, 14908, 0, 13479, 0, 18970, 16919, 0, 20153, 29869],[38987, 12413, 0, 20569, 41661, 37794, 44283, 0, 45072, 21436, 33242, 0, 30932, 36455, 29056, 32366, 7773, 0, 15282, 24822, 0, 0, 24518, 31997, 0, 31284, 34396, 36453, 17840, 19855, 21531, 35178, 30856, 0, 26181, 37252, 32924, 26315, 28043, 36823, 38114, 0, 0, 27863, 0, 28611, 0, 43630, 0, 38829, 0, 0, 24573, 0, 14180, 41852, 42016, 35904, 0, 25996, 15935, 17724, -1, 0, 42053, 44757, 28845, 31341, 42888, 27727, 25940, 0, 0, 43644, 18704, 41672, 30593, 4436, 23813, 0, 44412, 25941, 0, 0, 0, 39910, 0, 0, 0, 17282, 0],[0, 23180, 0, 22309, 39178, 33030, 0, 0, 43885, 43511, 41477, 0, 0, 32673, 40055, 32688, 21781, 0, 38117, 0, 0, 0, 39948, 0, 0, 5058, 37161, 10427, 40326, 24045, 0, 37833, 0, 0, 19327, 0, 41768, 0, 0, 38358, 0, 41031, 35601, 30639, 0, 42724, 24851, 28919, 25572, 0, 37768, 0, 9260, 20051, 25847, 31813, 0, 21262, 33535, 31732, 5625, 26181, 0, -1, 0, 0, 0, 23006, 0, 19042, 44955, 21004, 40098, 20309, 41209, 24863, 0, 22865, 3435, 41900, 0, 40732, 27701, 11271, 0, 27832, 26369, 32194, 30813, 0, 32151],[0, 21096, 24259, 31217, 0, 44371, 9242, 0, 22827, 40572, 33949, 35282, 42345, 0, 0, 33372, 17167, 29577, 0, 39427, 0, 32970, 17009, 17906, 0, 43775, 37654, 40311, 23002, 33377, 30185, 9560, 31192, 0, 20126, 26321, 16303, 42309, 21710, 46111, 0, 34205, 41988, 44078, 20103, 0, 44754, 25468, 44636, 18540, 37436, 0, 31707, 30727, 0, 4256, 31377, 0, 0, 40569, 0, 5801, 42053, 0, -1, 0, 34836, 0, 40448, 22288, 33602, 35510, 24755, 13709, 15468, 32042, 35748, 20420, 0, 0, 0, 0, 42729, 0, 0, 20045, 0, 20186, 39850, 40999, 19495],[32539, 36605, 24419, 39961, 24973, 0, 21362, 0, 0, 0, 26616, 0, 40395, 0, 41985, 39440, 27473, 21131, 0, 43185, 0, 0, 41035, 23981, 36953, 0, 0, 30203, 39544, 39284, 0, 29437, 0, 0, 44495, 0, 30868, 44584, 14067, 0, 34587, 0, 7073, 26721, 0, 22525, 0, 36838, 43428, 39358, 42976, 32273, 20351, 42387, 44617, 0, 11408, 6662, 20077, 29630, 0, 0, 44757, 0, 0, -1, 0, 33791, 29306, 45025, 0, 24718, 16442, 18568, 0, 0, 41225, 25497, 0, 45277, 45526, 40919, 0, 0, 45930, 38568, 29669, 0, 0, 46142, 32391],[36437, 16689, 30954, 0, 10785, 40751, 34830, 28811, 33594, 32323, 37979, 0, 41937, 37447, 0, 10198, 37454, 39304, 20324, 0, 40971, 36738, 45352, 0, 12651, 25431, 0, 0, 27661, 34398, 32748, 33887, 41359, 0, 39160, 6240, 0, 27064, 27290, 0, 43624, 0, 34661, 20303, 32191, 0, 12669, 10329, 14924, 26814, 0, 44380, 42595, 0, 35875, 20745, 34166, 22516, 15510, 0, 43426, 44450, 28845, 0, 34836, 0, -1, 23762, 0, 0, 27810, 0, 42846, 0, 11704, 30342, 0, 38259, 44698, 7146, 0, 28999, 39360, 22133, 35048, 15337, 41100, 23966, 45621, 32327, 37801],[28474, 44089, 41727, 0, 21384, 0, 42247, 43411, 43523, 17522, 35255, 0, 26130, 3781, 0, 0, 14270, 9546, 0, 0, 0, 17172, 0, 42307, 40552, 31095, 35703, 21075, 34185, 0, 25058, 20381, 3915, 37751, 0, 29905, 36048, 29776, 0, 34532, 10456, 27765, 14170, 12535, 16940, 0, 0, 14695, 0, 31704, 0, 19592, 42379, 0, 28266, 0, 41944, 42842, 37927, 27510, 20369, 0, 31341, 23006, 0, 33791, 23762, -1, 33644, 2064, 32765, 0, 12481, 22846, 0, 0, 0, 0, 0, 0, 35245, 35824, 42521, 0, 10189, 28525, 21312, 16519, 33287, 21147, 40301],[33290, 0, 45767, 15111, 46037, 40546, 0, 16049, 28915, 0, 40417, 23107, 0, 39719, 42067, 37462, 0, 34755, 19863, 41753, 26749, 23530, 27183, 7983, 0, 20706, 43139, 34047, 29695, 0, 0, 44501, 31461, 37603, 0, 19799, 0, 36022, 42943, 40768, 0, 9169, 40137, 45813, 15477, 4075, 33428, 0, 0, 0, 27013, 42752, 30631, 27444, 13418, 0, 36852, 0, 40404, 33755, 0, 26396, 42888, 0, 40448, 29306, 0, 33644, -1, 36027, 19546, 44214, 29278, 0, 17393, 0, 0, 0, 29036, 0, 45796, 37708, 39381, 6787, 44403, 30966, 0, 18772, 42234, 24923, 33930],[22344, 0, 45188, 0, 18104, 0, 0, 14062, 0, 21911, 0, 0, 0, 21843, 0, 0, 31759, 0, 0, 0, 0, 32231, 29215, 0, 0, 11882, 37970, 35267, 34512, 21952, 34361, 0, 19908, 20119, 5400, 13059, 17648, 0, 0, 40737, 21575, 45095, 41204, 0, 27349, 0, 32001, 0, 38520, 0, 30182, 15282, 0, 0, 0, 0, 0, 0, 45694, 42433, 0, 45943, 27727, 19042, 22288, 45025, 0, 2064, 36027, -1, 41868, 40807, 0, 0, 0, 0, 24294, 32472, 10293, 0, 32677, 0, 0, 27798, 21069, 32573, 36345, 32219, 27499, 31349, 0],[40647, 43035, 18694, 0, 36393, 0, 29595, 28396, 0, 0, 32355, 26913, 0, 0, 26871, 42919, 42599, 36080, 39838, 0, 0, 0, 42936, 13591, 30227, 0, 0, 23907, 0, 33290, 42506, 21570, 0, 34749, 32230, 41878, 28552, 15460, 29562, 41785, 22167, 39908, 19056, 29424, 2683, 29382, 21743, 0, 0, 44858, 20540, 44033, 34364, 0, 0, 38203, 16865, 40676, 12557, 36895, 0, 42386, 25940, 44955, 33602, 0, 27810, 32765, 19546, 41868, -1, 0, 8757, 34603, 1651, 44984, 36954, 24808, 22194, 21544, 44428, 20639, 29604, 16277, 46000, 39905, 4289, 23813, 0, 0, 44148],[41356, 16849, 0, 38916, 33805, 0, 26292, 33534, 0, 21594, 20627, 29853, 20275, 13540, 43248, 11440, 21189, 44298, 13378, 0, 0, 12660, 41199, 32816, 44743, 30099, 40448, 44957, 0, 12885, 0, 17694, 40040, 43752, 41545, 38340, 41488, 0, 17950, 25909, 19599, 0, 41860, 21539, 12483, 20556, 0, 44414, 43494, 42420, 30243, 0, 26838, 41691, 45987, 37118, 0, 26768, 17641, 11501, 0, 29905, 0, 21004, 35510, 24718, 0, 0, 44214, 40807, 0, -1, 44708, 19819, 33190, 30464, 0, 13460, 0, 23180, 0, 6091, 35683, 0, 26848, 45602, 0, 30168, 12270, 33502, 0],[0, 0, 38248, 0, 0, 45931, 20724, 0, 25735, 14225, 24206, 24926, 34473, 0, 0, 26376, 33818, 28131, 23895, 38851, 19367, 43214, 0, 0, 19821, 0, 10810, 38295, 0, 37249, 35559, 27797, 20813, 41323, 9469, 0, 0, 41833, 0, 33146, 12037, 7297, 28052, 23149, 23395, 39172, 0, 0, 42379, 34215, 0, 0, 42300, 27615, 46249, 31809, 0, 7618, 0, 25742, 41579, 0, 0, 40098, 24755, 16442, 42846, 12481, 29278, 0, 8757, 44708, -1, 0, 26431, 28542, 0, 13264, 17125, 0, 0, 19588, 31379, 42399, 0, 0, 36763, 26941, 23948, 43703, 27029],[0, 0, 0, 46023, 25088, 32718, 45737, 0, 40678, 40875, 31426, 0, 34487, 0, 20002, 23675, 39142, 33728, 0, 38251, 0, 34288, 33729, 0, 0, 16806, 39766, 33987, 0, 43837, 0, 36927, 19311, 0, 34584, 38395, 0, 0, 0, 8678, 29531, 0, 36779, 38728, 45095, 29436, 25075, 32713, 0, 0, 34961, 34265, 39612, 18591, 24732, 0, 32715, 0, 0, 41852, 22536, 0, 43644, 20309, 13709, 18568, 0, 22846, 0, 0, 34603, 19819, 0, -1, 31687, 0, 0, 45832, 23380, 29213, 42722, 22497, 20050, 0, 38903, 26934, 0, 12057, 0, 0, 44999],[30530, 20961, 35348, 0, 31867, 5195, 24458, 39960, 21847, 43353, 34572, 0, 19414, 23630, 8111, 38636, 25483, 6962, 0, 40390, 26138, 16109, 6237, 0, 0, 0, 31190, 0, 36155, 36074, 45549, 0, 0, 14314, 0, 0, 22550, 4049, 0, 20091, 0, 0, 0, 41276, 8875, 33413, 0, 25091, 43563, 18520, 30340, 0, 40918, 33646, 37580, 12944, 31462, 12959, 28994, 44166, 21934, 27413, 18704, 41209, 15468, 0, 11704, 0, 17393, 0, 1651, 33190, 26431, 31687, -1, 2552, 24586, 38221, 21245, 44742, 10519, 0, 36374, 22361, 45975, 14301, 45224, 23426, 0, 10944, 30423],[22316, 46245, 0, 0, 41903, 43692, 20090, 43932, 44284, 40519, 9919, 30255, 28880, 39188, 29906, 0, 5298, 0, 0, 17461, 0, 14326, 41406, 35414, 20017, 17076, 45736, 41593, 0, 19037, 0, 34267, 18627, 0, 46335, 0, 39959, 16854, 0, 28427, 20426, 0, 0, 29842, 44930, 38949, 43512, 46112, 25383, 35935, 0, 32922, 0, 0, 34407, 0, 40327, 25970, 27842, 30254, 0, 0, 41672, 24863, 32042, 0, 30342, 0, 0, 0, 44984, 30464, 28542, 0, 2552, -1, 30076, 0, 25670, 37731, 0, 29109, 42353, 40740, 19348, 26590, 0, 41652, 22492, 23503, 19669],[36549, 25363, 11488, 36647, 0, 10724, 24099, 39850, 0, 34380, 0, 44752, 39511, 15864, 44201, 0, 33149, 45512, 34407, 34061, 32110, 36798, 42767, 45428, 37677, 0, 34317, 0, 0, 11548, 0, 13016, 24839, 14122, 0, 44442, 26725, 30296, 36622, 0, 0, 18280, 38329, 20069, 0, 37995, 29058, 0, 4081, 0, 43771, 0, 0, 40385, 30771, 0, 0, 27141, 21100, 41245, 28492, 21023, 30593, 0, 35748, 41225, 0, 0, 0, 24294, 36954, 0, 0, 0, 24586, 30076, -1, 27481, 0, 39325, 45020, 0, 0, 0, 7044, 0, 0, 0, 26756, 0, 12279],[23123, 41469, 0, 43355, 18445, 43713, 44440, 33507, 41641, 0, 38696, 0, 25291, 0, 0, 44504, 38483, 30289, 43873, 45438, 19539, 0, 0, 13454, 0, 34559, 21805, 45200, 0, 0, 38053, 44558, 0, 0, 0, 0, 45593, 0, 37917, 0, 0, 0, 8217, 33965, 35580, 0, 39253, 16932, 0, 35741, 44052, 35609, 45746, 42281, 28327, 0, 16234, 0, 43450, 26904, 30628,