39
[[-1, 36995, 43470, 0, 36560, 25149, 0, 31714, 33960, 16021, 0, 34418, 25684, 45107, 0, 0, 0, 0, 41818, 39152, 2960, 0, 0, 13827, 40398, 29156, 0, 45978, 41732, 0, 40153, 11251, 44404, 43877, 28285, 31903, 0, 13791, 42887],[36995, -1, 29152, 33854, 0, 44740, 0, 22447, 38854, 33542, 42113, 30155, 0, 27354, 0, 35986, 0, 29981, 32648, 39627, 33030, 0, 30826, 0, 26272, 42757, 0, 17327, 0, 45497, 0, 0, 21661, 34321, 34487, 42694, 10124, 0, 45227],[43470, 29152, -1, 0, 45388, 35683, 46029, 39509, 36283, 10566, 44281, 16579, 22432, 40069, 22307, 32476, 12538, 0, 0, 40426, 0, 14138, 39591, 22627, 0, 33094, 45753, 16473, 32884, 7769, 45909, 0, 42069, 0, 37048, 46203, 0, 0, 0],[0, 33854, 0, -1, 42192, 0, 13439, 39115, 0, 36249, 27463, 21943, 6731, 0, 10232, 0, 695, 0, 0, 43373, 41790, 31562, 29964, 18011, 0, 0, 0, 0, 0, 38841, 23713, 25632, 0, 0, 38671, 43147, 26438, 34450, 0],[36560, 0, 45388, 42192, -1, 8159, 0, 32778, 26724, 35458, 0, 0, 10691, 0, 0, 33009, 26785, 41520, 30495, 0, 46320, 40222, 44060, 0, 34655, 0, 33784, 40564, 42007, 39162, 0, 40703, 3300, 32597, 44762, 0, 44613, 17840, 35494],[25149, 44740, 35683, 0, 8159, -1, 41920, 45874, 34584, 0, 0, 10264, 0, 0, 29136, 0, 18745, 0, 0, 42843, 0, 32585, 0, 23740, 40596, 43702, 20220, 28671, 41013, 0, 34681, 25020, 22684, 31441, 0, 0, 0, 0, 0],[0, 0, 46029, 13439, 0, 41920, -1, 45531, 0, 45412, 42046, 0, 46082, 36497, 38056, 45653, 13075, 29848, 46003, 0, 0, 0, 0, 0, 45383, 0, 34910, 0, 0, 0, 0, 43162, 0, 0, 42946, 0, 0, 41044, 0],[31714, 22447, 39509, 39115, 32778, 45874, 45531, -1, 0, 40686, 0, 34194, 45574, 12429, 37548, 7649, 0, 34893, 25385, 31891, 0, 0, 16849, 0, 0, 0, 37266, 0, 44593, 36802, 33583, 33268, 0, 0, 0, 17546, 37107, 0, 0],[33960, 38854, 36283, 0, 26724, 34584, 0, 0, -1, 0, 23729, 0, 33514, 33170, 38635, 43821, 0, 23521, 39725, 44506, 27092, 0, 0, 22363, 15709, 45983, 35203, 43965, 6927, 35799, 0, 38934, 34266, 38690, 44694, 37111, 20152, 16302, 0],[16021, 33542, 10566, 36249, 35458, 0, 45412, 40686, 0, -1, 44883, 0, 27855, 0, 0, 28545, 0, 0, 32107, 37749, 40502, 0, 45723, 38343, 30974, 25962, 22629, 0, 45717, 34915, 0, 40688, 10201, 20097, 27761, 44316, 0, 0, 29343],[0, 42113, 44281, 27463, 0, 0, 42046, 0, 23729, 44883, -1, 43790, 13372, 32952, 0, 46103, 0, 45522, 0, 34772, 0, 29005, 38200, 38136, 37021, 21504, 0, 42330, 33351, 0, 23492, 0, 17613, 31926, 21227, 0, 45088, 20934, 0],[34418, 30155, 16579, 21943, 0, 10264, 0, 34194, 0, 0, 43790, -1, 16384, 43326, 24077, 38619, 36174, 26359, 5370, 0, 33088, 38469, 45019, 0, 35622, 31031, 0, 45536, 29313, 0, 0, 18489, 37870, 0, 42952, 0, 3127, 22592, 0],[25684, 0, 22432, 6731, 10691, 0, 46082, 45574, 33514, 27855, 13372, 16384, -1, 38978, 0, 12840, 41457, 8678, 19351, 43268, 42366, 40997, 0, 0, 35173, 0, 0, 7524, 0, 46133, 44876, 36414, 32334, 42426, 0, 8586, 0, 0, 43795],[45107, 27354, 40069, 0, 0, 0, 36497, 12429, 33170, 0, 32952, 43326, 38978, -1, 0, 39282, 31824, 11671, 35916, 9038, 0, 37265, 30775, 30784, 43137, 0, 42642, 0, 39478, 0, 17545, 18105, 15581, 0, 24840, 26516, 12651, 39943, 41108],[0, 0, 22307, 10232, 0, 29136, 38056, 37548, 38635, 0, 0, 24077, 0, 0, -1, 43604, 22240, 41384, 39477, 42960, 23831, 0, 17315, 35114, 12010, 0, 37618, 0, 27996, 37750, 32444, 43233, 46271, 43377, 39538, 0, 0, 0, 20581],[0, 35986, 32476, 0, 33009, 0, 45653, 7649, 43821, 28545, 46103, 38619, 12840, 39282, 43604, -1, 15868, 0, 35005, 0, 18041, 0, 0, 23466, 0, 0, 44428, 38369, 23441, 14963, 0, 33667, 10951, 0, 0, 6310, 0, 16720, 45007],[0, 0, 12538, 695, 26785, 18745, 13075, 0, 0, 0, 0, 36174, 41457, 31824, 22240, 15868, -1, 37434, 32766, 31794, 0, 36424, 29695, 23668, 38174, 38029, 0, 35373, 42787, 21274, 0, 27738, 10820, 38765, 16613, 0, 34122, 0, 0],[0, 29981, 0, 0, 41520, 0, 29848, 34893, 23521, 0, 45522, 26359, 8678, 11671, 41384, 0, 37434, -1, 15097, 21918, 0, 8192, 45148, 13924, 0, 0, 0, 40456, 7764, 26237, 0, 20708, 0, 0, 9983, 41667, 45766, 24174, 43394],[41818, 32648, 0, 0, 30495, 0, 46003, 25385, 39725, 32107, 0, 5370, 19351, 35916, 39477, 35005, 32766, 15097, -1, 15392, 29081, 27945, 44357, 44856, 0, 34091, 0, 30719, 33464, 0, 6457, 22479, 0, 35501, 24973, 0, 24155, 0, 43415],[39152, 39627, 40426, 43373, 0, 42843, 0, 31891, 44506, 37749, 34772, 0, 43268, 9038, 42960, 0, 31794, 21918, 15392, -1, 36545, 0, 38446, 0, 34562, 25952, 0, 37435, 36405, 44470, 33947, 27838, 20861, 0, 15902, 23604, 25436, 33005, 30606],[2960, 33030, 0, 41790, 46320, 0, 0, 0, 27092, 40502, 0, 33088, 42366, 0, 23831, 18041, 0, 0, 29081, 36545, -1, 44198, 20727, 25841, 38126, 45792, 36232, 33199, 22973, 0, 0, 16718, 0, 12591, 35576, 0, 24133, 8318, 0],[0, 0, 14138, 31562, 40222, 32585, 0, 0, 0, 0, 29005, 38469, 40997, 37265, 0, 0, 36424, 8192, 27945, 0, 44198, -1, 12330, 26596, 44725, 38583, 16466, 0, 44652, 38064, 0, 16677, 0, 22799, 37420, 0, 30769, 0, 0],[0, 30826, 39591, 29964, 44060, 0, 0, 16849, 0, 45723, 38200, 45019, 0, 30775, 17315, 0, 29695, 45148, 44357, 38446, 20727, 12330, -1, 45959, 27809, 23913, 27347, 0, 11868, 19621, 0, 26989, 30886, 35161, 44757, 33282, 38111, 33737, 0],[13827, 0, 22627, 18011, 0, 23740, 0, 0, 22363, 38343, 38136, 0, 0, 30784, 35114, 23466, 23668, 13924, 44856, 0, 25841, 26596, 45959, -1, 0, 0, 9955, 0, 45621, 0, 38212, 0, 20304, 0, 19572, 43667, 30947, 0, 42807],[40398, 26272, 0, 0, 34655, 40596, 45383, 0, 15709, 30974, 37021, 35622, 35173, 43137, 12010, 0, 38174, 0, 0, 34562, 38126, 44725, 27809, 0, -1, 0, 29665, 32874, 9464, 26292, 10938, 0, 24403, 4137, 0, 41490, 0, 30356, 18244],[29156, 42757, 33094, 0, 0, 43702, 0, 0, 45983, 25962, 21504, 31031, 0, 0, 0, 0, 38029, 0, 34091, 25952, 45792, 38583, 23913, 0, 0, -1, 27319, 42522, 30348, 32955, 0, 46113, 26098, 44641, 40829, 38330, 34534, 36123, 23467],[0, 0, 45753, 0, 33784, 20220, 34910, 37266, 35203, 22629, 0, 0, 0, 42642, 37618, 44428, 0, 0, 0, 0, 36232, 16466, 27347, 9955, 29665, 27319, -1, 0, 23342, 42341, 30791, 0, 0, 0, 45626, 29171, 37702, 43478, 32855],[45978, 17327, 16473, 0, 40564, 28671, 0, 0, 43965, 0, 42330, 45536, 7524, 0, 0, 38369, 35373, 40456, 30719, 37435, 33199, 0, 0, 0, 32874, 42522, 0, -1, 8035, 41946, 37968, 41137, 0, 41328, 6334, 38451, 30247, 0, 39617],[41732, 0, 32884, 0, 42007, 41013, 0, 44593, 6927, 45717, 33351, 29313, 0, 39478, 27996, 23441, 42787, 7764, 33464, 36405, 22973, 44652, 11868, 45621, 9464, 30348, 23342, 8035, -1, 0, 33790, 0, 0, 32027, 25530, 27000, 27821, 15687, 31915],[0, 45497, 7769, 38841, 39162, 0, 0, 36802, 35799, 34915, 0, 0, 46133, 0, 37750, 14963, 21274, 26237, 0, 44470, 0, 38064, 19621, 0, 26292, 32955, 42341, 41946, 0, -1, 0, 0, 11804, 0, 19171, 0, 0, 0, 41585],[40153, 0, 45909, 23713, 0, 34681, 0, 33583, 0, 0, 23492, 0, 44876, 17545, 32444, 0, 0, 0, 6457, 33947, 0, 0, 0, 38212, 10938, 0, 30791, 37968, 33790, 0, -1, 45571, 19104, 45723, 0, 0, 0, 0, 25470],[11251, 0, 0, 25632, 40703, 25020, 43162, 33268, 38934, 40688, 0, 18489, 36414, 18105, 43233, 33667, 27738, 20708, 22479, 27838, 16718, 16677, 26989, 0, 0, 46113, 0, 41137, 0, 0, 45571, -1, 8563, 19846, 18395, 0, 0, 0, 13862],[44404, 21661, 42069, 0, 3300, 22684, 0, 0, 34266, 10201, 17613, 37870, 32334, 15581, 46271, 10951, 10820, 0, 0, 20861, 0, 0, 30886, 20304, 24403, 26098, 0, 0, 0, 11804, 19104, 8563, -1, 45505, 0, 0, 27652, 38479, 39468],[43877, 34321, 0, 0, 32597, 31441, 0, 0, 38690, 20097, 31926, 0, 42426, 0, 43377, 0, 38765, 0, 35501, 0, 12591, 22799, 35161, 0, 4137, 44641, 0, 41328, 32027, 0, 45723, 19846, 45505, -1, 0, 20736, 32056, 40387, 680],[28285, 34487, 37048, 38671, 44762, 0, 42946, 0, 44694, 27761, 21227, 42952, 0, 24840, 39538, 0, 16613, 9983, 24973, 15902, 35576, 37420, 44757, 19572, 0, 40829, 45626, 6334, 25530, 19171, 0, 18395, 0, 0, -1, 26653, 31534, 28939, 27974],[31903, 42694, 46203, 43147, 0, 0, 0, 17546, 37111, 44316, 0, 0, 8586, 26516, 0, 6310, 0, 41667, 0, 23604, 0, 0, 33282, 43667, 41490, 38330, 29171, 38451, 27000, 0, 0, 0, 0, 20736, 26653, -1, 0, 28398, 0],[0, 10124, 0, 26438, 44613, 0, 0, 37107, 20152, 0, 45088, 3127, 0, 12651, 0, 0, 34122, 45766, 24155, 25436, 24133, 30769, 38111, 30947, 0, 34534, 37702, 30247, 27821, 0, 0, 0, 27652, 32056, 31534, 0, -1, 20532, 0],[13791, 0, 0, 34450, 17840, 0, 41044, 0, 16302, 0, 20934, 22592, 0, 39943, 0, 16720, 0, 24174, 0, 33005, 8318, 0, 33737, 0, 30356, 36123, 43478, 0, 15687, 0, 0, 0, 38479, 40387, 28939, 28398, 20532, -1, 30133],[42887, 45227, 0, 0, 35494, 0, 0, 0, 0, 29343, 0, 0, 43795, 41108, 20581, 45007, 0, 43394, 43415, 30606, 0, 0, 0, 42807, 18244, 23467, 32855, 39617, 31915, 41585, 25470, 13862, 39468, 680, 27974, 0, 0, 30133, -1]]