96
[[-1, 44783, 34582, 0, 24225, 14461, 33701, 0, 35552, 41900, 36923, 0, 38245, 42303, 0, 45019, 20238, 42901, 24176, 42710, 25145, 0, 21786, 0, 23188, 16143, 0, 40577, 42057, 30125, 17521, 29829, 0, 39200, 0, 2725, 43650, 33634, 0, 0, 14862, 45675, 31393, 37656, 0, 22940, 46069, 0, 35570, 0, 44164, 8891, 0, 0, 0, 39794, 0, 0, 0, 0, 0, 16316, 26081, 37045, 44442, 37088, 17481, 43207, 0, 0, 29286, 44215, 42258, 18438, 11920, 0, 45398, 0, 31638, 35444, 19738, 11266, 40560, 36503, 36596, 44681, 26423, 0, 43057, 31909, 0, 0, 32812, 30430, 38396, 0],[44783, -1, 27662, 40548, 41607, 0, 12791, 41454, 0, 20674, 27018, 36953, 29393, 0, 0, 30384, 20131, 41003, 12375, 0, 22590, 38377, 0, 32955, 21269, 34359, 19758, 0, 36693, 37963, 22347, 31324, 23236, 40973, 0, 40283, 29452, 36816, 0, 31738, 22523, 46046, 16578, 11598, 0, 0, 42130, 35383, 0, 41076, 0, 39799, 33976, 45480, 17619, 21497, 0, 35368, 17169, 35809, 11277, 0, 30156, 0, 22060, 21505, 43109, 34059, 2333, 0, 0, 0, 41974, 44096, 39925, 0, 30436, 0, 0, 0, 45146, 32100, 2903, 16685, 34610, 35495, 0, 0, 9322, 41537, 22043, 34156, 30126, 0, 0, 0],[34582, 27662, -1, 44541, 0, 25200, 0, 31936, 0, 0, 35444, 12710, 0, 38460, 0, 0, 39441, 46134, 39465, 20092, 40279, 2983, 12253, 26446, 0, 0, 40139, 0, 0, 37994, 31266, 43683, 41071, 3285, 0, 0, 20497, 40676, 0, 44301, 0, 41503, 0, 38927, 20404, 43016, 40056, 0, 0, 26109, 37100, 16286, 0, 0, 29322, 18757, 37854, 30330, 7845, 0, 37887, 0, 0, 0, 0, 0, 0, 0, 33842, 0, 32051, 28287, 0, 9538, 12293, 35967, 35583, 45642, 35774, 41343, 43260, 44197, 44067, 24637, 30662, 33098, 23432, 14022, 23806, 45850, 30612, 34903, 25223, 9730, 0, 34716],[0, 40548, 44541, -1, 0, 36589, 41278, 25725, 42937, 0, 28792, 43258, 34785, 36067, 23417, 46249, 46214, 0, 0, 21617, 37075, 13075, 34935, 29751, 0, 22720, 28290, 0, 34886, 0, 42484, 11642, 0, 44451, 0, 35505, 18737, 8348, 0, 29346, 0, 35252, 22874, 37826, 40011, 0, 0, 0, 41055, 44296, 0, 43623, 0, 21510, 0, 31729, 44765, 46328, 0, 36668, 0, 29763, 0, 30844, 41661, 0, 27249, 33482, 19464, 17363, 43777, 24161, 0, 21496, 43272, 9218, 0, 34497, 0, 0, 0, 12263, 37400, 44112, 7574, 42837, 29215, 20832, 0, 21408, 39285, 27023, 26212, 0, 31282, 40337],[24225, 41607, 0, 0, -1, 0, 22877, 21618, 0, 0, 0, 0, 45985, 43230, 11116, 32531, 11862, 0, 0, 33097, 16158, 13447, 0, 0, 21992, 0, 34883, 43435, 23485, 39928, 14910, 18856, 4345, 31156, 24910, 0, 20115, 0, 0, 35271, 36406, 31578, 17046, 0, 20672, 42899, 41590, 0, 0, 45564, 36889, 45554, 0, 30502, 0, 39290, 0, 0, 5866, 0, 37161, 44891, 43263, 0, 34013, 23387, 24472, 0, 0, 0, 20803, 0, 35871, 38204, 31109, 38993, 37117, 13284, 0, 0, 26930, 43754, 36810, 42698, 0, 10667, 19312, 37090, 0, 0, 26560, 45807, 43848, 37346, 0, 0],[14461, 0, 25200, 36589, 0, -1, 28245, 28722, 13096, 0, 0, 8708, 0, 21578, 36042, 0, 38928, 26505, 0, 25721, 7954, 45985, 0, 40797, 35627, 36506, 0, 33306, 35202, 30256, 37217, 45840, 40999, 42965, 30537, 32516, 44270, 0, 0, 23439, 0, 22890, 38780, 0, 45231, 45317, 29611, 6569, 37545, 42164, 0, 32351, 30056, 0, 13211, 0, 0, 11911, 25814, 34538, 37217, 0, 30702, 0, 8735, 35532, 40849, 32288, 33985, 11022, 0, 33477, 22495, 0, 45773, 21983, 34698, 28257, 0, 23340, 6603, 0, 0, 26895, 28336, 42753, 0, 28812, 0, 45973, 0, 0, 35462, 17802, 35351, 27097],[33701, 12791, 0, 41278, 22877, 28245, -1, 14360, 42257, 0, 6532, 34419, 25685, 40630, 0, 0, 33742, 41014, 45809, 0, 30471, 37508, 15212, 44233, 23531, 37340, 0, 0, 25683, 35675, 34935, 45086, 41882, 0, 17212, 39921, 41448, 21960, 0, 16432, 0, 0, 0, 29852, 25154, 0, 18508, 44555, 33497, 23088, 35898, 0, 0, 28028, 36495, 39456, 2644, 36273, 0, 19874, 43473, 0, 0, 30880, 0, 27571, 0, 32847, 0, 0, 15135, 0, 0, 42452, 0, 45917, 22379, 15009, 21847, 9711, 12125, 33634, 0, 29062, 27023, 0, 0, 0, 31284, 16943, 40491, 0, 25512, 30163, 0, 43319],[0, 41454, 31936, 25725, 21618, 28722, 14360, -1, 39325, 0, 45400, 41885, 0, 24449, 0, 36735, 27134, 42861, 0, 23850, 0, 39183, 18293, 38026, 0, 41918, 0, 0, 11633, 43142, 41815, 0, 0, 36228, 12769, 31372, 22215, 0, 19402, 24940, 0, 38275, 26924, 30477, 0, 0, 43793, 0, 0, 0, 0, 0, 12982, 0, 0, 18847, 0, 39967, 0, 28966, 36692, 38647, 33170, 13164, 45825, 23156, 16117, 41633, 32365, 0, 0, 32844, 22535, 37936, 0, 36185, 38556, 22861, 36528, 35249, 14393, 40809, 41105, 28585, 40364, 42078, 13583, 21349, 10896, 0, 29084, 40401, 34858, 0, 23563, 42716],[35552, 0, 0, 42937, 0, 13096, 42257, 39325, -1, 45367, 13490, 0, 15909, 0, 36090, 18027, 27217, 0, 36343, 26160, 30954, 22182, 0, 7953, 0, 0, 0, 25211, 29844, 0, 38877, 0, 19357, 0, 0, 38897, 23583, 37446, 26455, 0, 0, 0, 4665, 13230, 9750, 0, 16284, 8381, 43113, 9394, 0, 0, 8160, 44160, 31083, 0, 0, 19857, 0, 0, 0, 0, 43250, 9076, 38361, 28113, 32439, 14663, 0, 28753, 0, 33190, 0, 40560, 0, 33983, 31169, 0, 25004, 0, 30452, 0, 23380, 7327, 0, 30262, 20465, 0, 0, 43659, 43114, 19024, 0, 22090, 18415, 7432],[41900, 20674, 0, 0, 0, 0, 0, 0, 45367, -1, 0, 37558, 0, 41903, 36566, 44902, 21675, 0, 0, 9355, 46096, 35186, 39015, 38452, 34301, 37486, 43535, 15214, 0, 40068, 0, 42611, 34015, 36348, 41927, 20855, 7870, 0, 17338, 14235, 31848, 45133, 0, 8900, 13604, 0, 0, 34888, 0, 37432, 39641, 31137, 38516, 25761, 0, 0, 26409, 0, 26078, 8957, 20717, 0, 0, 32119, 30099, 27760, 0, 11803, 0, 0, 31546, 15640, 0, 37805, 0, 16704, 44769, 38051, 42629, 31969, 33141, 32126, 35578, 46030, 42145, 36390, 16488, 43740, 28730, 41188, 12965, 36541, 0, 0, 40225, 39274],[36923, 27018, 35444, 28792, 0, 0, 6532, 45400, 13490, 0, -1, 0, 0, 31260, 0, 0, 42760, 43584, 28934, 43958, 0, 34820, 17595, 44076, 42508, 38054, 27993, 19985, 38860, 25758, 45345, 0, 12925, 24084, 37190, 36288, 0, 0, 0, 39235, 0, 42984, 45460, 43791, 0, 0, 12769, 0, 19682, 33992, 44706, 24314, 34886, 37648, 41377, 45914, 38466, 32109, 29735, 8795, 0, 36546, 43144, 26706, 0, 38550, 33261, 43926, 38245, 26620, 29869, 45553, 4779, 0, 33710, 0, 43338, 20037, 19559, 0, 38397, 0, 17284, 0, 0, 43509, 41269, 0, 22627, 46162, 44760, 34489, 34625, 0, 43001, 26854],[0, 36953, 12710, 43258, 0, 8708, 34419, 41885, 0, 37558, 0, -1, 0, 0, 0, 26356, 13262, 24662, 29197, 19907, 0, 33839, 40286, 0, 20387, 0, 39136, 32043, 27226, 42027, 0, 0, 0, 38267, 0, 0, 41229, 0, 5386, 19903, 0, 0, 21410, 0, 31490, 41859, 23237, 29531, 19906, 0, 11862, 0, 15817, 44973, 19847, 36199, 45710, 26092, 33271, 40510, 35509, 43986, 0, 24799, 0, 45001, 12136, 5626, 36945, 21091, 43660, 30791, 0, 26858, 0, 20005, 31281, 0, 0, 16807, 31562, 29518, 34502, 29201, 0, 39947, 43587, 27131, 8986, 18970, 22899, 0, 41825, 39051, 0, 43906],[38245, 29393, 0, 34785, 45985, 0, 25685, 0, 15909, 0, 0, 0, -1, 36344, 21849, 34358, 41588, 33579, 9126, 17951, 8361, 0, 0, 39067, 10812, 23471, 44428, 37619, 0, 0, 23115, 0, 6304, 44551, 39961, 0, 28232, 44345, 0, 2034, 40759, 43597, 21251, 9918, 0, 43414, 38440, 25990, 0, 39681, 24681, 25657, 30478, 25099, 0, 35843, 46071, 43786, 0, 30586, 0, 16387, 36837, 0, 0, 33522, 30184, 37383, 0, 0, 41276, 45807, 19400, 44919, 39856, 43970, 42223, 40134, 37807, 35553, 0, 0, 0, 24754, 0, 45449, 8635, 24199, 26321, 23726, 44872, 0, 43613, 32890, 0, 43315],[42303, 0, 38460, 36067, 43230, 21578, 40630, 24449, 0, 41903, 31260, 0, 36344, -1, 39791, 12024, 0, 38036, 0, 17960, 0, 21718, 0, 22157, 42272, 0, 0, 38098, 17941, 36154, 0, 0, 0, 0, 0, 24881, 20434, 31333, 18175, 30284, 39025, 31324, 42568, 41216, 0, 34592, 32616, 0, 0, 25997, 21747, 0, 16616, 6923, 30067, 19832, 19456, 36589, 34686, 0, 0, 9586, 33518, 14939, 30596, 0, 26532, 0, 25883, 37889, 0, 20740, 33571, 24095, 0, 30028, 45890, 45125, 15474, 15862, 32842, 44457, 0, 42903, 21767, 0, 0, 0, 19435, 13880, 41269, 37303, 16678, 23561, 0, 42753],[0, 0, 0, 23417, 11116, 36042, 0, 0, 36090, 36566, 0, 0, 21849, 39791, -1, 0, 30835, 26624, 35883, 0, 41367, 42440, 0, 28823, 37167, 42049, 46312, 23124, 31603, 25591, 0, 40457, 42448, 11178, 0, 25977, 34367, 41260, 39756, 43833, 0, 0, 41735, 0, 40504, 0, 17864, 44423, 10343, 36709, 44329, 30720, 46235, 0, 40707, 17644, 0, 30876, 35333, 32780, 0, 0, 45916, 0, 36672, 34158, 30451, 19091, 40211, 7186, 43776, 31879, 20116, 44638, 34297, 33297, 26055, 44617, 36649, 43787, 40055, 45751, 0, 43223, 11209, 10482, 42008, 0, 0, 31885, 33675, 0, 0, 23751, 41190, 0],[45019, 30384, 0, 46249, 32531, 0, 0, 36735, 18027, 44902, 0, 26356, 34358, 12024, 0, -1, 36531, 17049, 41437, 0, 0, 31427, 37525, 32718, 31239, 33940, 13874, 0, 35078, 23521, 0, 33162, 15264, 15222, 43264, 2392, 35299, 33688, 45546, 0, 29025, 0, 13154, 0, 8125, 11618, 23487, 0, 28342, 23356, 0, 0, 13257, 18917, 0, 23961, 0, 0, 31229, 22819, 0, 39375, 35905, 21488, 29109, 36048, 0, 0, 16812, 0, 0, 0, 16300, 0, 37924, 30334, 43989, 8406, 0, 37130, 44412, 14313, 1458, 20063, 21429, 41067, 44817, 0, 0, 18845, 41868, 0, 0, 0, 32567, 0],[20238, 20131, 39441, 46214, 11862, 38928, 33742, 27134, 27217, 21675, 42760, 13262, 41588, 0, 30835, 36531, -1, 45420, 33394, 0, 0, 0, 46305, 36225, 16839, 40715, 41285, 33964, 26522, 12023, 11998, 0, 0, 0, 0, 14610, 16974, 3871, 0, 35288, 35726, 0, 28683, 26757, 45050, 46089, 9105, 2716, 11832, 22227, 46006, 34921, 35082, 0, 33118, 41736, 43136, 34068, 0, 6889, 33741, 16541, 0, 44010, 40872, 0, 32250, 21890, 0, 28543, 40092, 0, 45098, 24161, 0, 20741, 0, 0, 18262, 34318, 20721, 36779, 0, 44877, 43440, 42247, 40239, 44772, 0, 32077, 38734, 45344, 7200, 42389, 41099, 0],[42901, 41003, 46134, 0, 0, 26505, 41014, 42861, 0, 0, 43584, 24662, 33579, 38036, 26624, 17049, 45420, -1, 35149, 0, 2978, 0, 13160, 0, 34725, 31727, 0, 0, 0, 40170, 41977, 19826, 26123, 24953, 14571, 0, 0, 27932, 44150, 45550, 42492, 45395, 38505, 0, 42230, 13351, 32496, 0, 0, 0, 17585, 42353, 12815, 44937, 0, 0, 38874, 39133, 40504, 36417, 24807, 0, 24375, 42641, 0, 0, 0, 14622, 30021, 14787, 0, 28459, 33271, 43312, 0, 0, 41625, 0, 24366, 42566, 0, 45468, 31597, 28585, 37496, 43675, 40265, 43257, 0, 34751, 42766, 38304, 0, 14355, 0, 30037],[24176, 12375, 39465, 0, 0, 0, 45809, 0, 36343, 0, 28934, 29197, 9126, 0, 35883, 41437, 33394, 35149, -1, 0, 0, 0, 4581, 38909, 34077, 0, 0, 0, 36116, 39438, 0, 0, 0, 35450, 0, 43816, 33898, 25623, 0, 33935, 27551, 0, 0, 39220, 27581, 37797, 41075, 35103, 0, 35426, 0, 40391, 0, 0, 0, 0, 13487, 0, 0, 36204, 44392, 0, 44601, 5024, 0, 0, 0, 42971, 0, 0, 38453, 34605, 39635, 13989, 21909, 25875, 35761, 0, 0, 15335, 28086, 21386, 42926, 7700, 28804, 38368, 39326, 24277, 37112, 33286, 0, 0, 0, 29194, 30254, 39139],[42710, 0, 20092, 21617, 33097, 25721, 0, 23850, 26160, 9355, 43958, 19907, 17951, 17960, 0, 0, 0, 0, 0, -1, 43444, 20331, 0, 0, 0, 27554, 16967, 0, 40024, 36098, 28831, 32611, 19999, 0, 30496, 0, 0, 35132, 10938, 37287, 0, 45425, 22613, 36251, 41196, 36409, 19250, 33177, 0, 0, 0, 0, 41978, 0, 45470, 0, 36317, 45013, 0, 24088, 0, 0, 0, 0, 23332, 16820, 44755, 0, 43116, 29934, 18357, 22273, 42464, 43560, 0, 0, 20348, 0, 37312, 0, 43676, 0, 0, 15537, 31962, 0, 31972, 35271, 43176, 43460, 0, 0, 10613, 37419, 26343, 46022],[25145, 22590, 40279, 37075, 16158, 7954, 30471, 0, 30954, 46096, 0, 0, 8361, 0, 41367, 0, 0, 2978, 0, 43444, -1, 28717, 42027, 0, 23503, 28104, 0, 23420, 0, 44315, 32499, 0, 32990, 0, 0, 38834, 0, 0, 0, 23105, 0, 26140, 0, 0, 0, 17653, 5951, 33372, 12294, 44910, 34299, 35414, 45929, 41083, 0, 0, 46337, 22429, 18910, 0, 27449, 0, 27724, 24014, 0, 0, 18518, 0, 0, 16053, 0, 0, 43857, 0, 0, 34187, 40027, 43437, 0, 27380, 36008, 0, 0, 41129, 21597, 0, 30890, 8205, 45017, 0, 21376, 0, 15767, 45365, 22730, 0],[0, 38377, 2983, 13075, 13447, 45985, 37508, 39183, 22182, 35186, 34820, 33839, 0, 21718, 42440, 31427, 0, 0, 0, 20331, 28717, -1, 37428, 37332, 42954, 0, 0, 0, 0, 30853, 43550, 0, 31169, 43015, 30095, 27690, 0, 26954, 30973, 44072, 9910, 0, 37523, 35665, 35727, 0, 28143, 15951, 44525, 0, 44976, 0, 0, 37871, 41172, 35132, 21412, 0, 30986, 26987, 30304, 0, 20234, 0, 0, 0, 6039, 21983, 31994, 17800, 24470, 37225, 43346, 41035, 27258, 19891, 31904, 30888, 27649, 26093, 17041, 0, 18394, 43975, 32395, 0, 0, 44412, 35875, 31686, 21106, 40446, 21374, 0, 26360, 38067],[21786, 0, 12253, 34935, 0, 0, 15212, 18293, 0, 39015, 17595, 40286, 0, 0, 0, 37525, 46305, 13160, 4581, 0, 42027, 37428, -1, 44980, 35553, 0, 30593, 0, 0, 0, 0, 32173, 41276, 42571, 0, 43538, 0, 33238, 0, 32089, 15524, 38170, 0, 11720, 16799, 0, 19284, 25009, 14765, 24433, 0, 0, 0, 0, 30484, 35144, 36878, 23237, 41091, 0, 32761, 16002, 46106, 9175, 0, 43724, 0, 36280, 31818, 25242, 0, 7953, 11513, 30590, 0, 42267, 38851, 17883, 39159, 0, 31300, 0, 18711, 41834, 0, 0, 16516, 14004, 38574, 0, 41311, 0, 31090, 37502, 0, 29283],[0, 32955, 26446, 29751, 0, 40797, 44233, 38026, 7953, 38452, 44076, 0, 39067, 22157, 28823, 32718, 36225, 0, 38909, 0, 0, 37332, 44980, -1, 0, 39086, 33775, 0, 0, 40609, 0, 44272, 29122, 36745, 0, 0, 38054, 36754, 0, 44846, 44283, 0, 23585, 0, 44487, 11077, 0, 35041, 0, 0, 40751, 43748, 43845, 0, 39685, 23675, 30648, 0, 0, 33395, 0, 32949, 0, 34388, 16743, 45636, 12568, 32046, 36662, 37446, 10386, 41216, 34554, 29849, 0, 34375, 17020, 0, 40808, 0, 0, 0, 37578, 0, 33674, 31761, 44716, 42243, 31433, 0, 39356, 41596, 0, 0, 39230, 0],[23188, 21269, 0, 0, 21992, 35627, 23531, 0, 0, 34301, 42508, 20387, 10812, 42272, 37167, 31239, 16839, 34725, 34077, 0, 23503, 42954, 35553, 0, -1, 45680, 25380, 38446, 0, 1956, 29253, 0, 34402, 28617, 42827, 17404, 39923, 37826, 35809, 0, 38757, 0, 29914, 9189, 10467, 11422, 24875, 34833, 7373, 0, 41175, 0, 38984, 42038, 0, 0, 16002, 45933, 40620, 0, 28687, 44141, 0, 0, 33115, 11065, 0, 0, 0, 0, 43711, 44189, 21194, 0, 0, 31294, 33408, 0, 0, 0, 45156, 0, 36153, 0, 38125, 41883, 31027, 45368, 0, 6391, 34106, 29534, 39707, 0, 14457, 0],[16143, 34359, 0, 22720, 0, 36506, 37340, 41918, 0, 37486, 38054, 0, 23471, 0, 42049, 33940, 40715, 31727, 0, 27554, 28104, 0, 0, 39086, 45680, -1, 0, 33599, 25428, 0, 0, 0, 0, 0, 0, 0, 44231, 34410, 14184, 0, 46271, 37066, 33623, 45894, 0, 0, 0, 0, 45745, 41921, 10826, 40935, 41293, 0, 36665, 45557, 0, 0, 22894, 33494, 40729, 0, 44243, 32241, 34671, 27140, 0, 29106, 30927, 0, 21517, 28564, 31275, 35611, 28367, 0, 45148, 0, 17010, 29690, 24886, 0, 34941, 15394, 24117, 0, 44444, 5944, 36258, 18368, 0, 29883, 0, 0, 40341, 33908],[0, 19758, 40139, 28290, 34883, 0, 0, 0, 0, 43535, 27993, 39136, 44428, 0, 46312, 13874, 41285, 0, 0, 16967, 0, 0, 30593, 33775, 25380, 0, -1, 44844, 32616, 40383, 22644, 19318, 41515, 35209, 35358, 0, 37154, 4896, 25637, 0, 40349, 45578, 43528, 0, 23802, 0, 43345, 34244, 23440, 0, 32644, 18134, 32190, 19253, 41711, 39840, 39717, 37187, 41323, 18174, 41527, 0, 0, 13315, 35223, 0, 19794, 43395, 45018, 0, 45051, 32089, 37132, 34647, 34969, 11162, 21380, 11444, 36058, 33096, 12146, 20339, 41828, 13168, 9270, 23986, 9084, 39659, 45631, 32722, 41224, 35244, 0, 32873, 28835, 0],[40577, 0, 0, 0, 43435, 33306, 0, 0, 25211, 15214, 19985, 32043, 37619, 38098, 23124, 0, 33964, 0, 0, 0, 23420, 0, 0, 0, 38446, 33599, 44844, -1, 16637, 0, 25202, 21584, 29347, 34332, 0, 10276, 37222, 45574, 37445, 18892, 35753, 8001, 0, 34448, 43609, 42724, 43372, 0, 40401, 0, 39707, 24338, 0, 28691, 0, 0, 41882, 26719, 22973, 21491, 23920, 0, 33954, 35452, 30313, 0, 0, 35445, 21554, 0, 43845, 13342, 36634, 40311, 0, 25567, 22330, 44686, 12203, 33347, 31724, 38988, 9989, 0, 0, 43315, 30340, 0, 38665, 15210, 42940, 37579, 26784, 43732, 14259, 35479],[42057, 36693, 0, 34886, 23485, 35202, 25683, 11633, 29844, 0, 38860, 27226, 0, 17941, 31603, 35078, 26522, 0, 36116, 40024, 0, 0, 0, 0, 0, 25428, 32616, 16637, -1, 10426, 28791, 0, 44485, 6454, 0, 0, 45972, 0, 28403, 24750, 39498, 0, 7480, 14341, 0, 29262, 7772, 22432, 12783, 37374, 0, 22689, 39163, 11046, 0, 22613, 0, 31035, 28260, 29176, 22366, 10108, 0, 42130, 43033, 0, 41694, 22791, 33605, 24098, 28786, 28737, 0, 0, 14949, 39538, 0, 34755, 0, 39227, 36905, 36719, 0, 0, 39954, 39521, 0, 32672, 40195, 0, 0, 0, 16779, 0, 0, 0],[30125, 37963, 37994, 0, 39928, 30256, 35675, 43142, 0, 40068, 25758, 42027, 0, 36154, 25591, 23521, 12023, 40170, 39438, 36098, 44315, 30853, 0, 40609, 1956, 0, 40383, 0, 10426, -1, 42475, 5299, 0, 0, 0, 25895, 23541, 37350, 0, 35121, 45025, 39753, 0, 33133, 38268, 0, 38914, 19805, 10858, 0, 37467, 12872, 24588, 0, 0, 0, 14056, 38149, 35884, 32471, 14647, 15601, 39222, 0, 33652, 37193, 26826, 38826, 44363, 20203, 33601, 0, 0, 31086, 36963, 44983, 29705, 20028, 23616, 36022, 35602, 29894, 0, 0, 0, 44175, 0, 41904, 46185, 0, 19381, 45171, 40379, 38589, 0, 41038],[17521, 22347, 31266, 42484, 14910, 37217, 34935, 41815, 38877, 0, 45345, 0, 23115, 0, 0, 0, 11998, 41977, 0, 28831, 32499, 43550, 0, 0, 29253, 0, 22644, 25202, 28791, 42475, -1, 15063, 23420, 16180, 27226, 35471, 34516, 17407, 0, 29949, 42807, 29574, 41599, 0, 0, 33687, 0, 32163, 32140, 0, 42588, 0, 45021, 14797, 8133, 15500, 37583, 14859, 44919, 44658, 31544, 0, 40213, 2096, 37784, 0, 0, 42045, 20448, 21032, 41511, 17060, 12914, 10299, 0, 13381, 41754, 0, 37730, 33028, 0, 0, 27775, 32627, 1245, 0, 25674, 28025, 28028, 44947, 34243, 41893, 37512, 45251, 41377, 25051],[29829, 31324, 43683, 11642, 18856, 45840, 45086, 0, 0, 42611, 0, 0, 0, 0, 40457, 33162, 0, 19826, 0, 32611, 0, 0, 32173, 44272, 0, 0, 19318, 21584, 0, 5299, 15063, -1, 33139, 31884, 38614, 38766, 4920, 43640, 28470, 0, 27604, 35879, 0, 43027, 21990, 45515, 22018, 35616, 41783, 40822, 35183, 44140, 0, 43096, 44320, 0, 44833, 42895, 0, 0, 32924, 45173, 45690, 46111, 0, 32716, 0, 14434, 15123, 37686, 38677, 44433, 0, 41580, 32257, 0, 0, 0, 42012, 33788, 0, 35676, 21513, 29438, 0, 0, 46245, 41774, 0, 34440, 38023, 35501, 31583, 39631, 0, 42956],[0, 23236, 41071, 0, 4345, 40999, 41882, 0, 19357, 34015, 12925, 0, 6304, 0, 42448, 15264, 0, 26123, 0, 19999, 32990, 31169, 41276, 29122, 34402, 0, 41515, 29347, 44485, 0, 23420, 33139, -1, 41252, 39431, 38618, 0, 0, 37072, 30436, 21273, 15723, 43378, 0, 0, 41330, 0, 27588, 0, 0, 0, 32932, 25826, 43763, 35003, 43846, 41271, 0, 32997, 42622, 5802, 21756, 0, 0, 0, 44347, 40735, 44519, 45280, 15239, 4353, 42196, 38476, 38704, 0, 43808, 24020, 0, 4794, 31575, 33478, 5195, 39566, 16610, 0, 0, 37117, 44530, 20480, 36968, 41898, 0, 29042, 0, 0, 35761],[39200, 40973, 3285, 44451, 31156, 42965, 0, 36228, 0, 36348, 24084, 38267, 44551, 0, 11178, 15222, 0, 24953, 35450, 0, 0, 43015, 42571, 36745, 28617, 0, 35209, 34332, 6454, 0, 16180, 31884, 41252, -1, 36406, 18377, 0, 0, 40165, 0, 33520, 0, 23388, 25120, 45852, 0, 28835, 32743, 38968, 3986, 0, 0, 28642, 27022, 0, 18132, 39299, 42925, 44484, 16389, 0, 26766, 40087, 0, 15399, 43206, 43061, 21866, 28366, 36247, 0, 36530, 32131, 0, 42738, 33431, 0, 0, 12375, 33656, 33904, 24373, 45667, 0, 33217, 43599, 19239, 0, 0, 9042, 41190, 0, 0, 0, 22047, 28242],[0, 0, 0, 0, 24910, 30537, 17212, 12769, 0, 41927, 37190, 0, 39961, 0, 0, 43264, 0, 14571, 0, 30496, 0, 30095, 0, 0, 42827, 0, 35358, 0, 0, 0, 27226, 38614, 39431, 36406, -1, 29636, 29101, 23337, 34972, 9216, 0, 22294, 45147, 44403, 26648, 25796, 0, 0, 0, 32642, 45638, 0, 30771, 13325, 42002, 31686, 41165, 31677, 14507, 0, 46310, 0, 36874, 22676, 0, 13295, 24431, 0, 43611, 0, 14094, 31350, 31434, 35212, 0, 18046, 45490, 38372, 34375, 40343, 33017, 40079, 0, 0, 29350, 40847, 0, 45473, 0, 33956, 0, 18160, 42755, 5045, 0, 5773],[2725, 40283, 0, 35505, 0, 32516, 39921, 31372, 38897, 20855, 36288, 0, 0, 24881, 25977, 2392, 14610, 0, 43816, 0, 38834, 27690, 43538, 0, 17404, 0, 0, 10276, 0, 25895, 35471, 38766, 38618, 18377, 29636, -1, 22544, 45703, 44013, 0, 46188, 40676, 0, 40509, 36607, 0, 28718, 0, 19939, 31602, 34841, 44165, 33792, 24788, 26032, 3267, 0, 18791, 36680, 0, 0, 7871, 35583, 0, 33791, 0, 0, 41652, 30466, 31660, 36415, 0, 0, 0, 0, 30598, 42636, 0, 0, 0, 22159, 28556, 0, 21469, 14089, 42088, 45881, 0, 37982, 21085, 16630, 32564, 37898, 33001, 41903, 35551],[43650, 29452, 20497, 18737, 20115, 44270, 41448, 22215, 23583, 7870, 0, 41229, 28232, 20434, 34367, 35299, 16974, 0, 33898, 0, 0, 0, 0, 38054, 39923, 44231, 37154, 37222, 45972, 23541, 34516, 4920, 0, 0, 29101, 22544, -1, 28351, 45800, 0, 45132, 0, 37900, 0, 33291, 13398, 0, 27187, 41132, 0, 45527, 22598, 0, 45950, 20614, 37202, 29678, 0, 44826, 17637, 42335, 34631, 43346, 34811, 14143, 36864, 0, 42317, 0, 35750, 43293, 0, 26802, 36963, 11525, 37786, 29286, 0, 0, 0, 44994, 0, 0, 0, 0, 38228, 0, 37884, 17532, 19848, 45458, 41764, 46179, 29869, 26509, 44377],[33634, 36816, 40676, 8348, 0, 0, 21960, 0, 37446, 0, 0, 0, 44345, 31333, 41260, 33688, 3871, 27932, 25623, 35132, 0, 26954, 33238, 36754, 37826, 34410, 4896, 45574, 0, 37350, 17407, 43640, 0, 0, 23337, 45703, 28351, -1, 0, 28245, 23972, 35677, 44086, 45596, 44457, 45954, 33351, 0, 0, 42367, 33157, 0, 27652, 31165, 0, 0, 0, 0, 25467, 0, 12805, 28318, 0, 21519, 45539, 0, 25448, 975, 36088, 30418, 38895, 29421, 21260, 32026, 0, 43832, 34567, 20731, 7206, 37690, 40159, 42477, 23676, 33477, 37874, 41463, 33736, 9387, 0, 30016, 0, 41710, 41419, 42990, 0, 0],[0, 0, 0, 0, 0, 0, 0, 19402, 26455, 17338, 0, 5386, 0, 18175, 39756, 45546, 0, 44150, 0, 10938, 0, 30973, 0, 0, 35809, 14184, 25637, 37445, 28403, 0, 0, 28470, 37072, 40165, 34972, 44013, 45800, 0, -1, 33361, 42705, 16170, 0, 8417, 40933, 45897, 0, 27156, 22402, 0, 45219, 9700, 42300, 0, 0, 11909, 34397, 17314, 41056, 20714, 0, 0, 0, 45680, 0, 24958, 11888, 38906, 0, 44114, 0, 40252, 40305, 0, 29899, 0, 36878, 0, 17465, 0, 0, 0, 0, 0, 21320, 33637, 41420, 0, 0, 0, 41423, 0, 21868, 21135, 0, 0],[0, 31738, 44301, 29346, 35271, 23439, 16432, 24940, 0, 14235, 39235, 19903, 2034, 30284, 43833, 0, 35288, 45550, 33935, 37287, 23105, 44072, 32089, 44846, 0, 0, 0, 18892, 24750, 35121, 29949, 0, 30436, 0, 9216, 0, 0, 28245, 33361, -1, 0, 17875, 26848, 0, 0, 39405, 10698, 38532, 0, 31193, 0, 45156, 43652, 0, 36821, 33681, 45336, 0, 24264, 38020, 45231, 0, 31231, 13085, 24197, 28545, 18400, 45121, 0, 27844, 31696, 29302, 15213, 8497, 32699, 44463, 20007, 0, 15581, 0, 0, 40900, 32504, 37452, 11280, 34062, 46194, 0, 41102, 0, 30535, 27739, 0, 0, 28725, 0],[14862, 22523, 0, 0, 36406, 0, 0, 0, 0, 31848, 0, 0, 40759, 39025, 0, 29025, 35726, 42492, 27551, 0, 0, 9910, 15524, 44283, 38757, 46271, 40349, 35753, 39498, 45025, 42807, 27604, 21273, 33520, 0, 46188, 45132, 23972, 42705, 0, -1, 45386, 0, 19178, 31072, 44868, 0, 9994, 36189, 44913, 28717, 19680, 35781, 32272, 32276, 28915, 45007, 0, 10021, 23561, 36233, 41849, 42256, 41812, 45176, 0, 0, 14603, 0, 44323, 29607, 33610, 0, 0, 21507, 0, 44163, 0, 46039, 0, 0, 39316, 0, 0, 35325, 37563, 34282, 27688, 0, 0, 0, 13629, 23692, 29951, 0, 25558],[45675, 46046, 41503, 35252, 31578, 22890, 0, 38275, 0, 45133, 42984, 0, 43597, 31324, 0, 0, 0, 45395, 0, 45425, 26140, 0, 38170, 0, 0, 37066, 45578, 8001, 0, 39753, 29574, 35879, 15723, 0, 22294, 40676, 0, 35677, 16170, 17875, 45386, -1, 0, 0, 0, 0, 20005, 36459, 33579, 16926, 15269, 41652, 23442, 42057, 0, 0, 15962, 39662, 9715, 0, 18270, 42705, 34833, 37306, 35112, 0, 25285, 0, 0, 39727, 45566, 24732, 34247, 28069, 0, 45287, 0, 0, 16685, 34906, 0, 0, 26932, 35815, 43244, 0, 0, 0, 25853, 0, 23323, 34282, 44858, 0, 44373, 43958],[31393, 16578, 0, 22874, 17046, 38780, 0, 26924, 4665, 0, 45460, 21410, 21251, 42568, 41735, 13154, 28683, 38505, 0, 22613, 0, 37523, 0, 23585, 29914, 33623, 43528, 0, 7480, 0, 41599, 0, 43378, 23388, 45147, 0, 37900, 44086, 0, 26848, 0, 0, -1, 11982, 19351, 27857, 0, 32420, 0, 0, 46053, 17889, 18659, 0, 40024, 45619, 24776, 0, 0, 45685, 22904, 45942, 19073, 39012, 33188, 26285, 37652, 16238, 26535, 18220, 0, 25897, 0, 21340, 8394, 0, 34105, 0, 29228, 32092, 0, 38004, 29014, 0, 0, 33342, 0, 38121, 34669, 0, 27540, 0, 0, 0, 29360, 28246],[37656, 11598, 38927, 37826, 0, 0, 29852, 30477, 13230, 8900, 43791, 0, 9918, 41216, 0, 0, 26757, 0, 39220, 36251, 0, 35665, 11720, 0, 9189, 45894, 0, 34448, 14341, 33133, 0, 43027, 0, 25120, 44403, 40509, 0, 45596, 8417, 0, 19178, 0, 11982, -1, 39753, 0, 42962, 38334, 28572, 21345, 33645, 30358, 7950, 39469, 19216, 14157, 0, 0, 30217, 0, 35049, 22857, 40074, 34780, 18827, 0, 0, 0, 16924, 38893, 15245, 32532, 0, 15875, 42482, 38541, 0, 41188, 40379, 20232, 0, 46328, 38874, 0, 0, 31954, 0, 46247, 0, 46267, 46208, 33454, 42005, 0, 44730, 30173],[0, 0, 20404, 40011, 20672, 45231, 25154, 0, 9750, 13604, 0, 31490, 0, 0, 40504, 8125, 45050, 42230, 27581, 41196, 0, 35727, 16799, 44487, 10467, 0, 23802, 43609, 0, 38268, 0, 21990, 0, 45852, 26648, 36607, 33291, 44457, 40933, 0, 31072, 0, 19351, 39753, -1, 29107, 27129, 0, 0, 0, 42048, 42199, 29453, 36540, 0, 27128, 15530, 0, 21840, 0, 20393, 0, 6017, 42069, 28619, 40423, 42097, 11581, 0, 0, 0, 0, 25250, 38796, 6889, 0, 42388, 0, 35729, 31891, 44367, 21042, 44014, 12086, 24821, 42408, 0, 0, 0, 0, 10016, 27929, 24969, 41272, 19296, 35842],[22940, 0, 43016, 0, 42899, 45317, 0, 0, 0, 0, 0, 41859, 43414, 34592, 0, 11618, 46089, 13351, 37797, 36409, 17653, 0, 0, 11077, 11422, 0, 0, 42724, 29262, 0, 33687, 45515, 41330, 0, 25796, 0, 13398, 45954, 45897, 39405, 44868, 0, 27857, 0, 29107, -1, 29595, 26507, 37658, 45424, 35851, 0, 38844, 0, 0, 42798, 34913, 38758, 0, 46081, 45848, 41607, 0, 21615, 0, 35910, 43561, 45188, 44021, 0, 44642, 0, 36614, 39876, 0, 27373, 36913, 0, 28435, 19907, 0, 33376, 36533, 0, 11151, 0, 22263, 34096, 46085, 38109, 45046, 19029, 0, 29455, 0, 32160],[46069, 42130, 40056, 0, 41590, 29611, 18508, 43793, 16284, 0, 12769, 23237, 38440, 32616, 17864, 23487, 9105, 32496, 41075, 19250, 5951, 28143, 19284, 0, 24875, 0, 43345, 43372, 7772, 38914, 0, 22018, 0, 28835, 0, 28718, 0, 33351, 0, 10698, 0, 20005, 0, 42962, 27129, 29595, -1, 3892, 40680, 36075, 35101, 0, 34461, 43230, 0, 45671, 31155, 17386, 28305, 29312, 10532, 25040, 24245, 5877, 28299, 35652, 37957, 39798, 0, 43585, 18137, 40790, 0, 34639, 34011, 0, 35200, 32960, 0, 35844, 15200, 0, 0, 35140, 10224, 0, 0, 0, 21253, 28241, 46311, 35816, 15490, 38158, 0, 28068],[0, 35383, 0, 0, 0, 6569, 44555, 0, 8381, 34888, 0, 29531, 25990, 0, 44423, 0, 2716, 0, 35103, 33177, 33372, 15951, 25009, 35041, 34833, 0, 34244, 0, 22432, 19805, 32163, 35616, 27588, 32743, 0, 0, 27187, 0, 27156, 38532, 9994, 36459, 32420, 38334, 0, 26507, 3892, -1, 0, 44690, 29562, 17614, 27519, 44878, 0, 0, 30204, 31458, 5275, 0, 0, 26199, 0, 38971, 36068, 35961, 35909, 4847, 0, 36897, 19684, 8343, 2799, 33849, 44593, 41374, 34278, 0, 42084, 35566, 0, 37990, 41421, 0, 42550, 33785, 10042, 0, 35606, 0, 27160, 0, 0, 46255, 0, 43020],[35570, 0, 0, 41055, 0, 37545, 33497, 0, 43113, 0, 19682, 19906, 0, 0, 10343, 28342, 11832, 0, 0, 0, 12294, 44525, 14765, 0, 7373, 45745, 23440, 40401, 12783, 10858, 32140, 41783, 0, 38968, 0, 19939, 41132, 0, 22402, 0, 36189, 33579, 0, 28572, 0, 37658, 40680, 0, -1, 34839, 30214, 26284, 0, 0, 0, 32153, 0, 23298, 0, 26814, 29413, 34574, 33658, 0, 33596, 44784, 0, 34420, 32377, 0, 0, 0, 0, 0, 0, 0, 42656, 0, 41986, 0, 17672, 36329, 0, 41997, 36362, 36894, 13888, 37577, 0, 14318, 31487, 0, 29943, 12641, 12486, 45467],[0, 41076, 26109, 44296, 45564, 42164, 23088, 0, 9394, 37432, 33992, 0, 39681, 25997, 36709, 23356, 22227, 0, 35426, 0, 44910, 0, 24433, 0, 0, 41921, 0, 0, 37374, 0, 0, 40822, 0, 3986, 32642, 31602, 0, 42367, 0, 31193, 44913, 16926, 0, 21345, 0, 45424, 36075, 44690, 34839, -1, 0, 40331, 0, 15138, 0, 17769, 39409, 10328, 27443, 0, 21888, 0, 44716, 0, 31937, 39666, 18489, 0, 37843, 0, 20547, 36803, 22735, 36161, 35423, 0, 0, 21200, 0, 0, 0, 39448, 44660, 46143, 44393, 0, 40768, 32753, 2850, 17643, 25750, 39496, 24506, 9931, 27277, 42821],[44164, 0, 37100, 0, 36889, 0, 35898, 0, 0, 39641, 44706, 11862, 24681, 21747, 44329, 0, 46006, 17585, 0, 0, 34299, 44976, 0, 40751, 41175, 10826, 32644, 39707, 0, 37467, 42588, 35183, 0, 0, 45638, 34841, 45527, 33157, 45219, 0, 28717, 15269, 46053, 33645, 42048, 35851, 35101, 29562, 30214, 0, -1, 30322, 0, 0, 34761, 39931, 0, 27478, 32615, 0, 32268, 0, 34154, 38378, 0, 41229, 36160, 30560, 0, 42487, 42218, 9407, 0, 23439, 0, 22316, 40934, 43634, 0, 24193, 17862, 0, 41358, 43634, 0, 0, 31751, 19271, 0, 0, 42689, 45719, 8797, 0, 0, 8626],[8891, 39799, 16286, 43623, 45554, 32351, 0, 0, 0, 31137, 24314, 0, 25657, 0, 30720, 0, 34921, 42353, 40391, 0, 35414, 0, 0, 43748, 0, 40935, 18134, 24338, 22689, 12872, 0, 44140, 32932, 0, 0, 44165, 22598, 0, 9700, 45156, 19680, 41652, 17889, 30358, 42199, 0, 0, 17614, 26284, 40331, 30322, -1, 40410, 27837, 42427, 44015, 0, 42442, 7302, 42775, 0, 29629, 33761, 0, 38693, 38171, 0, 0, 31013, 0, 0, 0, 13485, 0, 0, 26514, 44001, 21396, 37008, 41638, 0, 0, 42263, 0, 0, 0, 0, 16819, 0, 36827, 26148, 40340, 0, 0, 36709, 9395],[0, 33976, 0, 0, 0, 30056, 0, 12982, 8160, 38516, 34886, 15817, 30478, 16616, 46235, 13257, 35082, 12815, 0, 41978, 45929, 0, 0, 43845, 38984, 41293, 32190, 0, 39163, 24588, 45021, 0, 25826, 28642, 30771, 33792, 0, 27652, 42300, 43652, 35781, 23442, 18659, 7950, 29453, 38844, 34461, 27519, 0, 0, 0, 40410, -1, 36038, 45976, 45011, 16691, 27235, 38165, 0, 0, 41232, 7798, 23601, 16131, 0, 20365, 0, 42588, 43410, 38393, 19712, 40777, 14119, 0, 43682, 40590, 20377, 34492, 25720, 45789, 0, 0, 21479, 0, 33560, 33539, 38660, 0, 0, 0, 34860, 41045, 0, 12390, 22927],[0, 45480, 0, 21510, 30502, 0, 28028, 0, 44160, 25761, 37648, 44973, 25099, 6923, 0, 18917, 0, 44937, 0, 0, 41083, 37871, 0, 0, 42038, 0, 19253, 28691, 11046, 0, 14797, 43096, 43763, 27022, 13325, 24788, 45950, 31165, 0, 0, 32272, 42057, 0, 39469, 36540, 0, 43230, 44878, 0, 15138, 0, 27837, 36038, -1, 43142, 0, 28592, 18849, 46178, 0, 38067, 24378, 44174, 41068, 42016, 0, 21962, 28275, 18757, 0, 44680, 0, 0, 0, 17713, 38540, 39707, 37265, 43801, 43357, 21112, 45440, 45800, 33957, 46324, 0, 43397, 26453, 0, 20997, 0, 0, 44170, 0, 0, 0],[0, 17619, 29322, 0, 0, 13211, 36495, 0, 31083, 0, 41377, 19847, 0, 30067, 40707, 0, 33118, 0, 0, 45470, 0, 41172, 30484, 39685, 0, 36665, 41711, 0, 0, 0, 8133, 44320, 35003, 0, 42002, 26032, 20614, 0, 0, 36821, 32276, 0, 40024, 19216, 0, 0, 0, 0, 0, 0, 34761, 42427, 45976, 43142, -1, 42631, 10244, 43034, 37776, 16571, 38056, 28378, 19399, 0, 0, 13929, 44297, 3417, 40369, 19678, 17669, 42593, 42770, 0, 40384, 0, 0, 29869, 27901, 43629, 17077, 38475, 24282, 36837, 0, 0, 46077, 33635, 28192, 33242, 7016, 19679, 0, 43205, 31995, 0],[39794, 21497, 18757, 31729, 39290, 0, 39456, 18847, 0, 0, 45914, 36199, 35843, 19832, 17644, 23961, 41736, 0, 0, 0, 0, 35132, 35144, 23675, 0, 45557, 39840, 0, 22613, 0, 15500, 0, 43846, 18132, 31686, 3267, 37202, 0, 11909, 33681, 28915, 0, 45619, 14157, 27128, 42798, 45671, 0, 32153, 17769, 39931, 44015, 45011, 0, 42631, -1, 18914, 24895, 0, 21271, 0, 19788, 0, 40349, 40519, 0, 0, 0, 0, 18906, 44149, 23857, 0, 35961, 41549, 42562, 3430, 6213, 27418, 33030, 41830, 33441, 0, 0, 9668, 42277, 39472, 0, 39344, 24336, 0, 43167, 27560, 36546, 0, 0],[0, 0, 37854, 44765, 0, 0, 2644, 0, 0, 26409, 38466, 45710, 46071, 19456, 0, 0, 43136, 38874, 13487, 36317, 46337, 21412, 36878, 30648, 16002, 0, 39717, 41882, 0, 14056, 37583, 44833, 41271, 39299, 41165, 0, 29678, 0, 34397, 45336, 45007, 15962, 24776, 0, 15530, 34913, 31155, 30204, 0, 39409, 0, 0, 16691, 28592, 10244, 18914, -1, 0, 36555, 0, 43769, 0, 0, 14378, 0, 0, 0, 0, 9588, 32917, 41296, 19550, 0, 0, 18423, 11733, 35039, 0, 0, 0, 37686, 35596, 35383, 24022, 24052, 40891, 0, 0, 26029, 30858, 0, 14902, 45323, 0, 0, 37295],[0, 35368, 30330, 46328, 0, 11911, 36273, 39967, 19857, 0, 32109, 26092, 43786, 36589, 30876, 0, 34068, 39133, 0, 45013, 22429, 0, 23237, 0, 45933, 0, 37187, 26719, 31035, 38149, 14859, 42895, 0, 42925, 31677, 18791, 0, 0, 17314, 0, 0, 39662, 0, 0, 0, 38758, 17386, 31458, 23298, 10328, 27478, 42442, 27235, 18849, 43034, 24895, 0, -1, 0, 3570, 0, 33842, 0, 45092, 0, 24122, 22924, 44585, 11712, 44030, 6069, 44929, 30909, 0, 45446, 16415, 0, 0, 29345, 33643, 33892, 32078, 38533, 0, 36214, 0, 0, 38371, 29395, 0, 0, 26733, 26051, 30700, 42962, 17133],[0, 17169, 7845, 0, 5866, 25814, 0, 0, 0, 26078, 29735, 33271, 0, 34686, 35333, 31229, 0, 40504, 0, 0, 18910, 30986, 41091, 0, 40620, 22894, 41323, 22973, 28260, 35884, 44919, 0, 32997, 44484, 14507, 36680, 44826, 25467, 41056, 24264, 10021, 9715, 0, 30217, 21840, 0, 28305, 5275, 0, 27443, 32615, 7302, 38165, 46178, 37776, 0, 36555, 0, -1, 43573, 34075, 0, 32316, 24069, 34071, 0, 41590, 30381, 22105, 32647, 44988, 18798, 46258, 45099, 43414, 17516, 33355, 41240, 39318, 41384, 0, 0, 33686, 0, 30168, 0, 41173, 29357, 17894, 0, 42682, 30352, 24663, 0, 15198, 0],[0, 35809, 0, 36668, 0, 34538, 19874, 28966, 0, 8957, 8795, 40510, 30586, 0, 32780, 22819, 6889, 36417, 36204, 24088, 0, 26987, 0, 33395, 0, 33494, 18174, 21491, 29176, 32471, 44658, 0, 42622, 16389, 0, 0, 17637, 0, 20714, 38020, 23561, 0, 45685, 0, 0, 46081, 29312, 0, 26814, 0, 0, 42775, 0, 0, 16571, 21271, 0, 3570, 43573, -1, 41777, 45908, 35703, 9487, 17952, 41292, 10732, 0, 44649, 2426, 0, 0, 0, 38863, 43357, 0, 26518, 39746, 30125, 10214, 44139, 44423, 19248, 42791, 0, 31858, 35021, 0, 0, 41765, 31347, 44079, 40635, 42696, 29065, 0],[0, 11277, 37887, 0, 37161, 37217, 43473, 36692, 0, 20717, 0, 35509, 0, 0, 0, 0, 33741, 24807, 44392, 0, 27449, 30304, 32761, 0, 28687, 40729, 41527, 23920, 22366, 14647, 31544, 32924, 5802, 0, 46310, 0, 42335, 12805, 0, 45231, 36233, 18270, 22904, 35049, 20393, 45848, 10532, 0, 29413, 21888, 32268, 0, 0, 38067, 38056, 0, 43769, 0, 34075, 41777, -1, 32103, 46021, 20619, 42064, 19549, 0, 16286, 0, 25163, 0, 31721, 12268, 0, 0, 0, 13699, 45044, 31847, 0, 44137, 26506, 41239, 0, 0, 27818, 29122, 34373, 0, 46036, 30450, 40733, 19438, 35727, 28797, 14128],[16316, 0, 0, 29763, 44891, 0, 0, 38647, 0, 0, 36546, 43986, 16387, 9586, 0, 39375, 16541, 0, 0, 0, 0, 0, 16002, 32949, 44141, 0, 0, 0, 10108, 15601, 0, 45173, 21756, 26766, 0, 7871, 34631, 28318, 0, 0, 41849, 42705, 45942, 22857, 0, 41607, 25040, 26199, 34574, 0, 0, 29629, 41232, 24378, 28378, 19788, 0, 33842, 0, 45908, 32103, -1, 0, 45541, 0, 30729, 36652, 13694, 39668, 9106, 45660, 39872, 0, 38099, 0, 39063, 39830, 24917, 34009, 37330, 0, 0, 7571, 38727, 29132, 0, 20464, 7859, 5775, 25025, 11599, 0, 23182, 35161, 28733, 0],[26081, 30156, 0, 0, 43263, 30702, 0, 33170, 43250, 0, 43144, 0, 36837, 33518, 45916, 35905, 0, 24375, 44601, 0, 27724, 20234, 46106, 0, 0, 44243, 0, 33954, 0, 39222, 40213, 45690, 0, 40087, 36874, 35583, 43346, 0, 0, 31231, 42256, 34833, 19073, 40074, 6017, 0, 24245, 0, 33658, 44716, 34154, 33761, 7798, 44174, 19399, 0, 0, 0, 32316, 35703, 46021, 0, -1, 27047, 42864, 15064, 15833, 0, 0, 45424, 25027, 13229, 0, 38887, 24869, 0, 42071, 14240, 34458, 0, 0, 0, 0, 15449, 19118, 29283, 37360, 32669, 9468, 27167, 39125, 40279, 36760, 21317, 0, 46133],[37045, 0, 0, 30844, 0, 0, 30880, 13164, 9076, 32119, 26706, 24799, 0, 14939, 0, 21488, 44010, 42641, 5024, 0, 24014, 0, 9175, 34388, 0, 32241, 13315, 35452, 42130, 0, 2096, 46111, 0, 0, 22676, 0, 34811, 21519, 45680, 13085, 41812, 37306, 39012, 34780, 42069, 21615, 5877, 38971, 0, 0, 38378, 0, 23601, 41068, 0, 40349, 14378, 45092, 24069, 9487, 20619, 45541, 27047, -1, 34790, 39668, 0, 0, 0, 0, 45057, 0, 0, 44350, 38562, 39862, 0, 0, 27152, 0, 42475, 0, 0, 0, 44157, 0, 25409, 45090, 0, 16904, 0, 24762, 33808, 30942, 42123, 0],[44442, 22060, 0, 41661, 34013, 8735, 0, 45825, 38361, 30099, 0, 0, 0, 30596, 36672, 29109, 40872, 0, 0, 23332, 0, 0, 0, 16743, 33115, 34671, 35223, 30313, 43033, 33652, 37784, 0, 0, 15399, 0, 33791, 14143, 45539, 0, 24197, 45176, 35112, 33188, 18827, 28619, 0, 28299, 36068, 33596, 31937, 0, 38693, 16131, 42016, 0, 40519, 0, 0, 34071, 17952, 42064, 0, 42864, 34790, -1, 0, 17253, 23837, 45813, 13813, 0, 45960, 0, 0, 33200, 0, 29227, 25832, 42441, 19285, 0, 22482, 34651, 43746, 0, 37049, 17708, 21336, 0, 0, 0, 39357, 22641, 0, 34367, 18339],[37088, 21505, 0, 0, 23387, 35532, 27571, 23156, 28113, 27760, 38550, 45001, 33522, 0, 34158, 36048, 0, 0, 0, 16820, 0, 0, 43724, 45636, 11065, 27140, 0, 0, 0, 37193, 0, 32716, 44347, 43206, 13295, 0, 36864, 0, 24958, 28545, 0, 0, 26285, 0, 40423, 35910, 35652, 35961, 44784, 39666, 41229, 38171, 0, 0, 13929, 0, 0, 24122, 0, 41292, 19549, 30729, 15064, 39668, 0, -1, 32519, 0, 0, 38638, 0, 41496, 42477, 46011, 39534, 0, 43132, 35400, 37400, 0, 0, 45773, 44316, 33398, 0, 0, 7285, 39115, 21019, 0, 30406, 45888, 37941, 0, 0, 0],[17481, 43109, 0, 27249, 24472, 40849, 0, 16117, 32439, 0, 33261, 12136, 30184, 26532, 30451, 0, 32250, 0, 0, 44755, 18518, 6039, 0, 12568, 0, 0, 19794, 0, 41694, 26826, 0, 0, 40735, 43061, 24431, 0, 0, 25448, 11888, 18400, 0, 25285, 37652, 0, 42097, 43561, 37957, 35909, 0, 18489, 36160, 0, 20365, 21962, 44297, 0, 0, 22924, 41590, 10732, 0, 36652, 15833, 0, 17253, 32519, -1, 30554, 17839, 39743, 0, 33622, 15109, 9099, 29483, 32001, 0, 34938, 45138, 16350, 0, 19504, 42417, 31845, 0, 37766, 35411, 44303, 42558, 0, 0, 43734, 28371, 13992, 40622, 43310],[43207, 34059, 0, 33482, 0, 32288, 32847, 41633, 14663, 11803, 43926, 5626, 37383, 0, 19091, 0, 21890, 14622, 42971, 0, 0, 21983, 36280, 32046, 0, 29106, 43395, 35445, 22791, 38826, 42045, 14434, 44519, 21866, 0, 41652, 42317, 975, 38906, 45121, 14603, 0, 16238, 0, 11581, 45188, 39798, 4847, 34420, 0, 30560, 0, 0, 28275, 3417, 0, 0, 44585, 30381, 0, 16286, 13694, 0, 0, 23837, 0, 30554, -1, 19250, 27938, 44027, 0, 38782, 39483, 0, 0, 41111, 27240, 12671, 0, 22742, 36392, 16513, 38292, 0, 29140, 0, 37098, 6491, 43378, 40348, 0, 23515, 26631, 25495, 0],[0, 2333, 33842, 19464, 0, 33985, 0, 32365, 0, 0, 38245, 36945, 0, 25883, 40211, 16812, 0, 30021, 0, 43116, 0, 31994, 31818, 36662, 0, 30927, 45018, 21554, 33605, 44363, 20448, 15123, 45280, 28366, 43611, 30466, 0, 36088, 0, 0, 0, 0, 26535, 16924, 0, 44021, 0, 0, 32377, 37843, 0, 31013, 42588, 18757, 40369, 0, 9588, 11712, 22105, 44649, 0, 39668, 0, 0, 45813, 0, 17839, 19250, -1, 0, 0, 0, 19942, 15199, 19787, 39926, 34125, 0, 17938, 0, 0, 32497, 0, 33993, 42546, 0, 0, 22630, 20837, 0, 0, 42020, 0, 26710, 0, 7013],[0, 0, 0, 17363, 0, 11022, 0, 0, 28753, 0, 26620, 21091, 0, 37889, 7186, 0, 28543, 14787, 0, 29934, 16053, 17800, 25242, 37446, 0, 0, 0, 0, 24098, 20203, 21032, 37686, 15239, 36247, 0, 31660, 35750, 30418, 44114, 27844, 44323, 39727, 18220, 38893, 0, 0, 43585, 36897, 0, 0, 42487, 0, 43410, 0, 19678, 18906, 32917, 44030, 32647, 2426, 25163, 9106, 45424, 0, 13813, 38638, 39743, 27938, 0, -1, 22714, 0, 16694, 38600, 23649, 42444, 11010, 34750, 0, 0, 20573, 0, 37677, 0, 0, 21352, 5484, 40471, 37397, 0, 41892, 26528, 3993, 0, 40116, 18814],[29286, 0, 32051, 43777, 20803, 0, 15135, 0, 0, 31546, 29869, 43660, 41276, 0, 43776, 0, 40092, 0, 38453, 18357, 0, 24470, 0, 10386, 43711, 21517, 45051, 43845, 28786, 33601, 41511, 38677, 4353, 0, 14094, 36415, 43293, 38895, 0, 31696, 29607, 45566, 0, 15245, 0, 44642, 18137, 19684, 0, 20547, 42218, 0, 38393, 44680, 17669, 44149, 41296, 6069, 44988, 0, 0, 45660, 25027, 45057, 0, 0, 0, 44027, 0, 22714, -1, 0, 29000, 32982, 0, 45184, 0, 17089, 42240, 44542, 15102, 22992, 36033, 0, 41926, 0, 28556, 0, 41655, 30261, 35527, 21315, 0, 0, 20921, 45112],[44215, 0, 28287, 24161, 0, 33477, 0, 32844, 33190, 15640, 45553, 30791, 45807, 20740, 31879, 0, 0, 28459, 34605, 22273, 0, 37225, 7953, 41216, 44189, 28564, 32089, 13342, 28737, 0, 17060, 44433, 42196, 36530, 31350, 0, 0, 29421, 40252, 29302, 33610, 24732, 25897, 32532, 0, 0, 40790, 8343, 0, 36803, 9407, 0, 19712, 0, 42593, 23857, 19550, 44929, 18798, 0, 31721, 39872, 13229, 0, 45960, 41496, 33622, 0, 0, 0, 0, -1, 0, 0, 35658, 40951, 42886, 37263, 31202, 0, 20991, 0, 17281, 45562, 20634, 34308, 0, 15264, 0, 27069, 0, 33566, 0, 17659, 27668, 24852],[42258, 41974, 0, 0, 35871, 22495, 0, 22535, 0, 0, 4779, 0, 19400, 33571, 20116, 16300, 45098, 33271, 39635, 42464, 43857, 43346, 11513, 34554, 21194, 31275, 37132, 36634, 0, 0, 12914, 0, 38476, 32131, 31434, 0, 26802, 21260, 40305, 15213, 0, 34247, 0, 0, 25250, 36614, 0, 2799, 0, 22735, 0, 13485, 40777, 0, 42770, 0, 0, 30909, 46258, 0, 12268, 0, 0, 0, 0, 42477, 15109, 38782, 19942, 16694, 29000, 0, -1, 0, 42398, 32427, 42518, 39136, 43752, 19939, 44177, 0, 31934, 25680, 0, 0, 24949, 44173, 25616, 0, 34500, 45175, 11601, 35722, 0, 6333],[18438, 44096, 9538, 21496, 38204, 0, 42452, 37936, 40560, 37805, 0, 26858, 44919, 24095, 44638, 0, 24161, 43312, 13989, 43560, 0, 41035, 30590, 29849, 0, 35611, 34647, 40311, 0,