97
[[-1, 41864, 44736, 44325, 34186, 16461, 40315, 19022, 27480, 26884, 34941, 35559, 45381, 41235, 35303, 32881, 28022, 43988, 22664, 37090, 45198, 39779, 17587, 12282, 41083, 33200, 33714, 18652, 33769, 27462, 20752, 34374, 12952, 34278, 24496, 40618, 33911, 41321, 19913, 31404, 34872, 33345, 18965, 28422, 9900, 39590, 32473, 28260, 42383, 33815, 40638, 44044, 5408, 33561, 40100, 41320, 15450, 35765, 42991, 44803, 33952, 35496, 35073, 31857, 38125, 14201, 39186, 34852, 40152, 35192, 18151, 34077, 40780, 44739, 33269, 37658, 44661, 29078, 22498, 38845, 8553, 39680, 27145, 43643, 39080, 18594, 40858, 45746, 39226, 20353, 29972, 18283, 6364, 41773, 27466, 39949, 8594],[41864, -1, 41716, 21259, 20908, 33914, 45817, 46266, 9135, 1613, 42835, 23639, 28093, 25175, 45026, 40166, 45065, 42213, 38404, 46169, 25321, 21139, 42873, 43537, 33095, 43578, 38652, 22171, 33124, 46176, 42459, 44112, 42108, 33411, 4276, 38031, 45041, 22305, 36462, 20301, 5283, 14399, 31005, 12636, 44179, 13513, 30071, 31522, 31989, 27593, 23024, 26528, 34145, 36848, 43989, 36119, 19040, 15768, 10171, 20417, 38394, 40384, 8253, 26906, 26993, 38300, 33471, 36322, 44667, 8194, 45511, 39694, 5559, 39320, 30960, 21795, 31681, 39366, 19148, 35463, 27270, 44005, 33157, 22410, 37182, 36230, 43181, 23345, 45701, 36428, 15986, 42878, 28372, 10610, 38696, 18881, 32269],[44736, 41716, -1, 39238, 45972, 39994, 37232, 23526, 43696, 43595, 16197, 28402, 40265, 21297, 35538, 44106, 39518, 30238, 18154, 6036, 40528, 46261, 40174, 39754, 22657, 46207, 44375, 3385, 21344, 9613, 30286, 24801, 18616, 22619, 25090, 37544, 19638, 43856, 18208, 20116, 11971, 44216, 40304, 39170, 16649, 38607, 42699, 33109, 43030, 11826, 5893, 38852, 23490, 5772, 21142, 25263, 45342, 37202, 31047, 20705, 13668, 34142, 32448, 43924, 7989, 38617, 22499, 36398, 14359, 32239, 37433, 36154, 28718, 40356, 19875, 40202, 35231, 17059, 36873, 45058, 12334, 45234, 43863, 40038, 32057, 32152, 28294, 21648, 26518, 31895, 9781, 29447, 11156, 15273, 36456, 35476, 45888],[44325, 21259, 39238, -1, 31848, 23607, 20271, 10022, 45076, 43408, 35203, 38861, 19852, 33173, 25160, 40413, 37029, 29877, 27161, 38331, 37324, 23050, 36644, 38876, 23557, 36769, 35471, 46251, 19966, 9539, 44709, 19740, 15828, 35575, 16140, 9638, 37399, 38932, 28999, 39010, 38379, 43302, 42169, 44613, 41108, 5522, 43921, 29995, 32786, 40550, 44735, 40797, 39896, 4176, 41762, 26575, 43968, 33049, 42358, 28692, 18912, 18518, 36041, 15059, 22082, 46207, 43319, 27319, 26561, 31300, 22778, 31420, 21815, 26603, 46245, 44637, 39522, 28213, 30688, 39474, 28535, 39292, 38572, 42027, 24689, 20006, 32183, 42310, 38377, 16743, 44027, 23445, 37958, 30406, 32766, 42644, 23686],[34186, 20908, 45972, 31848, -1, 41764, 37911, 32484, 33767, 33025, 32127, 33962, 38870, 41061, 24369, 45271, 5333, 12333, 43731, 18356, 45723, 44734, 36633, 22427, 35929, 41711, 34469, 41213, 8401, 33939, 13515, 33436, 25542, 28623, 32309, 34964, 35511, 127, 35406, 12071, 34276, 40758, 18122, 44026, 18397, 34424, 38387, 41091, 24672, 34385, 20016, 35467, 35641, 43950, 15385, 4043, 28042, 40850, 13141, 33694, 19442, 35260, 31249, 31525, 43115, 44683, 41167, 34431, 40667, 14929, 39644, 35047, 41866, 34024, 25836, 35550, 12777, 46246, 41287, 13708, 36747, 38392, 30960, 20193, 32119, 42314, 37628, 35742, 39016, 16147, 30637, 25437, 42113, 34677, 29889, 43428, 45282],[16461, 33914, 39994, 23607, 41764, -1, 37502, 32513, 41910, 45360, 45536, 43466, 42523, 43428, 31284, 42877, 42435, 5293, 29048, 43035, 7732, 10104, 22557, 35535, 39642, 35006, 33711, 29326, 18690, 43162, 18189, 23304, 6349, 15415, 23050, 33617, 31307, 12129, 32063, 31551, 44885, 40742, 33123, 34366, 33495, 27909, 31606, 43986, 16660, 21268, 41260, 34771, 42876, 14745, 36581, 44374, 40457, 35413, 34594, 40941, 10267, 7999, 41396, 3035, 19554, 28846, 20101, 20508, 36019, 45164, 37426, 43829, 35688, 29666, 2232, 38452, 9129, 32764, 45280, 45810, 15842, 31053, 23784, 16932, 11124, 26589, 23683, 15517, 33433, 26828, 26082, 36740, 37504, 21431, 25781, 40689, 37035],[40315, 45817, 37232, 20271, 37911, 37502, -1, 45001, 31066, 9517, 20443, 45956, 36983, 42483, 35095, 43776, 41368, 44514, 27858, 35348, 13839, 1295, 39196, 36999, 39078, 26869, 15301, 10806, 27864, 22756, 45806, 37683, 38115, 37351, 20034, 17458, 43832, 32282, 30910, 36488, 19382, 38879, 43619, 25942, 30844, 31185, 28371, 14247, 18985, 21004, 22822, 38997, 37832, 37435, 17050, 43112, 35511, 38433, 36979, 5145, 10805, 11850, 27373, 22335, 26006, 15844, 42939, 34627, 40763, 35670, 30796, 23312, 46016, 32160, 13873, 40940, 43240, 42992, 27749, 41202, 31484, 35754, 44789, 11772, 36678, 46287, 35498, 23528, 33861, 38482, 39112, 36224, 41372, 10926, 43733, 38132, 35136],[19022, 46266, 23526, 10022, 32484, 32513, 45001, -1, 14445, 9912, 20727, 44463, 39632, 21937, 20755, 3824, 20149, 29014, 23014, 44243, 21344, 39449, 19586, 32727, 8133, 31434, 40149, 20718, 41841, 35372, 45818, 10163, 35264, 36466, 8546, 30720, 42142, 38822, 42113, 38770, 40995, 22450, 37975, 33791, 42358, 43407, 42285, 13682, 35893, 44453, 23133, 15829, 45933, 38227, 37879, 9833, 40261, 38438, 32096, 17529, 25689, 41928, 21439, 36084, 26281, 8417, 28838, 13510, 18208, 18622, 32924, 31184, 29517, 45698, 43476, 23172, 45985, 36189, 41107, 14919, 42051, 36835, 44360, 37866, 20472, 16792, 36079, 14800, 3628, 29770, 44765, 44155, 34761, 26373, 41999, 27319, 2263],[27480, 9135, 43696, 45076, 33767, 41910, 31066, 14445, -1, 11673, 44984, 30095, 19381, 29552, 39906, 41911, 25549, 40461, 40628, 24034, 38729, 23939, 25549, 43607, 27517, 13784, 38685, 36926, 31600, 37202, 23319, 45700, 18374, 38119, 15153, 41996, 40570, 29928, 23244, 10557, 39972, 42934, 39694, 44843, 19849, 45770, 19519, 39939, 25263, 38905, 37064, 16320, 29356, 11042, 19998, 21011, 13575, 31793, 12871, 23538, 2034, 11507, 46316, 38243, 14386, 39315, 39121, 22269, 45376, 33928, 35847, 28574, 46048, 43493, 38937, 44196, 28627, 35325, 35552, 17403, 21876, 27892, 43931, 27334, 33810, 27267, 30081, 33795, 26517, 21931, 33139, 9280, 4702, 18931, 13284, 43958, 24793],[26884, 1613, 43595, 43408, 33025, 45360, 9517, 9912, 11673, -1, 38017, 8280, 7781, 30365, 34515, 37444, 44313, 35323, 36164, 41562, 46200, 4241, 31602, 43241, 37874, 45949, 38511, 23824, 41861, 41704, 8952, 15477, 37204, 27884, 26852, 36315, 17270, 15992, 32638, 41200, 13113, 37213, 44881, 31073, 39474, 29623, 43645, 29418, 24260, 45612, 31263, 26314, 40165, 45523, 39229, 42738, 21044, 18673, 43204, 11610, 24116, 8039, 26924, 32779, 21858, 42171, 23894, 22066, 25761, 13811, 29063, 40929, 29764, 38074, 17501, 16387, 14251, 45947, 9758, 38369, 8714, 38212, 40511, 27280, 36085, 32562, 42458, 26250, 34451, 17981, 41959, 36085, 45889, 32584, 25172, 34856, 25222],[34941, 42835, 16197, 35203, 32127, 45536, 20443, 20727, 44984, 38017, -1, 23827, 34254, 44588, 44760, 30518, 26145, 33137, 13028, 20939, 45402, 27689, 38637, 14587, 35853, 38318, 42899, 29511, 11321, 28723, 36406, 35604, 13383, 34722, 30376, 33503, 40410, 23482, 44647, 43572, 33745, 18976, 26198, 13814, 32224, 35227, 41363, 45062, 40012, 28997, 28233, 43397, 16608, 38905, 32750, 3023, 17173, 33346, 12526, 45781, 37208, 43819, 16193, 36531, 21169, 18725, 25727, 33340, 43411, 35499, 23969, 23648, 21372, 45205, 20796, 44863, 26826, 19502, 45689, 31903, 43255, 45915, 22145, 31076, 46238, 20902, 33852, 10195, 19226, 9624, 41370, 28620, 35607, 28668, 45210, 23171, 14097],[35559, 23639, 28402, 38861, 33962, 43466, 45956, 44463, 30095, 8280, 23827, -1, 43565, 27626, 18635, 43898, 10861, 38858, 21983, 39601, 36756, 13078, 39561, 39942, 40092, 31780, 13474, 12326, 21078, 6132, 40039, 22541, 31712, 30788, 34612, 11019, 21420, 25105, 39054, 32139, 26145, 31638, 28790, 29850, 29781, 45813, 22426, 43321, 34261, 30412, 21488, 31415, 46033, 34452, 41321, 18299, 22235, 42131, 32949, 33767, 15313, 1727, 34268, 40555, 43908, 29563, 31124, 14222, 20855, 39156, 13926, 13755, 33852, 20726, 16694, 25717, 43279, 40355, 19376, 36502, 39491, 8084, 21182, 44728, 37202, 15103, 8202, 27739, 39740, 23474, 26098, 30305, 16049, 27913, 17284, 9576, 29302],[45381, 28093, 40265, 19852, 38870, 42523, 36983, 39632, 19381, 7781, 34254, 43565, -1, 29978, 31768, 38024, 24552, 32748, 40891, 38800, 42589, 11774, 34752, 40608, 39259, 45298, 44822, 40267, 46253, 36810, 45414, 46193, 16660, 38545, 14652, 40931, 29760, 32116, 43675, 44487, 20807, 25431, 41039, 39421, 43580, 43927, 26941, 28069, 36092, 21004, 26285, 30082, 30537, 43971, 19852, 33611, 40127, 42418, 45341, 23472, 11894, 43358, 27002, 37304, 11215, 24598, 36386, 42720, 32257, 32850, 15680, 26773, 22418, 31811, 38038, 42513, 31654, 43845, 39569, 2350, 44154, 29263, 29537, 36919, 44716, 39983, 45998, 28377, 43375, 35221, 22691, 17448, 45990, 26045, 30516, 18756, 27006],[41235, 25175, 21297, 33173, 41061, 43428, 42483, 21937, 29552, 30365, 44588, 27626, 29978, -1, 24221, 41206, 11524, 39582, 19237, 24262, 31404, 25072, 28556, 20202, 27707, 28060, 32506, 40519, 38465, 37272, 45296, 38368, 19643, 28520, 27444, 44949, 45616, 39393, 40038, 39382, 24760, 23960, 28856, 24781, 29695, 32651, 32795, 26766, 43060, 17296, 40330, 36097, 30222, 32088, 8697, 23541, 21489, 15538, 12369, 36686, 43423, 31218, 44984, 21190, 38980, 17150, 9208, 31228, 28477, 35703, 19139, 15752, 35854, 34408, 35643, 22833, 41594, 10993, 38458, 30287, 41915, 39500, 44651, 38983, 23328, 45928, 41944, 13753, 41454, 45049, 37823, 10673, 24105, 44619, 20404, 45117, 3810],[35303, 45026, 35538, 25160, 24369, 31284, 35095, 20755, 39906, 34515, 44760, 18635, 31768, 24221, -1, 44468, 30937, 39498, 13907, 33568, 45559, 13438, 27419, 27856, 31507, 33914, 45768, 19516, 31889, 33638, 34086, 21807, 34846, 37324, 32009, 38157, 27414, 18996, 39952, 24420, 15306, 32844, 22093, 35838, 7881, 24534, 21061, 41775, 33247, 45541, 33672, 33000, 32970, 3979, 20145, 32205, 43538, 15058, 20666, 32463, 17031, 45207, 46248, 42814, 26650, 16752, 41019, 5920, 15893, 19591, 37344, 31949, 21893, 43715, 27948, 45419, 44932, 39845, 41806, 38785, 43420, 41302, 39539, 22453, 31184, 37541, 13074, 39396, 42595, 26328, 28810, 3033, 24313, 44171, 31982, 20590, 45663],[32881, 40166, 44106, 40413, 45271, 42877, 43776, 3824, 41911, 37444, 30518, 43898, 38024, 41206, 44468, -1, 30301, 32175, 37991, 34598, 29674, 27652, 25404, 13707, 40589, 18765, 28639, 31854, 30088, 31063, 42830, 17424, 30643, 40306, 24866, 28618, 45446, 43758, 29883, 39596, 43188, 12155, 17038, 29210, 40073, 45424, 41288, 37528, 44964, 20403, 34378, 31791, 44536, 24082, 14940, 31369, 8525, 39200, 44934, 25349, 28734, 11574, 35887, 15634, 18555, 17230, 17539, 20836, 32235, 19376, 12039, 22497, 33755, 42617, 35495, 38338, 43315, 37775, 33291, 32853, 26707, 36022, 32151, 32725, 12487, 9130, 29992, 38952, 32136, 33025, 15711, 41219, 37941, 31105, 30963, 38551, 23073],[28022, 45065, 39518, 37029, 5333, 42435, 41368, 20149, 25549, 44313, 26145, 10861, 24552, 11524, 30937, 30301, -1, 45337, 17415, 23188, 39270, 36762, 21192, 42327, 30811, 38559, 24829, 41251, 28453, 30393, 27416, 18015, 36034, 19102, 7310, 16502, 30093, 20978, 46130, 28254, 26722, 8263, 14233, 12205, 10857, 34648, 33632, 43268, 30601, 12391, 42148, 7707, 11440, 45111, 34735, 20853, 28156, 45849, 27223, 16964, 10763, 40592, 37245, 45468, 17468, 27914, 45543, 29169, 38393, 41881, 42046, 34712, 18332, 36919, 40317, 26053, 18923, 40295, 22663, 6407, 28808, 18431, 40221, 28855, 17311, 43589, 29167, 25333, 43953, 27676, 40077, 5111, 25318, 25506, 36203, 30300, 38897],[43988, 42213, 30238, 29877, 12333, 5293, 44514, 29014, 40461, 35323, 33137, 38858, 32748, 39582, 39498, 32175, 45337, -1, 24500, 26278, 42564, 22532, 40087, 16992, 20273, 9847, 30111, 45191, 45311, 37933, 43771, 23810, 13855, 14086, 38623, 33377, 32460, 34835, 42699, 30817, 23086, 27825, 19444, 30676, 34962, 6206, 27801, 24601, 42371, 35274, 13429, 19027, 5903, 39894, 13693, 33493, 45094, 12002, 27620, 28310, 22540, 34925, 9350, 25687, 25044, 35836, 11913, 32397, 39258, 31265, 44857, 36133, 15193, 35628, 34871, 33981, 35593, 32624, 42756, 39282, 15413, 34354, 27448, 40988, 19967, 43583, 45281, 32827, 41598, 38455, 35462, 44295, 35151, 27870, 30135, 41819, 38363],[22664, 38404, 18154, 27161, 43731, 29048, 27858, 23014, 40628, 36164, 13028, 21983, 40891, 19237, 13907, 37991, 17415, 24500, -1, 42347, 15352, 37305, 22110, 23197, 43743, 41573, 28087, 37245, 31178, 36888, 15118, 19779, 17619, 22713, 38054, 12161, 31860, 43376, 23663, 30985, 35561, 45561, 25878, 41949, 33842, 40479, 22912, 18370, 26523, 21188, 43525, 9316, 15404, 36767, 44311, 32966, 45828, 6746, 42751, 32504, 29108, 43010, 35282, 27949, 22578, 5490, 12546, 21022, 17633, 44757, 20690, 29040, 32143, 46207, 36965, 19740, 28799, 44981, 38160, 36133, 38427, 14685, 19543, 10776, 38221, 28383, 11894, 28102, 39504, 21900, 27015, 34406, 26672, 42931, 21859, 35280, 30025],[37090, 46169, 6036, 38331, 18356, 43035, 35348, 44243, 24034, 41562, 20939, 39601, 38800, 24262, 33568, 34598, 23188, 26278, 42347, -1, 25645, 34720, 36417, 13983, 39806, 32606, 37936, 5944, 38773, 46026, 34573, 40159, 13542, 25926, 9701, 26439, 33675, 44715, 32352, 22911, 37718, 21709, 27357, 26486, 19684, 21281, 39937, 5616, 34069, 46306, 31709, 46288, 38677, 43881, 35267, 42956, 39144, 16483, 29647, 18901, 25427, 45566, 31986, 18505, 35269, 31900, 46234, 43413, 41079, 39326, 40319, 11179, 30520, 37042, 29713, 38048, 5837, 23029, 7555, 25916, 34587, 38931, 32717, 29128, 30820, 10778, 5133, 36070, 18170, 24356, 17233, 26303, 36152, 19720, 45852, 21897, 33791],[45198, 25321, 40528, 37324, 45723, 7732, 13839, 21344, 38729, 46200, 45402, 36756, 42589, 31404, 45559, 29674, 39270, 42564, 15352, 25645, -1, 27816, 40123, 21786, 38347, 37213, 44439, 35632, 44333, 41467, 26566, 41147, 38193, 43861, 21224, 36609, 46046, 41181, 43782, 29612, 38539, 12778, 43914, 34597, 30538, 41204, 17494, 16700, 31216, 21558, 13545, 25616, 10327, 35767, 15732, 27360, 34315, 9869, 10656, 21670, 30502, 27599, 37678, 38788, 28265, 20215, 34731, 35631, 7884, 28984, 41126, 21596, 40714, 42880, 29683, 41790, 24339, 26371, 40589, 24256, 23999, 19449, 33628, 36741, 30675, 20780, 8681, 29501, 33081, 8387, 11139, 30847, 22901, 19291, 42240, 39525, 29467],[39779, 21139, 46261, 23050, 44734, 10104, 1295, 39449, 23939, 4241, 27689, 13078, 11774, 25072, 13438, 27652, 36762, 22532, 37305, 34720, 27816, -1, 29834, 40713, 30434, 30875, 22839, 42318, 31495, 35786, 37195, 11095, 43599, 41987, 2348, 13088, 37728, 41246, 9307, 42980, 44648, 43562, 35959, 11127, 30068, 32398, 17010, 26365, 23673, 31130, 34933, 40372, 36889, 36793, 28720, 45586, 13989, 31824, 21647, 40321, 41926, 35131, 36291, 27988, 42142, 42422, 42192, 45824, 23225, 7806, 37230, 29119, 42922, 18962, 41482, 39550, 41909, 38917, 37637, 11742, 40558, 40433, 26109, 30781, 37013, 41109, 25100, 37828, 34410, 26396, 33404, 33693, 22016, 24013, 32528, 33581, 45461],[17587, 42873, 40174, 36644, 36633, 22557, 39196, 19586, 25549, 31602, 38637, 39561, 34752, 28556, 27419, 25404, 21192, 40087, 22110, 36417, 40123, 29834, -1, 21303, 46153, 45473, 17636, 12925, 33107, 11835, 23128, 39924, 44657, 31919, 18392, 46133, 18891, 29719, 42974, 46163, 39917, 18247, 36308, 16748, 20985, 19290, 8023, 42215, 34205, 18198, 43380, 37376, 39338, 42011, 13997, 43216, 34850, 22297, 37276, 39230, 11746, 42770, 39874, 35622, 23910, 24425, 35720, 45261, 38136, 25888, 42819, 23047, 30750, 38260, 26846, 21421, 32415, 25395, 27740, 37297, 38740, 40454, 17986, 40878, 26519, 11513, 40381, 36750, 27781, 973, 36725, 40902, 36747, 22778, 32970, 40944, 41292],[12282, 43537, 39754, 38876, 22427, 35535, 36999, 32727, 43607, 43241, 14587, 39942, 40608, 20202, 27856, 13707, 42327, 16992, 23197, 13983, 21786, 40713, 21303, -1, 37945, 1671, 42336, 15894, 4475, 39390, 28941, 24948, 36293, 11927, 27713, 27478, 31239, 45242, 41722, 39529, 9868, 17969, 36682, 24831, 37890, 31464, 36500, 31466, 41945, 43287, 35497, 45860, 30470, 26917, 37085, 21461, 1689, 31277, 35894, 46092, 41821, 28406, 24197, 29533, 27460, 24973, 43257, 17612, 25240, 31767, 43446, 37439, 34336, 40665, 12762, 25682, 24626, 23236, 42395, 29593, 17251, 37443, 36638, 13961, 28318, 43524, 8289, 20063, 44508, 10547, 16007, 9084, 43025, 30160, 36341, 22552, 45814],[41083, 33095, 22657, 23557, 35929, 39642, 39078, 8133, 27517, 37874, 35853, 40092, 39259, 27707, 31507, 40589, 30811, 20273, 43743, 39806, 38347, 30434, 46153, 37945, -1, 40412, 18430, 8190, 44533, 45516, 16197, 40909, 43645, 42194, 29295, 29300, 29667, 31748, 28844, 42467, 31426, 26337, 25215, 43474, 41993, 24698, 42671, 22938, 24297, 28013, 43431, 44513, 10293, 44477, 34093, 42609, 31921, 42483, 18950, 33141, 27215, 28996, 24189, 34664, 43773, 24685, 33149, 22525, 34543, 35623, 21212, 26484, 46075, 42136, 23258, 42479, 19051, 21204, 33547, 25655, 33057, 30736, 34570, 43222, 15830, 33253, 33404, 12166, 39673, 37371, 33771, 44555, 45824, 42730, 28296, 21197, 39322],[33200, 43578, 46207, 36769, 41711, 35006, 26869, 31434, 13784, 45949, 38318, 31780, 45298, 28060, 33914, 18765, 38559, 9847, 41573, 32606, 37213, 30875, 45473, 1671, 40412, -1, 44201, 28784, 31697, 45258, 41814, 38283, 28646, 31747, 20759, 29276, 23823, 43057, 41592, 34362, 14345, 41008, 36504, 35298, 24728, 42824, 33611, 43160, 40613, 3252, 24329, 32597, 36228, 38290, 30488, 16417, 38619, 45485, 45987, 33338, 30686, 37091, 2086, 27365, 10708, 43051, 19809, 42775, 41332, 25769, 40489, 33627, 44790, 23457, 9439, 27071, 5102, 39161, 21547, 46301, 42476, 45346, 25208, 35306, 40064, 20887, 18327, 37167, 45761, 26226, 14427, 37565, 30200, 30392, 21239, 28848, 27884],[33714, 38652, 44375, 35471, 34469, 33711, 15301, 40149, 38685, 38511, 42899, 13474, 44822, 32506, 45768, 28639, 24829, 30111, 28087, 37936, 44439, 22839, 17636, 42336, 18430, 44201, -1, 38234, 3825, 10551, 45892, 37300, 30347, 32601, 37435, 35846, 2856, 38003, 24562, 41477, 41441, 37496, 35734, 41656, 27265, 31489, 26919, 40485, 18584, 33387, 29463, 45002, 37453, 30156, 28021, 20405, 35469, 39051, 22613, 43105, 18006, 42032, 44857, 35835, 11515, 21780, 43663, 32368, 38134, 40899, 23864, 31763, 32836, 32219, 28082, 16004, 37211, 20106, 23477, 21044, 29194, 40351, 22338, 11742, 42527, 29262, 29371, 35528, 28524, 44740, 43722, 43649, 23912, 28157, 38957, 34998, 45095],[18652, 22171, 3385, 46251, 41213, 29326, 10806, 20718, 36926, 23824, 29511, 12326, 40267, 40519, 19516, 31854, 41251, 45191, 37245, 5944, 35632, 42318, 12925, 15894, 8190, 28784, 38234, -1, 20441, 30047, 43771, 24029, 41257, 33716, 12670, 26240, 23422, 42951, 46028, 32615, 36338, 12338, 37649, 22233, 31891, 24405, 33698, 28401, 14636, 30470, 43856, 11145, 23200, 21263, 27215, 37701, 31252, 29373, 32848, 16430, 41121, 27969, 38026, 19119, 12656, 32907, 22030, 37057, 13734, 41233, 16211, 45464, 7813, 41514, 46278, 40366, 42921, 39655, 15885, 36012, 33210, 16690, 36556, 40922, 20085, 39286, 45973, 33135, 35367, 42298, 37241, 35040, 28382, 32978, 11288, 45277, 38600],[33769, 33124, 21344, 19966, 8401, 18690, 27864, 41841, 31600, 41861, 11321, 21078, 46253, 38465, 31889, 30088, 28453, 45311, 31178, 38773, 44333, 31495, 33107, 4475, 44533, 31697, 3825, 20441, -1, 43509, 4735, 40164, 18172, 26646, 45470, 41489, 39874, 35552, 11976, 41661, 40357, 18230, 27531, 33882, 41730, 39958, 43127, 28597, 20944, 23284, 45834, 26856, 42391, 35598, 25447, 36461, 42249, 38901, 39685, 28034, 39148, 25831, 31042, 33457, 30565, 45378, 42875, 38178, 30963, 27039, 24059, 32491, 37554, 31122, 23318, 18341, 39598, 42057, 33403, 43792, 44299, 25569, 37300, 44316, 30702, 28944, 41416, 32271, 33577, 45818, 20795, 21543, 42696, 36764, 34679, 34722, 36164],[27462, 46176, 9613, 9539, 33939, 43162, 22756, 35372, 37202, 41704, 28723, 6132, 36810, 37272, 33638, 31063, 30393, 37933, 36888, 46026, 41467, 35786, 11835, 39390, 45516, 45258, 10551, 30047, 43509, -1, 40080, 44322, 43541, 45504, 40835, 39176, 36471, 36920, 23331, 41193, 22621, 41367, 20599, 44090, 40494, 20041, 34863, 34829, 14735, 5176, 32873, 36447, 14083, 28063, 35335, 25017, 37204, 13241, 29475, 44793, 5454, 772, 32502, 44237, 42010, 36008, 42284, 12088, 35774, 24887, 31889, 39120, 28819, 45884, 42942, 43203, 31317, 6783, 29165, 44991, 37553, 31720, 41148, 25949, 40014, 26301, 7863, 32044, 46093, 38563, 27466, 45026, 32309, 46225, 7694, 37291, 17750],[20752, 42459, 30286, 44709, 13515, 18189, 45806, 45818, 23319, 8952, 36406, 40039, 45414, 45296, 34086, 42830, 27416, 43771, 15118, 34573, 26566, 37195, 23128, 28941, 16197, 41814, 45892, 43771, 4735, 40080, -1, 44707, 29404, 23220, 36689, 35878, 42252, 28274, 45454, 30322, 41213, 40226, 45133, 43103, 32670, 29147, 43540, 31056, 45790, 41405, 40593, 30640, 13156, 27407, 31793, 27809, 16480, 43423, 22408, 41356, 15618, 45693, 33281, 41757, 28616, 37262, 15740, 33650, 36292, 43784, 28018, 14900, 35910, 28941, 40239, 43391, 18630, 11100, 18075, 36054, 23084, 29362, 39217, 25685, 26907, 33911, 20473, 20126, 33029, 33370, 28188, 25005, 31176, 31946, 35984, 43088, 42126],[34374, 44112, 24801, 19740, 33436, 23304, 37683, 10163, 45700, 15477, 35604, 22541, 46193, 38368, 21807, 17424, 18015, 23810, 19779, 40159, 41147, 11095, 39924, 24948, 40909, 38283, 37300, 24029, 40164, 44322, 44707, -1, 23283, 34593, 38928, 45318, 38264, 37841, 36895, 28000, 19532, 28775, 12898, 40087, 19658, 17433, 26430, 39958, 30833, 10706, 33484, 30656, 44705, 11429, 23720, 32028, 45139, 43935, 35958, 13519, 39018, 36953, 37894, 10776, 25933, 25729, 29831, 45591, 45287, 36016, 20555, 17744, 37172, 46271, 14131, 38096, 39393, 12186, 41835, 21083, 41703, 46151, 14255, 27492, 36318, 31982, 26395, 4363, 18864, 8972, 22498, 42874, 40788, 44986, 34875, 32869, 43429],[12952, 42108, 18616, 15828, 25542, 6349, 38115, 35264, 18374, 37204, 13383, 31712, 16660, 19643, 34846, 30643, 36034, 13855, 17619, 13542, 38193, 43599, 44657, 36293, 43645, 28646, 30347, 41257, 18172, 43541, 29404, 23283, -1, 37240, 32332, 27281, 45993, 23270, 33428, 37394, 36028, 40915, 38364, 25049, 39508, 45555, 45099, 15734, 29088, 43518, 6090, 41372, 28917, 40769, 9695, 23533, 40707, 26573, 18306, 45484, 44004, 36945, 41366, 16618, 43154, 32991, 16350, 18186, 30440, 41845, 1691, 35272, 26577, 19221, 25970, 38714, 22399, 28203, 45136, 35743, 7714, 38739, 45864, 37806, 38959, 25939, 45452, 17391, 39816, 11654, 19013, 29792, 39206, 30889, 15860, 32728, 23476],[34278, 33411, 22619, 35575, 28623, 15415, 37351, 36466, 38119, 27884, 34722, 30788, 38545, 28520, 37324, 40306, 19102, 14086, 22713, 25926, 43861, 41987, 31919, 11927, 42194, 31747, 32601, 33716, 26646, 45504, 23220, 34593, 37240, -1, 44775, 19972, 45945, 20364, 35676, 39493, 26578, 12431, 5510, 37453, 8786, 42958, 26481, 15800, 30652, 36295, 36788, 21077, 23126, 39082, 39532, 30593, 44021, 44526, 46226, 5720, 26549, 38396, 37511, 10302, 40960, 13168, 41969, 33826, 45009, 34808, 28703, 21680, 37566, 43831, 23034, 45607, 29057, 40086, 26835, 14704, 15171, 3720, 43591, 11984, 25012, 16174, 38759, 45854, 22335, 43982, 12809, 8302, 33373, 45569, 44423, 28319, 13630],[24496, 4276, 25090, 16140, 32309, 23050, 20034, 8546, 15153, 26852, 30376, 34612, 14652, 27444, 32009, 24866, 7310, 38623, 38054, 9701, 21224, 2348, 18392, 27713, 29295, 20759, 37435, 12670, 45470, 40835, 36689, 38928, 32332, 44775, -1, 38918, 44106, 43975, 42847, 18194, 5865, 19621, 41574, 34645, 24597, 19771, 22277, 25909, 15040, 45629, 34735, 23396, 37150, 37432, 41860, 34057, 30965, 13132, 7511, 44346, 38439, 15161, 44760, 43801, 32897, 37913, 42424, 18997, 43424, 8847, 32568, 34148, 43706, 40316, 27956, 19647, 40285, 26246, 43090, 45436, 40954, 33563, 34886, 32531, 33339, 31236, 22481, 38454, 42879, 30782, 17362, 45516, 42809, 38998, 44586, 30796, 33179],[40618, 38031, 37544, 9638, 34964, 33617, 17458, 30720, 41996, 36315, 33503, 11019, 40931, 44949, 38157, 28618, 16502, 33377, 12161, 26439, 36609, 13088, 46133, 27478, 29300, 29276, 35846, 26240, 41489, 39176, 35878, 45318, 27281, 19972, 38918, -1, 34760, 6800, 28755, 11451, 24168, 30591, 13933, 34603, 29584, 23911, 46009, 32901, 29432, 41659, 41989, 34582, 36046, 40986, 37493, 20307, 41415, 35497, 40670, 30195, 44467, 30128, 22631, 6950, 43180, 10756, 31076, 34224, 18607, 12318, 27843, 33420, 38363, 22764, 5909, 42325, 29781, 14309, 25662, 44763, 43065, 31473, 37932, 41383, 28108, 34838, 32407, 44698, 32224, 29660, 30357, 14376, 35198, 8005, 37437, 16123, 17888],[33911, 45041, 19638, 37399, 35511, 31307, 43832, 42142, 40570, 17270, 40410, 21420, 29760, 45616, 27414, 45446, 30093, 32460, 31860, 33675, 46046, 37728, 18891, 31239, 29667, 23823, 2856, 23422, 39874, 36471, 42252, 38264, 45993, 45945, 44106, 34760, -1, 22202, 32158, 33086, 41456, 3384, 42372, 35650, 39533, 41604, 32173, 41350, 41025, 18684, 21312, 44910, 30795, 22031, 15043, 29277, 40923, 31627, 28672, 33393, 16101, 40659, 28836, 19521, 24238, 29212, 15999, 43258, 37927, 23451, 43679, 17337, 23599, 41120, 33121, 17256, 37785, 19301, 20269, 43116, 33875, 23043, 14226, 38628, 38499, 41833, 39336, 40755, 26813, 3351, 35318, 22196, 33606, 30816, 28365, 35938, 9014],[41321, 22305, 43856, 38932, 127, 12129, 32282, 38822, 29928, 15992, 23482, 25105, 32116, 39393, 18996, 43758, 20978, 34835, 43376, 44715, 41181, 41246, 29719, 45242, 31748, 43057, 38003, 42951, 35552, 36920, 28274, 37841, 23270, 20364, 43975, 6800, 22202, -1, 43028, 25906, 31261, 39218, 30342, 42196, 30375, 28649, 24173, 43735, 37900, 35467, 40472, 31919, 39546, 23726, 46277, 45202, 37673, 16256, 40114, 41981, 22392, 15956, 14436, 43588, 13284, 36218, 10166, 42698, 24267, 30128, 26811, 15067, 44695, 18401, 37910, 42545, 31439, 39598, 8622, 39414, 22969, 41968, 18206, 44896, 26888, 28823, 37871, 31015, 17627, 45305, 20920, 11437, 40871, 31758, 28345, 32043, 7248],[19913, 36462, 18208, 28999, 35406, 32063, 30910, 42113, 23244, 32638, 44647, 39054, 43675, 40038, 39952, 29883, 46130, 42699, 23663, 32352, 43782, 9307, 42974, 41722, 28844, 41592, 24562, 46028, 11976, 23331, 45454, 36895, 33428, 35676, 42847, 28755, 32158, 43028, -1, 36396, 23273, 30684, 6506, 32813, 40223, 45025, 29852, 15619, 19907, 40044, 36055, 37879, 44518, 25922, 28575, 35391, 21789, 13301, 39931, 6250, 31544, 45127, 16959, 21131, 16936, 43637, 27817, 27425, 14868, 43970, 37294, 36438, 15289, 34354, 41081, 42044, 26488, 24162, 42361, 45643, 41200, 38954, 28822, 43058, 38346, 22446, 44908, 15979, 23729, 39073, 30552, 22666, 26248, 32714, 27945, 42324, 37656],[31404, 20301, 20116, 39010, 12071, 31551, 36488, 38770, 10557, 41200, 43572, 32139, 44487, 39382, 24420, 39596, 28254, 30817, 30985, 22911, 29612, 42980, 46163, 39529, 42467, 34362, 41477, 32615, 41661, 41193, 30322, 28000, 37394, 39493, 18194, 11451, 33086, 25906, 36396, -1, 38147, 45377, 4960, 37494, 36581, 633, 40232, 43052, 45803, 27855, 44007, 12455, 33331, 25210, 37589, 25811, 42619, 20451, 44800, 39675, 20174, 42711, 23085, 40209, 42642, 5310, 24336, 16091, 8079, 21651, 40438, 38664, 43710, 28154, 44723, 13956, 10802, 9566, 42666, 20853, 31770, 17413, 41280, 9408, 43226, 20856, 36479, 33377, 46076, 19402, 30653, 15393, 40425, 29409, 35596, 46090, 43969],[34872, 5283, 11971, 38379, 34276, 44885, 19382, 40995, 39972, 13113, 33745, 26145, 20807, 24760, 15306, 43188, 26722, 23086, 35561, 37718, 38539, 44648, 39917, 9868, 31426, 14345, 41441, 36338, 40357, 22621, 41213, 19532, 36028, 26578, 5865, 24168, 41456, 31261, 23273, 38147, -1, 42714, 29982, 38723, 13003, 9951, 45547, 24333, 32379, 39828, 3376, 25060, 39293, 36155, 11173, 44589, 31864, 40790, 616, 31965, 38928, 41912, 16409, 20213, 23968, 45642, 46008, 30356, 30791, 42051, 42325, 26598, 39503, 4361, 42587, 24143, 29466, 15270, 33162, 6693, 23274, 30655, 40975, 18340, 35005, 44172, 34451, 38967, 17963, 42979, 12493, 42313, 33271, 28321, 19556, 33822, 38872],[33345, 14399, 44216, 43302, 40758, 40742, 38879, 22450, 42934, 37213, 18976, 31638, 25431, 23960, 32844, 12155, 8263, 27825, 45561, 21709, 12778, 43562, 18247, 17969, 26337, 41008, 37496, 12338, 18230, 41367, 40226, 28775, 40915, 12431, 19621, 30591, 3384, 39218, 30684, 45377, 42714, -1, 10917, 35657, 35239, 34253, 21759, 10735, 45264, 30268, 36668, 44987, 19303, 32112, 14223, 45214, 4786, 25037, 45474, 25547, 33608, 11758, 42490, 12640, 27277, 42715, 19935, 32535, 33618, 44399, 20875, 30679, 26232, 34370, 41701, 4110, 41688, 41321, 10113, 35588, 31639, 6298, 39412, 23960, 22532, 40926, 12321, 35799, 42367, 35586, 41691, 18633, 26635, 35451, 31888, 38014, 772],[18965, 31005, 40304, 42169, 18122, 33123, 43619, 37975, 39694, 44881, 26198, 28790, 41039, 28856, 22093, 17038, 14233, 19444, 25878, 27357, 43914, 35959, 36308, 36682, 25215, 36504, 35734, 37649, 27531, 20599, 45133, 12898, 38364, 5510, 41574, 13933, 42372, 30342, 6506, 4960, 29982, 10917, -1, 37990, 26987, 37065, 36964, 32933, 33698, 42312, 38751, 22548, 17881, 36928, 31645, 27554, 25675, 43883, 33117, 33497, 28539, 39849, 38698, 27907, 40119, 6538, 36309, 42033, 30175, 32178, 45685, 45920, 31046, 41599, 18580, 28995, 31106, 34804, 39252, 17632, 35432, 40616, 42694, 44335, 41327, 39371, 43432, 32181, 44168, 40629, 34778, 27184, 26163, 34168, 20713, 39301, 24851],[28422, 12636, 39170, 44613, 44026, 34366, 25942, 33791, 44843, 31073, 13814, 29850, 39421, 24781, 35838, 29210, 12205, 30676, 41949, 26486, 34597, 11127, 16748, 24831, 43474, 35298, 41656, 22233, 33882, 44090, 43103, 40087, 25049, 37453, 34645, 34603, 35650, 42196, 32813, 37494, 38723, 35657, 37990, -1, 23828, 40205, 43361, 29968, 32366, 40895, 46086, 23216, 42113, 31931, 34448, 30884, 34521, 29491, 44564, 30503, 38913, 27478, 37805, 42526, 44434, 29154, 28510, 32950, 39582, 22132, 24471, 32027, 42443, 6404, 29335, 8563, 41572, 17060, 8297, 40003, 36045, 40944, 43645, 22142, 33651, 45567, 44298, 43401, 46071, 40166, 3645, 42194, 10446, 45968, 26262, 44249, 33037],[9900, 44179, 16649, 41108, 18397, 33495, 30844, 42358, 19849, 39474, 32224, 29781, 43580, 29695, 7881, 40073, 10857, 34962, 33842, 19684, 30538, 30068, 20985, 37890, 41993, 24728, 27265, 31891, 41730, 40494, 32670, 19658, 39508, 8786, 24597, 29584, 39533, 30375, 40223, 36581, 13003, 35239, 26987, 23828, -1, 40668, 33982, 45756, 36914, 34297, 39637, 20190, 23247, 40246, 39143, 37324, 45855, 24246, 35500, 15457, 2924, 25216, 31812, 11150, 35383, 27534, 43365, 25542, 26480, 16286, 31922, 22469, 43632, 45810, 33179, 13877, 26480, 42147, 44831, 21860, 39942, 45377, 8926, 36343, 11540, 26678, 40018, 39979, 45159, 38285, 23024, 31103, 31731, 42326, 27866, 46315, 10644],[39590, 13513, 38607, 5522, 34424, 27909, 31185, 43407, 45770, 29623, 35227, 45813, 43927, 32651, 24534, 45424, 34648, 6206, 40479, 21281, 41204, 32398, 19290, 31464, 24698, 42824, 31489, 24405, 39958, 20041, 29147, 17433, 45555, 42958, 19771, 23911, 41604, 28649, 45025, 633, 9951, 34253, 37065, 40205, 40668, -1, 8139, 31139, 30424, 28677, 42317, 20151, 44024, 43473, 40714, 23784, 43448, 28926, 44442, 44787, 29331, 43365, 35216, 5780, 19799, 35474, 33147, 40629, 37081, 41298, 35857, 2880, 14524, 41119, 34132, 34613, 26418, 27863, 31121, 24738, 19183, 28327, 4970, 41159, 45473, 41134, 37694, 32500, 39212, 35152, 24543, 19216, 26298, 42825, 42610, 44657, 38079],[32473, 30071, 42699, 43921, 38387, 31606, 28371, 42285, 19519, 43645, 41363, 22426, 26941, 32795, 21061, 41288, 33632, 27801, 22912, 39937, 17494, 17010, 8023, 36500, 42671, 33611, 26919, 33698, 43127, 34863, 43540, 26430, 45099, 26481, 22277, 46009, 32173, 24173, 29852, 40232, 45547, 21759, 36964, 43361, 33982, 8139, -1, 40391, 33158, 29027, 19057, 45613, 35119, 41124, 34428, 40485, 17380, 22168, 27508, 43781, 43731, 27768, 41196, 28557, 15937, 35600, 31735, 18735, 29418, 34309, 26957, 41093, 30878, 41324, 41643, 43057, 21195, 36547, 40924, 36659, 42265, 24461, 34739, 5488, 29538, 24506, 28295, 43079, 42194, 42755, 27299, 20988, 40030, 35994, 33834, 11695, 32095],[28260, 31522, 33109, 29995, 41091, 43986, 14247, 13682, 39939, 29418, 45062, 43321, 28069, 26766, 41775, 37528, 43268, 24601, 18370, 5616, 16700, 26365, 42215, 31466, 22938, 43160, 40485, 28401, 28597, 34829, 31056, 39958, 15734, 15800, 25909, 32901, 41350, 43735, 15619, 43052, 24333, 10735, 32933, 29968, 45756, 31139, 40391, -1, 24949, 42297, 44238, 24562, 28992, 36351, 37336, 45933, 43515, 28968, 33423, 30094, 46015, 41468, 38858, 22252, 8859, 45644, 23793, 41412, 43993, 28471, 31241, 27145, 14846, 28216, 40212, 33853, 6242, 41499, 40965, 28736, 37566, 22879, 24229, 44873, 27253, 9051, 42127, 39831, 39837, 28063, 39286, 24736, 37969, 44010, 40291, 8497, 31683],[42383, 31989, 43030, 32786, 24672, 16660, 18985, 35893, 25263, 24260, 40012, 34261, 36092, 43060, 33247, 44964, 30601, 42371, 26523, 34069, 31216, 23673, 34205, 41945, 24297, 40613, 18584, 14636, 20944, 14735, 45790, 30833, 29088, 30652, 15040, 29432, 41025, 37900, 19907, 45803, 32379, 45264, 33698, 32366, 36914, 30424, 33158, 24949, -1, 19445, 34888, 31090, 41451, 44658, 15424, 45646, 41419, 31967, 30608, 41515, 25732, 37939, 30194, 39088, 31470, 27457, 36670, 18073, 30316, 25057, 41860, 26413, 43228, 44791, 16742, 26092, 25152, 14193, 11800, 27397, 20113, 40021, 35419, 40337, 46183, 29438, 34516, 33767, 37414, 41714, 20746, 16048, 18719, 32360, 25589, 18648, 45112],[33815, 27593, 11826, 40550, 34385, 21268, 21004, 44453, 38905, 45612, 28997, 30412, 21004, 17296, 45541, 20403, 12391, 35274, 21188, 46306, 21558, 31130, 18198, 43287, 28013, 3252, 33387, 30470, 23284, 5176, 41405, 10706, 43518, 36295, 45629, 41659, 18684, 35467, 40044, 27855, 39828, 30268, 42312, 40895, 34297, 28677, 29027, 42297, 19445, -1, 44458, 27305, 31248, 46002, 5526, 35935, 38461, 41748, 6487, 22254, 22833, 20271, 13532, 44083, 8994, 13918, 35100, 43174, 21528, 31125, 29680, 36774, 45249, 31606, 22401, 32467, 34636, 30184, 44140, 26507, 30895, 41494, 21523, 19582, 27607, 32772, 37840, 40477, 32841, 39546, 15531, 12222, 44330, 33718, 42417, 21204, 34626],[40638, 23024, 5893, 44735, 20016, 41260, 22822, 23133, 37064, 31263, 28233, 21488, 26285, 40330, 33672, 34378, 42148, 13429, 43525, 31709, 13545, 34933, 43380, 35497, 43431, 24329, 29463, 43856, 45834, 32873, 40593, 33484, 6090, 36788, 34735, 41989, 21312, 40472, 36055, 44007, 3376, 36668, 38751, 46086, 39637, 42317, 19057, 44238, 34888, 44458, -1, 22544, 13491, 6034, 20636, 23541, 31694, 33799, 35931, 41040, 34299, 8248, 21719, 18300, 29034, 22532, 29235, 46236, 44598, 25575, 29368, 35576, 33576, 38776, 5268, 34878, 13642, 14703, 32309, 31374, 31210, 19495, 37608, 35582, 21201, 27393, 40837, 40184, 15572, 45680, 38623, 22288, 27369, 45791, 34039, 26182, 16922],[44044, 26528, 38852, 40797, 35467, 34771, 38997, 15829, 16320, 26314, 43397, 31415, 30082, 36097, 33000, 31791, 7707, 19027, 9316, 46288, 25616, 40372, 37376, 45860, 44513, 32597, 45002, 11145, 26856, 36447, 30640, 30656, 41372, 21077, 23396, 34582, 44910, 31919, 37879, 12455, 25060, 44987, 22548, 23216, 20190, 20151, 45613, 24562, 31090, 27305, 22544, -1, 24764, 38532, 43671, 31113, 24311, 34504, 37152, 14171, 29845, 45174, 46203, 29391, 35421, 8406, 31182, 25359, 40355, 35405, 34162, 30826, 30842, 13207, 40250, 19780, 24344, 14687, 44246, 25679, 19781, 37177, 17043, 38070, 42390, 32086, 31475, 34605, 28100, 40621, 8280, 34076, 32679, 24897, 17144, 20334, 34979],[5408, 34145, 23490, 39896, 35641, 42876, 37832, 45933, 29356, 40165, 16608, 46033, 30537, 30222, 32970, 44536, 11440, 5903, 15404, 38677, 10327, 36889, 39338, 30470, 10293, 36228, 37453, 23200, 42391, 14083, 13156, 44705, 28917, 23126, 37150, 36046, 30795, 39546, 44518, 33331, 39293, 19303, 17881, 42113, 23247, 44024, 35119, 28992, 41451, 31248, 13491, 24764, -1, 24427, 33235, 38107, 31551, 27393, 31008, 32930, 40903, 26136, 31639, 43109, 24054, 32884, 40372, 35509, 45216, 11406, 22552, 29800, 6688, 14930, 10723, 33301, 16594, 34471, 11507, 20540, 24841, 24734, 33849, 33399, 43149, 35405, 18890, 18621, 17369, 34264, 30403, 34249, 44487, 17158, 41588, 4883, 44924],[33561, 36848, 5772, 4176, 43950, 14745, 37435, 38227, 11042, 45523, 38905, 34452, 43971, 32088, 3979, 24082, 45111, 39894, 36767, 43881, 35767, 36793, 42011, 26917, 44477, 38290, 30156, 21263, 35598, 28063, 27407, 11429, 40769, 39082, 37432, 40986, 22031, 23726, 25922, 25210, 36155, 32112, 36928, 31931, 40246, 43473, 41124, 36351, 44658, 46002, 6034, 38532, 24427, -1, 16735, 32443, 34275, 18864, 24124, 19585, 44301, 36219, 45672, 12708, 36120, 34093, 29820, 12557, 37117, 29385, 20614, 42278, 22191, 18690, 14469, 33912, 42522, 38117, 28207, 18825, 22508, 36602, 19626, 29272, 43081, 31689, 37232, 42972, 32771, 40847, 26920, 39273, 38632, 16794, 38189, 8674, 41347],[40100, 43989, 21142, 41762, 15385, 36581, 17050, 37879, 19998, 39229, 32750, 41321, 19852, 8697, 20145, 14940, 34735, 13693, 44311, 35267, 15732, 28720, 13997, 37085, 34093, 30488, 28021, 27215, 25447, 35335, 31793, 23720, 9695, 39532, 41860, 37493, 15043, 46277, 28575, 37589, 11173, 14223, 31645, 34448, 39143, 40714, 34428, 37336, 15424, 5526, 20636, 43671, 33235, 16735, -1, 8261, 31634, 38373, 44716, 8524, 38489, 46311, 44114, 29337, 12048, 33511, 9256, 37281, 36443, 11349, 45573, 37130, 12786, 5527, 28311, 29202, 18127, 18043, 30284, 27540, 40983, 44244, 19364, 46265, 23856, 41778, 30655, 4281, 40440, 38501, 34286, 33221, 26639, 29608, 21074, 28933, 43702],[41320, 36119, 25263, 26575, 4043, 44374, 43112, 9833, 21011, 42738, 3023, 18299, 33611, 23541, 32205, 31369, 20853, 33493, 32966, 42956, 27360, 45586, 43216, 21461, 42609, 16417, 20405, 37701, 36461, 25017, 27809, 32028, 23533, 30593, 34057, 20307, 29277, 45202, 35391, 25811, 44589, 45214, 27554, 30884, 37324, 23784, 40485, 45933, 45646, 35935, 23541, 31113, 38107, 32443, 8261, -1, 45982, 23034, 39614, 37996, 40823, 17440, 40472, 27332, 40205, 45685, 44218, 16537, 46027, 15778, 13698, 34546, 30050, 25959, 8992, 46046, 42071, 45728, 10816, 6586, 9213, 38542, 40652, 42959, 43650, 19510, 39510, 35925, 44203, 20095, 36886, 29313, 20910, 25421, 36198, 16002, 34566],[15450, 19040, 45342, 43968, 28042, 40457, 35511, 40261, 13575, 21044, 17173, 22235, 40127, 21489, 43538, 8525, 28156, 45094, 45828, 39144, 34315, 13989, 34850, 1689, 31921, 38619, 35469, 31252, 42249, 37204, 16480, 45139, 40707, 44021, 30965, 41415, 40923, 37673, 21789, 42619, 31864, 4786, 25675, 34521, 45855, 43448, 17380, 43515, 41419, 38461, 31694, 24311, 31551, 34275, 31634, 45982, -1, 41478, 27296, 25391, 35801, 34612, 30375, 20807, 36001, 46276, 37465, 44775, 43293, 42803, 24789, 24224, 29495, 42399, 5872, 43991, 24864, 30635, 44705, 19141, 32743, 20121, 40198, 45450, 16076, 2135, 27200, 44803, 23730, 20384, 42754, 25258, 42318, 41737, 43703, 35348, 33180],[35765, 15768, 37202, 33049, 40850, 35413, 38433, 38438, 31793, 18673, 33346, 42131, 42418, 15538, 15058, 39200, 45849, 12002, 6746, 16483, 9869, 31824, 22297, 31277, 42483, 45485, 39051, 29373, 38901, 13241, 43423, 43935, 26573, 44526, 13132, 35497, 31627, 16256, 13301, 20451, 40790, 25037, 43883, 29491, 24246, 28926, 22168, 28968, 31967, 41748, 33799, 34504, 27393, 18864, 38373, 23034, 41478, -1, 34193, 25410, 17814, 41503, 39586, 19432, 40243, 42387, 30449, 42295, 26496, 36971, 28120, 16860, 40037, 37043, 41228, 22158, 25185, 17323, 34401, 35897, 39521, 11779, 25550, 17302, 25524, 11996, 29617, 19626, 30655, 16443, 29272, 8845, 45785, 15197, 28273, 30442, 42909],[42991, 10171, 31047, 42358, 13141, 34594, 36979, 32096, 12871, 43204, 12526, 32949, 45341, 12369, 20666, 44934, 27223, 27620, 42751, 29647, 10656, 21647, 37276, 35894, 18950, 45987, 22613, 32848, 39685, 29475, 22408, 35958, 18306, 46226, 7511, 40670, 28672, 40114, 39931, 44800, 616, 45474, 33117, 44564, 35500, 44442, 27508, 33423, 30608, 6487, 35931, 37152, 31008, 24124, 44716, 39614, 27296, 34193, -1, 44420, 17636, 41690, 37862, 37128, 34288, 35904, 26391, 40912, 32267, 29545, 35740, 16004, 42208, 33041, 43814, 33917, 39815, 40342, 34262, 41861, 38764, 20002, 18842, 31759, 31709, 45916, 14136, 36107, 33131, 45000, 37260, 27316, 37660, 46222, 21567, 24802, 34601],[44803, 20417, 20705, 28692, 33694, 40941, 5145, 17529, 23538, 11610, 45781, 33767, 23472, 36686, 32463, 25349, 16964, 28310, 32504, 18901, 21670, 40321, 39230, 46092, 33141, 33338, 43105, 16430, 28034, 44793, 41356, 13519, 45484, 5720, 44346, 30195, 33393, 41981, 6250, 39675, 31965, 25547, 33497, 30503, 15457, 44787, 43781, 30094, 41515, 22