59
[[-1, 0, 22106, 33110, 35167, 40022, 0, 0, 26217, 42495, 37948, 25765, 0, 40837, 31613, 21845, 0, 0, 19904, 37679, 31734, 31722, 41718, 27498, 0, 37006, 35573, 32185, 0, 0, 0, 39509, 4189, 42908, 29772, 0, 35434, 0, 0, 3137, 43491, 45068, 27611, 0, 18593, 20196, 24070, 0, 27835, 40570, 0, 33350, 0, 5147, 40100, 0, 0, 0, 36482],[0, -1, 34306, 38427, 10956, 0, 16102, 0, 42050, 0, 0, 19245, 16060, 17915, 0, 0, 23509, 28660, 0, 33104, 33455, 19576, 0, 32641, 0, 38890, 0, 45588, 29486, 22739, 0, 41881, 0, 46152, 0, 21388, 8584, 37785, 34348, 0, 20357, 0, 0, 0, 15895, 22099, 36120, 45957, 33301, 0, 0, 44037, 26899, 34038, 0, 0, 35461, 41500, 9832],[22106, 34306, -1, 24028, 41528, 0, 9346, 0, 0, 17493, 41174, 45484, 13061, 0, 36904, 0, 41393, 0, 25574, 0, 0, 45334, 22285, 0, 0, 36842, 33653, 18403, 35059, 6656, 0, 33432, 13610, 43048, 0, 42261, 38357, 7380, 41938, 0, 43110, 32464, 35069, 0, 0, 44817, 0, 0, 27474, 44709, 10133, 0, 0, 32890, 39639, 32803, 26782, 20808, 28802],[33110, 38427, 24028, -1, 30072, 0, 0, 0, 0, 0, 45562, 0, 20712, 0, 28207, 41253, 44692, 0, 16115, 32913, 19801, 0, 45892, 0, 8134, 0, 25493, 0, 0, 0, 20158, 0, 36478, 34780, 0, 29088, 0, 0, 0, 33480, 32422, 46339, 35229, 0, 27809, 0, 46040, 38000, 12705, 45223, 33633, 39303, 0, 34191, 0, 0, 0, 0, 19502],[35167, 10956, 41528, 30072, -1, 0, 42230, 0, 0, 29785, 19264, 3191, 0, 21088, 29760, 31729, 21208, 0, 41268, 23046, 31593, 19989, 33721, 46169, 0, 29103, 46096, 38960, 0, 33858, 35218, 10652, 38788, 38428, 30033, 34502, 22534, 0, 15587, 28215, 45424, 25321, 31397, 0, 42942, 37326, 38230, 0, 23874, 0, 0, 23552, 40202, 24949, 0, 18228, 0, 0, 27429],[40022, 0, 0, 0, 0, -1, 33201, 39727, 17265, 0, 10199, 0, 16866, 25242, 45300, 27725, 0, 38660, 0, 45075, 0, 0, 33172, 40143, 26120, 0, 0, 21460, 32461, 0, 32132, 9950, 3653, 12232, 0, 38269, 10615, 0, 39529, 43595, 42130, 21987, 24506, 16759, 28608, 0, 0, 0, 0, 38678, 37506, 26891, 5896, 9292, 29456, 23930, 0, 0, 30848],[0, 16102, 9346, 0, 42230, 33201, -1, 17664, 44341, 25839, 0, 27385, 33488, 25785, 41330, 41019, 21756, 0, 15460, 12669, 17842, 28911, 35618, 18523, 37714, 0, 4751, 43071, 40793, 43663, 0, 0, 28512, 34666, 24099, 0, 23627, 26774, 42605, 16859, 0, 24811, 0, 34216, 0, 27966, 41337, 39339, 8641, 45994, 30477, 0, 0, 37371, 31867, 29961, 23610, 41000, 38315],[0, 0, 0, 0, 0, 39727, 17664, -1, 36930, 34072, 35081, 26331, 0, 21819, 37873, 43509, 45170, 43157, 0, 0, 36237, 12865, 0, 17086, 0, 40490, 0, 0, 31886, 32519, 32387, 24689, 0, 30100, 45320, 28092, 23117, 0, 38895, 0, 0, 0, 25750, 0, 0, 0, 15457, 0, 11854, 44469, 23535, 28561, 45618, 0, 21138, 31847, 43451, 33951, 41766],[26217, 42050, 0, 0, 0, 17265, 44341, 36930, -1, 43822, 0, 0, 39084, 0, 0, 39563, 13458, 44587, 0, 0, 44588, 41587, 39324, 37652, 0, 0, 0, 0, 26594, 21546, 0, 20250, 0, 0, 0, 45750, 29822, 45838, 25780, 0, 0, 0, 0, 44628, 0, 0, 13577, 15498, 0, 0, 37309, 42805, 31992, 24128, 0, 30564, 0, 42341, 36248],[42495, 0, 17493, 0, 29785, 0, 25839, 34072, 43822, -1, 29474, 0, 0, 0, 0, 19871, 31512, 37013, 37162, 41019, 0, 0, 45984, 0, 15412, 27888, 31305, 32941, 0, 36958, 41197, 45125, 40202, 0, 15818, 19961, 4553, 9060, 26903, 0, 16274, 23182, 37822, 32339, 43710, 38756, 38646, 29323, 23347, 0, 0, 45248, 26936, 45579, 40166, 0, 45699, 0, 33133],[37948, 0, 41174, 45562, 19264, 10199, 0, 35081, 0, 29474, -1, 0, 29476, 14463, 0, 0, 35175, 29266, 0, 0, 0, 40011, 17651, 0, 11675, 31935, 44953, 29009, 0, 29967, 31375, 24364, 7340, 33900, 11939, 0, 43031, 0, 43673, 42093, 9734, 20906, 38157, 35377, 0, 34386, 24056, 20007, 35817, 31256, 0, 0, 26327, 29709, 0, 42472, 0, 31846, 20297],[25765, 19245, 45484, 0, 3191, 0, 27385, 26331, 0, 0, 0, -1, 0, 0, 45097, 37116, 0, 22971, 35984, 27193, 26595, 0, 31121, 17288, 34939, 44616, 44601, 0, 45495, 17931, 17720, 36923, 22836, 46335, 45840, 35392, 0, 0, 46230, 19436, 40811, 0, 26664, 0, 4560, 16445, 43199, 24728, 0, 36076, 41086, 24388, 41962, 37723, 23298, 44414, 0, 0, 0],[0, 16060, 13061, 20712, 0, 16866, 33488, 0, 39084, 0, 29476, 0, -1, 0, 25215, 15914, 22377, 23074, 46168, 35119, 0, 40612, 12727, 44642, 0, 8111, 37180, 42264, 26847, 11925, 25438, 0, 0, 40391, 36919, 0, 17649, 33294, 12406, 37572, 19904, 0, 0, 36052, 0, 0, 0, 9006, 40471, 22596, 0, 0, 33945, 0, 0, 37896, 41612, 36777, 0],[40837, 17915, 0, 0, 21088, 25242, 25785, 21819, 0, 0, 14463, 0, 0, -1, 25677, 37672, 35426, 40755, 0, 37852, 24326, 20188, 24274, 14206, 33990, 33909, 42501, 32049, 21108, 0, 29364, 0, 0, 40381, 22922, 33946, 35214, 31753, 14220, 0, 40811, 35877, 0, 43671, 33763, 0, 0, 0, 42642, 40139, 25065, 40220, 20814, 38343, 20124, 24316, 32055, 34968, 0],[31613, 0, 36904, 28207, 29760, 45300, 41330, 37873, 0, 0, 0, 45097, 25215, 25677, -1, 0, 20378, 40814, 29725, 0, 39895, 24832, 0, 29663, 0, 0, 0, 0, 6021, 31017, 41287, 9026, 16469, 21799, 31547, 32354, 30083, 22349, 38015, 33308, 45847, 0, 38548, 0, 0, 31721, 0, 23594, 29612, 0, 7371, 0, 0, 0, 0, 29719, 40970, 45129, 20069],[21845, 0, 0, 41253, 31729, 27725, 41019, 43509, 39563, 19871, 0, 37116, 15914, 37672, 0, -1, 0, 26504, 0, 0, 0, 19723, 0, 33904, 29101, 0, 0, 39240, 38803, 0, 0, 37642, 0, 43702, 20753, 0, 21190, 44469, 4411, 36932, 29120, 32715, 16251, 0, 0, 34472, 33831, 46171, 27947, 44994, 0, 0, 32089, 19675, 0, 0, 36925, 36339, 17660],[0, 23509, 41393, 44692, 21208, 0, 21756, 45170, 13458, 31512, 35175, 0, 22377, 35426, 20378, 0, -1, 0, 0, 44073, 46238, 0, 40553, 33726, 44036, 27708, 16607, 37726, 17119, 30842, 28084, 0, 34777, 40787, 0, 30634, 0, 39638, 16165, 0, 43263, 0, 0, 0, 0, 0, 44137, 0, 37749, 22318, 27540, 35013, 10649, 26539, 0, 37443, 26721, 21880, 35692],[0, 28660, 0, 0, 0, 38660, 0, 43157, 44587, 37013, 29266, 22971, 23074, 40755, 40814, 26504, 0, -1, 38066, 12696, 38976, 34706, 0, 0, 6066, 29350, 0, 30621, 0, 0, 11480, 8712, 40395, 0, 0, 40825, 17572, 0, 37412, 0, 15158, 17304, 0, 44844, 40214, 17633, 20427, 0, 43994, 0, 17612, 0, 0, 0, 36718, 43324, 0, 39803, 0],[19904, 0, 25574, 16115, 41268, 0, 15460, 0, 0, 37162, 0, 35984, 46168, 0, 29725, 0, 0, 38066, -1, 0, 0, 0, 24095, 0, 0, 0, 36726, 32368, 0, 0, 36109, 34914, 0, 0, 0, 45508, 0, 39494, 41428, 20077, 24108, 0, 37715, 26777, 0, 21783, 41387, 21366, 27486, 8523, 44696, 33938, 38222, 0, 0, 40595, 0, 0, 43936],[37679, 33104, 0, 32913, 23046, 45075, 12669, 0, 0, 41019, 0, 27193, 35119, 37852, 0, 0, 44073, 12696, 0, -1, 39914, 0, 0, 15790, 0, 26338, 18177, 31295, 0, 0, 30495, 15316, 0, 42253, 0, 32263, 26533, 0, 0, 0, 29249, 21028, 0, 0, 0, 15266, 39121, 35459, 38482, 8507, 0, 0, 40814, 26221, 0, 0, 14552, 31020, 0],[31734, 33455, 0, 19801, 31593, 0, 17842, 36237, 44588, 0, 0, 26595, 0, 24326, 39895, 0, 46238, 38976, 0, 39914, -1, 9956, 37145, 38637, 42286, 21028, 16214, 36759, 44226, 30626, 34760, 44080, 12040, 8502, 0, 0, 0, 33723, 0, 43845, 0, 29591, 0, 0, 0, 44977, 0, 28528, 21598, 35927, 0, 0, 42941, 45816, 0, 43740, 26256, 44855, 24938],[31722, 19576, 45334, 0, 19989, 0, 28911, 12865, 41587, 0, 40011, 0, 40612, 20188, 24832, 19723, 0, 34706, 0, 0, 9956, -1, 45196, 40441, 42499, 44703, 41674, 13271, 38305, 0, 41818, 42692, 22266, 15678, 0, 27939, 13184, 8900, 45812, 0, 33581, 0, 23523, 0, 32487, 26374, 0, 38454, 0, 25829, 29250, 31547, 24558, 34394, 0, 28669, 34261, 23172, 30957],[41718, 0, 22285, 45892, 33721, 33172, 35618, 0, 39324, 45984, 17651, 31121, 12727, 24274, 0, 0, 40553, 0, 24095, 0, 37145, 45196, -1, 35961, 40285, 42634, 35424, 33632, 14245, 11816, 0, 36721, 39169, 28804, 38429, 0, 35013, 19954, 27746, 32130, 32266, 32082, 37529, 29093, 43514, 0, 0, 2775, 20897, 0, 37797, 42952, 16785, 39747, 11868, 12736, 23944, 0, 0],[27498, 32641, 0, 0, 46169, 40143, 18523, 17086, 37652, 0, 0, 17288, 44642, 14206, 29663, 33904, 33726, 0, 0, 15790, 38637, 40441, 35961, -1, 30637, 28749, 0, 0, 33946, 23080, 0, 28858, 32841, 37627, 32608, 0, 31350, 35802, 34453, 38492, 0, 33324, 20632, 36366, 41789, 0, 23683, 17180, 22940, 0, 41786, 43548, 43497, 40716, 38783, 42956, 0, 0, 0],[0, 0, 0, 8134, 0, 26120, 37714, 0, 0, 15412, 11675, 34939, 0, 33990, 0, 29101, 44036, 6066, 0, 0, 42286, 42499, 40285, 30637, -1, 31183, 35075, 46000, 0, 0, 20711, 0, 45314, 32744, 40484, 0, 0, 32411, 36144, 0, 45404, 33202, 0, 0, 0, 27703, 29963, 0, 0, 41584, 25974, 0, 0, 34104, 21410, 0, 28911, 27258, 25894],[37006, 38890, 36842, 0, 29103, 0, 0, 40490, 0, 27888, 31935, 44616, 8111, 33909, 0, 0, 27708, 29350, 0, 26338, 21028, 44703, 42634, 28749, 31183, -1, 21157, 44952, 0, 39390, 39416, 21238, 0, 29354, 42497, 0, 0, 20727, 0, 39396, 22508, 0, 27413, 0, 41848, 33775, 39031, 31855, 0, 39687, 32171, 0, 0, 0, 43329, 37544, 44428, 44481, 0],[35573, 0, 33653, 25493, 46096, 0, 4751, 0, 0, 31305, 44953, 44601, 37180, 42501, 0, 0, 16607, 0, 36726, 18177, 16214, 41674, 35424, 0, 35075, 21157, -1, 0, 39627, 35947, 0, 0, 44158, 45307, 0, 32591, 0, 0, 10159, 11150, 15764, 34136, 41661, 0, 38933, 19192, 37900, 9507, 0, 0, 41698, 10647, 0, 30884, 41055, 0, 30433, 41751, 31393],[32185, 45588, 18403, 0, 38960, 21460, 43071, 0, 0, 32941, 29009, 0, 42264, 32049, 0, 39240, 37726, 30621, 32368, 31295, 36759, 13271, 33632, 0, 46000, 44952, 0, -1, 0, 0, 0, 0, 0, 30431, 23880, 0, 0, 0, 18482, 38835, 0, 28458, 0, 0, 40732, 31223, 14247, 0, 0, 20985, 18658, 29479, 33367, 32372, 41127, 45800, 0, 0, 34091],[0, 29486, 35059, 0, 0, 32461, 40793, 31886, 26594, 0, 0, 45495, 26847, 21108, 6021, 38803, 17119, 0, 0, 0, 44226, 38305, 14245, 33946, 0, 0, 39627, 0, -1, 8017, 34773, 39535, 0, 15826, 11376, 20878, 0, 27533, 28778, 32804, 41185, 41580, 16161, 11197, 33261, 45473, 27995, 42125, 37993, 15262, 0, 16012, 0, 34953, 33958, 0, 37893, 0, 0],[0, 22739, 6656, 0, 33858, 0, 43663, 32519, 21546, 36958, 29967, 17931, 11925, 0, 31017, 0, 30842, 0, 0, 0, 30626, 0, 11816, 23080, 0, 39390, 35947, 0, 8017, -1, 41660, 0, 0, 0, 33838, 0, 28693, 21686, 25821, 41547, 0, 43644, 0, 38693, 0, 31514, 40755, 29119, 11741, 44821, 0, 0, 0, 45152, 42997, 25109, 0, 40637, 19819],[0, 0, 0, 20158, 35218, 32132, 0, 32387, 0, 41197, 31375, 17720, 25438, 29364, 41287, 0, 28084, 11480, 36109, 30495, 34760, 41818, 0, 0, 20711, 39416, 0, 0, 34773, 41660, -1, 44870, 0, 19288, 5865, 0, 27641, 31015, 24124, 0, 34096, 0, 30056, 28454, 31703, 0, 21111, 0, 0, 0, 40889, 23525, 31687, 41265, 16633, 35423, 29778, 0, 27554],[39509, 41881, 33432, 0, 10652, 9950, 0, 24689, 20250, 45125, 24364, 36923, 0, 0, 9026, 37642, 0, 8712, 34914, 15316, 44080, 42692, 36721, 28858, 0, 21238, 0, 0, 39535, 0, 44870, -1, 46003, 0, 38811, 21881, 0, 37245, 23856, 28828, 35700, 36469, 0, 37106, 10451, 45005, 42525, 0, 38540, 0, 0, 10695, 37844, 0, 0, 19549, 0, 22016, 46012],[4189, 0, 13610, 36478, 38788, 3653, 28512, 0, 0, 40202, 7340, 22836, 0, 0, 16469, 0, 34777, 40395, 0, 0, 12040, 22266, 39169, 32841, 45314, 0, 44158, 0, 0, 0, 0, 46003, -1, 45766, 17350, 25641, 0, 46023, 11353, 31529, 33017, 42515, 17332, 43508, 20927, 0, 41382, 27594, 31604, 0, 45525, 11761, 43624, 9325, 38298, 31820, 0, 0, 0],[42908, 46152, 43048, 34780, 38428, 12232, 34666, 30100, 0, 0, 33900, 46335, 40391, 40381, 21799, 43702, 40787, 0, 0, 42253, 8502, 15678, 28804, 37627, 32744, 29354, 45307, 30431, 15826, 0, 19288, 0, 45766, -1, 43602, 31442, 19647, 20268, 42493, 0, 16644, 0, 0, 38094, 42214, 18586, 36518, 42072, 25435, 0, 42866, 22641, 28099, 36081, 20393, 31307, 0, 0, 0],[29772, 0, 0, 0, 30033, 0, 24099, 45320, 0, 15818, 11939, 45840, 36919, 22922, 31547, 20753, 0, 0, 0, 0, 0, 0, 38429, 32608, 40484, 42497, 0, 23880, 11376, 33838, 5865, 38811, 17350, 43602, -1, 26105, 35372, 0, 38726, 0, 41219, 26885, 0, 0, 8463, 0, 37793, 0, 31718, 30279, 43094, 4339, 0, 0, 0, 25320, 0, 37380, 0],[0, 21388, 42261, 29088, 34502, 38269, 0, 28092, 45750, 19961, 0, 35392, 0, 33946, 32354, 0, 30634, 40825, 45508, 32263, 0, 27939, 0, 0, 0, 0, 32591, 0, 20878, 0, 0, 21881, 25641, 31442, 26105, -1, 32855, 2717, 41013, 0, 38809, 42183, 30156, 24327, 40974, 0, 42028, 40955, 35382, 0, 17042, 36609, 41014, 39007, 0, 40986, 0, 36836, 0],[35434, 8584, 38357, 0, 22534, 10615, 23627, 23117, 29822, 4553, 43031, 0, 17649, 35214, 30083, 21190, 0, 17572, 0, 26533, 0, 13184, 35013, 31350, 0, 0, 0, 0, 0, 28693, 27641, 0, 0, 19647, 35372, 32855, -1, 37375, 0, 0, 19546, 0, 0, 30131, 44204, 44880, 32732, 42380, 34816, 23214, 20638, 21218, 0, 0, 8488, 0, 0, 0, 28688],[0, 37785, 7380, 0, 0, 0, 26774, 0, 45838, 9060, 0, 0, 33294, 31753, 22349, 44469, 39638, 0, 39494, 0, 33723, 8900, 19954, 35802, 32411, 20727, 0, 0, 27533, 21686, 31015, 37245, 46023, 20268, 0, 2717, 37375, -1, 38661, 31763, 41613, 37210, 13638, 5309, 26662, 0, 13037, 0, 37372, 35653, 0, 17166, 43091, 0, 37935, 12347, 19800, 0, 28929],[0, 34348, 41938, 0, 15587, 39529, 42605, 38895, 25780, 26903, 43673, 46230, 12406, 14220, 38015, 4411, 16165, 37412, 41428, 0, 0, 45812, 27746, 34453, 36144, 0, 10159, 18482, 28778, 25821, 24124, 23856, 11353, 42493, 38726, 41013, 0, 38661, -1, 27722, 15585, 39452, 39465, 27152, 0, 27210, 0, 22071, 12737, 45304, 0, 19387, 13651, 0, 35797, 0, 0, 15201, 29316],[3137, 0, 0, 33480, 28215, 43595, 16859, 0, 0, 0, 42093, 19436, 37572, 0, 33308, 36932, 0, 0, 20077, 0, 43845, 0, 32130, 38492, 0, 39396, 11150, 38835, 32804, 41547, 0, 28828, 31529, 0, 0, 0, 0, 31763, 27722, -1, 0, 28312, 0, 29264, 31302, 14589, 34933, 25837, 27940, 15326, 35948, 23244, 34246, 0, 36510, 36670, 32609, 0, 0],[43491, 20357, 43110, 32422, 45424, 42130, 0, 0, 0, 16274, 9734, 40811, 19904, 40811, 45847, 29120, 43263, 15158, 24108, 29249, 0, 33581, 32266, 0, 45404, 22508, 15764, 0, 41185, 0, 34096, 35700, 33017, 16644, 41219, 38809, 19546, 41613, 15585, 0, -1, 0, 23428, 33022, 26868, 0, 29646, 45613, 0, 26977, 0, 0, 44013, 44376, 31766, 34735, 0, 0, 21649],[45068, 0, 32464, 46339, 25321, 21987, 24811, 0, 0, 23182, 20906, 0, 0, 35877, 0, 32715, 0, 17304, 0, 21028, 29591, 0, 32082, 33324, 33202, 0, 34136, 28458, 41580, 43644, 0, 36469, 42515, 0, 26885, 42183, 0, 37210, 39452, 28312, 0, -1, 34669, 0, 13352, 35387, 36935, 0, 46172, 0, 40420, 0, 0, 35058, 37604, 0, 39019, 0, 14939],[27611, 0, 35069, 35229, 31397, 24506, 0, 25750, 0, 37822, 38157, 26664, 0, 0, 38548, 16251, 0, 0, 37715, 0, 0, 23523, 37529, 20632, 0, 27413, 41661, 0, 16161, 0, 30056, 0, 17332, 0, 0, 30156, 0, 13638, 39465, 0, 23428, 34669, -1, 0, 0, 39351, 24275, 0, 36000, 0, 0, 38403, 42196, 21678, 38050, 44306, 0, 41663, 0],[0, 0, 0, 0, 0, 16759, 34216, 0, 44628, 32339, 35377, 0, 36052, 43671, 0, 0, 0, 44844, 26777, 0, 0, 0, 29093, 36366, 0, 0, 0, 0, 11197, 38693, 28454, 37106, 43508, 38094, 0, 24327, 30131, 5309, 27152, 29264, 33022, 0, 0, -1, 33970, 0, 0, 0, 43568, 0, 35777, 31177, 0, 0, 33216, 0, 0, 39035, 0],[18593, 15895, 0, 27809, 42942, 28608, 0, 0, 0, 43710, 0, 4560, 0, 33763, 0, 0, 0, 40214, 0, 0, 0, 32487, 43514, 41789, 0, 41848, 38933, 40732, 33261, 0, 31703, 10451, 20927, 42214, 8463, 40974, 44204, 26662, 0, 31302, 26868, 13352, 0, 33970, -1, 24207, 0, 21770, 32082, 35204, 0, 18005, 40148, 35429, 21755, 0, 36237, 0, 0],[20196, 22099, 44817, 0, 37326, 0, 27966, 0, 0, 38756, 34386, 16445, 0, 0, 31721, 34472, 0, 17633, 21783, 15266, 44977, 26374, 0, 0, 27703, 33775, 19192, 31223, 45473, 31514, 0, 45005, 0, 18586, 0, 0, 44880, 0, 27210, 14589, 0, 35387, 39351, 0, 24207, -1, 0, 33606, 0, 42564, 23131, 33806, 44221, 40438, 39295, 36974, 39979, 36327, 0],[24070, 36120, 0, 46040, 38230, 0, 41337, 15457, 13577, 38646, 24056, 43199, 0, 0, 0, 33831, 44137, 20427, 41387, 39121, 0, 0, 0, 23683, 29963, 39031, 37900, 14247, 27995, 40755, 21111, 42525, 41382, 36518, 37793, 42028, 32732, 13037, 0, 34933, 29646, 36935, 24275, 0, 0, 0, -1, 17040, 0, 39882, 22420, 0, 45799, 18858, 40970, 29236, 0, 0, 28669],[0, 45957, 0, 38000, 0, 0, 39339, 0, 15498, 29323, 20007, 24728, 9006, 0, 23594, 46171, 0, 0, 21366, 35459, 28528, 38454, 2775, 17180, 0, 31855, 9507, 0, 42125, 29119, 0, 0, 27594, 42072, 0, 40955, 42380, 0, 22071, 25837, 45613, 0, 0, 0, 21770, 33606, 17040, -1, 0, 38222, 40544, 31315, 36003, 0, 0, 30209, 31745, 28764, 0],[27835, 33301, 27474, 12705, 23874, 0, 8641, 11854, 0, 23347, 35817, 0, 40471, 42642, 29612, 27947, 37749, 43994, 27486, 38482, 21598, 0, 20897, 22940, 0, 0, 0, 0, 37993, 11741, 0, 38540, 31604, 25435, 31718, 35382, 34816, 37372, 12737, 27940, 0, 46172, 36000, 43568, 32082, 0, 0, 0, -1, 24558, 964, 0, 0, 35852, 39129, 43150, 4093, 41349, 39014],[40570, 0, 44709, 45223, 0, 38678, 45994, 44469, 0, 0, 31256, 36076, 22596, 40139, 0, 44994, 22318, 0, 8523, 8507, 35927, 25829, 0, 0, 41584, 39687, 0, 20985, 15262, 44821, 0, 0, 0, 0, 30279, 0, 23214, 35653, 45304, 15326, 26977, 0, 0, 0, 35204, 42564, 39882, 38222, 24558, -1, 34446, 0, 0, 35149, 38236, 35754, 0, 41980, 44329],[0, 0, 10133, 33633, 0, 37506, 30477, 23535, 37309, 0, 0, 41086, 0, 25065, 7371, 0, 27540, 17612, 44696, 0, 0, 29250, 37797, 41786, 25974, 32171, 41698, 18658, 0, 0, 40889, 0, 45525, 42866, 43094, 17042, 20638, 0, 0, 35948, 0, 40420, 0, 35777, 0, 23131, 22420, 40544, 964, 34446, -1, 40126, 0, 45659, 9347, 44411, 30971, 30668, 41421],[33350, 44037, 0, 39303, 23552, 26891, 0, 28561, 42805, 45248, 0, 24388, 0, 40220, 0, 0, 35013, 0, 33938, 0, 0, 31547, 42952, 43548, 0, 0, 10647, 29479, 16012, 0, 23525, 10695, 11761, 22641, 4339, 36609, 21218, 17166, 19387, 23244, 0, 0, 38403, 31177, 18005, 33806, 0, 31315, 0, 0, 40126, -1, 33489, 41218, 0, 0, 35761, 0, 0],[0, 26899, 0, 0, 40202, 5896, 0, 45618, 31992, 26936, 26327, 41962, 33945, 20814, 0, 32089, 10649, 0, 38222, 40814, 42941, 24558, 16785, 43497, 0, 0, 0, 33367, 0, 0, 31687, 37844, 43624, 28099, 0, 41014, 0, 43091, 13651, 34246, 44013, 0, 42196, 0, 40148, 44221, 45799, 36003, 0, 0, 0, 33489, -1, 39657, 40000, 34492, 37277, 38748, 42842],[5147, 34038, 32890, 34191, 24949, 9292, 37371, 0, 24128, 45579, 29709, 37723, 0, 38343, 0, 19675, 26539, 0, 0, 26221, 45816, 34394, 39747, 40716, 34104, 0, 30884, 32372, 34953, 45152, 41265, 0, 9325, 36081, 0, 39007, 0, 0, 0, 0, 44376, 35058, 21678, 0, 35429, 40438, 18858, 0, 35852, 35149, 45659, 41218, 39657, -1, 27531, 0, 44009, 26495, 0],[40100, 0, 39639, 0, 0, 29456, 31867, 21138, 0, 40166, 0, 23298, 0, 20124, 0, 0, 0, 36718, 0, 0, 0, 0, 11868, 38783, 21410, 43329, 41055, 41127, 33958, 42997, 16633, 0, 38298, 20393, 0, 0, 8488, 37935, 35797, 36510, 31766, 37604, 38050, 33216, 21755, 39295, 40970, 0, 39129, 38236, 9347, 0, 40000, 27531, -1, 0, 46335, 33333, 0],[0, 0, 32803, 0, 18228, 23930, 29961, 31847, 30564, 0, 42472, 44414, 37896, 24316, 29719, 0, 37443, 43324, 40595, 0, 43740, 28669, 12736, 42956, 0, 37544, 0, 45800, 0, 25109, 35423, 19549, 31820, 31307, 25320, 40986, 0, 12347, 0, 36670, 34735, 0, 44306, 0, 0, 36974, 29236, 30209, 43150, 35754, 44411, 0, 34492, 0, 0, -1, 35551, 0, 41806],[0, 35461, 26782, 0, 0, 0, 23610, 43451, 0, 45699, 0, 0, 41612, 32055, 40970, 36925, 26721, 0, 0, 14552, 26256, 34261, 23944, 0, 28911, 44428, 30433, 0, 37893, 0, 29778, 0, 0, 0, 0, 0, 0, 19800, 0, 32609, 0, 39019, 0, 0, 36237, 39979, 0, 31745, 4093, 0, 30971, 35761, 37277, 44009, 46335, 35551, -1, 0, 34393],[0, 41500, 20808, 0, 0, 0, 41000, 33951, 42341, 0, 31846, 0, 36777, 34968, 45129, 36339, 21880, 39803, 0, 31020, 44855, 23172, 0, 0, 27258, 44481, 41751, 0, 0, 40637, 0, 22016, 0, 0, 37380, 36836, 0, 0, 15201, 0, 0, 0, 41663, 39035, 0, 36327, 0, 28764, 41349, 41980, 30668, 0, 38748, 26495, 33333, 0, 0, -1, 38696],[36482, 9832, 28802, 19502, 27429, 30848, 38315, 41766, 36248, 33133, 20297, 0, 0, 0, 20069, 17660, 35692, 0, 43936, 0, 24938, 30957, 0, 0, 25894, 0, 31393, 34091, 0, 19819, 27554, 46012, 0, 0, 0, 0, 28688, 28929, 29316, 0, 21649, 14939, 0, 0, 0, 0, 28669, 0, 39014, 44329, 41421, 0, 42842, 0, 0, 41806, 34393, 38696, -1]]