61
[[-1, 0, 0, 34732, 44733, 43396, 38296, 40316, 0, 0, 21059, 5045, 0, 0, 38790, 18166, 20898, 34507, 10328, 0, 0, 36315, 0, 29216, 0, 39999, 10305, 42583, 21887, 0, 15186, 42442, 0, 39212, 36462, 0, 0, 0, 0, 39839, 0, 32194, 35960, 38933, 0, 25602, 37939, 0, 35058, 0, 30028, 23959, 42544, 0, 6059, 44756, 0, 43965, 30347, 26516, 0],[0, -1, 41086, 21848, 29880, 0, 13493, 33739, 0, 44920, 26469, 0, 32577, 0, 0, 0, 6314, 0, 0, 11459, 0, 25626, 45529, 0, 38246, 13112, 0, 30017, 0, 22359, 39533, 38282, 29307, 35700, 15751, 0, 24293, 45043, 35059, 24215, 43012, 30353, 31640, 44695, 36276, 0, 17996, 42475, 29577, 40863, 39645, 12597, 39422, 25371, 45429, 22123, 40341, 33842, 37497, 45803, 39572],[0, 41086, -1, 37033, 32429, 5607, 23158, 38361, 35738, 0, 41830, 0, 0, 0, 44897, 0, 40357, 42086, 34311, 27880, 41830, 28499, 30713, 21679, 27027, 28036, 0, 44306, 43239, 40230, 10450, 45401, 0, 0, 44950, 12844, 0, 40612, 0, 0, 0, 22391, 42452, 41494, 40960, 0, 0, 24608, 0, 24033, 34110, 34034, 35371, 40857, 20900, 0, 34573, 37522, 41375, 0, 0],[34732, 21848, 37033, -1, 0, 41976, 39470, 43462, 35207, 36829, 15608, 38132, 45171, 45387, 39366, 42283, 36060, 36497, 33683, 0, 0, 0, 13787, 39254, 24081, 0, 41557, 0, 0, 42322, 0, 44737, 15295, 0, 40015, 15537, 16819, 0, 44721, 0, 21967, 0, 46086, 32702, 19471, 42156, 36007, 42293, 0, 34613, 29753, 25657, 32163, 39407, 0, 41020, 35347, 0, 3114, 22868, 25654],[44733, 29880, 32429, 0, -1, 40700, 40846, 13164, 40075, 39026, 32385, 27608, 0, 44941, 31418, 45774, 0, 31568, 46072, 31232, 0, 39047, 8224, 0, 0, 38540, 32522, 23999, 43919, 9466, 0, 39255, 17375, 44755, 0, 15750, 43161, 26657, 36198, 28398, 46154, 0, 0, 25192, 9250, 36259, 0, 0, 40938, 45528, 38942, 21505, 36757, 19370, 0, 30806, 11478, 45808, 38112, 26228, 0],[43396, 0, 5607, 41976, 40700, -1, 32997, 0, 0, 32624, 31096, 0, 44796, 34703, 32747, 27181, 31228, 27706, 29930, 41081, 0, 37379, 43415, 35591, 0, 0, 0, 40340, 5198, 40694, 0, 0, 27617, 0, 32507, 5920, 41950, 45543, 0, 43913, 39640, 36707, 26911, 0, 0, 29507, 0, 44013, 37992, 27397, 36696, 0, 36383, 0, 0, 43954, 19601, 39736, 0, 34428, 46295],[38296, 13493, 23158, 39470, 40846, 32997, -1, 31440, 20902, 43761, 0, 0, 30049, 36989, 0, 40084, 37718, 37195, 0, 32930, 0, 0, 35702, 45959, 40943, 0, 0, 46200, 26223, 22129, 42282, 40487, 23576, 0, 0, 0, 35774, 17605, 45388, 34362, 14066, 0, 35836, 35739, 46125, 28473, 15375, 0, 0, 21350, 30659, 38806, 43473, 0, 41474, 0, 41573, 43862, 44161, 40400, 45630],[40316, 33739, 38361, 43462, 13164, 0, 31440, -1, 36499, 43180, 32781, 38259, 0, 39724, 0, 0, 25188, 28512, 30884, 18305, 39005, 0, 0, 0, 0, 16773, 23532, 0, 38179, 29130, 44181, 18343, 12457, 0, 21659, 30061, 36131, 18969, 0, 0, 9805, 35220, 0, 0, 37061, 19640, 0, 0, 0, 0, 0, 0, 26597, 0, 35722, 0, 30121, 41049, 0, 43918, 41389],[0, 0, 35738, 35207, 40075, 0, 20902, 36499, -1, 22195, 0, 0, 0, 28010, 25535, 6593, 0, 13162, 20142, 39797, 13843, 0, 21890, 45843, 0, 39836, 0, 45915, 0, 43865, 25636, 18640, 45204, 34833, 6802, 0, 33579, 42918, 0, 0, 0, 20243, 34829, 0, 0, 26945, 0, 27742, 0, 25658, 30773, 15171, 41810, 20253, 38104, 31048, 0, 8427, 0, 17767, 37958],[0, 44920, 0, 36829, 39026, 32624, 43761, 43180, 22195, -1, 0, 0, 0, 16484, 42122, 0, 0, 0, 19926, 0, 0, 28407, 39706, 25580, 0, 20807, 28640, 22500, 32890, 25280, 30054, 0, 46136, 40776, 0, 28613, 20805, 44511, 43559, 45103, 37523, 0, 40140, 0, 22484, 39174, 0, 0, 0, 11711, 0, 31609, 0, 19534, 21191, 0, 8006, 8918, 0, 0, 16073],[21059, 26469, 41830, 15608, 32385, 31096, 0, 32781, 0, 0, -1, 32606, 0, 0, 44342, 29931, 38349, 0, 0, 36779, 0, 0, 0, 26204, 0, 11770, 17098, 40258, 24059, 43411, 31194, 24358, 0, 0, 38737, 32383, 35388, 0, 0, 41379, 38907, 10340, 8789, 0, 37322, 0, 38269, 35468, 0, 29668, 0, 0, 0, 0, 34814, 34369, 36713, 35585, 30235, 0, 35665],[5045, 0, 0, 38132, 27608, 0, 0, 38259, 0, 0, 32606, -1, 0, 10816, 24858, 0, 21032, 38523, 0, 34455, 42092, 9801, 38601, 41321, 16287, 44352, 22002, 0, 18156, 40914, 0, 25561, 40930, 20432, 0, 44672, 0, 22078, 33814, 43091, 23964, 5912, 18932, 35596, 39641, 21825, 0, 0, 0, 41300, 24010, 29751, 13612, 0, 2891, 0, 41473, 16607, 24841, 26204, 0],[0, 32577, 0, 45171, 0, 44796, 30049, 0, 0, 0, 0, 0, -1, 11264, 38120, 45332, 39353, 0, 28201, 42571, 22451, 5996, 38328, 18769, 22754, 32455, 0, 0, 39107, 39784, 39813, 0, 42584, 45178, 0, 0, 37381, 41174, 46254, 24914, 14281, 23564, 13376, 44336, 0, 0, 41878, 34058, 27021, 45577, 43794, 0, 34160, 0, 0, 42190, 23122, 0, 40995, 37096, 36456],[0, 0, 0, 45387, 44941, 34703, 36989, 39724, 28010, 16484, 0, 10816, 11264, -1, 29952, 44381, 33563, 45744, 0, 20934, 24344, 41205, 44424, 7793, 0, 18715, 27473, 42277, 40419, 16998, 46130, 46106, 26525, 0, 34200, 0, 28273, 0, 26582, 0, 34146, 39693, 0, 46172, 33763, 0, 0, 0, 18097, 45961, 0, 35405, 12648, 0, 40010, 0, 29025, 0, 14565, 38814, 36377],[38790, 0, 44897, 39366, 31418, 32747, 0, 0, 25535, 42122, 44342, 24858, 38120, 29952, -1, 0, 0, 44139, 41012, 36542, 8141, 34197, 42854, 0, 35389, 0, 12764, 0, 18238, 39961, 0, 0, 0, 0, 40309, 44428, 0, 34549, 0, 37607, 32708, 0, 42417, 21454, 46329, 0, 0, 0, 27794, 31236, 0, 41053, 31778, 44017, 14511, 45730, 0, 0, 18253, 45323, 27753],[18166, 0, 0, 42283, 45774, 27181, 40084, 0, 6593, 0, 29931, 0, 45332, 44381, 0, -1, 30616, 0, 37206, 0, 0, 30051, 32606, 27252, 39857, 28992, 45949, 17324, 21543, 19695, 22139, 38928, 28136, 2339, 45107, 24471, 31684, 46010, 0, 22486, 0, 0, 0, 14081, 0, 0, 0, 36513, 17139, 20833, 42512, 23476, 6216, 11269, 0, 0, 19810, 0, 41081, 0, 43036],[20898, 6314, 40357, 36060, 0, 31228, 37718, 25188, 0, 0, 38349, 21032, 39353, 33563, 0, 30616, -1, 45901, 37328, 0, 32525, 0, 0, 35502, 17830, 0, 30634, 30405, 15299, 31033, 34922, 9909, 38670, 43021, 42431, 37982, 40443, 43897, 0, 0, 46195, 0, 28227, 0, 0, 0, 46202, 25372, 32240, 41158, 0, 36873, 0, 37276, 0, 0, 0, 22085, 9432, 3068, 0],[34507, 0, 42086, 36497, 31568, 27706, 37195, 28512, 13162, 0, 0, 38523, 0, 45744, 44139, 0, 45901, -1, 40133, 0, 44057, 0, 23132, 23736, 27411, 0, 17085, 18064, 22080, 27024, 21464, 22078, 27264, 9189, 33034, 0, 0, 0, 29593, 35116, 42980, 0, 5509, 31301, 31763, 17804, 0, 21319, 38595, 28931, 31292, 31019, 0, 41642, 0, 20913, 38450, 28678, 0, 33873, 38587],[10328, 0, 34311, 33683, 46072, 29930, 0, 30884, 20142, 19926, 0, 0, 28201, 0, 41012, 37206, 37328, 40133, -1, 0, 43445, 31223, 41848, 0, 45563, 0, 0, 0, 0, 32704, 13049, 0, 33459, 15357, 42919, 35054, 42389, 0, 23592, 0, 43678, 32012, 0, 33848, 29592, 0, 22163, 5116, 23640, 0, 42509, 22255, 0, 26148, 0, 26516, 31932, 38276, 25388, 45476, 0],[0, 11459, 27880, 0, 31232, 41081, 32930, 18305, 39797, 0, 36779, 34455, 42571, 20934, 36542, 0, 0, 0, 0, -1, 0, 0, 22821, 0, 0, 32585, 11598, 20987, 0, 37540, 44153, 41397, 0, 18596, 16384, 36857, 0, 0, 38497, 44362, 0, 11834, 0, 0, 39959, 40105, 0, 28437, 45256, 14683, 41570, 45803, 11194, 34828, 44303, 40272, 0, 24496, 21826, 32456, 0],[0, 0, 41830, 0, 0, 0, 0, 39005, 13843, 0, 0, 42092, 22451, 24344, 8141, 0, 32525, 44057, 43445, 0, -1, 43193, 23187, 17650, 0, 33518, 0, 26772, 41609, 13010, 46181, 24309, 32010, 0, 43394, 13154, 20188, 34570, 0, 0, 31759, 43182, 0, 43904, 35041, 0, 0, 0, 46269, 14054, 35089, 20944, 0, 18872, 0, 20321, 0, 41852, 0, 0, 0],[36315, 25626, 28499, 0, 39047, 37379, 0, 0, 0, 28407, 0, 9801, 5996, 41205, 34197, 30051, 0, 0, 31223, 0, 43193, -1, 0, 0, 32438, 45166, 30997, 0, 8318, 0, 11534, 0, 22753, 41575, 9618, 26485, 0, 0, 42023, 0, 43169, 19891, 24066, 0, 43265, 0, 0, 0, 0, 31178, 27538, 28781, 0, 45468, 28883, 0, 39930, 22141, 26266, 0, 32197],[0, 45529, 30713, 13787, 8224, 43415, 35702, 0, 21890, 39706, 0, 38601, 38328, 44424, 42854, 32606, 0, 23132, 41848, 22821, 23187, 0, -1, 22801, 0, 42942, 0, 0, 24418, 16643, 0, 9292, 30809, 27753, 0, 38942, 0, 0, 31780, 0, 21319, 45733, 22132, 18201, 0, 31806, 31151, 33129, 25265, 12919, 42261, 43104, 45565, 14152, 13698, 27501, 37338, 45362, 3191, 26203, 0],[29216, 0, 21679, 39254, 0, 35591, 45959, 0, 45843, 25580, 26204, 41321, 18769, 7793, 0, 27252, 35502, 23736, 0, 0, 17650, 0, 22801, -1, 33571, 28862, 0, 46338, 25557, 0, 33187, 44552, 0, 0, 0, 0, 0, 18230, 26869, 0, 42856, 10195, 36839, 27369, 25627, 31420, 0, 37383, 23784, 0, 0, 30818, 11409, 0, 43419, 41546, 0, 29939, 29920, 26104, 0],[0, 38246, 27027, 24081, 0, 0, 40943, 0, 0, 0, 0, 16287, 22754, 0, 35389, 39857, 17830, 27411, 45563, 0, 0, 32438, 0, 33571, -1, 0, 0, 32653, 9341, 45272, 43063, 33727, 0, 12403, 29840, 33631, 36057, 25911, 20089, 0, 1891, 26856, 0, 33346, 0, 0, 30257, 31960, 45671, 0, 39438, 0, 25577, 42593, 41775, 0, 0, 45874, 0, 29819, 12361],[39999, 13112, 28036, 0, 38540, 0, 0, 16773, 39836, 20807, 11770, 44352, 32455, 18715, 0, 28992, 0, 0, 0, 32585, 33518, 45166, 42942, 28862, 0, -1, 16277, 44446, 29001, 28291, 29488, 1326, 19029, 44237, 28295, 39487, 0, 0, 38774, 0, 36317, 23074, 0, 45124, 0, 46327, 20572, 44293, 0, 22255, 0, 27559, 28915, 18902, 44205, 0, 0, 0, 9143, 42365, 0],[10305, 0, 0, 41557, 32522, 0, 0, 23532, 0, 28640, 17098, 22002, 0, 27473, 12764, 45949, 30634, 17085, 0, 11598, 0, 30997, 0, 0, 0, 16277, -1, 0, 0, 28151, 41997, 0, 3907, 31782, 0, 30852, 9971, 0, 20482, 36198, 35416, 44647, 41252, 43385, 34076, 37999, 0, 39877, 31858, 46103, 34681, 26132, 36472, 23902, 0, 0, 23225, 0, 9622, 22331, 24902],[42583, 30017, 44306, 0, 23999, 40340, 46200, 0, 45915, 22500, 40258, 0, 0, 42277, 0, 17324, 30405, 18064, 0, 20987, 26772, 0, 0, 46338, 32653, 44446, 0, -1, 26952, 31619, 4651, 25699, 41350, 26438, 40126, 29183, 31909, 27340, 0, 45040, 31188, 32032, 33991, 11000, 14307, 0, 0, 29912, 22642, 0, 29977, 41881, 45616, 34088, 0, 39421, 44013, 42672, 43613, 0, 0],[21887, 0, 43239, 0, 43919, 5198, 26223, 38179, 0, 32890, 24059, 18156, 39107, 40419, 18238, 21543, 15299, 22080, 0, 0, 41609, 8318, 24418, 25557, 9341, 29001, 0, 26952, -1, 24012, 36627, 0, 35705, 21362, 41969, 0, 0, 0, 0, 8298, 20274, 0, 42710, 35196, 5362, 0, 34786, 0, 0, 0, 44069, 34670, 27364, 0, 44753, 0, 31252, 0, 0, 42832, 33681],[0, 22359, 40230, 42322, 9466, 40694, 22129, 29130, 43865, 25280, 43411, 40914, 39784, 16998, 39961, 19695, 31033, 27024, 32704, 37540, 13010, 0, 16643, 0, 45272, 28291, 28151, 31619, 24012, -1, 35464, 0, 43924, 0, 46113, 42763, 32681, 31400, 14452, 27635, 42180, 0, 0, 0, 40447, 0, 21829, 9435, 30705, 35499, 18868, 22511, 0, 19740, 0, 45019, 42187, 37891, 37969, 38285, 43188],[15186, 39533, 10450, 0, 0, 0, 42282, 44181, 25636, 30054, 31194, 0, 39813, 46130, 0, 22139, 34922, 21464, 13049, 44153, 46181, 11534, 0, 33187, 43063, 29488, 41997, 4651, 36627, 35464, -1, 36119, 20798, 30180, 35377, 28079, 33308, 38753, 40897, 0, 32056, 0, 38660, 0, 40634, 0, 0, 0, 0, 40806, 29212, 0, 26396, 0, 0, 25315, 41965, 0, 9302, 0, 16140],[42442, 38282, 45401, 44737, 39255, 0, 40487, 18343, 18640, 0, 24358, 25561, 0, 46106, 0, 38928, 9909, 22078, 0, 41397, 24309, 0, 9292, 44552, 33727, 1326, 0, 25699, 0, 0, 36119, -1, 0, 0, 0, 35876, 17678, 34723, 0, 19392, 0, 40204, 40640, 40509, 17324, 0, 0, 0, 0, 38464, 33589, 0, 39587, 0, 25348, 0, 0, 0, 0, 4663, 39986],[0, 29307, 0, 15295, 17375, 27617, 23576, 12457, 45204, 46136, 0, 40930, 42584, 26525, 0, 28136, 38670, 27264, 33459, 0, 32010, 22753, 30809, 0, 0, 19029, 3907, 41350, 35705, 43924, 20798, 0, -1, 0, 21729, 28050, 5238, 0, 45738, 0, 38473, 13225, 35281, 39299, 0, 24562, 3531, 32360, 33417, 38483, 0, 35150, 0, 0, 37231, 0, 44549, 28600, 16548, 32556, 20753],[39212, 35700, 0, 0, 44755, 0, 0, 0, 34833, 40776, 0, 20432, 45178, 0, 0, 2339, 43021, 9189, 15357, 18596, 0, 41575, 27753, 0, 12403, 44237, 31782, 26438, 21362, 0, 30180, 0, 0, -1, 45962, 30306, 30769, 37291, 36537, 25876, 26257, 41359, 18350, 34631, 10520, 45733, 0, 0, 23604, 44673, 42195, 0, 0, 10486, 26151, 38380, 36620, 23683, 32125, 40457, 18405],[36462, 15751, 44950, 40015, 0, 32507, 0, 21659, 6802, 0, 38737, 0, 0, 34200, 40309, 45107, 42431, 33034, 42919, 16384, 43394, 9618, 0, 0, 29840, 28295, 0, 40126, 41969, 46113, 35377, 0, 21729, 45962, -1, 0, 0, 0, 22423, 41969, 0, 33258, 36843, 40707, 0, 21017, 31612, 16134, 34874, 34817, 0, 16942, 45117, 39919, 12691, 9067, 0, 27763, 0, 37174, 0],[0, 0, 12844, 15537, 15750, 5920, 0, 30061, 0, 28613, 32383, 44672, 0, 0, 44428, 24471, 37982, 0, 35054, 36857, 13154, 26485, 38942, 0, 33631, 39487, 30852, 29183, 0, 42763, 28079, 35876, 28050, 30306, 0, -1, 42132, 40028, 30161, 0, 22406, 10557, 25765, 34736, 0, 38819, 36478, 28153, 37850, 33160, 41424, 0, 44363, 31081, 18220, 40475, 28186, 0, 9930, 35689, 19204],[0, 24293, 0, 16819, 43161, 41950, 35774, 36131, 33579, 20805, 35388, 0, 37381, 28273, 0, 31684, 40443, 0, 42389, 0, 20188, 0, 0, 0, 36057, 0, 9971, 31909, 0, 32681, 33308, 17678, 5238, 30769, 0, 42132, -1, 32785, 0, 39597, 24728, 0, 0, 0, 0, 35427, 0, 18656, 45046, 0, 0, 43250, 39470, 39704, 34512, 44566, 33553, 21819, 0, 11878, 23003],[0, 45043, 40612, 0, 26657, 45543, 17605, 18969, 42918, 44511, 0, 22078, 41174, 0, 34549, 46010, 43897, 0, 0, 0, 34570, 0, 0, 18230, 25911, 0, 0, 27340, 0, 31400, 38753, 34723, 0, 37291, 0, 40028, 32785, -1, 0, 35551, 11917, 0, 0, 44489, 0, 30172, 31852, 0, 0, 28482, 35450, 33320, 36880, 0, 32986, 27740, 45263, 41994, 38807, 28092, 0],[0, 35059, 0, 44721, 36198, 0, 45388, 0, 0, 43559, 0, 33814, 46254, 26582, 0, 0, 0, 29593, 23592, 38497, 0, 42023, 31780, 26869, 20089, 38774, 20482, 0, 0, 14452, 40897, 0, 45738, 36537, 22423, 30161, 0, 0, -1, 41444, 34783, 22961, 31968, 42461, 40127, 0, 42018, 0, 35215, 45589, 23038, 34481, 18546, 37248, 24232, 45815, 41986, 0, 29039, 43569, 46315],[39839, 24215, 0, 0, 28398, 43913, 34362, 0, 0, 45103, 41379, 43091, 24914, 0, 37607, 22486, 0, 35116, 0, 44362, 0, 0, 0, 0, 0, 0, 36198, 45040, 8298, 27635, 0, 19392, 0, 25876, 41969, 0, 39597, 35551, 41444, -1, 42306, 40832, 24334, 0, 10615, 0, 25210, 33119, 21391, 39010, 29269, 18663, 25614, 43689, 29267, 0, 31648, 24505, 26333, 0, 13197],[0, 43012, 0, 21967, 46154, 39640, 14066, 9805, 0, 37523, 38907, 23964, 14281, 34146, 32708, 0, 46195, 42980, 43678, 0, 31759, 43169, 21319, 42856, 1891, 36317, 35416, 31188, 20274, 42180, 32056, 0, 38473, 26257, 0, 22406, 24728, 11917, 34783, 42306, -1, 35827, 0, 44797, 37243, 41870, 0, 41878, 7301, 0, 36983, 13124, 30492, 26520, 0, 32144, 37195, 32238, 0, 39491, 33881],[32194, 30353, 22391, 0, 0, 36707, 0, 35220, 20243, 0, 10340, 5912, 23564, 39693, 0, 0, 0, 0, 32012, 11834, 43182, 19891, 45733, 10195, 26856, 23074, 44647, 32032, 0, 0, 0, 40204, 13225, 41359, 33258, 10557, 0, 0, 22961, 40832, 35827, -1, 44267, 0, 0, 44642, 34585, 38251, 0, 0, 20499, 28833, 27332, 0, 12669, 33053, 42715, 11427, 45662, 0, 32242],[35960, 31640, 42452, 46086, 0, 26911, 35836, 0, 34829, 40140, 8789, 18932, 13376, 0, 42417, 0, 28227, 5509, 0, 0, 0, 24066, 22132, 36839, 0, 0, 41252, 33991, 42710, 0, 38660, 40640, 35281, 18350, 36843, 25765, 0, 0, 31968, 24334, 0, 44267, -1, 25511, 30613, 36191, 42807, 29421, 43432, 0, 22489, 34820, 30458, 17072, 6124, 40452, 42872, 40512, 45188, 46293, 0],[38933, 44695, 41494, 32702, 25192, 0, 35739, 0, 0, 0, 0, 35596, 44336, 46172, 21454, 14081, 0, 31301, 33848, 0, 43904, 0, 18201, 27369, 33346, 45124, 43385, 11000, 35196, 0, 0, 40509, 39299, 34631, 40707, 34736, 0, 44489, 42461, 0, 44797, 0, 25511, -1, 30770, 45923, 44188, 46009, 0, 20699, 24732, 10789, 0, 35165, 0, 35361, 24521, 36567, 41565, 0, 23848],[0, 36276, 40960, 19471, 9250, 0, 46125, 37061, 0, 22484, 37322, 39641, 0, 33763, 46329, 0, 0, 31763, 29592, 39959, 35041, 43265, 0, 25627, 0, 0, 34076, 14307, 5362, 40447, 40634, 17324, 0, 10520, 0, 0, 0, 0, 40127, 10615, 37243, 0, 30613, 30770, -1, 34203, 40278, 40553, 45883, 32349, 27862, 34330, 45816, 21261, 0, 45532, 41796, 0, 19038, 37134, 0],[25602, 0, 0, 42156, 36259, 29507, 28473, 19640, 26945, 39174, 0, 21825, 0, 0, 0, 0, 0, 17804, 0, 40105, 0, 0, 31806, 31420, 0, 46327, 37999, 0, 0, 0, 0, 0, 24562, 45733, 21017, 38819, 35427, 30172, 0, 0, 41870, 44642, 36191, 45923, 34203, -1, 0, 22753, 0, 45044, 19957, 43369, 22501, 23644, 28718, 40053, 13481, 28809, 0, 34722, 0],[37939, 17996, 0, 36007, 0, 0, 15375, 0, 0, 0, 38269, 0, 41878, 0, 0, 0, 46202, 0, 22163, 0, 0, 0, 31151, 0, 30257, 20572, 0, 0, 34786, 21829, 0, 0, 3531, 0, 31612, 36478, 0, 31852, 42018, 25210, 0, 34585, 42807, 44188, 40278, 0, -1, 38703, 23091, 33501, 41303, 12570, 0, 0, 42079, 44711, 44531, 0, 22201, 0, 45325],[0, 42475, 24608, 42293, 0, 44013, 0, 0, 27742, 0, 35468, 0, 34058, 0, 0, 36513, 25372, 21319, 5116, 28437, 0, 0, 33129, 37383, 31960, 44293, 39877, 29912, 0, 9435, 0, 0, 32360, 0, 16134, 28153, 18656, 0, 0, 33119, 41878, 38251, 29421, 46009, 40553, 22753, 38703, -1, 3134, 38310, 0, 35637, 39985, 0, 0, 39041, 6642, 32530, 44692, 31584, 30273],[35058, 29577, 0, 0, 40938, 37992, 0, 0, 0, 0, 0, 0, 27021, 18097, 27794, 17139, 32240, 38595, 23640, 45256, 46269, 0, 25265, 23784, 45671, 0, 31858, 22642, 0, 30705, 0, 0, 33417, 23604, 34874, 37850, 45046, 0, 35215, 21391, 7301, 0, 43432, 0, 45883, 0, 23091, 3134, -1, 0, 0, 44431, 0, 0, 41535, 44850, 31614, 6295, 0, 0, 45805],[0, 40863, 24033, 34613, 45528, 27397, 21350, 0, 25658, 11711, 29668, 41300, 45577, 45961, 31236, 20833, 41158, 28931, 0, 14683, 14054, 31178, 12919, 0, 0, 22255, 46103, 0, 0, 35499, 40806, 38464, 38483, 44673, 34817, 33160, 0, 28482, 45589, 39010, 0, 0, 0, 20699, 32349, 45044, 33501, 38310, 0, -1, 32526, 0, 33942, 21698, 35005, 0, 24563, 33135, 36693, 35012, 26239],[30028, 39645, 34110, 29753, 38942, 36696, 30659, 0, 30773, 0, 0, 24010, 43794, 0, 0, 42512, 0, 31292, 42509, 41570, 35089, 27538, 42261, 0, 39438, 0, 34681, 29977, 44069, 18868, 29212, 33589, 0, 42195, 0, 41424, 0, 35450, 23038, 29269, 36983, 20499, 22489, 24732, 27862, 19957, 41303, 0, 0, 32526, -1, 42540, 22561, 23784, 39109, 0, 29375, 0, 41677, 38286, 28128],[23959, 12597, 34034, 25657, 21505, 0, 38806, 0, 15171, 31609, 0, 29751, 0, 35405, 41053, 23476, 36873, 31019, 22255, 45803, 20944, 28781, 43104, 30818, 0, 27559, 26132, 41881, 34670, 22511, 0, 0, 35150, 0, 16942, 0, 43250, 33320, 34481, 18663, 13124, 28833, 34820, 10789, 34330, 43369, 12570, 35637, 44431, 0, 42540, -1, 28557, 0, 6506, 24698, 0, 43770, 0, 38172, 34346],[42544, 39422, 35371, 32163, 36757, 36383, 43473, 26597, 41810, 0, 0, 13612, 34160, 12648, 31778, 6216, 0, 0, 0, 11194, 0, 0, 45565, 11409, 25577, 28915, 36472, 45616, 27364, 0, 26396, 39587, 0, 0, 45117, 44363, 39470, 36880, 18546, 25614, 30492, 27332, 30458, 0, 45816, 22501, 0, 39985, 0, 33942, 22561, 28557, -1, 36620, 45098, 0, 25818, 0, 0, 0, 0],[0, 25371, 40857, 39407, 19370, 0, 0, 0, 20253, 19534, 0, 0, 0, 0, 44017, 11269, 37276, 41642, 26148, 34828, 18872, 45468, 14152, 0, 42593, 18902, 23902, 34088, 0, 19740, 0, 0, 0, 10486, 39919, 31081, 39704, 0, 37248, 43689, 26520, 0, 17072, 35165, 21261, 23644, 0, 0, 0, 21698, 23784, 0, 36620, -1, 36025, 35990, 31434, 0, 0, 0, 21581],[6059, 45429, 20900, 0, 0, 0, 41474, 35722, 38104, 21191, 34814, 2891, 0, 40010, 14511, 0, 0, 0, 0, 44303, 0, 28883, 13698, 43419, 41775, 44205, 0, 0, 44753, 0, 0, 25348, 37231, 26151, 12691, 18220, 34512, 32986, 24232, 29267, 0, 12669, 6124, 0, 0, 28718, 42079, 0, 41535, 35005, 39109, 6506, 45098, 36025, -1, 26855, 0, 39933, 29393, 25709, 9935],[44756, 22123, 0, 41020, 30806, 43954, 0, 0, 31048, 0, 34369, 0, 42190, 0, 45730, 0, 0, 20913, 26516, 40272, 20321, 0, 27501, 41546, 0, 0, 0, 39421, 0, 45019, 25315, 0, 0, 38380, 9067, 40475, 44566, 27740, 45815, 0, 32144, 33053, 40452, 35361, 45532, 40053, 44711, 39041, 44850, 0, 0, 24698, 0, 35990, 26855, -1, 39182, 14773, 0, 44644, 0],[0, 40341, 34573, 35347, 11478, 19601, 41573, 30121, 0, 8006, 36713, 41473, 23122, 29025, 0, 19810, 0, 38450, 31932, 0, 0, 39930, 37338, 0, 0, 0, 23225, 44013, 31252, 42187, 41965, 0, 44549, 36620, 0, 28186, 33553, 45263, 41986, 31648, 37195, 42715, 42872, 24521, 41796, 13481, 44531, 6642, 31614, 24563, 29375, 0, 25818, 31434, 0, 39182, -1, 0, 19585, 33116, 23369],[43965, 33842, 37522, 0, 45808, 39736, 43862, 41049, 8427, 8918, 35585, 16607, 0, 0, 0, 0, 22085, 28678, 38276, 24496, 41852, 22141, 45362, 29939, 45874, 0, 0, 42672, 0, 37891, 0, 0, 28600, 23683, 27763, 0, 21819, 41994, 0, 24505, 32238, 11427, 40512, 36567, 0, 28809, 0, 32530, 6295, 33135, 0, 43770, 0, 0, 39933, 14773, 0, -1, 33113, 10441, 31654],[30347, 37497, 41375, 3114, 38112, 0, 44161, 0, 0, 0, 30235, 24841, 40995, 14565, 18253, 41081, 9432, 0, 25388, 21826, 0, 26266, 3191, 29920, 0, 9143, 9622, 43613, 0, 37969, 9302, 0, 16548, 32125, 0, 9930, 0, 38807, 29039, 26333, 0, 45662, 45188, 41565, 19038, 0, 22201, 44692, 0, 36693, 41677, 0, 0, 0, 29393, 0, 19585, 33113, -1, 33764, 44824],[26516, 45803, 0, 22868, 26228, 34428, 40400, 43918, 17767, 0, 0, 26204, 37096, 38814, 45323, 0, 3068, 33873, 45476, 32456, 0, 0, 26203, 26104, 29819, 42365, 22331, 0, 42832, 38285, 0, 4663, 32556, 40457, 37174, 35689, 11878, 28092, 43569, 0, 39491, 0, 46293, 0, 37134, 34722, 0, 31584, 0, 35012, 38286, 38172, 0, 0, 25709, 44644, 33116, 10441, 33764, -1, 42856],[0, 39572, 0, 25654, 0, 46295, 45630, 41389, 37958, 16073, 35665, 0, 36456, 36377, 27753, 43036, 0, 38587, 0, 0, 0, 32197, 0, 0, 12361, 0, 24902, 0, 33681, 43188, 16140, 39986, 20753, 18405, 0, 19204, 23003, 0, 46315, 13197, 33881, 32242, 0, 23848, 0, 0, 45325, 30273, 45805, 26239, 28128, 34346, 0, 21581, 9935, 0, 23369, 31654, 44824, 42856, -1]]