18
[[-1, 32321, 0, 26796, 0, 0, 41562, 0, 0, 42194, 43587, 29717, 30676, 0, 31502, 45041, 29777, 40023],[32321, -1, 29153, 0, 23199, 39061, 0, 20920, 24467, 0, 0, 11084, 0, 0, 0, 44851, 0, 7431],[0, 29153, -1, 0, 35063, 19286, 0, 22091, 42358, 17703, 26396, 19712, 41636, 6036, 40871, 0, 7781, 26370],[26796, 0, 0, -1, 18475, 28623, 0, 29188, 43121, 0, 43017, 27612, 0, 0, 0, 26249, 34567, 34620],[0, 23199, 35063, 18475, -1, 0, 30329, 0, 37871, 14769, 35396, 16988, 0, 35470, 37320, 14668, 41891, 0],[0, 39061, 19286, 28623, 0, -1, 14591, 23347, 0, 28724, 16964, 15570, 26734, 39346, 33292, 0, 0, 38563],[41562, 0, 0, 0, 30329, 14591, -1, 23578, 26386, 37899, 38626, 35390, 16217, 32938, 26234, 9415, 41114, 25704],[0, 20920, 22091, 29188, 0, 23347, 23578, -1, 10738, 0, 43729, 26658, 23139, 0, 0, 38968, 45310, 37694],[0, 24467, 42358, 43121, 37871, 0, 26386, 10738, -1, 13854, 39560, 0, 0, 33792, 37988, 0, 16402, 36999],[42194, 0, 17703, 0, 14769, 28724, 37899, 0, 13854, -1, 12467, 41482, 0, 36918, 0, 32395, 0, 44403],[43587, 0, 26396, 43017, 35396, 16964, 38626, 43729, 39560, 12467, -1, 42382, 30360, 0, 0, 0, 35249, 40138],[29717, 11084, 19712, 27612, 16988, 15570, 35390, 26658, 0, 41482, 42382, -1, 0, 26771, 32280, 30252, 0, 10597],[30676, 0, 41636, 0, 0, 26734, 16217, 23139, 0, 0, 30360, 0, -1, 42360, 24024, 20806, 28806, 30660],[0, 0, 6036, 0, 35470, 39346, 32938, 0, 33792, 36918, 0, 26771, 42360, -1, 21335, 36601, 36893, 0],[31502, 0, 40871, 0, 37320, 33292, 26234, 0, 37988, 0, 0, 32280, 24024, 21335, -1, 37329, 28119, 35524],[45041, 44851, 0, 26249, 14668, 0, 9415, 38968, 0, 32395, 0, 30252, 20806, 36601, 37329, -1, 45143, 39896],[29777, 0, 7781, 34567, 41891, 0, 41114, 45310, 16402, 0, 35249, 0, 28806, 36893, 28119, 45143, -1, 36023],[40023, 7431, 26370, 34620, 0, 38563, 25704, 37694, 36999, 44403, 40138, 10597, 30660, 0, 35524, 39896, 36023, -1]]