89
[[-1, 37284, 19587, 26898, 30092, 44967, 15415, 36885, 35094, 44699, 20165, 21087, 28711, 40160, 31607, 23405, 34795, 9079, 28026, 33391, 45741, 16851, 36854, 40093, 25740, 42130, 33556, 31974, 42341, 16808, 45888, 12907, 45289, 12607, 23455, 45477, 37392, 36502, 40630, 41077, 38595, 42794, 45530, 33795, 33532, 20539, 38165, 19562, 46115, 32919, 40927, 22545, 17343, 42927, 20845, 14586, 28680, 42818, 46250, 26352, 43208, 11365, 41476, 41308, 20177, 22294, 30322, 43114, 27371, 39456, 42302, 43912, 39762, 23588, 45847, 46289, 36984, 35540, 22511, 32323, 26126, 14215, 38601, 43125, 11226, 34670, 44900, 37777, 30422],[37284, -1, 44163, 38203, 5561, 16780, 35923, 18161, 9740, 15527, 16531, 46151, 21976, 46305, 39856, 9758, 40088, 28188, 46340, 29484, 46010, 36480, 39726, 33617, 26993, 18425, 45077, 9659, 37466, 34875, 34816, 39663, 41836, 33111, 36423, 34719, 41260, 28529, 14168, 24280, 24374, 44087, 39895, 45597, 46238, 21389, 44565, 28180, 29810, 35662, 34088, 20733, 41402, 32622, 39790, 29359, 27394, 5285, 44807, 35252, 27611, 26924, 18948, 28609, 37997, 27344, 45295, 27093, 29876, 17565, 30698, 27286, 33393, 28956, 35588, 41498, 31592, 39629, 43498, 31273, 38574, 18905, 40297, 25146, 34950, 39622, 44452, 44362, 41760],[19587, 44163, -1, 12861, 35488, 13440, 18635, 12582, 18191, 40967, 25432, 35675, 17429, 36223, 22520, 16441, 10414, 43717, 33332, 37899, 35121, 16133, 35122, 20301, 46312, 9538, 36808, 32720, 42640, 16230, 25743, 31076, 36073, 45543, 36643, 44636, 28945, 30662, 38684, 31480, 42562, 28669, 38621, 15749, 22206, 34037, 6266, 33680, 21967, 22474, 10248, 43046, 41204, 33284, 37035, 27632, 20033, 42469, 15976, 10390, 36668, 25813, 40659, 24200, 29784, 38149, 38171, 45332, 43343, 37109, 24683, 38552, 34723, 44320, 34887, 43648, 34724, 16976, 10609, 37153, 38419, 36932, 35597, 20232, 44280, 44902, 41718, 32459, 41782],[26898, 38203, 12861, -1, 15408, 12664, 33973, 39704, 17729, 45575, 39476, 42608, 38052, 26548, 24651, 23710, 44534, 45884, 45955, 8476, 35610, 39386, 43141, 34411, 33805, 39015, 39805, 28194, 27710, 37705, 39075, 43954, 23528, 45287, 30316, 38742, 17153, 19169, 20232, 40815, 44029, 35311, 39149, 29123, 33548, 31110, 41785, 42638, 23055, 42072, 19970, 17702, 40736, 41999, 13423, 28818, 24023, 23694, 31844, 38815, 24311, 40838, 27635, 23688, 45979, 36021, 46134, 41868, 10547, 41391, 33061, 39015, 20349, 43363, 20359, 36488, 34530, 42007, 44162, 44130, 17467, 37181, 32880, 13945, 31248, 23500, 45497, 35258, 15893],[30092, 5561, 35488, 15408, -1, 44396, 30509, 38835, 28786, 44130, 45524, 25584, 37351, 12663, 36477, 41296, 46219, 42239, 42362, 39864, 40866, 38468, 25750, 17013, 32927, 44343, 26477, 22931, 26161, 28032, 41251, 20149, 40792, 42763, 35436, 39590, 5128, 35265, 42208, 38552, 45348, 41723, 16513, 32084, 8142, 29006, 27038, 37076, 43275, 17678, 35319, 21470, 44167, 9082, 39822, 25717, 37848, 45903, 31751, 29601, 38401, 45930, 34572, 29306, 41157, 28722, 43913, 25700, 41307, 38677, 36708, 45191, 45264, 21452, 26463, 44693, 41208, 23907, 34419, 11513, 45504, 39986, 29223, 39270, 13443, 41457, 29676, 38542, 28799],[44967, 16780, 13440, 12664, 44396, -1, 45606, 40829, 37203, 39254, 36693, 26103, 40168, 39387, 46048, 20102, 37523, 20751, 15686, 34195, 27096, 34244, 9904, 37330, 34607, 32175, 39352, 44391, 41114, 41590, 27721, 30147, 39648, 18031, 10844, 33320, 21473, 25658, 36156, 35810, 15487, 21578, 34613, 43517, 40806, 27919, 43127, 28201, 16353, 25421, 10133, 45088, 40185, 37387, 44363, 17203, 42606, 28305, 42283, 32007, 18802, 15639, 44969, 33270, 38927, 16788, 43806, 25947, 39691, 20228, 11999, 34016, 46066, 5452, 42021, 36402, 40743, 8878, 45461, 23308, 40344, 6448, 7821, 40914, 5894, 24100, 41633, 9814, 34940],[15415, 35923, 18635, 33973, 30509, 45606, -1, 45806, 32941, 16050, 32433, 44812, 25920, 28239, 29929, 39714, 45830, 41179, 27958, 33490, 32103, 17062, 25919, 4874, 31468, 31406, 44363, 10298, 25579, 46154, 2043, 32488, 25116, 38895, 32960, 10801, 34113, 11573, 34781, 45385, 24817, 44170, 44890, 31935, 23247, 40020, 35297, 25699, 34145, 34375, 35394, 27287, 33064, 38814, 32881, 32742, 22026, 42008, 44831, 41916, 22547, 40035, 27564, 45002, 17841, 21527, 35541, 10039, 45991, 22662, 17739, 38575, 45056, 37018, 29578, 40877, 32780, 17880, 25903, 21202, 41427, 28750, 15693, 44056, 37470, 43860, 45125, 45368, 22094],[36885, 18161, 12582, 39704, 38835, 40829, 45806, -1, 21666, 41318, 15089, 34197, 40821, 46128, 40570, 43488, 34031, 31480, 38310, 23139, 45149, 45529, 37992, 30953, 29072, 24445, 24006, 39079, 44993, 21423, 4244, 43043, 17702, 28737, 38197, 46227, 41395, 10692, 19054, 17569, 39607, 36734, 43947, 1159, 34874, 38406, 43921, 26344, 44917, 39055, 33094, 28145, 31659, 30242, 34178, 28033, 45208, 32188, 8205, 22794, 36520, 28521, 42521, 34624, 26504, 25138, 21345, 24415, 22480, 38255, 16490, 31062, 32434, 44615, 33842, 14811, 43258, 38021, 20940, 42545, 38859, 35464, 35535, 45881, 13933, 38076, 29701, 18692, 31167],[35094, 9740, 18191, 17729, 28786, 37203, 32941, 21666, -1, 28542, 21403, 42393, 43491, 44338, 19100, 43008, 27892, 14189, 10518, 36006, 12162, 39213, 37000, 40415, 21360, 20483, 27840, 42803, 45009, 28654, 24052, 43367, 11100, 17482, 34267, 25702, 38147, 15515, 5044, 9388, 36695, 37074, 32392, 33589, 32978, 28558, 40713, 44475, 24367, 37150, 8633, 26495, 20215, 42259, 41778, 42970, 27914, 18537, 40371, 41924, 21080, 32414, 16930, 35685, 31565, 28508, 41378, 13916, 35419, 32054, 22073, 40410, 36397, 39175, 45078, 42154, 45353, 7485, 41197, 27064, 19073, 23297, 23888, 17883, 45411, 24556, 29169, 37674, 29177],[44699, 15527, 40967, 45575, 44130, 39254, 16050, 41318, 28542, -1, 32510, 30258, 41200, 32001, 45605, 5087, 25612, 23567, 37008, 26806, 43211, 42956, 28434, 30190, 22681, 22909, 36402, 19154, 46225, 45559, 18227, 34720, 26305, 33558, 24840, 33724, 24232, 20766, 35652, 23727, 37227, 22363, 33466, 14652, 32869, 37297, 3128, 38024, 31195, 32786, 39773, 38878, 2563, 44354, 34220, 23205, 35380, 35186, 29703, 5079, 10552, 42096, 29608, 36961, 42284, 34214, 40765, 25890, 41366, 38575, 44618, 45051, 22485, 31131, 18929, 36116, 31070, 34850, 6866, 35977, 12495, 38643, 27077, 25986, 3650, 35209, 7762, 3401, 24263],[20165, 16531, 25432, 39476, 45524, 36693, 32433, 15089, 21403, 32510, -1, 38136, 6449, 27091, 44469, 36507, 16716, 42732, 34204, 43609, 31390, 20066, 29941, 44946, 45737, 36070, 20715, 45030, 42425, 43833, 41068, 12584, 30272, 27890, 37995, 8536, 38132, 45986, 36154, 19470, 23512, 36165, 26100, 2246, 40311, 39011, 35179, 10748, 31954, 39961, 21786, 40357, 42927, 34721, 45199, 20370, 41188, 29579, 13738, 30556, 35840, 34974, 45368, 41552, 28338, 44414, 38885, 44893, 9498, 12603, 42747, 27479, 27885, 45892, 41509, 42320, 41260, 8370, 41570, 40046, 42914, 39001, 30168, 46008, 28821, 19014, 37878, 15434, 25148],[21087, 46151, 35675, 42608, 25584, 26103, 44812, 34197, 42393, 30258, 38136, -1, 28230, 38802, 40365, 13815, 12965, 43529, 26685, 31320, 23640, 16978, 41290, 23986, 37289, 35426, 6689, 38607, 36296, 26295, 31006, 43832, 43464, 9276, 38841, 46285, 10152, 16966, 8379, 2560, 26779, 17072, 27880, 25284, 38417, 23179, 29227, 43240, 42843, 31639, 44657, 39691, 40465, 42531, 35010, 36025, 42342, 40903, 43467, 26522, 21426, 30749, 16333, 41598, 30434, 25448, 42032, 31315, 25956, 25006, 44822, 32262, 23731, 35101, 13589, 14659, 30424, 42787, 4877, 34868, 45938, 14234, 12925, 44425, 27266, 34581, 40714, 45220, 27513],[28711, 21976, 17429, 38052, 37351, 40168, 25920, 40821, 43491, 41200, 6449, 28230, -1, 23958, 7417, 13468, 38860, 16960, 46046, 9540, 26293, 17842, 40489, 1675, 31808, 31150, 41805, 38882, 33115, 43552, 27308, 41379, 8515, 44568, 30423, 43993, 43538, 38068, 41151, 40334, 44915, 45038, 26091, 40037, 29268, 38624, 42584, 17998, 17252, 22678, 39032, 43964, 29433, 40048, 36106, 32631, 19013, 34224, 11438, 35397, 43669, 25848, 22734, 41527, 35741, 36243, 45387, 40182, 42253, 44352, 40493, 41596, 40544, 32473, 35470, 34943, 45125, 27191, 42367, 23188, 45592, 40058, 19059, 25607, 45433, 43329, 39773, 35178, 17557],[40160, 46305, 36223, 26548, 12663, 39387, 28239, 46128, 44338, 32001, 27091, 38802, 23958, -1, 16211, 30878, 45382, 20376, 28280, 14255, 31457, 30447, 33423, 25716, 17713, 43207, 29060, 17979, 36999, 45746, 16334, 25490, 34936, 44895, 35716, 44409, 26030, 19140, 27381, 35402, 7751, 22618, 40755, 45184, 37182, 34054, 34116, 33950, 36853, 44608, 24781, 34442, 28732, 38040, 34444, 44703, 35578, 2726, 27270, 43995, 11613, 31296, 42318, 36577, 28408, 37714, 34571, 31766, 28178, 29453, 31094, 43694, 38153, 22767, 41984, 17951, 39167, 42327, 39971, 34906, 21177, 12280, 40817, 41784, 27154, 43745, 31374, 35182, 30974],[31607, 39856, 22520, 24651, 36477, 46048, 29929, 40570, 19100, 45605, 44469, 40365, 7417, 16211, -1, 20852, 16289, 42189, 41805, 9774, 35681, 41049, 23548, 43647, 36192, 34463, 19894, 23507, 41854, 10469, 21018, 36375, 19957, 36511, 30783, 43180, 43839, 29300, 40956, 18734, 37542, 38869, 19500, 45428, 36450, 29945, 20000, 44898, 39517, 38407, 21776, 17558, 29553, 31445, 44473, 40101, 21973, 27453, 15102, 32050, 29645, 33030, 21969, 22836, 35954, 42401, 19331, 25120, 40168, 43605, 39580, 37896, 3877, 17739, 34889, 44414, 44383, 12427, 25905, 18714, 44036, 28171, 43233, 41301, 13860, 12585, 42623, 19007, 40939],[23405, 9758, 16441, 23710, 41296, 20102, 39714, 43488, 43008, 5087, 36507, 13815, 13468, 30878, 20852, -1, 38616, 15975, 10962, 31401, 27029, 38534, 33819, 16513, 34675, 34519, 38902, 18530, 34215, 37770, 27905, 37475, 28335, 37688, 28726, 44046, 10374, 7072, 22443, 34319, 26958, 34954, 17970, 35811, 12723, 38284, 23277, 25720, 39512, 27982, 45298, 29368, 41829, 12447, 38726, 19890, 21230, 27079, 45226, 31008, 25933, 41272, 30450, 17942, 41418, 37877, 29284, 27196, 27321, 32432, 23083, 24592, 38512, 27233, 38568, 35561, 26462, 40193, 29643, 21786, 45416, 9118, 27242, 40276, 17253, 41389, 17791, 37241, 41773],[34795, 40088, 10414, 44534, 46219, 37523, 45830, 34031, 27892, 25612, 16716, 12965, 38860, 45382, 16289, 38616, -1, 37442, 32047, 40537, 31976, 43332, 41072, 6455, 14849, 27640, 25971, 38130, 30874, 8421, 45944, 39288, 33527, 39648, 36549, 35321, 22626, 38304, 41477, 27544, 36642, 32066, 6985, 31560, 46087, 38224, 44125, 26078, 20472, 8406, 41951, 30453, 43442, 41404, 35291, 41133, 25267, 29840, 44088, 44105, 37029, 32025, 16986, 17892, 19955, 32078, 42209, 17682, 34917, 46009, 28570, 20179, 13870, 10167, 22768, 34515, 32016, 37031, 34923, 41280, 41404, 46209, 32396, 36156, 42070, 20006, 35123, 13197, 41591],[9079, 28188, 43717, 45884, 42239, 20751, 41179, 31480, 14189, 23567, 42732, 43529, 16960, 20376, 42189, 15975, 37442, -1, 45201, 37126, 24425, 38822, 20542, 41139, 12160, 37340, 31848, 31391, 12488, 21977, 42941, 27344, 28180, 14390, 29094, 37463, 41939, 14920, 31857, 34853, 30112, 24571, 20139, 39397, 34448, 26844, 44592, 33586, 44432, 33383, 42920, 20510, 26104, 30771, 43030, 26518, 14838, 25942, 37332, 34020, 22563, 21653, 44486, 38583, 21282, 13503, 43332, 35097, 24235, 17898, 29661, 33571, 27040, 40524, 31664, 23336, 41289, 45415, 40544, 25981, 30133, 34821, 44693, 32310, 23515, 25288, 30068, 17938, 16439],[28026, 46340, 33332, 45955, 42362, 15686, 27958, 38310, 10518, 37008, 34204, 26685, 46046, 28280, 41805, 10962, 32047, 45201, -1, 18885, 39984, 17736, 29757, 35530, 36503, 41413, 18222, 45078, 15065, 41245, 30530, 46170, 25961, 40769, 34271, 28896, 31251, 35331, 45215, 34568, 45226, 27462, 43367, 45576, 33846, 37883, 11055, 30000, 41882, 33963, 8107, 35202, 23329, 36083, 28155, 17217, 25886, 41448, 34626, 24329, 15691, 41325, 14821, 43895, 31011, 18256, 4089, 43458, 13014, 39981, 20954, 40805, 39181, 24503, 36960, 43742, 34640, 27452, 41838, 44994, 38023, 39399, 33658, 40190, 16742, 22892, 42998, 23751, 29074],[33391, 29484, 37899, 8476, 39864, 34195, 33490, 23139, 36006, 26806, 43609, 31320, 9540, 14255, 9774, 31401, 40537, 37126, 18885, -1, 46036, 37542, 35382, 22436, 38118, 31907, 45856, 26945, 30760, 34314, 35452, 43582, 35562, 16104, 33620, 8887, 24013, 45440, 33970, 45014, 43331, 32322, 44456, 41593, 31999, 42506, 33551, 40227, 37162, 7735, 40068, 17707, 23744, 42550, 27440, 12652, 27706, 19700, 44962, 32852, 44130, 29889, 31629, 8525, 23476, 19112, 42545, 35974, 37517, 26707, 37892, 6935, 45244, 24911, 21735, 43030, 45564, 46128, 32218, 17146, 45876, 40185, 37015, 25567, 36290, 39575, 36541, 40514, 18817],[45741, 46010, 35121, 35610, 40866, 27096, 32103, 45149, 12162, 43211, 31390, 23640, 26293, 31457, 35681, 27029, 31976, 24425, 39984, 46036, -1, 41042, 41970, 2540, 35668, 27986, 44091, 41627, 20848, 42693, 21151, 24028, 5255, 34203, 24605, 42504, 36276, 39344, 28880, 40051, 5826, 34207, 14733, 39961, 38823, 35262, 40501, 24855, 34361, 33926, 32508, 5318, 31377, 46074, 14895, 20027, 18605, 40476, 20819, 32513, 24314, 13935, 13362, 40757, 45811, 38443, 33953, 16100, 25690, 39782, 14032, 33145, 43463, 39575, 28345, 18772, 43660, 29897, 33676, 43193, 7593, 32311, 44638, 38532, 20422, 23874, 29597, 24232, 42583],[16851, 36480, 16133, 39386, 38468, 34244, 17062, 45529, 39213, 42956, 20066, 16978, 17842, 30447, 41049, 38534, 43332, 38822, 17736, 37542, 41042, -1, 11218, 32836, 39129, 44406, 43347, 44181, 40548, 21178, 38899, 32165, 28688, 36816, 33407, 27680, 33014, 45918, 42768, 11996, 32430, 36297, 41850, 42763, 20262, 37943, 44991, 35812, 42155, 21146, 33060, 45093, 39862, 41778, 33908, 20249, 38228, 28718, 40330, 43437, 38439, 17027, 24421, 39923, 39468, 15956, 16755, 45687, 40815, 33478, 28294, 36426, 25776, 31523, 30974, 30607, 28756, 28791, 30134, 19356, 37402, 33783, 22335, 25538, 34461, 40471, 27239, 39107, 40460],[36854, 39726, 35122, 43141, 25750, 9904, 25919, 37992, 37000, 28434, 29941, 41290, 40489, 33423, 23548, 33819, 41072, 20542, 29757, 35382, 41970, 11218, -1, 20254, 39536, 12695, 19223, 10078, 44634, 33390, 40375, 39765, 10977, 36618, 38403, 30541, 41803, 41842, 43334, 32740, 31315, 34446, 45588, 43921, 24895, 39893, 37783, 3305, 34072, 25366, 32378, 38776, 39262, 34510, 45566, 29890, 21450, 29542, 32596, 19262, 34869, 42331, 17718, 26289, 35062, 46085, 36723, 28737, 44116, 26585, 44059, 42574, 40062, 31480, 7090, 31509, 34133, 11512, 41834, 20986, 30408, 36008, 30815, 32488, 18575, 44206, 11996, 18753, 32748],[40093, 33617, 20301, 34411, 17013, 37330, 4874, 30953, 40415, 30190, 44946, 23986, 1675, 25716, 43647, 16513, 6455, 41139, 35530, 22436, 2540, 32836, 20254, -1, 17474, 44653, 37702, 34028, 41388, 38621, 44921, 45981, 19783, 45870, 36040, 8308, 17054, 40070, 38784, 40547, 23337, 22138, 18598, 41604, 37934, 33513, 27443, 12816, 43554, 31273, 42625, 34093, 19379, 5982, 42431, 43751, 13144, 38205, 37067, 17115, 27240, 26386, 18467, 45543, 29263, 42618, 38160, 15995, 28114, 44529, 37278, 40983, 15208, 43216, 27110, 32529, 45522, 26601, 16674, 16215, 16632, 15263, 32008, 13399, 28438, 34007, 40235, 40716, 16088],[25740, 26993, 46312, 33805, 32927, 34607, 31468, 29072, 21360, 22681, 45737, 37289, 31808, 17713, 36192, 34675, 14849, 12160, 36503, 38118, 35668, 39129, 39536, 17474, -1, 5908, 36020, 33712, 10384, 34159, 42079, 35939, 10378, 37732, 44836, 20549, 25164, 37308, 43523, 43848, 18294, 25124, 37022, 45984, 43020, 17234, 36836, 36531, 17455, 45827, 31011, 4098, 23848, 9639, 44599, 33028, 45921, 41231, 45110, 24594, 12065, 12379, 21855, 29829, 26905, 30081, 30785, 18651, 29401, 19834, 17199, 19977, 30713, 44750, 35618, 18557, 39747, 27617, 44875, 35957, 29235, 26760, 26735, 39615, 44055, 33310, 34913, 45347, 38274],[42130, 18425, 9538, 39015, 44343, 32175, 31406, 24445, 20483, 22909, 36070, 35426, 31150, 43207, 34463, 34519, 27640, 37340, 41413, 31907, 27986, 44406, 12695, 44653, 5908, -1, 36366, 7753, 40516, 43512, 33852, 19385, 37940, 42452, 14011, 36559, 44700, 42848, 34228, 21072, 46212, 2804, 38676, 23736, 23699, 33238, 19554, 29012, 45680, 34865, 38125, 23114, 43481, 39812, 39595, 42540, 17390, 39781, 12045, 23396, 19205, 24525, 42963, 43520, 12244, 35934, 32702, 29046, 44886, 37681, 5915, 36968, 45000, 39867, 34136, 42230, 41592, 20268, 18937, 24075, 35719, 44185, 17703, 20937, 43718, 29014, 45640, 27138, 45855],[33556, 45077, 36808, 39805, 26477, 39352, 44363, 24006, 27840, 36402, 20715, 6689, 41805, 29060, 19894, 38902, 25971, 31848, 18222, 45856, 44091, 43347, 19223, 37702, 36020, 36366, -1, 11143, 35994, 39672, 8052, 46267, 45377, 13349, 39324, 28182, 20626, 28223, 22004, 25876, 34033, 35885, 41040, 19416, 44519, 38735, 25276, 43649, 29730, 19835, 40791, 14987, 21293, 40650, 43551, 26817, 10867, 34802, 31893, 44937, 34091, 16198, 33978, 37505, 46009, 39837, 33259, 15142, 45054, 30808, 9636, 38955, 44686, 37000, 17523, 25724, 29376, 37401, 33506, 20462, 28537, 41091, 24823, 40674, 21352, 9558, 42948, 40300, 35182],[31974, 9659, 32720, 28194, 22931, 44391, 10298, 39079, 42803, 19154, 45030, 38607, 38882, 17979, 23507, 18530, 38130, 31391, 45078, 26945, 41627, 44181, 10078, 34028, 33712, 7753, 11143, -1, 28358, 44925, 40445, 22045, 26705, 36600, 36786, 26425, 35930, 20570, 26080, 20103, 25530, 16136, 43032, 35401, 41440, 41776, 42472, 14968, 30088, 38793, 37261, 43527, 24409, 15502, 2990, 18763, 7258, 21455, 4905, 41983, 29785, 22307, 24730, 6111, 17976, 41453, 40165, 31950, 34705, 35111, 40926, 35957, 5254, 42194, 19526, 45516, 15775, 20129, 37273, 27989, 45750, 37271, 29849, 39034, 34807, 41659, 38221, 7117, 2880],[42341, 37466, 42640, 27710, 26161, 41114, 25579, 44993, 45009, 46225, 42425, 36296, 33115, 36999, 41854, 34215, 30874, 12488, 15065, 30760, 20848, 40548, 44634, 41388, 10384, 40516, 35994, 28358, -1, 31117, 25097, 43018, 27077, 36836, 36188, 35806, 46334, 42434, 25783, 17503, 43844, 44168, 32239, 42197, 17810, 22938, 25450, 30200, 43413, 32771, 34576, 35077, 45761, 45055, 17325, 43892, 42705, 37433, 43321, 26994, 18945, 30473, 28577, 37638, 37299, 40808, 43778, 30153, 36121, 36653, 45669, 31742, 45188, 10088, 35159, 32152, 19129, 40845, 19175, 36467, 37494, 43014, 32512, 35230, 25093, 16797, 11787, 44902, 41098],[16808, 34875, 16230, 37705, 28032, 41590, 46154, 21423, 28654, 45559, 43833, 26295, 43552, 45746, 10469, 37770, 8421, 21977, 41245, 34314, 42693, 21178, 33390, 38621, 34159, 43512, 39672, 44925, 31117, -1, 24957, 40888, 25507, 41002, 34750, 34661, 39501, 32915, 33549, 35741, 42242, 37721, 38641, 19863, 31724, 43015, 42670, 27613, 35063, 39824, 35083, 34592, 33776, 36832, 15351, 24441, 32009, 32270, 35998, 6329, 41188, 18460, 15024, 15701, 36318, 32672, 18419, 32708, 45707, 40973, 30297, 27066, 37063, 15428, 38921, 30593, 38587, 24974, 38727, 42059, 18820, 42306, 34487, 34116, 27554, 24323, 24569, 31515, 34825],[45888, 34816, 25743, 39075, 41251, 27721, 2043, 4244, 24052, 18227, 41068, 31006, 27308, 16334, 21018, 27905, 45944, 42941, 30530, 35452, 21151, 38899, 40375, 44921, 42079, 33852, 8052, 40445, 25097, 24957, -1, 21175, 41795, 26667, 38393, 30012, 29254, 26768, 39832, 46006, 38861, 37012, 26828, 33563, 24211, 38618, 30399, 38375, 45635, 37214, 12880, 15790, 8176, 21775, 44998, 38543, 21000, 24682, 18180, 45518, 36694, 45063, 14799, 23342, 31407, 18687, 30688, 40050, 44738, 39758, 35018, 42554, 39037, 24363, 34672, 18570, 31957, 40841, 30693, 41855, 40757, 31193, 18597, 40342, 45118, 27918, 16187, 31903, 9351],[12907, 39663, 31076, 43954, 20149, 30147, 32488, 43043, 43367, 34720, 12584, 43832, 41379, 25490, 36375, 37475, 39288, 27344, 46170, 43582, 24028, 32165, 39765, 45981, 35939, 19385, 46267, 22045, 43018, 40888, 21175, -1, 31900, 37138, 12013, 43117, 22598, 46267, 44636, 17229, 32373, 22126, 35705, 45420, 38312, 35610, 37254, 30276, 18461, 39744, 34689, 43100, 21293, 40363, 45412, 30542, 6797, 25856, 5921, 39980, 40703, 9388, 30432, 44789, 28472, 16248, 6999, 26358, 37096, 39452, 23062, 18346, 34376, 16680, 25300, 38816, 24794, 39045, 34818, 45475, 41070, 13966, 41064, 21877, 41448, 42225, 5413, 11720, 29010],[45289, 41836, 36073, 23528, 40792, 39648, 25116, 17702, 11100, 26305, 30272, 43464, 8515, 34936, 19957, 28335, 33527, 28180, 25961, 35562, 5255, 28688, 10977, 19783, 10378, 37940, 45377, 26705, 27077, 25507, 41795, 31900, -1, 15834, 21084, 13770, 42012, 28099, 45794, 21510, 20976, 40691, 35741, 31631, 7530, 20866, 25567, 28990, 41516, 43093, 12041, 35847, 30608, 40850, 2403, 34887, 43857, 35741, 25099, 7315, 44096, 39359, 34860, 39834, 41461, 36157, 39511, 33686, 30523, 23328, 33849, 13258, 42302, 45523, 11135, 40835, 39400, 35754, 20366, 36600, 44858, 31274, 35992, 22520, 38613, 33169, 30587, 20440, 18523],[12607, 33111, 45543, 45287, 42763, 18031, 38895, 28737, 17482, 33558, 27890, 9276, 44568, 44895, 36511, 37688, 39648, 14390, 40769, 16104, 34203, 36816, 36618, 45870, 37732, 42452, 13349, 36600, 36836, 41002, 26667, 37138, 15834, -1, 43331, 19125, 30282, 46061, 26881, 40909, 40067, 14483, 44962, 35380, 32477, 39337, 19463, 34891, 21270, 42970, 33464, 24234, 38535, 38716, 42317, 37103, 43641, 37909, 32929, 32632, 41734, 45519, 37748, 39244, 43642, 39802, 37499, 40855, 24659, 13099, 13571, 29015, 28378, 45192, 33762, 21625, 43579, 40592, 17261, 29360, 18302, 42730, 26906, 35771, 6801, 10895, 17818, 36945, 22074],[23455, 36423, 36643, 30316, 35436, 10844, 32960, 38197, 34267, 24840, 37995, 38841, 30423, 35716, 30783, 28726, 36549, 29094, 34271, 33620, 24605, 33407, 38403, 36040, 44836, 14011, 39324, 36786, 36188, 34750, 38393, 12013, 21084, 43331, -1, 37888, 45459, 26206, 42326, 17123, 22022, 39062, 45139, 42419, 46173, 33144, 589, 22451, 22092, 10695, 40399, 45442, 24040, 41046, 26598, 12001, 20653, 37538, 31325, 22054, 22799, 35344, 27153, 25392, 31210, 34521, 30915, 30978, 20696, 9895, 28336, 16841, 42216, 30580, 26583, 21335, 29753, 44732, 30090, 29534, 41440, 38903, 39184, 28417, 22768, 22266, 6435, 14747, 34762],[45477, 34719, 44636, 38742, 39590, 33320, 10801, 46227, 25702, 33724, 8536, 46285, 43993, 44409, 43180, 44046, 35321, 37463, 28896, 8887, 42504, 27680, 30541, 8308, 20549, 36559, 28182, 26425, 35806, 34661, 30012, 43117, 13770, 19125, 37888, -1, 9712, 41189, 38910, 34255, 30537, 44330, 16196, 40111, 44233, 42996, 37514, 32826, 42195, 23376, 32711, 33249, 30661, 5690, 10213, 39013, 29487, 38988, 31246, 39279, 6909, 14050, 41808, 40807, 26687, 41582, 9238, 36950, 25865, 29731, 32556, 19071, 29731, 44283, 26888, 44985, 15502, 39638, 13416, 34415, 15684, 37066, 8465, 41712, 37645, 41782, 15065, 39802, 28243],[37392, 41260, 28945, 17153, 5128, 21473, 34113, 41395, 38147, 24232, 38132, 10152, 43538, 26030, 43839, 10374, 22626, 41939, 31251, 24013, 36276, 33014, 41803, 17054, 25164, 44700, 20626, 35930, 46334, 39501, 29254, 22598, 42012, 30282, 45459, 9712, -1, 37828, 39752, 24421, 10102, 6493, 4573, 20555, 33713, 43331, 36240, 11739, 38459, 42336, 43430, 15504, 44438, 42040, 21121, 40770, 34994, 38863, 39119, 23653, 37432, 25858, 4640, 29663, 29889, 41133, 18700, 29675, 28338, 43065, 38849, 10677, 5433, 43669, 11143, 21401, 13901, 22565, 13422, 36362, 43417, 19567, 16490, 41124, 45066, 23053, 39084, 25301, 45223],[36502, 28529, 30662, 19169, 35265, 25658, 11573, 10692, 15515, 20766, 45986, 16966, 38068, 19140, 29300, 7072, 38304, 14920, 35331, 45440, 39344, 45918, 41842, 40070, 37308, 42848, 28223, 20570, 42434, 32915, 26768, 46267, 28099, 46061, 26206, 41189, 37828, -1, 41214, 25653, 39794, 39017, 41269, 30152, 27917, 13246, 28431, 42845, 6328, 28976, 41375, 45595, 34838, 24500, 28373, 10253, 34948, 22772, 16495, 26213, 18976, 37262, 18259, 41334, 26349, 29735, 37686, 23641, 37731, 40294, 33843, 20953, 46100, 27405, 40488, 27053, 44925, 24966, 45776, 34612, 43617, 41233, 27459, 29131, 16246, 26197, 30852, 36595, 15742],[40630, 14168, 38684, 20232, 42208, 36156, 34781, 19054, 5044, 35652, 36154, 8379, 41151, 27381, 40956, 22443, 41477, 31857, 45215, 33970, 28880, 42768, 43334, 38784, 43523, 34228, 22004, 26080, 25783, 33549, 39832, 44636, 45794, 26881, 42326, 38910, 39752, 41214, -1, 32831, 28175, 44486, 34929, 40773, 13134, 23409, 29621, 33233, 41965, 24222, 36679, 37757, 45355, 38713, 45712, 37859, 41871, 41360, 42822, 20090, 45213, 28254, 44954, 34633, 44776, 36261, 40024, 31604, 19577, 26612, 16709, 33815, 21088, 35553, 18700, 33796, 8286, 42091, 9411, 29230, 34439, 22366, 39761, 17200, 37027, 32883, 11520, 6020, 28500],[41077, 24280, 31480, 40815, 38552, 35810, 45385, 17569, 9388, 23727, 19470, 2560, 40334, 35402, 18734, 34319, 27544, 34853, 34568, 45014, 40051, 11996, 32740, 40547, 43848, 21072, 25876, 20103, 17503, 35741, 46006, 17229, 21510, 40909, 17123, 34255, 24421, 25653, 32831, -1, 37757, 36339, 25640, 30240, 30772, 17137, 9386, 23150, 26162, 44639, 29252, 12174, 39279, 33864, 24636, 35091, 45183, 34901, 33665, 27069, 14286, 10542, 35951, 11923, 37608, 32639, 44934, 24258, 41861, 33171, 28838, 36292, 38463, 8852, 43670, 24953, 26777, 33811, 2908, 10309, 35644, 45780, 20053, 39555, 18920, 38325, 11906, 43052, 14005],[38595, 24374, 42562, 44029, 45348, 15487, 24817, 39607, 36695, 37227, 23512, 26779, 44915, 7751, 37542, 26958, 36642, 30112, 45226, 43331, 5826, 32430, 31315, 23337, 18294, 46212, 34033, 25530, 43844, 42242, 38861, 32373, 20976, 40067, 22022, 30537, 10102, 39794, 28175, 37757, -1, 11707, 37366, 36369, 31099, 42781, 34271, 18051, 45968, 22328, 26909, 21534, 43859, 27377, 34152, 39397, 24213, 32091, 17834, 38637, 21881, 42062, 29156, 45517, 35887, 29135, 23198, 41060, 39472, 35619, 46229, 35534, 38640, 36447, 37402, 7557, 25980, 15638, 28242, 30373, 31100, 36283, 21808, 33209, 37577, 19437, 10058, 37399, 31428],[42794, 44087, 28669, 35311, 41723, 21578, 44170, 36734, 37074, 22363, 36165, 17072, 45038, 22618, 38869, 34954, 32066, 24571, 27462, 32322, 34207, 36297, 34446, 22138, 25124, 2804, 35885, 16136, 44168, 37721, 37012, 22126, 40691, 14483, 39062, 44330, 6493, 39017, 44486, 36339, 11707, -1, 42538, 21942, 39864, 30984, 5175, 31194, 42577, 18121, 20769, 7208, 40660, 27056, 43726, 23410, 40367, 38915, 30203, 40211, 25804, 37781, 44398, 28447, 35369, 23535, 32710, 41628, 35164, 45390, 22198, 41780, 5867, 35114, 34757, 44582, 44585, 40941, 25646, 27253, 33060, 37817, 26603, 34496, 40291, 45712, 33733, 23864, 29203],[45530, 39895, 38621, 39149, 16513, 34613, 44890, 43947, 32392, 33466, 26100, 27880, 26091, 40755, 19500, 17970, 6985, 20139, 43367, 44456, 14733, 41850, 45588, 18598, 37022, 38676, 41040, 43032, 32239, 38641, 26828, 35705, 35741, 44962, 45139, 16196, 4573, 41269, 34929, 25640, 37366, 42538, -1, 24035, 27446, 25431, 9871, 11008, 28266, 17351, 16868, 21312, 24807, 40170, 40333, 34477, 31312, 32512, 42030, 46296, 31046, 34007, 10253, 33851, 6107, 34763, 25787, 30455, 44684, 30607, 37687, 36070, 8052, 28255, 33964, 32622, 22883, 35905, 19169, 20676, 31687, 27178, 45981, 32295, 11323, 41556, 30691, 13376, 6704],[33795, 45597, 15749, 29123, 32084, 43517, 31935, 1159, 33589, 14652, 2246, 25284, 40037, 45184, 45428, 35811, 31560, 39397, 45576, 41593, 39961, 42763, 43921, 41604, 45984, 23736, 19416, 35401, 42197, 19863, 33563, 45420, 31631, 35380, 42419, 40111, 20555, 30152, 40773, 30240, 36369, 21942, 24035, -1, 38125, 19166, 30571, 36921, 40918, 43382, 40456, 39587, 13240, 18272, 26363, 9051, 39881, 41557, 24346, 29248, 29276, 18503, 22314, 27941, 42707, 45557, 33871, 42161, 21128, 41579, 12745, 25190, 35825, 27651, 39896, 13115, 23518, 11008, 39694, 27923, 13608, 43867, 20513, 23431, 40518, 31068, 28676, 42344, 28735],[33532, 46238, 22206, 33548, 8142, 40806, 23247, 34874, 32978, 32869, 40311, 38417, 29268, 37182, 36450, 12723, 46087, 34448, 33846, 31999, 38823, 20262, 24895, 37934, 43020, 23699, 44519, 41440, 17810, 31724, 24211, 38312, 7530, 32477, 46173, 44233, 33713, 27917, 13134, 30772, 31099, 39864, 27446, 38125, -1, 41293, 27394, 32069, 16459, 45177, 45256, 44841, 17627, 44837, 44869, 17805, 28339, 23473, 29085, 37960, 16400, 16028, 28987, 38168, 46284, 23323, 37674, 27085, 42548, 45571, 37117, 34681, 28401, 36467, 18188, 17758, 36396, 18100, 42306, 26995, 29711, 33176, 35323, 23152, 42383, 46022, 25528, 19891, 30486],[20539, 21389, 34037, 31110, 29006, 27919, 40020, 38406, 28558, 37297, 39011, 23179, 38624, 34054, 29945, 38284, 38224, 26844, 37883, 42506, 35262, 37943, 39893, 33513, 17234, 33238, 38735, 41776, 22938, 43015, 38618, 35610, 20866, 39337, 33144, 42996, 43331, 13246, 23409, 17137, 42781, 30984, 25431, 19166, 41293, -1, 42574, 36476, 40922, 4288, 31505, 37672, 35729, 38820, 42326, 34019, 19178, 27140, 37109, 33391, 19913, 39715, 28105, 21668, 25898, 9774, 36992, 39708, 14106, 46243, 44505, 39465, 5752, 18312, 16420, 27255, 20475, 26475, 13211, 42736, 44980, 38863, 34702, 33267, 38184, 12038, 24907, 8704, 42974],[38165, 44565, 6266, 41785, 27038, 43127, 35297, 43921, 40713, 3128, 35179, 29227, 42584, 34116, 20000, 23277, 44125, 44592, 11055, 33551, 40501, 44991, 37783, 27443, 36836, 19554, 25276, 42472, 25450, 42670, 30399, 37254, 25567, 19463, 589, 37514, 36240, 28431, 29621, 9386, 34271, 5175, 9871, 30571, 27394, 42574, -1, 43958, 17474, 45861, 35175, 43495, 41329, 23642, 44663, 32173, 38879, 36292, 27616, 19765, 35021, 34472, 24860, 42102, 45398, 40355, 40179, 41965, 24902, 35446, 32802, 10902, 19843, 22462, 25160, 32532, 33661, 23856, 36688, 40657, 31796, 19413, 25294, 34624, 29772, 27856, 27081, 38499, 20181],[19562, 28180, 33680, 42638, 37076, 28201, 25699, 26344, 44475, 38024, 10748, 43240, 17998, 33950, 44898, 25720, 26078, 33586, 30000, 40227, 24855, 35812, 3305, 12816, 36531, 29012, 43649, 14968, 30200, 27613, 38375, 30276, 28990, 34891, 22451, 32826, 11739, 42845, 33233, 23150, 18051, 31194, 11008, 36921, 32069, 36476, 43958, -1, 32054, 40785, 37421, 37524, 42497, 15438, 3792, 35366, 33838, 31548, 43938, 38334, 22665, 7268, 34261, 28013, 27883, 33889, 46212, 25815, 38746, 22000, 28790, 42422, 43534, 9553, 29409, 12331, 40426, 40543, 29255, 9190, 25218, 30713, 29002, 28727, 39777, 45237, 19037, 43716, 42677],[46115, 29810, 21967, 23055, 43275, 16353, 34145, 44917, 24367, 31195, 31954, 42843, 17252, 36853, 39517, 39512, 20472, 44432, 41882, 37162, 34361, 42155, 34072, 43554, 17455, 45680, 29730, 30088, 43413, 35063, 45635, 18461, 41516, 21270, 22092, 42195, 38459, 6328, 41965, 26162, 45968, 42577, 28266, 40918, 16459, 40922, 17474, 32054, -1, 22676, 30920, 41406, 13598, 31227, 39051, 25476, 37701, 29245, 30490, 10618, 40355, 30845, 17675, 38687, 41055, 37676, 31879, 44172, 28199, 25373, 36694, 33852, 34632, 43582, 45662, 45352, 15330, 21199, 45164, 30861, 38399, 38489, 40434, 41276, 24466, 31049, 46190, 35937, 15324],[32919, 35662, 22474, 42072, 17678, 25421, 34375, 39055, 37150, 32786, 39961, 31639, 22678, 44608, 38407, 27982, 8406, 33383, 33963, 7735, 33926, 21146, 25366, 31273, 45827, 34865, 19835, 38793, 32771, 39824, 37214, 39744, 43093, 42970, 10695, 23376, 42336, 28976, 24222, 44639, 22328, 18121, 17351, 43382, 45177, 4288, 45861, 40785, 22676, -1, 30306, 14011, 35239, 22507, 13653, 10168, 35354, 37509, 12142, 43939, 18176, 10969, 44376, 10840, 23552, 42211, 30142, 36134, 26344, 45231, 8324, 35929, 38974, 24484, 46099, 15792, 24653, 28374, 43325, 44227, 32930, 30791, 17864, 7131, 14987, 22735, 41393, 18472, 17390],[40927, 34088, 10248, 19970, 35319, 10133, 35394, 33094, 8633, 39773, 21786, 44657, 39032, 24781, 21776, 45298, 41951, 42920, 8107, 40068, 32508, 33060, 32378, 42625, 31011, 38125, 40791, 37261, 34576, 35083, 12880, 34689, 12041, 33464, 40399, 32711, 43430, 41375, 36679, 29252, 26909, 20769, 16868, 40456, 45256, 31505, 35175, 37421, 30920, 30306, -1, 22618, 9560, 36994, 36783, 13060, 45808, 17619, 45297, 10312, 20230, 29857, 44511, 24142, 28550, 38712, 39199, 11172, 28435, 46069, 40121, 30491, 22940, 44386, 6611, 31522, 37673, 39932, 22688, 30902, 31275, 36369, 45062, 25257, 37379, 15605, 5352, 30534, 22083],[22545, 20733, 43046, 17702, 21470, 45088, 27287, 28145, 26495, 38878, 40357, 39691, 43964, 34442, 17558, 29368, 30453, 20510, 35202, 17707, 5318, 45093, 38776, 34093, 4098, 23114, 14987, 43527, 35077, 34592, 15790, 43100, 35847, 24234, 45442, 33249, 15504, 45595, 37757, 12174, 21534, 7208, 21312, 39587, 44841, 37672, 43495, 37524, 41406, 14011, 22618, -1, 37507, 35747, 46160, 22660, 34738, 35282, 28489, 43570, 13466, 15644, 30521, 41846, 41490, 46142, 46166, 35988, 36918, 17704, 43560, 31017, 34999, 29137, 30902, 30342, 22395, 44863, 35022, 42909, 36865, 42943, 35698, 3809, 29267, 44693, 36450, 24516, 32991],[17343, 41402, 41204, 40736, 44167, 40185, 33064, 31659, 20215, 2563, 42927, 40465, 29433, 28732, 29553, 41829, 43442, 26104, 23329, 23744, 31377, 39862, 39262, 19379, 23848, 43481, 21293, 24409, 45761, 33776, 8176, 21293, 30608, 38535, 24040, 30661, 44438, 34838, 45355, 39279, 43859, 40660, 24807, 13240, 17627, 35729, 41329, 42497, 13598, 35239, 9560, 37507, -1, 21439, 43984, 29558, 23058, 41887, 19470, 45022, 37540, 25942, 37669, 45801, 41925, 36361, 34880, 39163, 26250, 45299, 31333, 24306, 9112, 38677, 38720, 31708, 37334, 15423, 34908, 41942, 11915, 44780, 43556, 43641, 16000, 41365, 16568, 33796, 23415],[42927, 32622, 33284, 41999, 9082, 37387, 38814, 30242, 42259, 44354, 34721, 42531, 40048, 38040, 31445, 12447, 41404, 30771, 36083, 42550, 46074, 41778, 34510, 5982, 9639, 39812, 40650, 15502, 45055, 36832, 21775, 40363, 40850, 38716, 41046, 5690, 42040, 24500, 38713, 33864, 27377, 27056, 40170, 18272, 44837, 38820, 23642, 15438, 31227, 22507, 36994, 35747, 21439, -1, 7275, 46221, 36810, 32513, 36749, 31014, 12216, 41528, 31427, 45771, 42659, 40351, 40876, 30381, 36348, 16175, 26403, 25900, 34805, 33251, 44370, 41708, 35435, 14996, 17017, 36434, 25074, 43607, 2174, 44007, 41827, 45330, 11331, 13248, 15730],[20845, 39790, 37035, 13423, 39822, 44363, 32881, 34178, 41778, 34220, 45199, 35010, 36106, 34444, 44473, 38726, 35291, 43030, 28155, 27440, 14895, 33908, 45566, 42431, 44599, 39595, 43551, 2990, 17325, 15351, 44998, 45412, 2403, 42317, 26598, 10213, 21121, 28373, 45712, 24636, 34152, 43726, 40333, 26363, 44869, 42326, 44663, 3792, 39051, 13653, 36783, 46160, 43984, 7275, -1, 43822, 14052, 21325, 34922, 29753, 34723, 33775, 41242, 26337, 23464, 39934, 46180, 40252, 40591, 45672, 15360, 41917, 37945, 43266, 45685, 32950, 31772, 19503, 38735, 22280, 37833, 41902, 31416, 38519, 16727, 24281, 4859, 39301, 41501],[14586, 29359, 27632, 28818, 25717, 17203, 32742, 28033, 42970, 23205, 20370, 36025, 32631, 44703, 40101, 19890, 41133, 26518, 17217, 12652, 20027, 20249, 29890, 43751, 33028, 42540, 26817, 18763, 43892, 24441, 38543, 30542, 34887, 37103, 12001, 39013, 40770, 10253, 37859, 35091, 39397, 23410, 34477, 9051, 17805, 34019, 32173, 35366, 25476, 10168, 13060, 22660, 29558, 46221, 43822, -1, 33199, 31420, 46050, 35944, 26183, 34005, 37122, 23828, 45473, 38960, 36196, 30629, 19476, 29478, 32147, 32314, 32735, 23118, 15778, 23972, 32052, 32351, 32583, 33888, 33802, 30270, 34668, 311, 25681, 15070, 39551, 36353, 37793],[28680, 27394, 20033, 24023, 37848, 42606, 22026, 45208, 27914, 35380, 41188, 42342, 19013, 35578, 21973, 21230, 25267, 14838, 25886, 27706, 18605, 38228, 21450, 13144, 45921, 17390, 10867, 7258, 42705, 32009, 21000, 6797, 43857, 43641, 20653, 29487, 34994, 34948, 41871, 45183, 24213, 40367, 31312, 39881, 28339, 19178, 38879, 33838, 37701, 35354, 45808, 34738, 23058, 36810, 14052, 33199, -1, 22808, 32059, 20717, 18226, 37819, 18679, 42959, 44777, 15209, 36155, 43888, 6997, 35807, 41550, 34833, 13983, 32140, 14153, 36154, 21584, 36875, 41991, 17985, 27652, 19214, 31378, 37829, 22609, 45729, 43223, 28314, 23805],[42818, 5285, 42469, 23694, 45903, 28305, 42008, 32188, 18537, 35186, 29579, 40903, 34224, 2726, 27453, 27079, 29840, 25942, 41448, 19700, 40476, 28718, 29542, 38205, 41231, 39781, 34802, 21455, 37433, 32270, 24682, 25856, 35741, 37909, 37538, 38988, 38863, 22772, 41360, 34901, 32091, 38915, 32512, 41557, 23473, 27140, 36292, 31548, 29245, 37509, 17619, 35282, 41887, 32513, 21325, 31420, 22808, -1, 43496, 45888, 36688, 37501, 32395, 12593, 8079, 29172, 32735, 26967, 44020, 22304, 38637, 15530, 42380, 39549, 23553, 28899, 42197, 19364, 21299, 19217, 20252, 36450, 45779, 29749, 19116, 26110, 36409, 40724, 46108],[46250, 44807, 15976, 31844, 31751, 42283, 44831, 8205, 40371, 29703, 13738, 43467, 11438, 27270, 15102, 45226, 44088, 37332, 34626, 44962, 20819, 40330, 32596, 37067, 45110, 12045, 31893, 4905, 43321, 35998, 18180, 5921, 25099, 32929, 31325, 31246, 39119, 16495, 42822, 33665, 17834, 30203, 42030, 24346, 29085, 37109, 27616, 43938, 30490, 12142, 45297, 28489, 19470, 36749, 34922, 46050, 32059, 43496, -1, 34843, 33646, 43088, 31753, 25279, 29201, 27454, 8376, 13771, 39097, 25105, 38908, 23813, 34208, 9073, 2612, 29401, 40770, 39567, 43766, 31069, 31546, 35144, 41007, 22851, 19635, 28549, 26247, 40025, 16887],[26352, 35252, 10390, 38815, 29601, 32007, 41916, 22794, 41924, 5079, 30556, 26522, 35397, 43995, 32050, 31008, 44105, 34020, 24329, 32852, 32513, 43437, 19262, 17115, 24594, 23396, 44937, 41983, 26994, 6329, 45518, 39980, 7315, 32632, 22054, 39279, 23653, 26213, 20090, 27069, 38637, 40211, 46296, 29248, 37960, 33391, 19765, 38334, 10618, 43939, 10312, 43570, 45022, 31014, 29753, 35944, 20717, 45888, 34843, -1, 22736, 22634, 33772, 32038, 36624, 40207, 21260, 35899, 13466, 27262, 7139, 16843, 43775, 36668, 19796, 26856, 39387, 13304, 33380, 33469, 21590, 26913, 14822, 15501, 36425, 29041, 40491, 34133, 40824],[43208, 27611, 36668, 24311, 38401, 18802, 22547, 36520, 21080, 10552, 35840, 21426, 43669, 11613, 29645, 25933, 37029, 22563, 15691, 44130, 24314, 38439, 34869, 27240, 12065, 19205, 34091, 29785, 18945, 41188, 36694, 40703, 44096, 41734, 22799, 6909, 37432, 18976, 45213, 14286, 21881, 25804, 31046, 29276, 16400, 19913, 35021, 22665, 40355, 18176, 20230, 13466, 37540, 12216, 34723, 26183, 18226, 36688, 33646, 22736, -1, 14842, 3097, 3805, 34720, 20585, 33327, 39533, 40642, 7164, 26209, 44508, 45942, 44462, 21771, 35126, 28426, 22361, 35784, 30486, 35942, 20334, 9397, 41998, 26553, 43711, 23660, 30251, 44506],[11365, 26924, 25813, 40838, 45930, 15639, 40035, 28521, 32414, 42096, 34974, 30749, 25848, 31296, 33030, 41272, 32025, 21653, 41325, 29889, 13935, 17027, 42331, 26386, 12379, 24525, 16198, 22307, 30473, 18460, 45063, 9388, 39359, 45519, 35344, 14050, 25858, 37262, 28254, 10542, 42062, 37781, 34007, 18503, 16028, 39715, 34472, 7268, 30845, 10969, 29857, 15644, 25942, 41528, 33775, 34005, 37819, 37501, 43088, 22634, 14842, -1, 33630, 36761, 45569, 20484, 31013, 38985, 2270, 45633, 39684, 28320, 22193, 44534, 38061, 39095, 37051, 34482, 35504, 19990, 17417, 30014, 45200, 30729, 41991, 26952, 13006, 33385, 43200],[41476, 18948, 40659, 27635, 34572, 44969, 27564, 42521, 16930, 29608, 45368, 16333, 22734, 42318, 21969, 30450, 16986, 44486, 14821, 31629, 13362, 24421, 17718, 18467, 21855, 42963, 33978, 24730, 28577, 15024, 14799, 30432, 34860, 37748, 27153, 41808, 4640, 18259, 44954, 35951, 29156, 44398, 10253, 22314, 28987, 28105, 24860, 34261, 17675, 44376, 44511, 30521, 37669, 31427, 41242, 37122, 18679, 32395, 31753, 33772, 3097, 33630, -1, 44521, 39082, 33421, 44615, 36987, 35481, 29084, 13799, 19225, 37851, 44817, 18243, 39409, 45818, 38067, 44783, 42767, 32863, 40619, 44312, 26007, 37174, 34770, 27372, 37483, 10461],[41308, 28609, 24200, 23688, 29306, 33270, 45002, 34624, 35685, 36961, 41552, 41598, 41527, 36577, 22836, 17942, 17892, 38583, 43895, 8525, 40757, 39923, 26289, 45543, 29829, 43520, 37505, 6111, 37638, 15701, 23342, 44789, 39834, 39244, 25392, 40807, 29663, 41334, 34633, 11923, 45517, 28447, 33851, 27941, 38168, 21668, 42102, 28013, 38687, 10840, 24142, 41846, 45801, 45771, 26337, 23828, 42959, 12593, 25279, 32038, 3805, 36761, 44521, -1, 36800, 27492, 32579, 33297, 46301, 43093, 12928, 18236, 34153, 43714, 40431, 43262, 22387, 6659, 37093, 37077, 25025, 32488, 27142, 24823, 24169, 13885, 43895, 44614, 40116],[20177, 37997, 29784, 45979, 41157, 38927, 17841, 26504, 31565, 42284, 28338, 30434, 35741, 28408, 35954, 41418, 19955, 21282, 31011, 23476, 45811, 39468, 35062, 29263, 26905, 12244, 46009, 17976, 37299, 36318, 31407, 28472, 41461, 43642, 31210, 26687, 29889, 26349, 44776, 37608, 35887, 35369, 6107, 42707, 46284, 25898, 45398, 27883, 41055, 23552, 28550, 41490, 41925, 42659, 23464, 45473, 44777, 8079, 29201, 36624, 34720, 45569, 39082, 36800, -1, 14388, 40081, 40613, 40968, 33817, 13021, 22230, 29726, 33