63
[[-1, 27896, 13418, 13609, 26829, 24630, 15727, 31108, 12028, 45382, 0, 0, 14913, 34836, 0, 0, 0, 16461, 24678, 0, 0, 3915, 25506, 25648, 9301, 0, 38521, 18081, 31484, 37863, 6826, 0, 44212, 30302, 32743, 24390, 35572, 19821, 0, 0, 10474, 0, 44969, 40402, 38771, 36903, 38444, 39786, 35480, 0, 45052, 46335, 42983, 0, 18311, 28051, 19676, 29790, 0, 15944, 42995, 0, 34044],[27896, -1, 15292, 2734, 0, 35394, 33938, 28040, 30311, 22761, 44524, 44534, 0, 0, 11109, 0, 46068, 42510, 27541, 36419, 29185, 29197, 0, 41511, 0, 43777, 0, 19292, 0, 34402, 41297, 40051, 22862, 32918, 23295, 32580, 34984, 0, 0, 0, 22615, 42420, 17508, 39374, 41038, 0, 0, 37320, 40671, 0, 0, 30227, 0, 33796, 36141, 37222, 25125, 31652, 39864, 0, 0, 0, 0],[13418, 15292, -1, 38042, 0, 0, 28967, 28896, 39966, 29770, 0, 44745, 18773, 45956, 0, 29121, 27247, 25774, 4772, 0, 41468, 3820, 37229, 32579, 36718, 36263, 0, 44713, 0, 0, 0, 0, 0, 21904, 35167, 0, 25261, 45885, 0, 0, 34778, 25783, 29822, 34570, 45195, 33773, 11647, 7690, 0, 28768, 37818, 26631, 31066, 0, 39724, 35756, 45700, 30915, 0, 0, 30147, 0, 23992],[13609, 2734, 38042, -1, 27995, 39672, 34430, 25738, 37047, 40210, 0, 0, 45870, 13039, 39250, 19211, 26831, 0, 37721, 0, 0, 39921, 29926, 33891, 26113, 26981, 21069, 40512, 0, 35470, 41249, 36318, 35724, 34559, 0, 39621, 0, 0, 0, 33220, 41128, 33288, 36601, 0, 0, 0, 0, 31492, 30974, 44086, 43529, 45748, 37062, 33918, 25977, 31165, 31539, 20143, 43405, 0, 35417, 0, 39473],[26829, 0, 0, 27995, -1, 0, 20053, 39388, 14058, 43129, 26712, 38393, 0, 41868, 41296, 31243, 35530, 19975, 0, 43927, 40987, 0, 34091, 24342, 34928, 45895, 20615, 25146, 0, 37692, 16253, 38809, 36196, 39945, 0, 0, 25582, 23613, 32343, 0, 0, 46017, 0, 29543, 40407, 0, 29653, 43825, 24005, 36642, 38559, 0, 14155, 29412, 37686, 36164, 40272, 20496, 34153, 0, 39181, 0, 34773],[24630, 35394, 0, 39672, 0, -1, 0, 0, 8851, 14400, 23235, 31313, 0, 37672, 32544, 34783, 18526, 16235, 0, 37108, 32656, 43039, 0, 0, 22460, 27938, 0, 19462, 0, 41405, 45129, 0, 0, 0, 10067, 0, 42473, 0, 37696, 26098, 40931, 0, 35670, 26269, 45734, 26799, 0, 39613, 9404, 16758, 0, 21735, 40631, 0, 39120, 0, 30689, 21786, 45119, 41124, 0, 32986, 17373],[15727, 33938, 28967, 34430, 20053, 0, -1, 45230, 42786, 0, 0, 18878, 38327, 44298, 0, 40676, 0, 35180, 0, 41462, 0, 29217, 0, 30412, 0, 36941, 0, 36717, 0, 45513, 43028, 42361, 25729, 38462, 0, 41988, 22211, 0, 0, 46115, 44486, 29515, 42717, 37993, 0, 1621, 0, 0, 0, 0, 28783, 26573, 4860, 14964, 0, 21280, 39551, 14777, 39294, 15044, 43495, 37329, 17456],[31108, 28040, 28896, 25738, 39388, 0, 45230, -1, 25033, 0, 33038, 26920, 0, 0, 0, 19827, 42045, 43197, 37933, 17768, 0, 35248, 30385, 45505, 0, 0, 0, 0, 0, 27333, 44653, 31971, 28920, 0, 33679, 27036, 0, 0, 21589, 0, 36853, 37393, 32552, 43974, 44947, 41747, 15951, 14186, 23873, 45381, 25359, 21324, 0, 42243, 0, 0, 0, 42339, 27414, 14330, 38637, 0, 25378],[12028, 30311, 39966, 37047, 14058, 8851, 42786, 25033, -1, 40249, 0, 0, 40974, 35452, 0, 0, 29248, 29070, 32995, 0, 44744, 0, 29335, 42994, 34774, 0, 0, 13297, 0, 12274, 27161, 31181, 38960, 20646, 41218, 40894, 41157, 37949, 38579, 8256, 23986, 0, 24276, 14786, 0, 0, 37261, 0, 0, 25457, 38177, 44779, 45326, 28270, 46028, 0, 0, 0, 44623, 40665, 0, 0, 35600],[45382, 22761, 29770, 40210, 43129, 14400, 0, 0, 40249, -1, 0, 41160, 0, 0, 40212, 35274, 37765, 42747, 4248, 0, 0, 0, 45554, 0, 0, 17749, 0, 39771, 22439, 15621, 0, 0, 22491, 30099, 0, 22875, 43101, 43316, 39691, 0, 31852, 8318, 36398, 17786, 0, 26596, 0, 21626, 0, 0, 0, 39101, 0, 7973, 10852, 0, 0, 27936, 0, 0, 40858, 0, 39175],[0, 44524, 0, 0, 26712, 23235, 0, 33038, 0, 0, -1, 0, 0, 0, 0, 42720, 24285, 24451, 0, 0, 34457, 40558, 0, 40532, 39379, 33262, 0, 34062, 0, 29208, 0, 20045, 28055, 0, 23662, 27784, 18355, 41966, 30529, 19622, 28257, 42775, 20773, 23348, 0, 27605, 39083, 33742, 35678, 39733, 14170, 21728, 31472, 17026, 34133, 38484, 15166, 28784, 0, 0, 18039, 30743, 42325],[0, 44534, 44745, 0, 38393, 31313, 18878, 26920, 0, 41160, 0, -1, 45458, 34527, 10939, 28460, 0, 14586, 36711, 41780, 0, 42322, 0, 4582, 30514, 36327, 0, 42154, 0, 39785, 0, 43550, 44340, 45961, 0, 34684, 22928, 0, 21951, 33036, 22811, 0, 0, 38200, 0, 30725, 0, 0, 37970, 43466, 45101, 19205, 34585, 0, 18381, 29014, 40150, 33384, 26962, 31665, 0, 31635, 23158],[14913, 0, 18773, 45870, 0, 0, 38327, 0, 40974, 0, 0, 45458, -1, 0, 0, 21531, 43451, 21063, 0, 0, 5421, 19981, 36119, 0, 36524, 0, 0, 38233, 18109, 23553, 19246, 30444, 0, 21807, 0, 40197, 0, 36764, 0, 43987, 36385, 35446, 41585, 37315, 16047, 0, 45389, 40483, 17380, 0, 36360, 0, 0, 45482, 28257, 24665, 43675, 28160, 45004, 43788, 35224, 35426, 20065],[34836, 0, 45956, 13039, 41868, 37672, 44298, 0, 35452, 0, 0, 34527, 0, -1, 36413, 14708, 17804, 36835, 34689, 0, 42951, 33507, 43939, 0, 45637, 30274, 36959, 44524, 39982, 31894, 0, 43662, 0, 30380, 44996, 34443, 40798, 41212, 42339, 42130, 33444, 24678, 45070, 0, 31953, 0, 44755, 0, 33445, 16520, 14686, 34780, 22229, 19879, 45652, 0, 0, 0, 43694, 22422, 36922, 42301, 41976],[0, 11109, 0, 39250, 41296, 32544, 0, 0, 0, 40212, 0, 10939, 0, 36413, -1, 5883, 44526, 46163, 0, 25049, 0, 0, 27987, 15552, 0, 14570, 41737, 46055, 38583, 16316, 45249, 45729, 45531, 0, 44633, 0, 38702, 36675, 27610, 14124, 36893, 21241, 43234, 0, 0, 0, 34235, 40104, 30549, 28048, 32746, 41509, 31763, 35540, 37355, 42349, 37856, 11544, 30928, 40709, 0, 16640, 24362],[0, 0, 29121, 19211, 31243, 34783, 40676, 19827, 0, 35274, 42720, 28460, 21531, 14708, 5883, -1, 13367, 0, 29431, 46236, 42355, 0, 0, 0, 36453, 44038, 37355, 0, 0, 36954, 0, 18225, 22065, 30589, 19060, 0, 0, 31686, 0, 0, 34271, 0, 0, 0, 0, 0, 35908, 23002, 0, 8818, 0, 27661, 0, 29493, 0, 0, 45883, 43116, 0, 0, 44555, 17521, 45572],[0, 46068, 27247, 26831, 35530, 18526, 0, 42045, 29248, 37765, 24285, 0, 43451, 17804, 44526, 13367, -1, 33299, 0, 10968, 45604, 34801, 17589, 0, 43434, 0, 5375, 41208, 44720, 23815, 45891, 11229, 0, 40194, 16333, 32568, 45878, 45843, 15781, 0, 0, 44763, 14987, 42786, 30570, 41381, 0, 10977, 17285, 0, 0, 0, 0, 30716, 0, 40132, 42119, 41805, 13046, 43965, 31539, 44756, 0],[16461, 42510, 25774, 0, 19975, 16235, 35180, 43197, 29070, 42747, 24451, 14586, 21063, 36835, 46163, 0, 33299, -1, 43970, 0, 24470, 23158, 0, 0, 36745, 29335, 0, 0, 0, 39714, 0, 31988, 17380, 0, 38104, 0, 22314, 32200, 39811, 38783, 25933, 40832, 30148, 45054, 0, 21209, 0, 0, 22114, 0, 0, 42625, 0, 40999, 38216, 23216, 37274, 0, 19859, 28189, 17452, 0, 0],[24678, 27541, 4772, 37721, 0, 0, 0, 37933, 32995, 4248, 0, 36711, 0, 34689, 0, 29431, 0, 43970, -1, 42611, 0, 20563, 0, 15954, 20009, 10883, 0, 16131, 0, 32384, 0, 31291, 37220, 0, 0, 27471, 26236, 34819, 38269, 35055, 0, 26421, 0, 6981, 22563, 45861, 773, 42572, 37534, 0, 31154, 45122, 29123, 31652, 38615, 27468, 34535, 21599, 0, 0, 42465, 25193, 0],[0, 36419, 0, 0, 43927, 37108, 41462, 17768, 0, 0, 0, 41780, 0, 0, 25049, 46236, 10968, 0, 42611, -1, 13635, 44360, 0, 0, 8747, 21816, 45236, 0, 0, 23777, 19845, 0, 0, 28457, 28097, 43535, 43238, 43632, 0, 0, 13982, 36917, 43878, 14688, 0, 11013, 0, 19670, 26332, 37553, 0, 13658, 25508, 42506, 45048, 30603, 40725, 0, 0, 25609, 14326, 15406, 30473],[0, 29185, 41468, 0, 40987, 32656, 0, 0, 44744, 0, 34457, 0, 5421, 42951, 0, 42355, 45604, 24470, 0, 13635, -1, 19799, 24251, 41200, 32805, 16359, 14625, 31578, 0, 0, 38571, 31402, 31856, 12711, 38533, 7211, 0, 0, 44226, 0, 20798, 0, 38950, 11856, 0, 0, 43230, 35713, 0, 16915, 0, 26540, 22555, 44820, 28776, 43504, 20174, 0, 41065, 32368, 1387, 44112, 25743],[3915, 29197, 3820, 39921, 0, 43039, 29217, 35248, 0, 0, 40558, 42322, 19981, 33507, 0, 0, 34801, 23158, 20563, 44360, 19799, -1, 41092, 36508, 0, 0, 42075, 34473, 41801, 30333, 0, 30148, 37957, 24171, 0, 46090, 41659, 28873, 36463, 0, 42854, 0, 34299, 30042, 22254, 0, 34694, 41082, 37791, 0, 37130, 24358, 35361, 33485, 40283, 0, 0, 0, 32256, 0, 42703, 25600, 0],[25506, 0, 37229, 29926, 34091, 0, 0, 30385, 29335, 45554, 0, 0, 36119, 43939, 27987, 0, 17589, 0, 0, 0, 24251, 41092, -1, 26651, 14921, 0, 43810, 36642, 13696, 0, 0, 39490, 36534, 0, 42247, 44028, 0, 0, 25390, 45810, 40470, 26156, 0, 0, 46325, 24900, 44842, 23789, 43228, 0, 35977, 30025, 38894, 0, 31329, 21443, 0, 0, 5295, 10002, 21625, 0, 12211],[25648, 41511, 32579, 33891, 24342, 0, 30412, 45505, 42994, 0, 40532, 4582, 0, 0, 15552, 0, 0, 0, 15954, 0, 41200, 36508, 26651, -1, 35141, 0, 21308, 38859, 36188, 0, 0, 0, 0, 10372, 0, 21409, 33255, 43550, 40127, 40639, 14244, 26066, 0, 44060, 0, 0, 15817, 0, 0, 36667, 34257, 41312, 0, 0, 36745, 26707, 0, 0, 0, 0, 24662, 42594, 44573],[9301, 0, 36718, 26113, 34928, 22460, 0, 0, 34774, 0, 39379, 30514, 36524, 45637, 0, 36453, 43434, 36745, 20009, 8747, 32805, 0, 14921, 35141, -1, 0, 40320, 34978, 40932, 0, 38862, 12443, 0, 0, 45547, 26554, 34460, 0, 16570, 0, 34608, 0, 0, 0, 0, 0, 22346, 30464, 0, 44578, 44928, 0, 0, 41189, 15408, 17633, 0, 0, 29265, 0, 39067, 19154, 0],[0, 43777, 36263, 26981, 45895, 27938, 36941, 0, 0, 17749, 33262, 36327, 0, 30274, 14570, 44038, 0, 29335, 10883, 21816, 16359, 0, 0, 0, 0, -1, 21179, 43656, 38622, 22114, 42808, 36809, 29055, 21749, 25171, 7531, 45624, 16932, 22305, 40644, 17463, 0, 0, 46025, 35318, 0, 32925, 0, 30355, 35973, 0, 17806, 0, 30838, 0, 38330, 30280, 31683, 19700, 18690, 44806, 38635, 16205],[38521, 0, 0, 21069, 20615, 0, 0, 0, 0, 0, 0, 0, 0, 36959, 41737, 37355, 5375, 0, 0, 45236, 14625, 42075, 43810, 21308, 40320, 21179, -1, 28789, 29500, 0, 40782, 38349, 17775, 9761, 33130, 31796, 26477, 43139, 30252, 44901, 29999, 37864, 0, 39940, 36018, 24051, 0, 0, 0, 28756, 0, 0, 0, 0, 46327, 34496, 0, 0, 0, 40033, 0, 0, 43762],[18081, 19292, 44713, 40512, 25146, 19462, 36717, 0, 13297, 39771, 34062, 42154, 38233, 44524, 46055, 0, 41208, 0, 16131, 0, 31578, 34473, 36642, 38859, 34978, 43656, 28789, -1, 0, 0, 43030, 31161, 30077, 0, 36545, 42744, 27447, 0, 0, 39422, 0, 27992, 27724, 0, 21923, 0, 10893, 0, 37940, 32528, 30793, 26988, 33308, 15759, 19532, 0, 39890, 27648, 44056, 38029, 45096, 41391, 40159],[31484, 0, 0, 0, 0, 0, 0, 0, 0, 22439, 0, 0, 18109, 39982, 38583, 0, 44720, 0, 0, 0, 0, 41801, 13696, 36188, 40932, 38622, 29500, 0, -1, 45091, 37450, 39951, 0, 25968, 12847, 22396, 21562, 22414, 21290, 36373, 25639, 28826, 0, 30605, 0, 0, 0, 19704, 21635, 0, 17160, 0, 43345, 0, 15226, 0, 0, 29549, 38205, 40211, 22133, 0, 38553],[37863, 34402, 0, 35470, 37692, 41405, 45513, 27333, 12274, 15621, 29208, 39785, 23553, 31894, 16316, 36954, 23815, 39714, 32384, 23777, 0, 30333, 0, 0, 0, 22114, 0, 0, 45091, -1, 12227, 21939, 33190, 43470, 0, 0, 0, 35728, 30212, 14244, 8155, 0, 21627, 0, 0, 0, 33832, 27578, 0, 40972, 0, 29993, 13307, 30025, 14244, 43916, 36667, 18434, 32259, 0, 43782, 0, 0],[6826, 41297, 0, 41249, 16253, 45129, 43028, 44653, 27161, 0, 0, 0, 19246, 0, 45249, 0, 45891, 0, 0, 19845, 38571, 0, 0, 0, 38862, 42808, 40782, 43030, 37450, 12227, -1, 40717, 33114, 3028, 0, 0, 0, 33369, 40450, 37332, 0, 40924, 35737, 0, 37061, 34268, 26492, 42762, 39868, 41999, 0, 43037, 28102, 42833, 0, 37451, 38398, 12560, 27493, 36855, 20645, 7470, 0],[0, 40051, 0, 36318, 38809, 0, 42361, 31971, 31181, 0, 20045, 43550, 30444, 43662, 45729, 18225, 11229, 31988, 31291, 0, 31402, 30148, 39490, 0, 12443, 36809, 38349, 31161, 39951, 21939, 40717, -1, 41225, 0, 43130, 0, 42001, 18775, 37736, 35359, 0, 31000, 26956, 39774, 6521, 19167, 21835, 29337, 0, 37670, 0, 44456, 42514, 31259, 0, 29833, 0, 18878, 4705, 5654, 31028, 16731, 41468],[44212, 22862, 0, 35724, 36196, 0, 25729, 28920, 38960, 22491, 28055, 44340, 0, 0, 45531, 22065, 0, 17380, 37220, 0, 31856, 37957, 36534, 0, 0, 29055, 17775, 30077, 0, 33190, 33114, 41225, -1, 18968, 0, 0, 30234, 31200, 0, 0, 14939, 0, 45536, 26380, 37567, 0, 0, 0, 0, 42775, 36484, 0, 0, 44616, 31812, 0, 37492, 0, 0, 6930, 22358, 5470, 35604],[30302, 32918, 21904, 34559, 39945, 0, 38462, 0, 20646, 30099, 0, 45961, 21807, 30380, 0, 30589, 40194, 0, 0, 28457, 12711, 24171, 0, 10372, 0, 21749, 9761, 0, 25968, 43470, 3028, 0, 18968, -1, 0, 27198, 44217, 0, 14816, 30159, 0, 39937, 38545, 45965, 30831, 34413, 27444, 28023, 23507, 21982, 24552, 31744, 0, 41833, 19666, 27658, 30368, 19679, 26630, 23395, 0, 0, 26866],[32743, 23295, 35167, 0, 0, 10067, 0, 33679, 41218, 0, 23662, 0, 0, 44996, 44633, 19060, 16333, 38104, 0, 28097, 38533, 0, 42247, 0, 45547, 25171, 33130, 36545, 12847, 0, 0, 43130, 0, 0, -1, 35888, 0, 39791, 0, 25491, 0, 23497, 32117, 0, 38431, 28809, 0, 0, 17355, 38797, 36029, 0, 15609, 13675, 0, 0, 37852, 43221, 9878, 0, 0, 0, 0],[24390, 32580, 0, 39621, 0, 0, 41988, 27036, 40894, 22875, 27784, 34684, 40197, 34443, 0, 0, 32568, 0, 27471, 43535, 7211, 46090, 44028, 21409, 26554, 7531, 31796, 42744, 22396, 0, 0, 0, 0, 27198, 35888, -1, 15314, 0, 45436, 43406, 25280, 14151, 38432, 0, 35719, 0, 38126, 30303, 32040, 0, 19092, 14777, 0, 0, 0, 15716, 0, 11514, 10333, 12433, 24516, 0, 0],[35572, 34984, 25261, 0, 25582, 42473, 22211, 0, 41157, 43101, 18355, 22928, 0, 40798, 38702, 0, 45878, 22314, 26236, 43238, 0, 41659, 0, 33255, 34460, 45624, 26477, 27447, 21562, 0, 0, 42001, 30234, 44217, 0, 15314, -1, 27714, 0, 0, 0, 0, 33329, 0, 0, 39784, 8287, 46149, 35008, 0, 0, 34526, 28740, 0, 33567, 39003, 4645, 31395, 11683, 0, 40890, 13830, 15970],[19821, 0, 45885, 0, 23613, 0, 0, 0, 37949, 43316, 41966, 0, 36764, 41212, 36675, 31686, 45843, 32200, 34819, 43632, 0, 28873, 0, 43550, 0, 16932, 43139, 0, 22414, 35728, 33369, 18775, 31200, 0, 39791, 0, 27714, -1, 41706, 0, 37672, 0, 42324, 41223, 41342, 23628, 0, 0, 31313, 0, 0, 27881, 40842, 0, 45672, 5815, 40632, 0, 0, 0, 29415, 0, 36753],[0, 0, 0, 0, 32343, 37696, 0, 21589, 38579, 39691, 30529, 21951, 0, 42339, 27610, 0, 15781, 39811, 38269, 0, 44226, 36463, 25390, 40127, 16570, 22305, 30252, 0, 21290, 30212, 40450, 37736, 0, 14816, 0, 45436, 0, 41706, -1, 32497, 13847, 0, 0, 22138, 42227, 0, 17349, 0, 0, 20898, 40868, 0, 45962, 0, 45710, 23312, 0, 36734, 0, 42299, 36683, 0, 45935],[0, 0, 0, 33220, 0, 26098, 46115, 0, 8256, 0, 19622, 33036, 43987, 42130, 14124, 0, 0, 38783, 35055, 0, 0, 0, 45810, 40639, 0, 40644, 44901, 39422, 36373, 14244, 37332, 35359, 0, 30159, 25491, 43406, 0, 0, 32497, -1, 0, 34170, 0, 0, 27102, 0, 25835, 44533, 13602, 12988, 43730, 0, 0, 27509, 45706, 42085, 42652, 37959, 27063, 0, 24002, 37709, 32232],[10474, 22615, 34778, 41128, 0, 40931, 44486, 36853, 23986, 31852, 28257, 22811, 36385, 33444, 36893, 34271, 0, 25933, 0, 13982, 20798, 42854, 40470, 14244, 34608, 17463, 29999, 0, 25639, 8155, 0, 0, 14939, 0, 0, 25280, 0, 37672, 13847, 0, -1, 13500, 0, 22708, 0, 13127, 41277, 39852, 0, 0, 0, 0, 31830, 33267, 30171, 38778, 0, 42379, 0, 0, 22171, 31797, 0],[0, 42420, 25783, 33288, 46017, 0, 29515, 37393, 0, 8318, 42775, 0, 35446, 24678, 21241, 0, 44763, 40832, 26421, 36917, 0, 0, 26156, 26066, 0, 0, 37864, 27992, 28826, 0, 40924, 31000, 0, 39937, 23497, 14151, 0, 0, 0, 34170, 13500, -1, 39860, 44966, 0, 0, 38212, 21952, 32177, 0, 37167, 0, 0, 33498, 35292, 31271, 21401, 15795, 0, 34370, 0, 40138, 31787],[44969, 17508, 29822, 36601, 0, 35670, 42717, 32552, 24276, 36398, 20773, 0, 41585, 45070, 43234, 0, 14987, 30148, 0, 43878, 38950, 34299, 0, 0, 0, 0, 0, 27724, 0, 21627, 35737, 26956, 45536, 38545, 32117, 38432, 33329, 42324, 0, 0, 0, 39860, -1, 28045, 0, 10410, 0, 8897, 0, 0, 0, 0, 36634, 0, 44407, 45239, 0, 45282, 40999, 0, 34900, 38869, 0],[40402, 39374, 34570, 0, 29543, 26269, 37993, 43974, 14786, 17786, 23348, 38200, 37315, 0, 0, 0, 42786, 45054, 6981, 14688, 11856, 30042, 0, 44060, 0, 46025, 39940, 0, 30605, 0, 0, 39774, 26380, 45965, 0, 0, 0, 41223, 22138, 0, 22708, 44966, 28045, -1, 42998, 15862, 28279, 0, 0, 44071, 0, 36488, 35156, 39848, 0, 24168, 43641, 14339, 36533, 41500, 36274, 20171, 10714],[38771, 41038, 45195, 0, 40407, 45734, 0, 44947, 0, 0, 0, 0, 16047, 31953, 0, 0, 30570, 0, 22563, 0, 0, 22254, 46325, 0, 0, 35318, 36018, 21923, 0, 0, 37061, 6521, 37567, 30831, 38431, 35719, 0, 41342, 42227, 27102, 0, 0, 0, 42998, -1, 0, 0, 15557, 0, 5538, 39800, 0, 0, 39473, 19518, 20450, 0, 0, 0, 39313, 43848, 0, 13824],[36903, 0, 33773, 0, 0, 26799, 1621, 41747, 0, 26596, 27605, 30725, 0, 0, 0, 0, 41381, 21209, 45861, 11013, 0, 0, 24900, 0, 0, 0, 24051, 0, 0, 0, 34268, 19167, 0, 34413, 28809, 0, 39784, 23628, 0, 0, 13127, 0, 10410, 15862, 0, -1, 43693, 0, 6306, 25231, 19457, 0, 0, 21061, 40501, 0, 0, 42914, 0, 37691, 0, 42972, 0],[38444, 0, 11647, 0, 29653, 0, 0, 15951, 37261, 0, 39083, 0, 45389, 44755, 34235, 35908, 0, 0, 773, 0, 43230, 34694, 44842, 15817, 22346, 32925, 0, 10893, 0, 33832, 26492, 21835, 0, 27444, 0, 38126, 8287, 0, 17349, 25835, 41277, 38212, 0, 28279, 0, 43693, -1, 3740, 34113, 32375, 0, 35839, 0, 33637, 36518, 43188, 43598, 13825, 45604, 43803, 0, 24468, 41573],[39786, 37320, 7690, 31492, 43825, 39613, 0, 14186, 0, 21626, 33742, 0, 40483, 0, 40104, 23002, 10977, 0, 42572, 19670, 35713, 41082, 23789, 0, 30464, 0, 0, 0, 19704, 27578, 42762, 29337, 0, 28023, 0, 30303, 46149, 0, 0, 44533, 39852, 21952, 8897, 0, 15557, 0, 3740, -1, 24996, 0, 38277, 44914, 44910, 26741, 33527, 27114, 0, 0, 0, 0, 40024, 39242, 0],[35480, 40671, 0, 30974, 24005, 9404, 0, 23873, 0, 0, 35678, 37970, 17380, 33445, 30549, 0, 17285, 22114, 37534, 26332, 0, 37791, 43228, 0, 0, 30355, 0, 37940, 21635, 0, 39868, 0, 0, 23507, 17355, 32040, 35008, 31313, 0, 13602, 0, 32177, 0, 0, 0, 6306, 34113, 24996, -1, 0, 16098, 23019, 42704, 0, 35489, 38125, 0, 42320, 22744, 0, 17264, 27388, 29695],[0, 0, 28768, 44086, 36642, 16758, 0, 45381, 25457, 0, 39733, 43466, 0, 16520, 28048, 8818, 0, 0, 0, 37553, 16915, 0, 0, 36667, 44578, 35973, 28756, 32528, 0, 40972, 41999, 37670, 42775, 21982, 38797, 0, 0, 0, 20898, 12988, 0, 0, 0, 44071, 5538, 25231, 32375, 0, 0, -1, 0, 14614, 10779, 33982, 17644, 28568, 32257, 0, 40491, 41862, 42288, 0, 40651],[45052, 0, 37818, 43529, 38559, 0, 28783, 25359, 38177, 0, 14170, 45101, 36360, 14686, 32746, 0, 0, 0, 31154, 0, 0, 37130, 35977, 34257, 44928, 0, 0, 30793, 17160, 0, 0, 0, 36484, 24552, 36029, 19092, 0, 0, 40868, 43730, 0, 37167, 0, 0, 39800, 19457, 0, 38277, 16098, 0, -1, 44857, 36396, 31362, 0, 0, 0, 40003, 40907, 0, 0, 0, 43054],[46335, 30227, 26631, 45748, 0, 21735, 26573, 21324, 44779, 39101, 21728, 19205, 0, 34780, 41509, 27661, 0, 42625, 45122, 13658, 26540, 24358, 30025, 41312, 0, 17806, 0, 26988, 0, 29993, 43037, 44456, 0, 31744, 0, 14777, 34526, 27881, 0, 0, 0, 0, 0, 36488, 0, 0, 35839, 44914, 23019, 14614, 44857, -1, 44816, 41838, 29914, 0, 29496, 17936, 0, 31768, 24709, 35487, 43810],[42983, 0, 31066, 37062, 14155, 40631, 4860, 0, 45326, 0, 31472, 34585, 0, 22229, 31763, 0, 0, 0, 29123, 25508, 22555, 35361, 38894, 0, 0, 0, 0, 33308, 43345, 13307, 28102, 42514, 0, 0, 15609, 0, 28740, 40842, 45962, 0, 31830, 0, 36634, 35156, 0, 0, 0, 44910, 42704, 10779, 36396, 44816, -1, 41876, 2897, 15608, 37005, 0, 0, 0, 21310, 0, 36851],[0, 33796, 0, 33918, 29412, 0, 14964, 42243, 28270, 7973, 17026, 0, 45482, 19879, 35540, 29493, 30716, 40999, 31652, 42506, 44820, 33485, 0, 0, 41189, 30838, 0, 15759, 0, 30025, 42833, 31259, 44616, 41833, 13675, 0, 0, 0, 0, 27509, 33267, 33498, 0, 39848, 39473, 21061, 33637, 26741, 0, 33982, 31362, 41838, 41876, -1, 26032, 31902, 26445, 22596, 20260, 41995, 0, 22751, 0],[18311, 36141, 39724, 25977, 37686, 39120, 0, 0, 46028, 10852, 34133, 18381, 28257, 45652, 37355, 0, 0, 38216, 38615, 45048, 28776, 40283, 31329, 36745, 15408, 0, 46327, 19532, 15226, 14244, 0, 0, 31812, 19666, 0, 0, 33567, 45672, 45710, 45706, 30171, 35292, 44407, 0, 19518, 40501, 36518, 33527, 35489, 17644, 0, 29914, 2897, 26032, -1, 36952, 0, 0, 35405, 35753, 36615, 0, 0],[28051, 37222, 35756, 31165, 36164, 0, 21280, 0, 0, 0, 38484, 29014, 24665, 0, 42349, 0, 40132, 23216, 27468, 30603, 43504, 0, 21443, 26707, 17633, 38330, 34496, 0, 0, 43916, 37451, 29833, 0, 27658, 0, 15716, 39003, 5815, 23312, 42085, 38778, 31271, 45239, 24168, 20450, 0, 43188, 27114, 38125, 28568, 0, 0, 15608, 31902, 36952, -1, 44495, 45211, 0, 11776, 35138, 0, 40414],[19676, 25125, 45700, 31539, 40272, 30689, 39551, 0, 0, 0, 15166, 40150, 43675, 0, 37856, 45883, 42119, 37274, 34535, 40725, 20174, 0, 0, 0, 0, 30280, 0, 39890, 0, 36667, 38398, 0, 37492, 30368, 37852, 0, 4645, 40632, 0, 42652, 0, 21401, 0, 43641, 0, 0, 43598, 0, 0, 32257, 0, 29496, 37005, 26445, 0, 44495, -1, 30801, 15945, 0, 0, 29989, 0],[29790, 31652, 30915, 20143, 20496, 21786, 14777, 42339, 0, 27936, 28784, 33384, 28160, 0, 11544, 43116, 41805, 0, 21599, 0, 0, 0, 0, 0, 0, 31683, 0, 27648, 29549, 18434, 12560, 18878, 0, 19679, 43221, 11514, 31395, 0, 36734, 37959, 42379, 15795, 45282, 14339, 0, 42914, 13825, 0, 42320, 0, 40003, 17936, 0, 22596, 0, 45211, 30801, -1, 9253, 26273, 0, 29220, 32289],[0, 39864, 0, 43405, 34153, 45119, 39294, 27414, 44623, 0, 0, 26962, 45004, 43694, 30928, 0, 13046, 19859, 0, 0, 41065, 32256, 5295, 0, 29265, 19700, 0, 44056, 38205, 32259, 27493, 4705, 0, 26630, 9878, 10333, 11683, 0, 0, 27063, 0, 0, 40999, 36533, 0, 0, 45604, 0, 22744, 40491, 40907, 0, 0, 20260, 35405, 0, 15945, 9253, -1, 44106, 0, 0, 17976],[15944, 0, 0, 0, 0, 41124, 15044, 14330, 40665, 0, 0, 31665, 43788, 22422, 40709, 0, 43965, 28189, 0, 25609, 32368, 0, 10002, 0, 0, 18690, 40033, 38029, 40211, 0, 36855, 5654, 6930, 23395, 0, 12433, 0, 0, 42299, 0, 0, 34370, 0, 41500, 39313, 37691, 43803, 0, 0, 41862, 0, 31768, 0, 41995, 35753, 11776, 0, 26273, 44106, -1, 3473, 0, 0],[42995, 0, 30147, 35417, 39181, 0, 43495, 38637, 0, 40858, 18039, 0, 35224, 36922, 0, 44555, 31539, 17452, 42465, 14326, 1387, 42703, 21625, 24662, 39067, 44806, 0, 45096, 22133, 43782, 20645, 31028, 22358, 0, 0, 24516, 40890, 29415, 36683, 24002, 22171, 0, 34900, 36274, 43848, 0, 0, 40024, 17264, 42288, 0, 24709, 21310, 0, 36615, 35138, 0, 0, 0, 3473, -1, 0, 20285],[0, 0, 0, 0, 0, 32986, 37329, 0, 0, 0, 30743, 31635, 35426, 42301, 16640, 17521, 44756, 0, 25193, 15406, 44112, 25600, 0, 42594, 19154, 38635, 0, 41391, 0, 0, 7470, 16731, 5470, 0, 0, 0, 13830, 0, 0, 37709, 31797, 40138, 38869, 20171, 0, 42972, 24468, 39242, 27388, 0, 0, 35487, 0, 22751, 0, 0, 29989, 29220, 0, 0, 0, -1, 9721],[34044, 0, 23992, 39473, 34773, 17373, 17456, 25378, 35600, 39175, 42325, 23158, 20065, 41976, 24362, 45572, 0, 0, 0, 30473, 25743, 0, 12211, 44573, 0, 16205, 43762, 40159, 38553, 0, 0, 41468, 35604, 26866, 0, 0, 15970, 36753, 45935, 32232, 0, 31787, 0, 10714, 13824, 0, 41573, 0, 29695, 40651, 43054, 43810, 36851, 0, 0, 40414, 0, 32289, 17976, 0, 20285, 9721, -1]]