57
[[-1, 26893, 26198, 27821, 28384, 24546, 8403, 0, 0, 0, 12047, 0, 0, 0, 33807, 0, 37050, 0, 19882, 17816, 36616, 38438, 14455, 26824, 40916, 23325, 31632, 20041, 23110, 21651, 33694, 46140, 34909, 43674, 0, 16376, 31553, 33196, 28496, 12067, 43156, 12971, 37657, 34188, 31970, 20031, 0, 42186, 0, 46192, 20277, 0, 0, 22805, 36371, 0, 29458],[26893, -1, 15806, 0, 30237, 34379, 0, 4277, 28209, 0, 29079, 0, 21323, 36777, 32365, 18653, 43826, 24640, 39609, 0, 29996, 0, 36330, 42901, 0, 0, 28059, 35236, 45378, 0, 43950, 39416, 26308, 25925, 0, 17197, 33939, 32843, 0, 34983, 0, 19913, 0, 30929, 0, 0, 0, 0, 32252, 0, 45571, 18032, 36030, 0, 45690, 30813, 17118],[26198, 15806, -1, 18682, 24938, 0, 34455, 27842, 32161, 28091, 25206, 32729, 13764, 37275, 39182, 0, 0, 44613, 22507, 40606, 0, 14912, 33144, 0, 15149, 0, 34841, 37203, 0, 40749, 35486, 0, 0, 45652, 24954, 18995, 0, 25148, 0, 33444, 0, 0, 32272, 0, 0, 0, 0, 29221, 0, 0, 0, 37247, 24673, 31711, 37940, 40555, 0],[27821, 0, 18682, -1, 25226, 28990, 45391, 31752, 16185, 39384, 30257, 0, 15176, 12087, 36198, 25066, 37503, 10392, 40243, 45264, 41855, 0, 0, 0, 40768, 36646, 0, 22535, 0, 0, 23268, 0, 35548, 33196, 21732, 43780, 35263, 0, 0, 33935, 44203, 35418, 41252, 0, 10416, 0, 15332, 32201, 19726, 24488, 13790, 29942, 0, 0, 0, 31722, 41760],[28384, 30237, 24938, 25226, -1, 32489, 0, 0, 0, 0, 24337, 36912, 15274, 0, 40934, 25330, 0, 0, 0, 39215, 0, 39915, 35339, 43530, 13807, 0, 45825, 34556, 0, 40385, 42480, 29081, 25117, 0, 0, 35827, 42354, 25060, 32598, 0, 42657, 18444, 37815, 29213, 0, 17747, 27577, 7394, 0, 46140, 0, 0, 41703, 33925, 35350, 17396, 0],[24546, 34379, 0, 28990, 32489, -1, 0, 0, 40526, 0, 35809, 39019, 29931, 26267, 15655, 43154, 43844, 28325, 0, 27400, 31168, 44360, 0, 0, 41317, 0, 0, 0, 0, 45461, 25727, 35712, 15034, 41924, 0, 0, 17265, 0, 43195, 0, 38881, 18055, 26968, 35830, 42767, 0, 40236, 0, 25867, 30633, 37342, 21207, 0, 39291, 23971, 0, 15765],[8403, 0, 34455, 45391, 0, 0, -1, 43464, 0, 0, 18979, 41577, 37322, 42296, 29861, 45590, 41026, 0, 0, 0, 0, 7986, 0, 43107, 22253, 43768, 45781, 13214, 0, 37146, 45925, 0, 31976, 0, 0, 14213, 0, 1122, 38731, 0, 0, 12292, 40079, 0, 33323, 42776, 0, 44773, 0, 35633, 41492, 44350, 0, 24814, 41663, 36582, 0],[0, 4277, 27842, 31752, 0, 0, 43464, -1, 0, 46255, 43532, 45173, 46183, 0, 17108, 0, 28091, 40284, 31624, 43606, 36531, 0, 41859, 23470, 45596, 33552, 10883, 12584, 34771, 0, 22271, 30593, 0, 25742, 37983, 0, 41517, 34063, 44423, 39873, 46088, 41249, 0, 44696, 0, 22075, 0, 0, 36040, 45680, 0, 0, 39415, 17841, 0, 45591, 0],[0, 28209, 32161, 16185, 0, 40526, 0, 0, -1, 25419, 46254, 35876, 42333, 0, 32667, 19170, 12604, 45015, 42416, 39424, 46178, 33017, 45671, 29417, 9193, 35899, 0, 39065, 32736, 0, 36989, 0, 16445, 9884, 19385, 11860, 0, 41425, 0, 29554, 30309, 19054, 0, 26129, 0, 0, 38824, 45658, 0, 37486, 41868, 0, 17024, 33868, 0, 40521, 35344],[0, 0, 28091, 39384, 0, 0, 0, 46255, 25419, -1, 40288, 0, 42042, 37638, 34144, 19672, 0, 0, 0, 14633, 33675, 0, 0, 677, 27410, 0, 36718, 41898, 20636, 0, 28921, 29807, 0, 38645, 45352, 17079, 33004, 0, 17000, 0, 16832, 22519, 0, 41939, 42328, 17285, 36214, 37165, 30982, 45815, 29271, 0, 32852, 0, 0, 0, 36190],[12047, 29079, 25206, 30257, 24337, 35809, 18979, 43532, 46254, 40288, -1, 0, 0, 0, 43365, 0, 0, 35180, 46171, 24191, 0, 45087, 0, 0, 6375, 0, 30747, 26208, 0, 26837, 40982, 25264, 0, 25555, 0, 6113, 32247, 36736, 35027, 45588, 0, 0, 38068, 38879, 24835, 26483, 0, 44900, 11128, 7112, 30244, 36085, 32752, 0, 27021, 0, 35764],[0, 0, 32729, 0, 36912, 39019, 41577, 45173, 35876, 0, 0, -1, 0, 39539, 40400, 0, 29575, 0, 20433, 25689, 27648, 30168, 19704, 34858, 0, 44974, 36701, 33194, 39013, 33577, 0, 37770, 0, 38831, 0, 41032, 37660, 39424, 28558, 0, 39940, 42791, 5393, 9634, 23692, 34121, 33459, 36421, 31399, 43612, 45764, 39484, 0, 39915, 43351, 9816, 9258],[0, 21323, 13764, 15176, 15274, 29931, 37322, 46183, 42333, 42042, 0, 0, -1, 37702, 45898, 27860, 0, 37615, 12241, 31206, 38042, 34042, 0, 42800, 45930, 25914, 45214, 0, 0, 0, 5200, 37222, 0, 30563, 39353, 12218, 35048, 29617, 20381, 44140, 24364, 16791, 0, 45565, 44420, 34048, 0, 35298, 19202, 0, 18133, 37320, 13506, 29040, 42097, 29124, 15499],[0, 36777, 37275, 12087, 0, 26267, 42296, 0, 0, 37638, 0, 39539, 37702, -1, 17595, 0, 27908, 10192, 10916, 16453, 42119, 30679, 16549, 42047, 0, 41584, 0, 42700, 0, 0, 0, 33826, 0, 15971, 22343, 40043, 0, 37793, 23015, 44513, 0, 43666, 34350, 0, 11388, 0, 0, 38231, 17634, 0, 41820, 0, 38672, 31020, 19218, 0, 28937],[33807, 32365, 39182, 36198, 40934, 15655, 29861, 17108, 32667, 34144, 43365, 40400, 45898, 17595, -1, 28567, 43079, 45441, 0, 0, 0, 46108, 0, 6109, 0, 18110, 0, 0, 0, 0, 0, 44230, 41783, 0, 13412, 24729, 0, 0, 0, 11901, 0, 12557, 34229, 17445, 0, 0, 41273, 36942, 45430, 34796, 31316, 0, 43973, 40553, 18785, 0, 37893],[0, 18653, 0, 25066, 25330, 43154, 45590, 0, 19170, 19672, 0, 0, 27860, 0, 28567, -1, 10087, 8340, 0, 15903, 17234, 0, 42915, 45912, 0, 29271, 46030, 39447, 0, 0, 18744, 25109, 0, 41474, 42125, 0, 30656, 42280, 27949, 46225, 24225, 0, 0, 23323, 32135, 40085, 29149, 40477, 0, 33728, 46301, 9898, 44410, 19174, 38763, 14777, 19394],[37050, 43826, 0, 37503, 0, 43844, 41026, 28091, 12604, 0, 0, 29575, 0, 27908, 43079, 10087, -1, 18972, 45524, 31647, 0, 37887, 0, 0, 35267, 46157, 8812, 0, 18914, 0, 18402, 0, 42856, 19228, 33090, 46130, 41466, 38404, 23552, 25790, 34527, 0, 22812, 25806, 0, 11222, 40545, 30746, 29289, 46216, 0, 41228, 0, 0, 27641, 37686, 45042],[0, 24640, 44613, 10392, 0, 28325, 0, 40284, 45015, 0, 35180, 0, 37615, 10192, 45441, 8340, 18972, -1, 39847, 31931, 0, 0, 45957, 0, 0, 35350, 0, 27052, 35253, 0, 40913, 38200, 0, 0, 38744, 39824, 36323, 14185, 14053, 0, 38388, 15698, 0, 6891, 0, 0, 37107, 38163, 0, 0, 42316, 0, 7340, 36324, 0, 0, 40012],[19882, 39609, 22507, 40243, 0, 0, 0, 31624, 42416, 0, 46171, 20433, 12241, 10916, 0, 0, 45524, 39847, -1, 23485, 41449, 38425, 40472, 43534, 0, 0, 35764, 36088, 0, 37194, 14131, 0, 21517, 0, 43791, 3828, 0, 0, 31060, 43299, 45259, 12483, 37508, 5938, 0, 6937, 0, 42721, 0, 27602, 41886, 41342, 0, 39465, 0, 14418, 29096],[17816, 0, 40606, 45264, 39215, 27400, 0, 43606, 39424, 14633, 24191, 25689, 31206, 16453, 0, 15903, 31647, 31931, 23485, -1, 35332, 4072, 33837, 0, 31508, 11772, 16357, 30762, 30377, 39930, 0, 32706, 0, 45290, 12551, 0, 40933, 41492, 0, 10203, 37405, 2082, 29610, 45373, 36614, 29753, 43187, 0, 0, 0, 14575, 0, 35484, 25857, 35903, 44064, 0],[36616, 29996, 0, 41855, 0, 31168, 0, 36531, 46178, 33675, 0, 27648, 38042, 42119, 0, 17234, 0, 0, 41449, 35332, -1, 22219, 780, 20413, 21358, 27981, 0, 6952, 0, 45418, 40897, 0, 0, 27917, 41731, 40909, 36325, 12489, 34799, 19030, 0, 43618, 37757, 42534, 37509, 45394, 18461, 44794, 0, 43744, 0, 0, 29203, 0, 0, 0, 31447],[38438, 0, 14912, 0, 39915, 44360, 7986, 0, 33017, 0, 45087, 30168, 34042, 30679, 46108, 0, 37887, 0, 38425, 4072, 22219, -1, 43485, 37077, 0, 40513, 7724, 40365, 0, 33695, 14218, 26313, 34030, 38379, 0, 37768, 0, 0, 41759, 38305, 10557, 19069, 0, 38830, 45753, 35583, 39467, 42821, 38202, 30492, 13992, 44421, 0, 23202, 20932, 9749, 37174],[14455, 36330, 33144, 0, 35339, 0, 0, 41859, 45671, 0, 0, 19704, 0, 16549, 0, 42915, 0, 45957, 40472, 33837, 780, 43485, -1, 3228, 22418, 12833, 25888, 13381, 27778, 0, 0, 0, 7250, 0, 0, 38880, 42326, 30249, 38428, 0, 0, 20270, 10252, 0, 0, 32353, 37827, 0, 33400, 41298, 38823, 44889, 0, 39644, 45338, 0, 0],[26824, 42901, 0, 0, 43530, 0, 43107, 23470, 29417, 677, 0, 34858, 42800, 42047, 6109, 45912, 0, 0, 43534, 0, 20413, 37077, 3228, -1, 37994, 29819, 32887, 36140, 44518, 4775, 20843, 36119, 31476, 45663, 35721, 38120, 0, 0, 31707, 42916, 17773, 14417, 42462, 37255, 44309, 45662, 0, 24987, 33641, 0, 19689, 10982, 0, 0, 0, 35495, 40682],[40916, 0, 15149, 40768, 13807, 41317, 22253, 45596, 9193, 27410, 6375, 0, 45930, 0, 0, 0, 35267, 0, 0, 31508, 21358, 0, 22418, 37994, -1, 22229, 0, 27131, 24825, 0, 0, 24972, 0, 0, 0, 21954, 0, 0, 0, 0, 17474, 32590, 12497, 24828, 0, 28705, 0, 0, 43597, 0, 34228, 43000, 0, 32163, 36703, 0, 34557],[23325, 0, 0, 36646, 0, 0, 43768, 33552, 35899, 0, 0, 44974, 25914, 41584, 18110, 29271, 46157, 35350, 0, 11772, 27981, 40513, 12833, 29819, 22229, -1, 45992, 40497, 0, 15988, 21235, 0, 0, 39315, 27333, 37064, 0, 0, 28564, 43187, 39573, 41207, 13506, 27290, 17428, 45126, 44729, 0, 0, 0, 17088, 45522, 0, 41860, 0, 42573, 0],[31632, 28059, 34841, 0, 45825, 0, 45781, 10883, 0, 36718, 30747, 36701, 45214, 0, 0, 46030, 8812, 0, 35764, 16357, 0, 7724, 25888, 32887, 0, 45992, -1, 45961, 12943, 0, 41860, 39402, 0, 15791, 0, 26756, 20622, 36910, 0, 28484, 44081, 0, 7781, 0, 0, 28428, 44018, 38439, 0, 38900, 26909, 0, 0, 0, 27929, 6464, 37461],[20041, 35236, 37203, 22535, 34556, 0, 13214, 12584, 39065, 41898, 26208, 33194, 0, 42700, 0, 39447, 0, 27052, 36088, 30762, 6952, 40365, 13381, 36140, 27131, 40497, 45961, -1, 30038, 12883, 0, 43362, 41911, 41114, 0, 0, 0, 0, 0, 42794, 0, 0, 37541, 22662, 43590, 35446, 0, 32280, 43198, 0, 43204, 34861, 0, 34584, 0, 0, 0],[23110, 45378, 0, 0, 0, 0, 0, 34771, 32736, 20636, 0, 39013, 0, 0, 0, 0, 18914, 35253, 0, 30377, 0, 0, 27778, 44518, 24825, 0, 12943, 30038, -1, 32242, 38426, 0, 32540, 0, 17219, 0, 40825, 0, 0, 25053, 35252, 0, 22802, 29357, 4780, 0, 44899, 35581, 40694, 6439, 36170, 35432, 32693, 44809, 34584, 17958, 43346],[21651, 0, 40749, 0, 40385, 45461, 37146, 0, 0, 0, 26837, 33577, 0, 0, 0, 0, 0, 0, 37194, 39930, 45418, 33695, 0, 4775, 0, 15988, 0, 12883, 32242, -1, 41804, 28151, 0, 0, 0, 38075, 0, 41411, 23373, 40354, 5865, 12828, 31976, 29303, 29986, 33258, 24884, 37914, 17887, 0, 11223, 0, 44385, 40120, 29008, 36346, 21244],[33694, 43950, 35486, 23268, 42480, 25727, 45925, 22271, 36989, 28921, 40982, 0, 5200, 0, 0, 18744, 18402, 40913, 14131, 0, 40897, 14218, 0, 20843, 0, 21235, 41860, 0, 38426, 41804, -1, 33728, 21813, 18131, 9086, 0, 25204, 45517, 30658, 14827, 6939, 37646, 0, 42205, 42625, 35116, 14589, 0, 0, 0, 0, 40037, 45124, 0, 10384, 19099, 37697],[46140, 39416, 0, 0, 29081, 35712, 0, 30593, 0, 29807, 25264, 37770, 37222, 33826, 44230, 25109, 0, 38200, 0, 32706, 0, 26313, 0, 36119, 24972, 0, 39402, 43362, 0, 28151, 33728, -1, 39056, 17458, 25320, 29805, 0, 13769, 18898, 28062, 40682, 29761, 45329, 0, 22646, 22833, 0, 37799, 27547, 33803, 30001, 0, 33110, 37828, 0, 43858, 30788],[34909, 26308, 0, 35548, 25117, 15034, 31976, 0, 16445, 0, 0, 0, 0, 0, 41783, 0, 42856, 0, 21517, 0, 0, 34030, 7250, 31476, 0, 0, 0, 41911, 32540, 0, 21813, 39056, -1, 0, 11587, 44344, 9376, 0, 11589, 0, 42805, 0, 42716, 0, 45645, 0, 32977, 0, 8579, 37271, 31571, 0, 8884, 45541, 22090, 27764, 36390],[43674, 25925, 45652, 33196, 0, 41924, 0, 25742, 9884, 38645, 25555, 38831, 30563, 15971, 0, 41474, 19228, 0, 0, 45290, 27917, 38379, 0, 45663, 0, 39315, 15791, 41114, 0, 0, 18131, 17458, 0, -1, 19241, 12892, 0, 0, 0, 0, 35497, 46017, 26387, 32976, 0, 39327, 40314, 29958, 0, 44413, 27969, 0, 41965, 13125, 18267, 25191, 0],[0, 0, 24954, 21732, 0, 0, 0, 37983, 19385, 45352, 0, 0, 39353, 22343, 13412, 42125, 33090, 38744, 43791, 12551, 41731, 0, 0, 35721, 0, 27333, 0, 0, 17219, 0, 9086, 25320, 11587, 19241, -1, 0, 25873, 28043, 15469, 0, 0, 26498, 33502, 26792, 37177, 28034, 0, 42193, 0, 0, 39927, 35265, 0, 45490, 0, 21380, 36513],[16376, 17197, 18995, 43780, 35827, 0, 14213, 0, 11860, 17079, 6113, 41032, 12218, 40043, 24729, 0, 46130, 39824, 3828, 0, 40909, 37768, 38880, 38120, 21954, 37064, 26756, 0, 0, 38075, 0, 29805, 44344, 12892, 0, -1, 0, 23298, 0, 0, 40715, 38814, 34902, 0, 0, 37422, 41466, 10681, 16032, 8096, 15558, 44272, 0, 16483, 31908, 23123, 0],[31553, 33939, 0, 35263, 42354, 17265, 0, 41517, 0, 33004, 32247, 37660, 35048, 0, 0, 30656, 41466, 36323, 0, 40933, 36325, 0, 42326, 0, 0, 0, 20622, 0, 40825, 0, 25204, 0, 9376, 0, 25873, 0, -1, 35288, 36574, 28663, 0, 36010, 35574, 28289, 0, 38884, 29823, 0, 31202, 19694, 35142, 0, 23468, 0, 38165, 0, 37660],[33196, 32843, 25148, 0, 25060, 0, 1122, 34063, 41425, 0, 36736, 39424, 29617, 37793, 0, 42280, 38404, 14185, 0, 41492, 12489, 0, 30249, 0, 0, 0, 36910, 0, 0, 41411, 45517, 13769, 0, 0, 28043, 23298, 35288, -1, 23985, 5309, 23000, 24826, 0, 46153, 18658, 0, 0, 23210, 41532, 0, 29003, 45246, 31274, 0, 46258, 37738, 38907],[28496, 0, 0, 0, 32598, 43195, 38731, 44423, 0, 17000, 35027, 28558, 20381, 23015, 0, 27949, 23552, 14053, 31060, 0, 34799, 41759, 38428, 31707, 0, 28564, 0, 0, 0, 23373, 30658, 18898, 11589, 0, 15469, 0, 36574, 23985, -1, 44883, 20756, 0, 26496, 36785, 32765, 0, 44877, 19748, 0, 33649, 0, 40002, 21942, 16871, 41347, 0, 25057],[12067, 34983, 33444, 33935, 0, 0, 0, 39873, 29554, 0, 45588, 0, 44140, 44513, 11901, 46225, 25790, 0, 43299, 10203, 19030, 38305, 0, 42916, 0, 43187, 28484, 42794, 25053, 40354, 14827, 28062, 0, 0, 0, 0, 28663, 5309, 44883, -1, 42506, 0, 17149, 33295, 41986, 38872, 39663, 45239, 0, 8303, 11144, 44911, 12633, 42074, 18681, 43692, 37404],[43156, 0, 0, 44203, 42657, 38881, 0, 46088, 30309, 16832, 0, 39940, 24364, 0, 0, 24225, 34527, 38388, 45259, 37405, 0, 10557, 0, 17773, 17474, 39573, 44081, 0, 35252, 5865, 6939, 40682, 42805, 35497, 0, 40715, 0, 23000, 20756, 42506, -1, 0, 28994, 35316, 0, 32578, 37841, 10962, 40081, 25109, 0, 0, 0, 41970, 42903, 0, 0],[12971, 19913, 0, 35418, 18444, 18055, 12292, 41249, 19054, 22519, 0, 42791, 16791, 43666, 12557, 0, 0, 15698, 12483, 2082, 43618, 19069, 20270, 14417, 32590, 41207, 0, 0, 0, 12828, 37646, 29761, 0, 46017, 26498, 38814, 36010, 24826, 0, 0, 0, -1, 42260, 36301, 0, 39909, 0, 32836, 13168, 0, 31231, 0, 13697, 18621, 19239, 33905, 36027],[37657, 0, 32272, 41252, 37815, 26968, 40079, 0, 0, 0, 38068, 5393, 0, 34350, 34229, 0, 22812, 0, 37508, 29610, 37757, 0, 10252, 42462, 12497, 13506, 7781, 37541, 22802, 31976, 0, 45329, 42716, 26387, 33502, 34902, 35574, 0, 26496, 17149, 28994, 42260, -1, 24689, 0, 0, 36717, 0, 7118, 21101, 41095, 43079, 40141, 29415, 0, 34460, 0],[34188, 30929, 0, 0, 29213, 35830, 0, 44696, 26129, 41939, 38879, 9634, 45565, 0, 17445, 23323, 25806, 6891, 5938, 45373, 42534, 38830, 0, 37255, 24828, 27290, 0, 22662, 29357, 29303, 42205, 0, 0, 32976, 26792, 0, 28289, 46153, 36785, 33295, 35316, 36301, 24689, -1, 38383, 0, 0, 44731, 43362, 0, 26978, 0, 41070, 37501, 0, 30295, 0],[31970, 0, 0, 10416, 0, 42767, 33323, 0, 0, 42328, 24835, 23692, 44420, 11388, 0, 32135, 0, 0, 0, 36614, 37509, 45753, 0, 44309, 0, 17428, 0, 43590, 4780, 29986, 42625, 22646, 45645, 0, 37177, 0, 0, 18658, 32765, 41986, 0, 0, 0, 38383, -1, 13548, 0, 0, 16473, 0, 43105, 0, 15462, 26593, 30668, 0, 0],[20031, 0, 0, 0, 17747, 0, 42776, 22075, 0, 17285, 26483, 34121, 34048, 0, 0, 40085, 11222, 0, 6937, 29753, 45394, 35583, 32353, 45662, 28705, 45126, 28428, 35446, 0, 33258, 35116, 22833, 0, 39327, 28034, 37422, 38884, 0, 0, 38872, 32578, 39909, 0, 0, 13548, -1, 5315, 32521, 12370, 29541, 32658, 23611, 17723, 0, 39078, 32521, 22040],[0, 0, 0, 15332, 27577, 40236, 0, 0, 38824, 36214, 0, 33459, 0, 0, 41273, 29149, 40545, 37107, 0, 43187, 18461, 39467, 37827, 0, 0, 44729, 44018, 0, 44899, 24884, 14589, 0, 32977, 40314, 0, 41466, 29823, 0, 44877, 39663, 37841, 0, 36717, 0, 0, 5315, -1, 0, 22140, 45336, 0, 44848, 0, 23411, 0, 0, 18275],[42186, 0, 29221, 32201, 7394, 0, 44773, 0, 45658, 37165, 44900, 36421, 35298, 38231, 36942, 40477, 30746, 38163, 42721, 0, 44794, 42821, 0, 24987, 0, 0, 38439, 32280, 35581, 37914, 0, 37799, 0, 29958, 42193, 10681, 0, 23210, 19748, 45239, 10962, 32836, 0, 44731, 0, 32521, 0, -1, 39788, 0, 37518, 30310, 41188, 43796, 32171, 45596, 24525],[0, 32252, 0, 19726, 0, 25867, 0, 36040, 0, 30982, 11128, 31399, 19202, 17634, 45430, 0, 29289, 0, 0, 0, 0, 38202, 33400, 33641, 43597, 0, 0, 43198, 40694, 17887, 0, 27547, 8579, 0, 0, 16032, 31202, 41532, 0, 0, 40081, 13168, 7118, 43362, 16473, 12370, 22140, 39788, -1, 39404, 0, 21365, 38966, 37714, 31020, 0, 24243],[46192, 0, 0, 24488, 46140, 30633, 35633, 45680, 37486, 45815, 7112, 43612, 0, 0, 34796, 33728, 46216, 0, 27602, 0, 43744, 30492, 41298, 0, 0, 0, 38900, 0, 6439, 0, 0, 33803, 37271, 44413, 0, 8096, 19694, 0, 33649, 8303, 25109, 0, 21101, 0, 0, 29541, 45336, 0, 39404, -1, 32271, 0, 11538, 0, 44490, 0, 0],[20277, 45571, 0, 13790, 0, 37342, 41492, 0, 41868, 29271, 30244, 45764, 18133, 41820, 31316, 46301, 0, 42316, 41886, 14575, 0, 13992, 38823, 19689, 34228, 17088, 26909, 43204, 36170, 11223, 0, 30001, 31571, 27969, 39927, 15558, 35142, 29003, 0, 11144, 0, 31231, 41095, 26978, 43105, 32658, 0, 37518, 0, 32271, -1, 21797, 0, 0, 11354, 0, 0],[0, 18032, 37247, 29942, 0, 21207, 44350, 0, 0, 0, 36085, 39484, 37320, 0, 0, 9898, 41228, 0, 41342, 0, 0, 44421, 44889, 10982, 43000, 45522, 0, 34861, 35432, 0, 40037, 0, 0, 0, 35265, 44272, 0, 45246, 40002, 44911, 0, 0, 43079, 0, 0, 23611, 44848, 30310, 21365, 0, 21797, -1, 34465, 0, 0, 17488, 0],[0, 36030, 24673, 0, 41703, 0, 0, 39415, 17024, 32852, 32752, 0, 13506, 38672, 43973, 44410, 0, 7340, 0, 35484, 29203, 0, 0, 0, 0, 0, 0, 0, 32693, 44385, 45124, 33110, 8884, 41965, 0, 0, 23468, 31274, 21942, 12633, 0, 13697, 40141, 41070, 15462, 17723, 0, 41188, 38966, 11538, 0, 34465, -1, 35336, 45615, 42833, 26432],[22805, 0, 31711, 0, 33925, 39291, 24814, 17841, 33868, 0, 0, 39915, 29040, 31020, 40553, 19174, 0, 36324, 39465, 25857, 0, 23202, 39644, 0, 32163, 41860, 0, 34584, 44809, 40120, 0, 37828, 45541, 13125, 45490, 16483, 0, 0, 16871, 42074, 41970, 18621, 29415, 37501, 26593, 0, 23411, 43796, 37714, 0, 0, 0, 35336, -1, 0, 0, 18743],[36371, 45690, 37940, 0, 35350, 23971, 41663, 0, 0, 0, 27021, 43351, 42097, 19218, 18785, 38763, 27641, 0, 0, 35903, 0, 20932, 45338, 0, 36703, 0, 27929, 0, 34584, 29008, 10384, 0, 22090, 18267, 0, 31908, 38165, 46258, 41347, 18681, 42903, 19239, 0, 0, 30668, 39078, 0, 32171, 31020, 44490, 11354, 0, 45615, 0, -1, 30300, 30121],[0, 30813, 40555, 31722, 17396, 0, 36582, 45591, 40521, 0, 0, 9816, 29124, 0, 0, 14777, 37686, 0, 14418, 44064, 0, 9749, 0, 35495, 0, 42573, 6464, 0, 17958, 36346, 19099, 43858, 27764, 25191, 21380, 23123, 0, 37738, 0, 43692, 0, 33905, 34460, 30295, 0, 32521, 0, 45596, 0, 0, 0, 17488, 42833, 0, 30300, -1, 32004],[29458, 17118, 0, 41760, 0, 15765, 0, 0, 35344, 36190, 35764, 9258, 15499, 28937, 37893, 19394, 45042, 40012, 29096, 0, 31447, 37174, 0, 40682, 34557, 0, 37461, 0, 43346, 21244, 37697, 30788, 36390, 0, 36513, 0, 37660, 38907, 25057, 37404, 0, 36027, 0, 0, 0, 22040, 18275, 24525, 24243, 0, 0, 0, 26432, 18743, 30121, 32004, -1]]