81
[[-1, 5426, 11604, 0, 19399, 0, 25979, 36270, 0, 9274, 41947, 42985, 26861, 8737, 0, 8788, 13769, 0, 46084, 0, 0, 0, 0, 16173, 25511, 40858, 33496, 24168, 0, 35939, 0, 25928, 34424, 0, 17792, 44925, 36329, 11280, 40104, 0, 44752, 29588, 8502, 0, 35226, 42116, 0, 0, 0, 0, 27861, 36011, 0, 32876, 0, 29489, 42538, 46145, 44942, 13122, 35969, 44637, 43354, 46007, 34072, 36582, 0, 32793, 0, 29701, 0, 19965, 0, 9033, 42313, 41363, 0, 36700, 27985, 41910, 35815],[5426, -1, 33879, 9424, 0, 0, 0, 40433, 35375, 41477, 37091, 0, 22188, 43598, 11096, 38979, 19979, 42547, 0, 28397, 0, 0, 0, 36469, 21173, 40726, 0, 0, 25249, 41554, 0, 0, 0, 43697, 41279, 0, 6893, 42245, 17559, 0, 3014, 0, 0, 27054, 25858, 25797, 26292, 0, 25402, 0, 36420, 19591, 43191, 0, 15379, 0, 0, 12072, 33122, 0, 29164, 0, 40256, 29028, 45425, 23974, 0, 0, 38369, 0, 30264, 35452, 42924, 23486, 42207, 43413, 31392, 0, 40026, 17653, 45488],[11604, 33879, -1, 0, 36408, 0, 2342, 0, 15337, 44660, 42255, 0, 21496, 0, 5076, 30184, 0, 27071, 45774, 0, 0, 46043, 33609, 0, 29737, 25776, 0, 27229, 40399, 35392, 41801, 13065, 14113, 20810, 38121, 16395, 0, 37843, 0, 22210, 0, 7571, 32183, 26656, 8103, 42061, 0, 0, 0, 0, 37906, 32238, 39846, 35632, 0, 36856, 39247, 42265, 21026, 9713, 36095, 0, 21925, 35735, 0, 0, 0, 36304, 0, 9202, 25718, 22655, 0, 31354, 33542, 4765, 38993, 44017, 0, 41065, 38746],[0, 9424, 0, -1, 27443, 34253, 0, 25032, 43516, 0, 41542, 0, 15192, 0, 39343, 32997, 44911, 36200, 15258, 30900, 0, 0, 40968, 0, 36080, 9605, 22104, 0, 7684, 18990, 42926, 23159, 29429, 17726, 20661, 44634, 0, 35686, 41239, 0, 28738, 40103, 0, 44925, 37650, 42146, 45000, 0, 26931, 0, 0, 40391, 0, 45158, 35683, 43290, 16249, 34630, 44342, 0, 9251, 41053, 0, 0, 38826, 43536, 25638, 14383, 31986, 35003, 37320, 31197, 35250, 0, 24845, 44686, 42662, 43917, 4553, 13486, 14749],[19399, 0, 36408, 27443, -1, 11713, 43201, 43494, 0, 42336, 45753, 46124, 44233, 0, 0, 30199, 30710, 0, 42172, 44124, 34920, 35160, 0, 40860, 31055, 0, 8302, 39804, 0, 43361, 35427, 30328, 20574, 0, 40958, 16320, 31220, 45522, 0, 0, 0, 0, 36817, 31850, 7121, 0, 36952, 12112, 32956, 17464, 0, 44337, 0, 42999, 0, 12349, 43368, 38677, 0, 0, 35160, 44397, 25536, 28460, 39912, 0, 45604, 0, 25873, 19093, 34977, 35578, 42200, 33501, 0, 8010, 39740, 34593, 42625, 12583, 38910],[0, 0, 0, 34253, 11713, -1, 29940, 0, 0, 0, 13259, 43336, 0, 31352, 21600, 27244, 0, 43920, 21768, 6413, 21343, 37966, 10243, 0, 15065, 0, 0, 26452, 0, 0, 0, 45935, 43836, 33944, 44925, 33420, 0, 32871, 34906, 33654, 0, 0, 41811, 0, 31968, 0, 38811, 0, 0, 16596, 46232, 0, 33680, 23398, 8710, 0, 0, 37250, 41169, 42809, 0, 37020, 0, 43686, 40668, 29403, 0, 20649, 42591, 0, 29723, 0, 0, 24401, 0, 42374, 31031, 17232, 0, 2960, 38563],[25979, 0, 2342, 0, 43201, 29940, -1, 41753, 10178, 43952, 44847, 0, 0, 30349, 0, 0, 26759, 32248, 44845, 25565, 0, 30457, 43041, 0, 33751, 39165, 14859, 33091, 2614, 42601, 38583, 0, 11383, 21934, 18844, 45613, 41871, 30696, 32347, 44759, 0, 34969, 34255, 0, 13880, 41720, 0, 34870, 36482, 0, 32692, 0, 43511, 0, 39589, 35970, 0, 38142, 42593, 9304, 40397, 0, 40637, 13580, 0, 17495, 0, 0, 34660, 36737, 40192, 0, 0, 0, 39596, 36456, 30600, 0, 0, 30011, 0],[36270, 40433, 0, 25032, 43494, 0, 41753, -1, 19464, 24604, 46253, 40129, 41226, 0, 0, 43259, 37342, 33423, 0, 0, 14861, 0, 0, 16201, 43141, 0, 20162, 31606, 32157, 41609, 32816, 21992, 0, 0, 42443, 28027, 0, 40813, 0, 27949, 40986, 0, 29032, 17811, 25507, 37811, 6103, 40446, 0, 38224, 37167, 23268, 30875, 23190, 0, 36396, 0, 0, 46066, 22258, 35543, 34654, 0, 41385, 25956, 38409, 0, 2669, 15265, 0, 45392, 5037, 11582, 0, 30767, 35661, 25111, 0, 0, 45701, 42694],[0, 35375, 15337, 43516, 0, 0, 10178, 19464, -1, 0, 0, 0, 32083, 0, 0, 0, 27554, 0, 0, 26093, 0, 0, 20817, 0, 40394, 18018, 22154, 0, 40595, 9307, 40109, 18790, 0, 31184, 12786, 0, 23930, 40972, 30591, 20882, 32300, 39032, 22209, 15218, 26295, 0, 41064, 42479, 0, 40189, 30533, 41863, 0, 38539, 41206, 40646, 0, 11377, 15982, 23719, 0, 8554, 0, 0, 0, 31819, 35015, 7449, 39327, 37737, 0, 26435, 0, 31395, 32210, 39251, 11080, 15931, 16919, 25401, 43691],[9274, 41477, 44660, 0, 42336, 0, 43952, 24604, 0, -1, 0, 0, 27623, 25379, 0, 37477, 20075, 8161, 42655, 32623, 0, 34132, 0, 0, 37090, 42621, 0, 27611, 7528, 13313, 21748, 32255, 31608, 0, 19717, 41683, 0, 41203, 19178, 38406, 36165, 0, 0, 0, 0, 0, 27399, 0, 0, 41219, 42092, 30332, 45105, 16491, 0, 42961, 27701, 31935, 0, 45161, 0, 44727, 0, 38205, 0, 0, 35249, 36431, 0, 45173, 29494, 40766, 30442, 0, 44985, 0, 45532, 40145, 40754, 44835, 41425],[41947, 37091, 42255, 41542, 45753, 13259, 44847, 46253, 0, 0, -1, 30721, 45079, 10860, 36666, 34598, 0, 30178, 41184, 0, 28003, 37249, 0, 24088, 0, 28586, 0, 44189, 42486, 35837, 0, 45753, 0, 28395, 0, 42753, 0, 0, 0, 12246, 32882, 36022, 11315, 0, 0, 28553, 0, 19135, 0, 40583, 0, 0, 0, 0, 0, 0, 36493, 43448, 26865, 46162, 0, 46263, 43919, 44619, 41744, 29389, 0, 37868, 12243, 43347, 40215, 19584, 37472, 0, 10714, 35758, 0, 0, 0, 42662, 44689],[42985, 0, 0, 0, 46124, 43336, 0, 40129, 0, 0, 30721, -1, 23683, 39872, 45401, 0, 17251, 33317, 0, 0, 31625, 21459, 0, 25824, 16759, 0, 0, 11180, 39177, 40372, 0, 0, 30229, 19672, 42379, 0, 0, 0, 28088, 0, 22432, 39337, 0, 14307, 11625, 44781, 33485, 0, 0, 0, 38513, 43334, 7504, 35237, 34587, 35026, 0, 34204, 32144, 0, 45347, 4735, 0, 0, 27187, 40315, 41927, 39483, 30250, 36681, 28977, 0, 25595, 0, 0, 44696, 0, 0, 36218, 44917, 32422],[26861, 22188, 21496, 15192, 44233, 0, 0, 41226, 32083, 27623, 45079, 23683, -1, 41914, 16322, 0, 40118, 0, 0, 0, 0, 0, 21957, 42659, 0, 22422, 0, 37100, 0, 40534, 10048, 41327, 22602, 0, 40381, 31640, 36422, 17271, 37874, 41769, 41843, 32053, 26930, 40875, 34621, 27531, 22544, 0, 33002, 37972, 0, 36613, 31898, 30021, 43999, 0, 33705, 39955, 28616, 10314, 6988, 27350, 44615, 41548, 33323, 33621, 12788, 0, 11480, 44923, 41386, 45042, 0, 24447, 20831, 34397, 0, 0, 43911, 45107, 9510],[8737, 43598, 0, 0, 0, 31352, 30349, 0, 0, 25379, 10860, 39872, 41914, -1, 10693, 34455, 0, 0, 23941, 0, 0, 23425, 29718, 1514, 45975, 0, 29992, 31891, 0, 0, 24038, 0, 21530, 0, 28943, 21770, 25874, 0, 0, 29271, 0, 38549, 0, 37213, 37586, 14947, 0, 0, 39226, 35069, 0, 31876, 38247, 30667, 7562, 27068, 0, 0, 21114, 36597, 0, 34489, 0, 34840, 45842, 21857, 45699, 8324, 40265, 0, 28169, 3175, 19885, 43991, 45918, 31869, 36229, 0, 26799, 21140, 44836],[0, 11096, 5076, 39343, 0, 21600, 0, 0, 0, 0, 36666, 45401, 16322, 10693, -1, 0, 36347, 24787, 42280, 25625, 0, 21137, 23417, 38610, 37635, 43761, 40433, 0, 0, 0, 0, 0, 0, 0, 21349, 40213, 46277, 27382, 0, 0, 0, 0, 0, 0, 0, 30695, 18315, 31829, 39197, 0, 0, 11522, 31648, 44061, 0, 34192, 45676, 45353, 40359, 0, 18406, 0, 0, 31159, 0, 38642, 22186, 0, 39926, 0, 35615, 0, 45317, 0, 36763, 45551, 20135, 24847, 33995, 44280, 0],[8788, 38979, 30184, 32997, 30199, 27244, 0, 43259, 0, 37477, 34598, 0, 0, 34455, 0, -1, 44999, 38354, 0, 0, 39811, 29615, 36788, 37553, 21546, 44159, 31460, 20384, 16253, 43759, 33230, 11261, 0, 32862, 0, 32752, 13810, 0, 30414, 0, 9945, 0, 45622, 39019, 0, 0, 43590, 19895, 0, 42538, 38663, 0, 21013, 41363, 0, 0, 0, 0, 0, 0, 0, 36074, 45092, 15924, 41388, 0, 0, 31794, 46094, 38062, 44530, 43351, 0, 24060, 39526, 40336, 0, 38063, 18280, 0, 41612],[13769, 19979, 0, 44911, 30710, 0, 26759, 37342, 27554, 20075, 0, 17251, 40118, 0, 36347, 44999, -1, 44846, 0, 28588, 27348, 18191, 7907, 29289, 45530, 38645, 0, 31412, 28163, 0, 0, 25608, 43199, 0, 36380, 24161, 23975, 13578, 0, 0, 32672, 27074, 0, 31935, 0, 0, 0, 45259, 21937, 31981, 43922, 33348, 39712, 17491, 0, 44423, 43463, 13446, 0, 0, 0, 39841, 29994, 0, 0, 0, 43441, 37731, 39981, 41867, 41679, 43321, 21786, 13685, 36137, 44427, 15804, 0, 0, 0, 0],[0, 42547, 27071, 36200, 0, 43920, 32248, 33423, 0, 8161, 30178, 33317, 0, 0, 24787, 38354, 44846, -1, 37886, 38454, 0, 38728, 45237, 7846, 26622, 0, 31738, 34509, 45925, 40582, 27063, 31915, 43437, 44988, 28842, 44798, 0, 0, 0, 22751, 15698, 40106, 14337, 19563, 0, 0, 32385, 43490, 0, 26919, 34143, 29212, 39566, 0, 21808, 0, 13476, 37805, 45773, 39145, 25109, 32516, 27305, 24119, 20175, 17208, 41034, 16963, 0, 40094, 36522, 0, 0, 0, 32558, 37279, 0, 26201, 0, 40849, 25279],[46084, 0, 45774, 15258, 42172, 21768, 44845, 0, 0, 42655, 41184, 0, 0, 23941, 42280, 0, 0, 37886, -1, 26843, 42962, 22909, 0, 40104, 0, 19052, 43097, 19843, 0, 0, 29926, 43373, 0, 32211, 23431, 0, 32247, 0, 26215, 45213, 27610, 0, 0, 0, 46255, 0, 39560, 34184, 7628, 28862, 12504, 0, 0, 36040, 17472, 0, 0, 0, 43636, 13169, 22151, 27151, 12484, 40474, 0, 0, 0, 34188, 26934, 27413, 18929, 42695, 45811, 26665, 27025, 0, 0, 31255, 0, 21699, 0],[0, 28397, 0, 30900, 44124, 6413, 25565, 0, 26093, 32623, 0, 0, 0, 0, 25625, 0, 28588, 38454, 26843, -1, 0, 30862, 24814, 36876, 39685, 37252, 34450, 23350, 0, 0, 29061, 0, 0, 0, 40904, 0, 32028, 26298, 0, 26290, 0, 33452, 28895, 0, 37193, 32866, 32776, 38066, 25175, 20507, 34270, 30809, 38367, 0, 30125, 0, 26986, 0, 0, 34628, 23854, 16689, 0, 29992, 36966, 16164, 40630, 0, 27252, 0, 25539, 0, 0, 0, 42007, 35903, 10638, 0, 34567, 39914, 0],[0, 0, 0, 0, 34920, 21343, 0, 14861, 0, 0, 28003, 31625, 0, 0, 0, 39811, 27348, 0, 42962, 0, -1, 0, 0, 8676, 10810, 25691, 0, 44187, 21296, 0, 35858, 0, 34601, 33188, 29203, 0, 27728, 26260, 10501, 8924, 7409, 0, 26692, 33668, 28173, 0, 0, 0, 38730, 36293, 0, 0, 43964, 39414, 32152, 0, 25099, 29702, 0, 31848, 0, 0, 42028, 25864, 0, 39682, 35936, 0, 45318, 39461, 43489, 0, 0, 0, 32620, 45069, 0, 0, 40878, 0, 39090],[0, 0, 46043, 0, 35160, 37966, 30457, 0, 0, 34132, 37249, 21459, 0, 23425, 21137, 29615, 18191, 38728, 22909, 30862, 0, -1, 45593, 33662, 14071, 36730, 0, 12960, 0, 36483, 0, 40644, 29143, 0, 20742, 0, 12786, 0, 34567, 12976, 0, 32004, 0, 15749, 0, 34330, 34632, 0, 42242, 0, 0, 33838, 43263, 24775, 21344, 0, 0, 37478, 0, 32937, 25719, 35194, 0, 0, 0, 0, 44221, 0, 0, 17366, 0, 40077, 29591, 0, 44044, 0, 0, 42240, 0, 0, 42170],[0, 0, 33609, 40968, 0, 10243, 43041, 0, 20817, 0, 0, 0, 21957, 29718, 23417, 36788, 7907, 45237, 0, 24814, 0, 45593, -1, 0, 30457, 0, 39152, 14011, 0, 39553, 31745, 23303, 0, 0, 44818, 0, 45803, 37188, 17004, 31618, 30204, 41304, 0, 25333, 0, 38220, 22565, 26271, 16951, 26040, 43619, 0, 0, 45952, 7393, 24726, 25511, 6242, 41869, 33584, 0, 28380, 46065, 10485, 14046, 32279, 0, 32767, 24308, 40558, 36626, 16895, 0, 0, 0, 26973, 0, 45150, 9796, 39891, 0],[16173, 36469, 0, 0, 40860, 0, 0, 16201, 0, 0, 24088, 25824, 42659, 1514, 38610, 37553, 29289, 7846, 40104, 36876, 8676, 33662, 0, -1, 0, 45570, 0, 26500, 33984, 31606, 41479, 0, 41235, 29050, 0, 23605, 0, 30150, 0, 14011, 22525, 0, 44701, 39326, 26814, 43250, 24277, 23031, 28477, 40569, 35729, 37958, 0, 0, 40644, 0, 0, 0, 0, 0, 0, 31149, 19655, 0, 0, 34346, 45027, 0, 35391, 39649, 30063, 46293, 46003, 17368, 37129, 37047, 0, 44895, 0, 7155, 32609],[25511, 21173, 29737, 36080, 31055, 15065, 33751, 43141, 40394, 37090, 0, 16759, 0, 45975, 37635, 21546, 45530, 26622, 0, 39685, 10810, 14071, 30457, 0, -1, 0, 38733, 28057, 45965, 37473, 18922, 23261, 27648, 36228, 0, 46285, 0, 22564, 30225, 24363, 0, 34583, 9094, 39972, 20456, 46153, 34664, 0, 0, 33799, 34939, 0, 0, 39319, 19888, 0, 18747, 0, 0, 0, 0, 16133, 0, 42284, 45220, 38020, 0, 36307, 21388, 36012, 33949, 32415, 35566, 43044, 40044, 0, 45930, 43537, 0, 29145, 39433],[40858, 40726, 25776, 9605, 0, 0, 39165, 0, 18018, 42621, 28586, 0, 22422, 0, 43761, 44159, 38645, 0, 19052, 37252, 25691, 36730, 0, 45570, 0, -1, 0, 29404, 0, 13805, 37265, 0, 26012, 39018, 38522, 0, 0, 46287, 0, 34669, 40617, 0, 17384, 13845, 0, 38052, 0, 0, 27416, 27525, 22943, 34126, 28571, 0, 43454, 14033, 31174, 0, 30034, 36706, 42642, 42450, 30262, 43134, 29996, 37578, 12927, 38043, 0, 25281, 0, 41806, 42915, 38971, 0, 33657, 38660, 25861, 45451, 31580, 43559],[33496, 0, 0, 22104, 8302, 0, 14859, 20162, 22154, 0, 0, 0, 0, 29992, 40433, 31460, 0, 31738, 43097, 34450, 0, 0, 39152, 0, 38733, 0, -1, 22224, 46200, 26328, 0, 42022, 0, 0, 35710, 0, 40659, 32770, 0, 0, 1642, 0, 43505, 23300, 0, 40071, 14490, 43541, 26728, 0, 30334, 32379, 40004, 36363, 27998, 0, 0, 10297, 24384, 9889, 41963, 41995, 42336, 5713, 0, 39146, 45803, 13774, 0, 32659, 46184, 0, 41530, 22504, 594, 30199, 25175, 35459, 0, 0, 17353],[24168, 0, 27229, 0, 39804, 26452, 33091, 31606, 0, 27611, 44189, 11180, 37100, 31891, 0, 20384, 31412, 34509, 19843, 23350, 44187, 12960, 14011, 26500, 28057, 29404, 22224, -1, 31609, 35573, 0, 0, 21195, 0, 43793, 0, 43167, 0, 0, 0, 0, 0, 0, 6670, 36571, 41378, 45090, 0, 0, 0, 5826, 0, 12345, 17259, 24501, 0, 37417, 0, 0, 42841, 0, 46269, 45869, 0, 0, 0, 37756, 24133, 0, 0, 28602, 46094, 39922, 0, 0, 0, 0, 37690, 31506, 0, 0],[0, 25249, 40399, 7684, 0, 0, 2614, 32157, 40595, 7528, 42486, 39177, 0, 0, 0, 16253, 28163, 45925, 0, 0, 21296, 0, 0, 33984, 45965, 0, 46200, 31609, -1, 0, 41512, 45246, 34163, 0, 26173, 25781, 33951, 26996, 19144, 45509, 0, 32322, 0, 20169, 0, 0, 0, 0, 0, 39269, 0, 31041, 0, 0, 33870, 17939, 0, 0, 0, 0, 28567, 0, 34022, 0, 23833, 0, 15791, 11606, 0, 16517, 29782, 44383, 34632, 20586, 40717, 8410, 29917, 0, 28001, 11528, 0],[35939, 41554, 35392, 18990, 43361, 0, 42601, 41609, 9307, 13313, 35837, 40372, 40534, 0, 0, 43759, 0, 40582, 0, 0, 0, 36483, 39553, 31606, 37473, 13805, 26328, 35573, 0, -1, 37105, 0, 44477, 0, 33132, 28147, 24002, 29603, 0, 31393, 0, 0, 45055, 33506, 41046, 0, 41904, 30317, 0, 0, 31732, 20993, 36938, 14789, 27209, 0, 11578, 10455, 0, 42663, 30106, 29432, 37930, 36166, 31364, 19313, 34268, 8539, 42526, 0, 9757, 19478, 0, 15005, 0, 0, 43689, 19982, 0, 16175, 12196],[0, 0, 41801, 42926, 35427, 0, 38583, 32816, 40109, 21748, 0, 0, 10048, 24038, 0, 33230, 0, 27063, 29926, 29061, 35858, 0, 31745, 41479, 18922, 37265, 0, 0, 41512, 37105, -1, 7831, 0, 27622, 18033, 28482, 44172, 0, 13114, 35807, 1879, 36959, 0, 0, 40815, 18149, 0, 41065, 46207, 37861, 25106, 0, 39844, 0, 22051, 44192, 0, 0, 32745, 17252, 0, 42621, 33845, 38854, 31229, 6626, 24466, 31773, 36714, 39254, 0, 7852, 0, 0, 26164, 0, 43859, 0, 24928, 45191, 46018],[25928, 0, 13065, 23159, 30328, 45935, 0, 21992, 18790, 32255, 45753, 0, 41327, 0, 0, 11261, 25608, 31915, 43373, 0, 0, 40644, 23303, 0, 23261, 0, 42022, 0, 45246, 0, 7831, -1, 46069, 28589, 19435, 27243, 0, 0, 23033, 18979, 0, 34971, 28082, 38858, 0, 0, 0, 33620, 0, 0, 36950, 0, 2754, 40252, 0, 8217, 44363, 4297, 0, 0, 0, 45443, 0, 22213, 31392, 0, 41811, 0, 42276, 42568, 39651, 22861, 39007, 37374, 0, 0, 0, 22599, 0, 20282, 0],[34424, 0, 14113, 29429, 20574, 43836, 11383, 0, 0, 31608, 0, 30229, 22602, 21530, 0, 0, 43199, 43437, 0, 0, 34601, 29143, 0, 41235, 27648, 26012, 0, 21195, 34163, 44477, 0, 46069, -1, 23677, 25203, 34807, 0, 36411, 0, 0, 33385, 0, 11964, 0, 6226, 38386, 25507, 30570, 0, 32294, 38123, 44051, 32823, 45972, 24307, 0, 36195, 42972, 0, 0, 40104, 44464, 25910, 22152, 0, 40987, 22062, 0, 0, 19826, 42706, 0, 0, 15718, 24692, 0, 0, 0, 0, 0, 0],[0, 43697, 20810, 17726, 0, 33944, 21934, 0, 31184, 0, 28395, 19672, 0, 0, 0, 32862, 0, 44988, 32211, 0, 33188, 0, 0, 29050, 36228, 39018, 0, 0, 0, 0, 27622, 28589, 23677, -1, 0, 15963, 37348, 0, 21697, 44523, 25009, 0, 40831, 0, 0, 0, 26712, 31457, 30197, 10887, 33660, 0, 0, 27187, 41730, 37730, 11687, 38573, 41913, 44580, 17966, 15978, 27168, 0, 37113, 21694, 0, 33254, 28027, 25707, 34886, 14001, 43774, 0, 0, 0, 34622, 40027, 15890, 31363, 25648],[17792, 41279, 38121, 20661, 40958, 44925, 18844, 42443, 12786, 19717, 0, 42379, 40381, 28943, 21349, 0, 36380, 28842, 23431, 40904, 29203, 20742, 44818, 0, 0, 38522, 35710, 43793, 26173, 33132, 18033, 19435, 25203, 0, -1, 33792, 45703, 17436, 0, 0, 17989, 31551, 30955, 43882, 7896, 10281, 4467, 31759, 46105, 0, 23279, 19200, 45856, 29073, 30973, 28991, 10498, 39051, 31499, 0, 46195, 0, 41856, 18294, 42243, 0, 37380, 0, 28313, 20183, 0, 34301, 0, 0, 39219, 0, 40191, 15700, 45980, 20562, 0],[44925, 0, 16395, 44634, 16320, 33420, 45613, 28027, 0, 41683, 42753, 0, 31640, 21770, 40213, 32752, 24161, 44798, 0, 0, 0, 0, 0, 23605, 46285, 0, 0, 0, 25781, 28147, 28482, 27243, 34807, 15963, 33792, -1, 30280, 0, 16541, 0, 43922, 0, 37540, 21090, 33471, 0, 26180, 0, 30046, 20583, 0, 38119, 0, 22935, 38376, 0, 0, 15961, 45081, 0, 0, 35525, 0, 0, 26799, 42200, 30083, 42394, 31229, 38895, 13249, 43976, 36983, 0, 0, 41558, 28768, 45686, 42730, 0, 0],[36329, 6893, 0, 0, 31220, 0, 41871, 0, 23930, 0, 0, 0, 36422, 25874, 46277, 13810, 23975, 0, 32247, 32028, 27728, 12786, 45803, 0, 0, 0, 40659, 43167, 33951, 24002, 44172, 0, 0, 37348, 45703, 30280, -1, 0, 22636, 0, 24770, 28336, 0, 39512, 24025, 39352, 0, 45334, 35027, 40673, 37097, 34760, 15456, 28659, 35048, 38383, 0, 23804, 20144, 45479, 42220, 42172, 23152, 45518, 33488, 37856, 0, 0, 15726, 0, 0, 40650, 44822, 38878, 0, 0, 34778, 41839, 0, 0, 40390],[11280, 42245, 37843, 35686, 45522, 32871, 30696, 40813, 40972, 41203, 0, 0, 17271, 0, 27382, 0, 13578, 0, 0, 26298, 26260, 0, 37188, 30150, 22564, 46287, 32770, 0, 26996, 29603, 0, 0, 36411, 0, 17436, 0, 0, -1, 30921, 0, 4321, 0, 0, 45834, 34045, 0, 24741, 41580, 0, 42822, 0, 30290, 0, 0, 0, 14355, 0, 43479, 19119, 40715, 27080, 0, 37491, 40692, 28015, 42192, 27737, 29509, 0, 0, 29429, 44384, 0, 0, 30662, 25777, 0, 45949, 0, 25202, 17995],[40104, 17559, 0, 41239, 0, 34906, 32347, 0, 30591, 19178, 0, 28088, 37874, 0, 0, 30414, 0, 0, 26215, 0, 10501, 34567, 17004, 0, 30225, 0, 0, 0, 19144, 0, 13114, 23033, 0, 21697, 0, 16541, 22636, 30921, -1, 43671, 27586, 22912, 40912, 23439, 46077, 22925, 33847, 8065, 37981, 44077, 0, 27905, 33528, 42890, 0, 28836, 0, 21722, 0, 16996, 38662, 20731, 37747, 24192, 31254, 0, 44935, 34343, 31368, 9356, 21487, 40786, 4899, 29490, 0, 37802, 0, 0, 35023, 0, 0],[0, 0, 22210, 0, 0, 33654, 44759, 27949, 20882, 38406, 12246, 0, 41769, 29271, 0, 0, 0, 22751, 45213, 26290, 8924, 12976, 31618, 14011, 24363, 34669, 0, 0, 45509, 31393, 35807, 18979, 0, 44523, 0, 0, 0, 0, 43671, -1, 41400, 16380, 28355, 0, 0, 45543, 45796, 26830, 15942, 0, 37463, 0, 42606, 33210, 0, 0, 0, 22675, 44438, 44982, 0, 37698, 30477, 0, 0, 0, 43248, 28829, 0, 0, 0, 32510, 24042, 0, 0, 40148, 41563, 46132, 21307, 0, 31377],[44752, 3014, 0, 28738, 0, 0, 0, 40986, 32300, 36165, 32882, 22432, 41843, 0, 0, 9945, 32672, 15698, 27610, 0, 7409, 0, 30204, 22525, 0, 40617, 1642, 0, 0, 0, 1879, 0, 33385, 25009, 17989, 43922, 24770, 4321, 27586, 41400, -1, 9775, 40339, 19476, 34728, 28126, 0, 19976, 21618, 0, 24426, 31885, 0, 26450, 0, 27639, 0, 14333, 37750, 0, 20148, 24848, 19841, 0, 18830, 0, 43561, 28904, 0, 26042, 36820, 46273, 41596, 17514, 44325, 0, 31794, 0, 0, 0, 17304],[29588, 0, 7571, 40103, 0, 0, 34969, 0, 39032, 0, 36022, 39337, 32053, 38549, 0, 0, 27074, 40106, 0, 33452, 0, 32004, 41304, 0, 34583, 0, 0, 0, 32322, 0, 36959, 34971, 0, 0, 31551, 0, 28336, 0, 22912, 16380, 9775, -1, 0, 40917, 12076, 36988, 14509, 20235, 13102, 38446, 13730, 42830, 12196, 0, 6004, 0, 45675, 36907, 0, 32057, 35862, 0, 46194, 0, 44770, 36628, 0, 19730, 0, 39754, 32606, 42463, 35329, 35959, 28393, 13732, 33050, 28847, 18511, 16175, 23723],[8502, 0, 32183, 0, 36817, 41811, 34255, 29032, 22209, 0, 11315, 0, 26930, 0, 0, 45622, 0, 14337, 0, 28895, 26692, 0, 0, 44701, 9094, 17384, 43505, 0, 0, 45055, 0, 28082, 11964, 40831, 30955, 37540, 0, 0, 40912, 28355, 40339, 0, -1, 11963, 33048, 11619, 19510, 19329, 0, 45409, 44309, 30828, 28836, 33687, 11297, 35520, 0, 46260, 32873, 30030, 35983, 0, 21055, 19146, 0, 0, 45172, 40236, 30979, 0, 32902, 0, 31271, 33195, 0, 0, 7639, 31395, 35761, 0, 19900],[0, 27054, 26656, 44925, 31850, 0, 0, 17811, 15218, 0, 0, 14307, 40875, 37213, 0, 39019, 31935, 19563, 0, 0, 33668, 15749, 25333, 39326, 39972, 13845, 23300, 6670, 20169, 33506, 0, 38858, 0, 0, 43882, 21090, 39512, 45834, 23439, 0, 19476, 40917, 11963, -1, 22781, 25511, 0, 22845, 22168, 0, 45917, 23979, 36109, 0, 37661, 11055, 35679, 4619, 0, 0, 38344, 7635, 44935, 22285, 44698, 42158, 29852, 36666, 38220, 44670, 0, 28232, 38078, 8354, 0, 0, 36278, 0, 16683, 30443, 33944],[35226, 25858, 8103, 37650, 7121, 31968, 13880, 25507, 26295, 0, 0, 11625, 34621, 37586, 0, 0, 0, 0, 46255, 37193, 28173, 0, 0, 26814, 20456, 0, 0, 36571, 0, 41046, 40815, 0, 6226, 0, 7896, 33471, 24025, 34045, 46077, 0, 34728, 12076, 33048, 22781, -1, 27741, 17880, 22416, 40714, 35712, 0, 44685, 0, 0, 0, 0, 12796, 0, 34183, 14153, 33978, 0, 45758, 33177, 43892, 16014, 31528, 0, 16853, 0, 44841, 0, 45196, 0, 14159, 26751, 0, 44623, 25382, 31588, 0],[42116, 25797, 42061, 42146, 0, 0, 41720, 37811, 0, 0, 28553, 44781, 27531, 14947, 30695, 0, 0, 0, 0, 32866, 0, 34330, 38220, 43250, 46153, 38052, 40071, 41378, 0, 0, 18149, 0, 38386, 0, 10281, 0, 39352, 0, 22925, 45543, 28126, 36988, 11619, 25511, 27741, -1, 39292, 0, 36386, 39794, 20665, 28614, 0, 30676, 0, 34125, 26112, 0, 8844, 40631, 25635, 33562, 0, 15796, 0, 45203, 9928, 0, 0, 29519, 10523, 0, 0, 0, 39122, 32956, 25306, 31099, 39167, 29303, 0],[0, 26292, 0, 45000, 36952, 38811, 0, 6103, 41064, 27399, 0, 33485, 22544, 0, 18315, 43590, 0, 32385, 39560, 32776, 0, 34632, 22565, 24277, 34664, 0, 14490, 45090, 0, 41904, 0, 0, 25507, 26712, 4467, 26180, 0, 24741, 33847, 45796, 0, 14509, 19510, 0, 17880, 39292, -1, 30359, 0, 0, 0, 42682, 34801, 2677, 41674, 0, 0, 0, 0, 41413, 31485, 44751, 34538, 41494, 0, 41488, 31831, 43261, 46028, 32137, 39096, 45491, 42970, 38091, 26308, 38289, 0, 35963, 34386, 0, 25607],[0, 0, 0, 0, 12112, 0, 34870, 40446, 42479, 0, 19135, 0, 0, 0, 31829, 19895, 45259, 43490, 34184, 38066, 0, 0, 26271, 23031, 0, 0, 43541, 0, 0, 30317, 41065, 33620, 30570, 31457, 31759, 0, 45334, 41580, 8065, 26830, 19976, 20235, 19329, 22845, 22416, 0, 30359, -1, 0, 30312, 27538, 28050, 44248, 0, 0, 20658, 45438, 42888, 0, 0, 14322, 42945, 29181, 0, 34310, 0, 37546, 37435, 0, 43905, 28331, 28048, 45188, 0, 0, 37870, 25293, 41424, 0, 36129, 41239],[0, 25402, 0, 26931, 32956, 0, 36482, 0, 0, 0, 0, 0, 33002, 39226, 39197, 0, 21937, 0, 7628, 25175, 38730, 42242, 16951, 28477, 0, 27416, 26728, 0, 0, 0, 46207, 0, 0, 30197, 46105, 30046, 35027, 0, 37981, 15942, 21618, 13102, 0, 22168, 40714, 36386, 0, 0, -1, 36270, 46016, 27333, 36285, 24089, 0, 35401, 40376, 0, 0, 30286, 0, 0, 0, 23410, 18295, 45573, 38171, 33490, 15421, 36562, 14599, 12340, 0, 0, 0, 32789, 0, 0, 39228, 18352, 43969],[0, 0, 0, 0, 17464, 16596, 0, 38224, 40189, 41219, 40583, 0, 37972, 35069, 0, 42538, 31981, 26919, 28862, 20507, 36293, 0, 26040, 40569, 33799, 27525, 0, 0, 39269, 0, 37861, 0, 32294, 10887, 0, 20583, 40673, 42822, 44077, 0, 0, 38446, 45409, 0, 35712, 39794, 0, 30312, 36270, -1, 0, 21222, 0, 30930, 35404, 42127, 30749, 0, 8703, 0, 0, 0, 44357, 45517, 33639, 39484, 0, 28101, 0, 28218, 37946, 36996, 0, 22303, 43337, 0, 0, 0, 44058, 0, 41952],[27861, 36420, 37906, 0, 0, 46232, 32692, 37167, 30533, 42092, 0, 38513, 0, 0, 0, 38663, 43922, 34143, 12504, 34270, 0, 0, 43619, 35729, 34939, 22943, 30334, 5826, 0, 31732, 25106, 36950, 38123, 33660, 23279, 0, 37097, 0, 0, 37463, 24426, 13730, 44309, 45917, 0, 20665, 0, 27538, 46016, 0, -1, 0, 0, 41663, 33705, 39020, 9835, 42680, 39852, 41527, 36437, 23246, 38967, 26790, 0, 0, 31302, 0, 17804, 30573, 38227, 0, 0, 0, 34760, 40119, 42776, 38944, 7748, 0, 0],[36011, 19591, 32238, 40391, 44337, 0, 0, 23268, 41863, 30332, 0, 43334, 36613, 31876, 11522, 0, 33348, 29212, 0, 30809, 0, 33838, 0, 37958, 0, 34126, 32379, 0, 31041, 20993, 0, 0, 44051, 0, 19200, 38119, 34760, 30290, 27905, 0, 31885, 42830, 30828, 23979, 44685, 28614, 42682, 28050, 27333, 21222, 0, -1, 42805, 43634, 0, 30046, 0, 16165, 0, 0, 0, 0, 26987, 0, 3492, 45700, 24144, 0, 11374, 36399, 14156, 0, 0, 39018, 35347, 40377, 0, 41732, 44104, 40835, 0],[0, 43191, 39846, 0, 0, 33680, 43511, 30875, 0, 45105, 0, 7504, 31898, 38247, 31648, 21013, 39712, 39566, 0, 38367, 43964, 43263, 0, 0, 0, 28571, 40004, 12345, 0, 36938, 39844, 2754, 32823, 0, 45856, 0, 15456, 0, 33528, 42606, 0, 12196, 28836, 36109, 0, 0, 34801, 44248, 36285, 0, 0, 42805, -1, 31036, 0, 21910, 44396, 22250, 0, 0, 19325, 0, 0, 0, 31030, 14228, 42724, 43970, 45556, 31130, 0, 42733, 16676, 0, 27469, 24376, 0, 0, 31521, 27223, 8813],[32876, 0, 35632, 45158, 42999, 23398, 0, 23190, 38539, 16491, 0, 35237, 30021, 30667, 44061, 41363, 17491, 0, 36040, 0, 39414, 24775, 45952, 0, 39319, 0, 36363, 17259, 0, 14789, 0, 40252, 45972, 27187, 29073, 22935, 28659, 0, 42890, 33210, 26450, 0, 33687, 0, 0, 30676, 2677, 0, 24089, 30930, 41663, 43634, 31036, -1, 0, 0, 7629, 0, 13387, 0, 0, 46329, 0, 32113, 23852, 0, 34740, 0, 0, 0, 44154, 27953, 42605, 0, 31912, 17236, 0, 21109, 45447, 35630, 23606],[0, 15379, 0, 35683, 0, 8710, 39589, 0, 41206, 0, 0, 34587, 43999, 7562, 0, 0, 0, 21808, 17472, 30125, 32152, 21344, 7393, 40644, 19888, 43454, 27998, 24501, 33870, 27209, 22051, 0, 24307, 41730, 30973, 38376, 35048, 0, 0, 0, 0, 6004, 11297, 37661, 0, 0, 41674, 0, 0, 35404, 33705, 0, 0, 0, -1, 36367, 9390, 0, 29742, 27145, 44641, 0, 0, 0, 30528, 35674, 42752, 28763, 39540, 0, 42901, 27608, 41554, 30847, 41800, 21137, 24569, 23828, 28016, 0, 15206],[29489, 0, 36856, 43290, 12349, 0, 35970, 36396, 40646, 42961, 0, 35026, 0, 27068, 34192, 0, 44423, 0, 0, 0, 0, 0, 24726, 0, 0, 14033, 0, 0, 17939, 0, 44192, 8217, 0, 37730, 28991, 0, 38383, 14355, 28836, 0, 27639, 0, 35520, 11055, 0, 34125, 0, 20658, 35401, 42127, 39020, 30046, 21910, 0, 36367, -1, 25982, 46038, 40330, 41268, 0, 0, 0, 42384, 0, 0, 0, 12119, 34139, 29412, 44787, 0, 0, 0, 0, 0, 22023, 0, 0, 0, 42560],[42538, 0, 39247, 16249, 43368, 0, 0, 0, 0, 27701, 36493, 0, 33705, 0, 45676, 0, 43463, 13476, 0, 26986, 25099, 0, 25511, 0, 18747, 31174, 0, 37417, 0, 11578, 0, 44363, 36195, 11687, 10498, 0, 0, 0, 0, 0, 0, 45675, 0, 35679, 12796, 26112, 0, 45438, 40376, 30749, 9835, 0, 44396, 7629, 9390, 25982, -1, 18199, 22004, 0, 45034, 34812, 43958, 43579, 27814, 0, 32685, 0, 40980, 44689, 32099, 40900, 28883, 36020, 15053, 30811, 0, 0, 0, 0, 34741],[46145, 12072, 42265, 34630, 38677, 37250, 38142, 0, 11377, 31935, 43448, 34204, 39955, 0, 45353, 0, 13446, 37805, 0, 0, 29702, 37478, 6242, 0, 0, 0, 10297, 0, 0, 10455, 0, 4297, 42972, 38573, 39051, 15961, 23804, 43479, 21722, 22675, 14333, 36907, 46260, 4619, 0, 0, 0, 42888, 0, 0, 42680, 16165, 22250, 0, 0, 46038, 18199, -1, 9511, 19899, 28550, 14900, 31497, 40467, 45476, 0, 30858, 34402, 42003, 31359, 34339, 12637, 18686, 34785, 41347, 35139, 23286, 28939, 13140, 29620, 0],[44942, 33122, 21026, 44342, 0, 41169, 42593, 46066, 15982, 0, 26865, 32144, 28616, 21114, 40359, 0, 0, 45773, 43636, 0, 0, 0, 41869, 0, 0, 30034, 24384, 0, 0, 0, 32745, 0, 0, 41913, 31499, 45081, 20144, 19119, 0, 44438, 37750, 0, 32873, 0, 34183, 8844, 0, 0, 0, 8703, 39852, 0, 0, 13387, 29742, 40330, 22004, 9511, -1, 35914, 25592, 0, 24121, 27967, 0, 41648, 10179, 45816, 29723, 0, 39185, 41761, 24505, 20208, 27650, 37184, 35946, 3393, 37701, 0, 10626],[13122, 0, 9713, 0, 0, 42809, 9304, 22258, 23719, 45161, 46162, 0, 10314, 36597, 0, 0, 0, 39145, 13169, 34628, 31848, 32937, 33584, 0, 0, 36706, 9889, 42841, 0, 42663, 17252, 0, 0, 44580, 0, 0, 45479, 40715, 16996, 44982, 0, 32057, 30030, 0, 14153, 40631, 41413, 0, 30286, 0, 41527, 0, 0, 0, 27145, 41268, 0, 19899, 35914, -1, 0, 0, 0, 0, 25119, 4002, 0, 29670, 0, 0, 20069, 19175, 45356, 17048, 0, 13771, 28470, 3479, 20322, 37989, 24490],[35969, 29164, 36095, 9251, 35160, 0, 40397, 35543, 0, 0, 0, 45347, 6988, 0, 18406, 0, 0, 25109, 22151, 23854, 0, 25719, 0, 0, 0, 42642, 41963, 0, 28567, 30106, 0, 0, 40104, 17966, 46195, 0, 42220, 27080, 38662, 0, 20148, 35862, 35983, 38344, 33978, 25635, 31485, 14322, 0, 0, 36437, 0, 19325, 0, 44641, 0, 45034, 28550, 25592, 0, -1, 38324, 33653, 13124, 32256, 17260, 44954, 35607, 24042, 0, 33629, 0, 0, 11343, 0, 5673, 45665, 31052, 39588, 42088, 21931],[44637, 0, 0, 41053, 44397, 37020, 0, 34654, 8554, 44727, 46263, 4735, 27350, 34489, 0, 36074, 39841, 32516, 27151, 16689, 0, 35194, 28380, 31149, 16133, 42450, 41995, 46269, 0, 29432, 42621, 45443, 44464, 15978, 0, 35525, 42172, 0, 20731, 37698, 24848, 0, 0, 7635, 0, 33562, 44751, 42945, 0, 0, 23246, 0, 0, 46329, 0, 0, 34812, 14900, 0, 0, 38324, -1, 32125, 0, 26642, 33539, 38927, 44748, 36109, 0, 18602, 32829, 41859, 21524, 0, 37767, 9119, 13739, 46300, 41229, 34675],[43354, 40256, 21925, 0, 25536, 0, 40637, 0, 0, 0, 43919, 0, 44615, 0, 0, 45092, 29994, 27305, 12484, 0, 42028, 0, 46065, 19655, 0, 30262, 42336, 45869, 34022, 37930, 33845, 0, 25910, 27168, 41856, 0, 23152, 37491, 37747, 30477, 19841, 46194, 21055, 44935, 45758, 0, 34538, 29181, 0, 44357, 38967, 26987, 0, 0, 0, 0, 43958, 31497, 24121, 0, 33653, 32125, -1, 6469, 0, 0, 18406, 13771, 0, 44669, 0, 0, 35058, 33018, 20405, 0, 0, 37478, 25471, 41670, 10842],[46007, 29028, 35735, 0, 28460, 43686, 13580, 41385, 0, 38205, 44619, 0, 41548, 34840, 31159, 15924, 0, 24119, 40474, 29992, 25864, 0, 10485, 0, 42284, 43134, 5713, 0, 0, 36166, 38854, 22213, 22152, 0, 18294, 0, 45518, 40692, 24192, 0, 0, 0, 19146, 22285, 33177, 15796, 41494, 0, 23410, 45517, 26790, 0, 0, 32113, 0, 42384, 43579, 40467, 27967, 0, 13124, 0, 6469, -1, 38818, 33779, 35592, 0, 34502, 0, 10048, 33281, 32290, 0, 30601, 0, 46223, 0, 34828, 13671, 0],[34072, 45425, 0, 38826, 39912, 40668, 0, 25956, 0, 0, 41744, 27187, 33323, 45842, 0, 41388, 0, 20175, 0, 36966, 0, 0, 14046, 0, 45220, 29996, 0, 0, 23833, 31364, 31229, 31392, 0, 37113, 42243, 26799, 33488, 28015, 31254, 0, 18830, 44770, 0, 44698, 43892, 0, 0, 34310, 18295, 33639, 0, 3492, 31030, 23852, 30528, 0, 27814, 45476, 0, 25119, 32256, 26642, 0, 38818, -1, 25943, 0, 0, 29471, 44395, 29358, 40214, 19314, 30443, 37968, 0, 0, 0, 42596, 0, 20607],[36582, 23974, 0, 43536, 0, 29403, 17495, 38409, 31819, 0, 29389, 40315, 33621, 21857, 38642, 0, 0, 17208, 0, 16164, 39682, 0, 32279, 34346, 38020, 37578, 39146, 0, 0, 19313, 6626, 0, 40987, 21694, 0, 42200, 37856, 42192, 0, 0, 0, 36628, 0, 42158, 16014, 45203, 41488, 0, 45573, 39484, 0, 45700, 14228, 0, 35674, 0, 0, 0, 41648, 4002, 17260, 33539, 0, 33779, 25943, -1, 19465, 33094, 35157, 0, 45078, 0, 0, 0, 41651, 20335, 31649, 4577, 32386, 35654, 42243],[0, 0, 0, 25638, 45604, 0, 0, 0, 35015, 35249, 0, 41927, 12788, 45699, 22186, 0, 43441, 41034, 0, 40630, 35936, 44221, 0, 45027, 0, 12927, 45803, 37756, 15791, 34268, 24466, 41811, 22062, 0, 37380, 30083, 0, 27737, 44935, 43248, 43561, 0, 45172, 29852, 31528, 9928, 31831, 37546, 38171, 0, 31302, 24144, 42724, 34740, 42752, 0, 32685, 30858, 10179, 0, 44954, 38927, 18406, 35592, 0, 19465, -1, 40571, 32107, 28484, 40714, 0, 0, 28422, 34185, 0, 0, 45824, 0, 19007, 21457],[32793, 0, 36304, 14383, 0, 20649, 0, 2669, 7449, 36431, 37868, 39483, 0, 8324, 0, 31794, 37731, 16963, 34188, 0, 0, 0, 32767, 0, 36307, 38043, 13774, 24133, 11606, 8539, 31773, 0, 0, 33254, 0, 42394, 0, 29509, 34343, 28829, 28904, 19730, 40236, 36666, 0, 0, 43261, 37435, 33490, 28101, 0, 0, 43970, 0, 28763, 12119, 0, 34402, 45816, 29670, 35607, 44748, 13771, 0, 0, 33094, 40571, -1, 30738, 30472, 0, 45691, 43500, 22095, 0, 0, 44111, 32655, 0, 31159, 44840],[0, 38369, 0, 31986, 25873, 42591, 34660, 15265, 39327, 0, 12243, 30250, 11480, 40265, 39926, 46094, 39981, 0, 26934, 27252, 45318, 0, 24308, 35391, 21388, 0, 0, 0, 0, 42526, 36714, 42276, 0, 28027, 28313, 31229, 15726, 0, 31368, 0, 0, 0, 30979, 38220, 16853, 0, 46028, 0, 15421, 0, 17804, 11374, 45556, 0, 39540, 34139, 40980, 42003, 29723, 0, 24042, 36109, 0, 34502, 29471, 35157, 32107, 30738, -1, 31634, 33492, 35230, 35223, 44837, 0, 34285, 37637, 27662, 37649, 27066, 10268],[29701, 0, 9202, 35003, 19093, 0, 36737, 0, 37737, 45173, 43347, 36681, 44923, 0, 0, 38062, 41867, 40094, 27413, 0, 39461, 17366, 40558, 39649, 36012, 25281, 32659, 0, 16517, 0, 39254, 42568, 19826, 25707, 20183, 38895, 0, 0, 9356, 0, 26042, 39754, 0, 44670, 0, 29519, 32137, 43905, 36562, 28218, 30573, 36399, 31130, 0, 0, 29412, 44689, 31359, 0, 0, 0, 0, 44669, 0, 44395, 0, 28484, 30472, 31634, -1, 41843, 30264, 0, 0, 0, 38626, 41622, 0, 13120, 39729, 41887],[0, 30264, 25718, 37320, 34977, 29723, 40192, 45392, 0, 29494, 40215, 28977, 41386, 28169, 35615, 44530, 41679, 36522, 18929, 25539, 43489, 0, 36626, 30063, 33949, 0, 46184, 28602, 29782, 9757, 0, 39651, 42706, 34886, 0, 13249, 0, 29429, 21487, 0, 36820, 32606, 32902, 0, 44841, 10523, 39096, 28331, 14599, 37946, 38227, 14156, 0, 44154, 42901, 44787, 32099, 34339, 39185, 20069, 33629, 18602, 0, 10048, 29358, 45078, 40714, 0, 33492, 41843, -1, 36775, 29127, 43388, 31589, 0, 30447, 0, 0, 0, 18269],[19965, 35452, 22655, 31197, 35578, 0, 0, 5037, 26435, 40766, 19584, 0, 45042, 3175, 0, 43351, 43321, 0, 42695, 0, 0, 40077, 16895, 46293, 32415, 41806, 0, 46094, 44383, 19478, 7852, 22861, 0, 14001, 34301, 43976, 40650, 44384, 40786, 32510, 46273, 42463, 0, 28232, 0, 0, 45491, 28048, 12340, 36996, 0, 0, 42733, 27953, 27608, 0, 40900, 12637, 41761, 19175, 0, 32829, 0, 33281, 40214, 0, 0, 45691, 35230, 30264, 36775, -1, 26798, 0, 25835, 41673, 0, 0, 43971, 41898, 36810],[0, 42924, 0, 35250, 42200, 0, 0, 11582, 0, 30442, 37472, 25595, 0, 19885, 45317, 0, 21786, 0, 45811, 0, 0, 29591, 0, 46003, 35566, 42915, 41530, 39922, 34632, 0, 0, 39007, 0, 43774, 0, 36983, 44822, 0, 4899, 24042, 41596, 35329, 31271, 38078, 45196, 0, 42970, 45188, 0, 0, 0, 0, 16676, 42605, 41554, 0, 28883, 18686, 24505, 45356, 0, 41859, 35058, 32290, 19314, 0, 0, 43500, 35223, 0, 29127, 26798, -1, 0, 24965, 0, 45875, 42832, 0, 33645, 0],[9033, 23486, 31354, 0, 33501, 24401, 0, 0, 31395, 0, 0, 0, 24447, 43991, 0, 24060, 13685, 0, 26665, 0, 0, 0, 0, 17368, 43044, 38971, 22504, 0, 20586, 15005, 0, 37374, 15718, 0, 0, 0, 38878, 0, 29490, 0, 17514, 35959, 33195, 8354, 0, 0, 38091, 0, 0, 22303, 0, 39018, 0, 0, 30847, 0, 36020, 34785, 20208, 17048, 11343, 21524, 33018, 0, 30443, 0, 28422, 22095, 44837, 0, 43388, 0, 0, -1, 0, 0, 26643, 37209, 44380, 0, 37282],[42313, 42207, 33542, 24845, 0, 0, 39596, 30767, 32210, 44985, 10714, 0, 20831, 45918, 36763, 39526, 36137, 32558, 27025, 42007, 32620, 44044, 0, 37129, 40044, 0, 594, 0, 40717, 0, 26164, 0, 24692, 0, 39219, 0, 0, 30662, 0, 0, 44325, 28393, 0, 0, 14159, 39122, 26308, 0, 0, 43337, 34760, 35347, 27469, 31912, 41800, 0, 15053, 41347, 27650, 0, 0, 0, 20405, 30601, 37968, 41651, 34185, 0, 0, 0, 31589, 25835, 24965, 0, -1, 14897, 27637, 0, 0, 0, 0],[41363, 43413, 4765, 44686, 8010, 42374, 36456, 35661, 39251, 0, 35758, 44696, 34397, 31869, 45551, 40336, 44427, 37279, 0, 35903, 45069, 0, 26973, 37047, 0, 33657, 30199, 0, 8410, 0, 0, 0, 0, 0, 0, 41558, 0, 25777, 37802, 40148, 0, 13732, 0, 0, 26751, 32956, 38289, 37870, 32789, 0, 40119, 40377, 24376, 17236, 21137, 0, 30811, 35139, 37184, 13771, 5673, 37767, 0, 0, 0, 20335, 0, 0, 34285, 38626, 0, 41673, 0, 0, 14897, -1, 45986, 42474, 0, 44993, 34382],[0, 31392, 38993, 42662, 39740, 31031, 30600, 25111, 11080, 45532, 0, 0, 0, 36229, 20135, 0, 15804, 0, 0, 10638, 0, 0, 0, 0, 45930, 38660, 25175, 0, 29917, 43689, 43859, 0, 0, 34622, 40191, 28768, 34778, 0, 0, 41563, 31794, 33050, 7639, 36278, 0, 25306, 0, 25293, 0, 0, 42776, 0, 0, 0, 24569, 22023, 0, 23286, 35946, 28470, 45665, 9119, 0, 46223, 0, 31649, 0, 44111, 37637, 41622, 30447, 0, 45875, 26643, 27637, 45986, -1, 41876, 22579, 35556, 0],[36700, 0, 44017, 43917, 34593, 17232, 0, 0, 15931, 40145, 0, 0, 0, 0, 24847, 38063, 0, 26201, 31255, 0, 0, 42240, 45150, 44895, 43537, 25861, 35459, 37690, 0, 19982, 0, 22599, 0, 40027, 15700, 45686, 41839, 45949, 0, 46132, 0, 28847, 31395, 0, 44623, 31099, 35963, 41424, 0, 0, 38944, 41732, 0, 21109, 23828, 0, 0, 28939, 3393, 3479, 31052, 13739, 37478, 0, 0, 4577, 45824, 32655, 27662, 0, 0, 0, 42832, 37209, 0, 42474, 41876, -1, 0, 28145, 8939],[27985, 40026, 0, 4553, 42625, 0, 0, 0, 16919, 40754, 0, 36218, 43911, 26799, 33995, 18280, 0, 0, 0, 34567, 40878, 0, 9796, 0, 0, 45451, 0, 31506, 28001, 0, 24928, 0, 0, 15890, 45980, 42730, 0, 0, 35023, 21307, 0, 18511, 35761, 16683, 25382, 39167, 34386, 0, 39228, 44058, 7748, 44104, 31521, 45447, 28016, 0, 0, 13140, 37701, 20322, 39588, 46300, 25471, 34828, 42596, 32386, 0, 0, 37649, 13120, 0, 43971, 0, 44380, 0, 0, 22579, 0, -1, 0, 3489],[41910, 17653, 41065, 13486, 12583, 2960, 30011, 45701, 25401, 44835, 42662, 44917, 45107, 21140, 44280, 0, 0, 40849, 21699, 39914, 0, 0, 39891, 7155, 29145, 31580, 0, 0, 11528, 16175, 45191, 20282, 0, 31363, 20562, 0, 0, 25202, 0, 0, 0, 16175, 0, 30443, 31588, 29303, 0, 36129, 18352, 0, 0, 40835, 27223, 35630, 0, 0, 0, 29620, 0, 37989, 42088, 41229, 41670, 13671, 0, 35654, 19007, 31159, 27066, 39729, 0, 41898, 33645, 0, 0, 44993, 35556, 28145, 0, -1, 46123],[35815, 45488, 38746, 14749, 38910, 38563, 0, 42694, 43691, 41425, 44689, 32422, 9510, 44836, 0, 41612, 0, 25279, 0, 0, 39090, 42170, 0, 32609, 39433, 43559, 17353, 0, 0, 12196, 46018, 0, 0, 25648, 0, 0, 40390, 17995, 0, 31377, 17304, 23723, 19900, 33944, 0, 0, 25607, 41239, 43969, 41952, 0, 0, 8813, 23606, 15206, 42560, 34741, 0, 10626, 24490, 21931, 34675, 10842, 0, 20607, 42243, 21457, 44840, 10268, 41887, 18269, 36810, 0, 37282, 0, 34382, 0, 8939, 3489, 46123, -1]]