25
[[-1, 0, 26289, 0, 33160, 0, 31701, 46200, 33187, 10798, 36451, 0, 0, 38568, 0, 0, 30739, 0, 33729, 15606, 32707, 45459, 40264, 29969, 0],[0, -1, 17753, 0, 34437, 27893, 42999, 0, 0, 23055, 28041, 0, 14925, 8764, 30760, 19404, 0, 41851, 39983, 14537, 38474, 44816, 0, 30326, 40136],[26289, 17753, -1, 15308, 33784, 0, 0, 0, 18537, 31191, 0, 38721, 26638, 22979, 46060, 34805, 44078, 46257, 35450, 41919, 20170, 24014, 31715, 24772, 29830],[0, 0, 15308, -1, 26985, 44273, 0, 42587, 0, 19868, 44425, 38620, 37732, 40985, 7595, 44188, 0, 28760, 44391, 34099, 0, 0, 0, 0, 45296],[33160, 34437, 33784, 26985, -1, 29737, 43281, 0, 0, 36535, 40452, 39094, 0, 0, 0, 46251, 0, 33769, 34770, 37856, 19283, 26832, 44148, 44393, 14188],[0, 27893, 0, 44273, 29737, -1, 35947, 0, 0, 30830, 34772, 0, 38684, 0, 8129, 0, 44771, 34422, 0, 36438, 33456, 35236, 45034, 14315, 7825],[31701, 42999, 0, 0, 43281, 35947, -1, 0, 25776, 34982, 31928, 42026, 42274, 30137, 31927, 0, 0, 0, 34606, 36083, 0, 18551, 0, 12629, 39618],[46200, 0, 0, 42587, 0, 0, 0, -1, 17838, 0, 37340, 0, 36309, 32747, 41658, 42816, 0, 25084, 42402, 45826, 32925, 0, 0, 37564, 43831],[33187, 0, 18537, 0, 0, 0, 25776, 17838, -1, 27063, 0, 0, 0, 0, 0, 23298, 36762, 40269, 21905, 0, 43630, 0, 43179, 11551, 26785],[10798, 23055, 31191, 19868, 36535, 30830, 34982, 0, 27063, -1, 0, 42366, 39660, 0, 35430, 26564, 34051, 43604, 21562, 37987, 0, 25857, 11684, 43086, 26871],[36451, 28041, 0, 44425, 40452, 34772, 31928, 37340, 0, 0, -1, 0, 25959, 0, 13851, 0, 0, 0, 0, 29698, 43991, 27775, 37574, 36852, 0],[0, 0, 38721, 38620, 39094, 0, 42026, 0, 0, 42366, 0, -1, 0, 22450, 5489, 25491, 0, 0, 0, 25152, 0, 28632, 18073, 39858, 0],[0, 14925, 26638, 37732, 0, 38684, 42274, 36309, 0, 39660, 25959, 0, -1, 0, 9845, 0, 0, 37665, 36222, 8082, 24141, 42338, 12605, 38008, 0],[38568, 8764, 22979, 40985, 0, 0, 30137, 32747, 0, 0, 0, 22450, 0, -1, 34282, 12286, 0, 36265, 43161, 34413, 0, 0, 0, 0, 0],[0, 30760, 46060, 7595, 0, 8129, 31927, 41658, 0, 35430, 13851, 5489, 9845, 34282, -1, 0, 18463, 21313, 30686, 0, 29373, 0, 31480, 0, 33600],[0, 19404, 34805, 44188, 46251, 0, 0, 42816, 23298, 26564, 0, 25491, 0, 12286, 0, -1, 0, 38374, 32308, 33530, 21551, 23822, 32211, 22728, 37336],[30739, 0, 44078, 0, 0, 44771, 0, 0, 36762, 34051, 0, 0, 0, 0, 18463, 0, -1, 10203, 0, 26145, 44139, 26773, 41938, 0, 17988],[0, 41851, 46257, 28760, 33769, 34422, 0, 25084, 40269, 43604, 0, 0, 37665, 36265, 21313, 38374, 10203, -1, 33123, 43932, 0, 0, 19881, 22793, 12294],[33729, 39983, 35450, 44391, 34770, 0, 34606, 42402, 21905, 21562, 0, 0, 36222, 43161, 30686, 32308, 0, 33123, -1, 0, 0, 6026, 38409, 37670, 0],[15606, 14537, 41919, 34099, 37856, 36438, 36083, 45826, 0, 37987, 29698, 25152, 8082, 34413, 0, 33530, 26145, 43932, 0, -1, 35195, 44355, 0, 38468, 45479],[32707, 38474, 20170, 0, 19283, 33456, 0, 32925, 43630, 0, 43991, 0, 24141, 0, 29373, 21551, 44139, 0, 0, 35195, -1, 13272, 18263, 20014, 39181],[45459, 44816, 24014, 0, 26832, 35236, 18551, 0, 0, 25857, 27775, 28632, 42338, 0, 0, 23822, 26773, 0, 6026, 44355, 13272, -1, 13207, 0, 26442],[40264, 0, 31715, 0, 44148, 45034, 0, 0, 43179, 11684, 37574, 18073, 12605, 0, 31480, 32211, 41938, 19881, 38409, 0, 18263, 13207, -1, 38643, 25505],[29969, 30326, 24772, 0, 44393, 14315, 12629, 37564, 11551, 43086, 36852, 39858, 38008, 0, 0, 22728, 0, 22793, 37670, 38468, 20014, 0, 38643, -1, 22856],[0, 40136, 29830, 45296, 14188, 7825, 39618, 43831, 26785, 26871, 0, 0, 0, 0, 33600, 37336, 17988, 12294, 0, 45479, 39181, 26442, 25505, 22856, -1]]