69
[[-1, 29015, 0, 0, 18656, 0, 35893, 16769, 35642, 12694, 37259, 39452, 35697, 0, 0, 0, 25885, 0, 0, 38679, 34137, 45456, 31999, 8534, 45439, 34655, 45415, 33082, 29295, 20893, 0, 37066, 0, 21222, 44532, 10532, 0, 6217, 36101, 38638, 38657, 0, 0, 24955, 0, 42143, 44376, 0, 22649, 10981, 0, 34496, 21373, 0, 0, 0, 0, 22601, 13946, 29115, 39007, 40792, 27157, 0, 0, 10523, 34284, 0, 46191],[29015, -1, 44304, 40743, 41769, 38104, 28343, 37811, 0, 0, 0, 38507, 45457, 0, 0, 0, 29440, 0, 39238, 0, 0, 25729, 0, 6811, 0, 0, 0, 11106, 12403, 0, 39428, 32285, 32112, 0, 0, 32278, 0, 0, 45552, 0, 35184, 31580, 35641, 32624, 0, 0, 6468, 26882, 0, 5864, 14125, 0, 0, 16799, 27339, 23579, 0, 0, 0, 15100, 0, 42698, 32343, 13105, 0, 0, 24013, 35778, 35818],[0, 44304, -1, 34036, 20539, 27612, 0, 34226, 0, 0, 0, 13877, 0, 45700, 0, 0, 35726, 0, 39852, 26541, 0, 44948, 0, 14884, 11878, 33683, 0, 42497, 44085, 0, 41631, 8660, 33348, 0, 42600, 0, 4614, 26018, 22041, 32286, 6359, 0, 42664, 0, 0, 38930, 43350, 7423, 45150, 0, 0, 40966, 27186, 26917, 0, 37028, 0, 16139, 42145, 0, 14275, 31279, 0, 0, 0, 27688, 42513, 23122, 35179],[0, 40743, 34036, -1, 12151, 31854, 0, 17438, 0, 28097, 0, 25153, 20591, 0, 36286, 33384, 0, 40332, 0, 0, 19907, 38673, 41160, 14410, 9331, 9840, 36888, 0, 40003, 28889, 28826, 28018, 26712, 31082, 0, 25162, 10442, 24786, 0, 10356, 28832, 24857, 35508, 35633, 0, 27998, 41015, 0, 28950, 0, 32629, 43785, 12844, 24301, 39525, 34890, 0, 36665, 0, 44752, 36644, 23976, 43686, 0, 37795, 17280, 34039, 0, 0],[18656, 41769, 20539, 12151, -1, 0, 41422, 33536, 45534, 0, 42697, 0, 29316, 20188, 36733, 0, 4665, 29312, 28098, 0, 0, 0, 0, 25258, 0, 0, 0, 38351, 44268, 0, 35185, 26218, 0, 0, 29593, 0, 0, 31013, 0, 27893, 23749, 42688, 42118, 20261, 0, 8939, 34156, 35015, 34855, 31733, 32749, 42173, 27292, 0, 0, 13642, 26432, 0, 0, 22859, 0, 24144, 41368, 37310, 39818, 34356, 0, 45552, 35018],[0, 38104, 27612, 31854, 0, -1, 43864, 26673, 29189, 34728, 33295, 0, 0, 9880, 0, 32622, 0, 22821, 44658, 34885, 9982, 0, 0, 0, 14368, 0, 44812, 0, 28070, 0, 26113, 22666, 20949, 3915, 25239, 37614, 0, 44408, 0, 25506, 18960, 45673, 35391, 45102, 0, 44651, 0, 0, 0, 38778, 0, 0, 28234, 0, 14812, 17770, 14696, 36094, 32695, 0, 42119, 38402, 0, 46292, 17241, 44472, 16017, 0, 0],[35893, 28343, 0, 0, 41422, 43864, -1, 0, 32964, 0, 26728, 0, 39809, 0, 20645, 31243, 31723, 0, 42101, 37005, 35912, 45753, 0, 35889, 0, 30538, 0, 44180, 36018, 16108, 23136, 0, 33125, 14986, 0, 43677, 15757, 18103, 10649, 24033, 0, 0, 36652, 26545, 15067, 0, 19956, 0, 36107, 0, 0, 0, 36610, 43754, 0, 0, 8777, 0, 33359, 35773, 23995, 0, 0, 42735, 44082, 12351, 34134, 0, 30877],[16769, 37811, 34226, 17438, 33536, 26673, 0, -1, 38601, 0, 42228, 0, 41424, 41917, 31024, 31138, 8690, 44145, 33453, 0, 34338, 0, 32262, 27518, 0, 0, 43654, 43903, 0, 30037, 11215, 36347, 29738, 0, 39051, 37548, 43677, 0, 44787, 31095, 0, 44835, 45790, 43582, 17875, 40241, 24891, 24042, 0, 17127, 0, 43055, 17956, 28141, 0, 0, 42509, 33616, 0, 12709, 0, 44977, 9382, 18160, 15749, 0, 0, 13852, 44510],[35642, 0, 0, 0, 45534, 29189, 32964, 38601, -1, 12460, 0, 38071, 0, 32101, 0, 0, 27328, 4814, 0, 31729, 39022, 18824, 21178, 8055, 0, 44170, 43859, 40503, 0, 0, 33836, 0, 35594, 0, 30988, 35180, 30135, 44443, 35102, 42748, 38065, 32125, 41843, 42397, 25857, 32797, 0, 0, 44572, 30134, 43431, 38422, 22429, 37423, 5034, 0, 26759, 0, 33619, 31125, 0, 9609, 0, 0, 40661, 36274, 26779, 45497, 4085],[12694, 0, 0, 28097, 0, 34728, 0, 0, 12460, -1, 41160, 28193, 0, 0, 0, 28797, 0, 38508, 43369, 26384, 0, 0, 35763, 25180, 20001, 43959, 46033, 0, 9737, 45251, 12151, 32722, 39084, 0, 0, 36064, 46272, 29014, 33769, 31723, 28430, 0, 6291, 0, 35566, 36386, 0, 36968, 33921, 43399, 45523, 0, 7737, 40752, 0, 41470, 41298, 39738, 24596, 26804, 0, 45855, 0, 29128, 14925, 34521, 30288, 16047, 22919],[37259, 0, 0, 0, 42697, 33295, 26728, 42228, 0, 41160, -1, 36821, 36970, 12002, 0, 0, 0, 0, 13885, 36531, 44162, 0, 31937, 0, 45119, 32612, 45183, 0, 27862, 34884, 34292, 19503, 44582, 27704, 0, 0, 20299, 14772, 31257, 5300, 31718, 37670, 29148, 36846, 13218, 0, 0, 0, 35450, 32416, 15563, 0, 0, 31407, 22638, 38039, 0, 0, 38754, 44937, 39060, 28299, 0, 21152, 33654, 37919, 16020, 32338, 0],[39452, 38507, 13877, 25153, 0, 0, 0, 0, 38071, 28193, 36821, -1, 0, 35682, 24890, 29620, 27776, 0, 0, 32665, 0, 21265, 36232, 36443, 39457, 0, 39073, 27299, 45224, 31828, 44488, 0, 0, 33884, 28205, 14397, 0, 38605, 8112, 16920, 26799, 43477, 32953, 46214, 17505, 15769, 19595, 0, 0, 24463, 21215, 17965, 34836, 13407, 0, 16183, 28899, 0, 42773, 0, 0, 35780, 34400, 0, 23356, 32060, 0, 33443, 0],[35697, 45457, 0, 20591, 29316, 0, 39809, 41424, 0, 0, 36970, 0, -1, 28097, 0, 22341, 23734, 0, 39196, 28163, 36317, 0, 23813, 0, 28017, 37678, 0, 9194, 33295, 25895, 0, 0, 18397, 34567, 23699, 25966, 0, 38485, 26550, 0, 34587, 38013, 26345, 17850, 17222, 28422, 0, 36254, 44232, 26939, 38657, 0, 15375, 36020, 42357, 43781, 0, 0, 11646, 0, 43632, 25464, 33629, 10220, 0, 26193, 0, 0, 28446],[0, 0, 45700, 0, 20188, 9880, 0, 41917, 32101, 0, 12002, 35682, 28097, -1, 0, 28083, 35122, 0, 0, 44366, 0, 0, 25812, 20968, 20495, 0, 32779, 38685, 19994, 0, 0, 0, 0, 0, 41002, 0, 30484, 34849, 15482, 0, 36254, 0, 27846, 39724, 0, 32900, 0, 43233, 19485, 0, 0, 42226, 38534, 46209, 15715, 38658, 0, 30327, 0, 10746, 0, 0, 22921, 16756, 15318, 0, 27742, 23954, 43852],[0, 0, 0, 36286, 36733, 0, 20645, 31024, 0, 0, 0, 24890, 0, 0, -1, 20007, 0, 35542, 23466, 0, 31596, 0, 44873, 0, 11584, 7984, 24254, 42747, 0, 30390, 0, 35406, 40161, 40901, 36936, 16458, 39068, 24128, 45468, 41005, 29053, 37044, 41485, 25797, 45063, 33475, 0, 0, 40527, 40205, 0, 0, 7288, 31964, 0, 0, 0, 31815, 0, 0, 35408, 0, 37593, 24216, 43937, 39334, 41163, 17523, 29635],[0, 0, 0, 33384, 0, 32622, 31243, 31138, 0, 28797, 0, 29620, 22341, 28083, 20007, -1, 0, 22615, 0, 33191, 19604, 15127, 41800, 33573, 33584, 21714, 21087, 0, 21886, 14460, 38765, 0, 16476, 26756, 0, 45735, 41206, 22871, 0, 0, 0, 36748, 0, 0, 33186, 0, 37956, 40009, 0, 0, 0, 7583, 18399, 30723, 0, 0, 0, 22460, 0, 0, 13463, 44575, 0, 29369, 26871, 31431, 9149, 41579, 0],[25885, 29440, 35726, 0, 4665, 0, 31723, 8690, 27328, 0, 0, 27776, 23734, 35122, 0, 0, -1, 0, 20429, 13780, 30698, 0, 28205, 0, 0, 0, 25065, 0, 28119, 38149, 29060, 0, 18415, 45088, 0, 0, 38338, 37453, 0, 42901, 0, 14640, 24414, 24404, 29075, 46139, 31681, 0, 38525, 34884, 0, 34317, 0, 41280, 0, 24386, 7224, 45854, 42546, 0, 43569, 0, 0, 38500, 37545, 0, 9322, 29729, 32616],[0, 0, 0, 40332, 29312, 22821, 0, 44145, 4814, 38508, 0, 0, 0, 0, 35542, 22615, 0, -1, 42893, 0, 39129, 45752, 32706, 0, 0, 41384, 34433, 27570, 20940, 34083, 29185, 0, 0, 43684, 36253, 0, 0, 30357, 29798, 27403, 0, 25218, 0, 6800, 31458, 42748, 44379, 16778, 0, 22078, 25589, 37881, 0, 35912, 18378, 22898, 0, 37778, 12040, 36903, 39562, 34248, 0, 25439, 30562, 40939, 0, 0, 45879],[0, 39238, 39852, 0, 28098, 44658, 42101, 33453, 0, 43369, 13885, 0, 39196, 0, 23466, 0, 20429, 42893, -1, 13575, 0, 33824, 38774, 33771, 0, 0, 9970, 0, 35805, 0, 43749, 43256, 0, 15541, 43281, 35915, 10503, 0, 46081, 19443, 0, 32231, 0, 0, 0, 37406, 0, 9519, 41372, 0, 37114, 32524, 0, 0, 0, 45472, 23617, 37063, 44928, 22109, 41499, 0, 38316, 0, 0, 0, 0, 28488, 0],[38679, 0, 26541, 0, 0, 34885, 37005, 0, 31729, 26384, 36531, 32665, 28163, 44366, 0, 33191, 13780, 0, 13575, -1, 0, 27828, 14364, 42930, 39828, 41814, 0, 30574, 18632, 0, 44227, 44572, 44975, 0, 0, 32772, 44392, 0, 44094, 31519, 32817, 0, 0, 17799, 31232, 38619, 19421, 0, 0, 0, 19827, 30027, 37755, 35391, 5176, 0, 0, 0, 0, 41448, 41709, 37624, 44783, 35871, 36532, 24357, 20470, 42253, 45815],[34137, 0, 0, 19907, 0, 9982, 35912, 34338, 39022, 0, 44162, 0, 36317, 0, 31596, 19604, 30698, 39129, 0, 0, -1, 0, 39805, 13898, 43789, 24820, 0, 18821, 21544, 39788, 0, 30461, 43500, 24370, 0, 36448, 0, 0, 40315, 39477, 37863, 0, 29513, 29976, 27188, 23542, 14511, 28140, 28278, 41635, 16331, 0, 41727, 0, 0, 27948, 26117, 0, 0, 45446, 13980, 43480, 44374, 33113, 29148, 2669, 37301, 38178, 45953],[45456, 25729, 44948, 38673, 0, 0, 45753, 0, 18824, 0, 0, 21265, 0, 0, 0, 15127, 0, 45752, 33824, 27828, 0, -1, 27459, 0, 42278, 23607, 0, 26926, 13994, 0, 43722, 40199, 0, 0, 30249, 16741, 32649, 29753, 17152, 44206, 45647, 16660, 43500, 0, 34346, 0, 43785, 24950, 33064, 18079, 0, 36410, 0, 0, 31148, 0, 0, 38373, 0, 0, 33796, 14147, 35286, 0, 0, 18811, 45522, 26483, 0],[31999, 0, 0, 41160, 0, 0, 0, 32262, 21178, 35763, 31937, 36232, 23813, 25812, 44873, 41800, 28205, 32706, 38774, 14364, 39805, 27459, -1, 0, 7805, 31861, 4491, 28632, 0, 43982, 10439, 38970, 25036, 13384, 24368, 32545, 40713, 0, 19335, 29925, 44479, 4402, 26515, 40441, 30934, 35003, 6286, 0, 0, 0, 43519, 9699, 36850, 0, 20715, 21257, 0, 29836, 41572, 26153, 23713, 38809, 39736, 40786, 0, 44804, 30082, 0, 0],[8534, 6811, 14884, 14410, 25258, 0, 35889, 27518, 8055, 25180, 0, 36443, 0, 20968, 0, 33573, 0, 0, 33771, 42930, 13898, 0, 0, -1, 0, 0, 33857, 0, 36126, 0, 29850, 4268, 45851, 40711, 38826, 20174, 0, 44183, 35219, 40699, 0, 38937, 23771, 0, 41815, 15919, 45738, 0, 0, 0, 0, 27935, 37888, 1892, 30158, 0, 27825, 36669, 41280, 46322, 0, 36157, 42527, 13003, 0, 0, 25871, 24328, 0],[45439, 0, 11878, 9331, 0, 14368, 0, 0, 0, 20001, 45119, 39457, 28017, 20495, 11584, 33584, 0, 0, 0, 39828, 43789, 42278, 7805, 0, -1, 39265, 0, 18785, 29826, 0, 38222, 19823, 0, 21751, 22908, 24637, 0, 35142, 42872, 0, 0, 0, 17498, 0, 37078, 20156, 11341, 23347, 34177, 23716, 23158, 0, 34638, 0, 46276, 20244, 42733, 35592, 34328, 0, 0, 29174, 21150, 0, 16485, 0, 0, 11953, 19083],[34655, 0, 33683, 9840, 0, 0, 30538, 0, 44170, 43959, 32612, 0, 37678, 0, 7984, 21714, 0, 41384, 0, 41814, 24820, 23607, 31861, 0, 39265, -1, 20524, 18304, 38869, 0, 25314, 0, 40206, 20512, 34723, 38491, 33119, 18670, 27466, 42617, 37418, 0, 0, 40464, 17887, 25621, 45858, 28863, 45652, 16045, 0, 41013, 0, 21740, 21929, 0, 12038, 0, 0, 38617, 4417, 39070, 40896, 16491, 14002, 0, 0, 15220, 17085],[45415, 0, 0, 36888, 0, 44812, 0, 43654, 43859, 46033, 45183, 39073, 0, 32779, 24254, 21087, 25065, 34433, 9970, 0, 0, 0, 4491, 33857, 0, 20524, -1, 19791, 34785, 0, 21244, 24163, 24255, 38084, 40492, 0, 35757, 31072, 0, 19659, 31028, 33285, 20734, 0, 41241, 35066, 41966, 44050, 40311, 7058, 0, 42060, 45382, 9731, 0, 34518, 0, 24179, 44605, 41581, 33593, 29735, 0, 0, 20368, 42571, 41435, 26790, 0],[33082, 11106, 42497, 0, 38351, 0, 44180, 43903, 40503, 0, 0, 27299, 9194, 38685, 42747, 0, 0, 27570, 0, 30574, 18821, 26926, 28632, 0, 18785, 18304, 19791, -1, 39121, 27194, 0, 18378, 0, 43944, 0, 7997, 39461, 35510, 12697, 31678, 0, 37516, 0, 0, 0, 0, 42742, 40152, 0, 41806, 0, 0, 34910, 12248, 0, 21501, 25431, 0, 0, 38308, 0, 0, 0, 40042, 31933, 0, 0, 39078, 45624],[29295, 12403, 44085, 40003, 44268, 28070, 36018, 0, 0, 9737, 27862, 45224, 33295, 19994, 0, 21886, 28119, 20940, 35805, 18632, 21544, 13994, 0, 36126, 29826, 38869, 34785, 39121, -1, 15600, 36458, 42344, 0, 0, 0, 0, 34152, 12198, 17468, 0, 0, 37110, 0, 0, 27422, 41859, 38335, 16976, 38535, 43494, 0, 0, 40333, 0, 0, 35759, 0, 0, 29752, 0, 42326, 0, 0, 40278, 43350, 0, 43282, 27748, 0],[20893, 0, 0, 28889, 0, 0, 16108, 30037, 0, 45251, 34884, 31828, 25895, 0, 30390, 14460, 38149, 34083, 0, 0, 39788, 0, 43982, 0, 0, 0, 0, 27194, 15600, -1, 35601, 29819, 39762, 0, 29047, 0, 23254, 7056, 46171, 19237, 21246, 0, 20201, 0, 0, 0, 43419, 0, 31913, 40462, 38024, 39875, 11684, 18213, 21374, 45322, 0, 18674, 0, 41046, 32379, 0, 36102, 33176, 36310, 40900, 35851, 32675, 26400],[0, 39428, 41631, 28826, 35185, 26113, 23136, 11215, 33836, 12151, 34292, 44488, 0, 0, 0, 38765, 29060, 29185, 43749, 44227, 0, 43722, 10439, 29850, 38222, 25314, 21244, 0, 36458, 35601, -1, 0, 40927, 19415, 35607, 29225, 30721, 41372, 35027, 19839, 0, 22510, 0, 31558, 27737, 45331, 26312, 30137, 43082, 28221, 38214, 0, 11630, 31917, 18080, 20683, 0, 30847, 39532, 45410, 45894, 0, 45799, 12953, 31017, 43720, 0, 25477, 0],[37066, 32285, 8660, 28018, 26218, 22666, 0, 36347, 0, 32722, 19503, 0, 0, 0, 35406, 0, 0, 0, 43256, 44572, 30461, 40199, 38970, 4268, 19823, 0, 24163, 18378, 42344, 29819, 0, -1, 0, 17816, 0, 0, 16451, 0, 0, 0, 0, 18125, 28283, 45290, 43517, 0, 0, 28262, 37682, 25271, 44493, 0, 0, 19745, 46336, 43641, 0, 45019, 0, 12226, 41947, 38014, 37317, 29001, 0, 31268, 0, 0, 21484],[0, 32112, 33348, 26712, 0, 20949, 33125, 29738, 35594, 39084, 44582, 0, 18397, 0, 40161, 16476, 18415, 0, 0, 44975, 43500, 0, 25036, 45851, 0, 40206, 24255, 0, 0, 39762, 40927, 0, -1, 0, 12371, 0, 0, 11990, 34762, 28464, 43180, 37749, 26099, 0, 45736, 34827, 12276, 41127, 39733, 0, 29152, 26102, 38038, 21644, 25308, 0, 43225, 40922, 0, 23677, 42010, 0, 29698, 30878, 0, 32127, 39945, 15532, 31780],[21222, 0, 0, 31082, 0, 3915, 14986, 0, 0, 0, 27704, 33884, 34567, 0, 40901, 26756, 45088, 43684, 15541, 0, 24370, 0, 13384, 40711, 21751, 20512, 38084, 43944, 0, 0, 19415, 17816, 0, -1, 20408, 45308, 35646, 21253, 27168, 42244, 0, 0, 30961, 18931, 45456, 11179, 0, 41617, 0, 31130, 37517, 39922, 16773, 40021, 0, 34189, 33615, 33003, 0, 41424, 0, 36103, 40571, 0, 23212, 0, 32382, 0, 0],[44532, 0, 42600, 0, 29593, 25239, 0, 39051, 30988, 0, 0, 28205, 23699, 41002, 36936, 0, 0, 36253, 43281, 0, 0, 30249, 24368, 38826, 22908, 34723, 40492, 0, 0, 29047, 35607, 0, 12371, 20408, -1, 42306, 41324, 0, 44742, 21587, 45668, 38337, 33390, 0, 0, 0, 18240, 0, 0, 41027, 35679, 42048, 44444, 12398, 0, 0, 23082, 35324, 17394, 0, 0, 0, 44345, 0, 30012, 28687, 25595, 0, 0],[10532, 32278, 0, 25162, 0, 37614, 43677, 37548, 35180, 36064, 0, 14397, 25966, 0, 16458, 45735, 0, 0, 35915, 32772, 36448, 16741, 32545, 20174, 24637, 38491, 0, 7997, 0, 0, 29225, 0, 0, 45308, 42306, -1, 26185, 37946, 39974, 12457, 28885, 23639, 35192, 0, 37831, 0, 0, 0, 25236, 14986, 0, 26461, 26293, 15272, 44565, 0, 30840, 44869, 45436, 42539, 44324, 0, 39094, 45034, 0, 0, 34422, 35778, 45236],[0, 0, 4614, 10442, 0, 0, 15757, 43677, 30135, 46272, 20299, 0, 0, 30484, 39068, 41206, 38338, 0, 10503, 44392, 0, 32649, 40713, 0, 0, 33119, 35757, 39461, 34152, 23254, 30721, 16451, 0, 35646, 41324, 26185, -1, 13221, 33313, 28149, 4338, 36887, 25712, 36322, 0, 0, 42999, 24412, 27003, 41203, 29738, 18401, 0, 44673, 41638, 21483, 0, 19442, 0, 0, 0, 35339, 40906, 27848, 29457, 0, 17708, 0, 33541],[6217, 0, 26018, 24786, 31013, 44408, 18103, 0, 44443, 29014, 14772, 38605, 38485, 34849, 24128, 22871, 37453, 30357, 0, 0, 0, 29753, 0, 44183, 35142, 18670, 31072, 35510, 12198, 7056, 41372, 0, 11990, 21253, 0, 37946, 13221, -1, 10066, 0, 45454, 44313, 28498, 27814, 37864, 22821, 40106, 0, 29647, 28071, 44285, 35225, 18297, 0, 30385, 0, 43658, 34128, 38948, 0, 41459, 37700, 28440, 0, 35633, 43693, 0, 43261, 40252],[36101, 45552, 22041, 0, 0, 0, 10649, 44787, 35102, 33769, 31257, 8112, 26550, 15482, 45468, 0, 0, 29798, 46081, 44094, 40315, 17152, 19335, 35219, 42872, 27466, 0, 12697, 17468, 46171, 35027, 0, 34762, 27168, 44742, 39974, 33313, 10066, -1, 42251, 18001, 39120, 0, 0, 24931, 28032, 35125, 14805, 40154, 19118, 9291, 41919, 24041, 17170, 10447, 15260, 30573, 38819, 29054, 10134, 0, 29426, 46175, 0, 0, 0, 43373, 19618, 0],[38638, 0, 32286, 10356, 27893, 25506, 24033, 31095, 42748, 31723, 5300, 16920, 0, 0, 41005, 0, 42901, 27403, 19443, 31519, 39477, 44206, 29925, 40699, 0, 42617, 19659, 31678, 0, 19237, 19839, 0, 28464, 42244, 21587, 12457, 28149, 0, 42251, -1, 0, 33568, 27444, 45675, 0, 40903, 13945, 14581, 42993, 24933, 0, 43863, 42809, 5284, 28178, 0, 38593, 0, 35842, 0, 43934, 33919, 30574, 41865, 44362, 14255, 31616, 43499, 38548],[38657, 35184, 6359, 28832, 23749, 18960, 0, 0, 38065, 28430, 31718, 26799, 34587, 36254, 29053, 0, 0, 0, 0, 32817, 37863, 45647, 44479, 0, 0, 37418, 31028, 0, 0, 21246, 0, 0, 43180, 0, 45668, 28885, 4338, 45454, 18001, 0, -1, 24737, 10137, 43454, 10339, 29259, 41741, 0, 0, 0, 0, 0, 0, 0, 24265, 24241, 0, 32706, 40930, 42104, 44251, 40717, 0, 39920, 41135, 28939, 25260, 43734, 43762],[0, 31580, 0, 24857, 42688, 45673, 0, 44835, 32125, 0, 37670, 43477, 38013, 0, 37044, 36748, 14640, 25218, 32231, 0, 0, 16660, 4402, 38937, 0, 0, 33285, 37516, 37110, 0, 22510, 18125, 37749, 0, 38337, 23639, 36887, 44313, 39120, 33568, 24737, -1, 43690, 0, 36399, 0, 0, 0, 36593, 0, 0, 25555, 0, 34068, 45414, 0, 42901, 44492, 0, 32218, 12759, 35577, 0, 9581, 38318, 44917, 0, 8340, 14699],[0, 35641, 42664, 35508, 42118, 35391, 36652, 45790, 41843, 6291, 29148, 32953, 26345, 27846, 41485, 0, 24414, 0, 0, 0, 29513, 43500, 26515, 23771, 17498, 0, 20734, 0, 0, 20201, 0, 28283, 26099, 30961, 33390, 35192, 25712, 28498, 0, 27444, 10137, 43690, -1, 0, 44368, 42418, 0, 14924, 45932, 0, 19547, 20229, 17024, 0, 0, 0, 39242, 31829, 38498, 34854, 35874, 13663, 29163, 0, 39530, 40138, 45434, 32963, 39667],[24955, 32624, 0, 35633, 20261, 45102, 26545, 43582, 42397, 0, 36846, 46214, 17850, 39724, 25797, 0, 24404, 6800, 0, 17799, 29976, 0, 40441, 0, 0, 40464, 0, 0, 0, 0, 31558, 45290, 0, 18931, 0, 0, 36322, 27814, 0, 45675, 43454, 0, 0, -1, 40509, 45805, 0, 0, 25792, 39893, 0, 32486, 44509, 41586, 43034, 0, 0, 7395, 9998, 45681, 38501, 0, 6307, 0, 0, 27255, 0, 31655, 0],[0, 0, 0, 0, 0, 0, 15067, 17875, 25857, 35566, 13218, 17505, 17222, 0, 45063, 33186, 29075, 31458, 0, 31232, 27188, 34346, 30934, 41815, 37078, 17887, 41241, 0, 27422, 0, 27737, 43517, 45736, 45456, 0, 37831, 0, 37864, 24931, 0, 10339, 36399, 44368, 40509, -1, 12952, 28932, 0, 0, 29902, 12462, 19295, 43359, 16702, 0, 0, 32224, 28742, 33629, 0, 0, 45259, 16534, 33101, 41815, 13683, 45179, 41380, 32579],[42143, 0, 38930, 27998, 8939, 44651, 0, 40241, 32797, 36386, 0, 15769, 28422, 32900, 33475, 0, 46139, 42748, 37406, 38619, 23542, 0, 35003, 15919, 20156, 25621, 35066, 0, 41859, 0, 45331, 0, 34827, 11179, 0, 0, 0, 22821, 28032, 40903, 29259, 0, 42418, 45805, 12952, -1, 23349, 24326, 0, 26938, 22773, 0, 22420, 35209, 0, 31452, 42103, 6307, 32081, 38608, 29204, 27098, 29469, 38152, 27951, 45526, 43909, 46273, 39121],[44376, 6468, 43350, 41015, 34156, 0, 19956, 24891, 0, 0, 0, 19595, 0, 0, 0, 37956, 31681, 44379, 0, 19421, 14511, 43785, 6286, 45738, 11341, 45858, 41966, 42742, 38335, 43419, 26312, 0, 12276, 0, 18240, 0, 42999, 40106, 35125, 13945, 41741, 0, 0, 0, 28932, 23349, -1, 45930, 28807, 0, 0, 0, 25176, 0, 0, 42227, 30547, 24955, 35314, 0, 20908, 42660, 42345, 36040, 23440, 29311, 32276, 43979, 12910],[0, 26882, 7423, 0, 35015, 0, 0, 24042, 0, 36968, 0, 0, 36254, 43233, 0, 40009, 0, 16778, 9519, 0, 28140, 24950, 0, 0, 23347, 28863, 44050, 40152, 16976, 0, 30137, 28262, 41127, 41617, 0, 0, 24412, 0, 14805, 14581, 0, 0, 14924, 0, 0, 24326, 45930, -1, 13012, 37887, 0, 20984, 22287, 0, 25652, 0, 10330, 0, 0, 0, 45647, 26135, 0, 0, 29886, 43417, 12763, 39559, 26715],[22649, 0, 45150, 28950, 34855, 0, 36107, 0, 44572, 33921, 35450, 0, 44232, 19485, 40527, 0, 38525, 0, 41372, 0, 28278, 33064, 0, 0, 34177, 45652, 40311, 0, 38535, 31913, 43082, 37682, 39733, 0, 0, 25236, 27003, 29647, 40154, 42993, 0, 36593, 45932, 25792, 0, 0, 28807, 13012, -1, 32559, 43198, 0, 45479, 11138, 31052, 24574, 39606, 0, 41473, 46132, 0, 0, 42156, 30617, 0, 15649, 31194, 26891, 23515],[10981, 5864, 0, 0, 31733, 38778, 0, 17127, 30134, 43399, 32416, 24463, 26939, 0, 40205, 0, 34884, 22078, 0, 0, 41635, 18079, 0, 0, 23716, 16045, 7058, 41806, 43494, 40462, 28221, 25271, 0, 31130, 41027, 14986, 41203, 28071, 19118, 24933, 0, 0, 0, 39893, 29902, 26938, 0, 37887, 32559, -1, 0, 19621, 28043, 38133, 21007, 37569, 0, 0, 31407, 34271, 0, 0, 35956, 24668, 25694, 30972, 44941, 22496, 0],[0, 14125, 0, 32629, 32749, 0, 0, 0, 43431, 45523, 15563, 21215, 38657, 0, 0, 0, 0, 25589, 37114, 19827, 16331, 0, 43519, 0, 23158, 0, 0, 0, 0, 38024, 38214, 44493, 29152, 37517, 35679, 0, 29738, 44285, 9291, 0, 0, 0, 19547, 0, 12462, 22773, 0, 0, 43198, 0, -1, 22920, 29978, 44772, 0, 6933, 32899, 7127, 15886, 45362, 16142, 44031, 45337, 0, 0, 7401, 11958, 38993, 33283],[34496, 0, 40966, 43785, 42173, 0, 0, 43055, 38422, 0, 0, 17965, 0, 42226, 0, 7583, 34317, 37881, 32524, 30027, 0, 36410, 9699, 27935, 0, 41013, 42060, 0, 0, 39875, 0, 0, 26102, 39922, 42048, 26461, 18401, 35225, 41919, 43863, 0, 25555, 20229, 32486, 19295, 0, 0, 20984, 0, 19621, 22920, -1, 22119, 15337, 0, 0, 36412, 34330, 19341, 45657, 41230, 0, 36171, 0, 0, 0, 46115, 0, 43138],[21373, 0, 27186, 12844, 27292, 28234, 36610, 17956, 22429, 7737, 0, 34836, 15375, 38534, 7288, 18399, 0, 0, 0, 37755, 41727, 0, 36850, 37888, 34638, 0, 45382, 34910, 40333, 11684, 11630, 0, 38038, 16773, 44444, 26293, 0, 18297, 24041, 42809, 0, 0, 17024, 44509, 43359, 22420, 25176, 22287, 45479, 28043, 29978, 22119, -1, 0, 33119, 43870, 0, 44251, 20847, 18018, 36535, 16963, 0, 42906, 29803, 41311, 0, 0, 38765],[0, 16799, 26917, 24301, 0, 0, 43754, 28141, 37423, 40752, 31407, 13407, 36020, 46209, 31964, 30723, 41280, 35912, 0, 35391, 0, 0, 0, 1892, 0, 21740, 9731, 12248, 0, 18213, 31917, 19745, 21644, 40021, 12398, 15272, 44673, 0, 17170, 5284, 0, 34068, 0, 41586, 16702, 35209, 0, 0, 11138, 38133, 44772, 15337, 0, -1, 10912, 40384, 39520, 24911, 29417, 0, 31041, 2835, 21697, 35110, 0, 0, 0, 27939, 39806],[0, 27339, 0, 39525, 0, 14812, 0, 0, 5034, 0, 22638, 0, 42357, 15715, 0, 0, 0, 18378, 0, 5176, 0, 31148, 20715, 30158, 46276, 21929, 0, 0, 0, 21374, 18080, 46336, 25308, 0, 0, 44565, 41638, 30385, 10447, 28178, 24265, 45414, 0, 43034, 0, 0, 0, 25652, 31052, 21007, 0, 0, 33119, 10912, -1, 0, 41248, 20819, 0, 25253, 17611, 0, 38185, 21784, 0, 26318, 46179, 0, 0],[0, 23579, 37028, 34890, 13642, 17770, 0, 0, 0, 41470, 38039, 16183, 43781, 38658, 0, 0, 24386, 22898, 45472, 0, 27948, 0, 21257, 0, 20244, 0, 34518, 21501, 35759, 45322, 20683, 43641, 0, 34189, 0, 0, 21483, 0, 15260, 0, 24241, 0, 0, 0, 0, 31452, 42227, 0, 24574, 37569, 6933, 0, 43870, 40384, 0, -1, 39798, 0, 32201, 24245, 0, 45189, 0, 41277, 29026, 43152, 3246, 0, 32592],[0, 0, 0, 0, 26432, 14696, 8777, 42509, 26759, 41298, 0, 28899, 0, 0, 0, 0, 7224, 0, 23617, 0, 26117, 0, 0, 27825, 42733, 12038, 0, 25431, 0, 0, 0, 0, 43225, 33615, 23082, 30840, 0, 43658, 30573, 38593, 0, 42901, 39242, 0, 32224, 42103, 30547, 10330, 39606, 0, 32899, 36412, 0, 39520, 41248, 39798, -1, 0, 0, 0, 23962, 42914, 21978, 30631, 43348, 34989, 28443, 42203, 41696],[22601, 0, 16139, 36665, 0, 36094, 0, 33616, 0, 39738, 0, 0, 0, 30327, 31815, 22460, 45854, 37778, 37063, 0, 0, 38373, 29836, 36669, 35592, 0, 24179, 0, 0, 18674, 30847, 45019, 40922, 33003, 35324, 44869, 19442, 34128, 38819, 0, 32706, 44492, 31829, 7395, 28742, 6307, 24955, 0, 0, 0, 7127, 34330, 44251, 24911, 20819, 0, 0, -1, 28931, 21838, 33609, 44043, 45763, 0, 0, 34226, 19773, 42859, 0],[13946, 0, 42145, 0, 0, 32695, 33359, 0, 33619, 24596, 38754, 42773, 11646, 0, 0, 0, 42546, 12040, 44928, 0, 0, 0, 41572, 41280, 34328, 0, 44605, 0, 29752, 0, 39532, 0, 0, 0, 17394, 45436, 0, 38948, 29054, 35842, 40930, 0, 38498, 9998, 33629, 32081, 35314, 0, 41473, 31407, 15886, 19341, 20847, 29417, 0, 32201, 0, 28931, -1, 13863, 34131, 45303, 0, 46186, 33052, 36838, 0, 3889, 43965],[29115, 15100, 0, 44752, 22859, 0, 35773, 12709, 31125, 26804, 44937, 0, 0, 10746, 0, 0, 0, 36903, 22109, 41448, 45446, 0, 26153, 46322, 0, 38617, 41581, 38308, 0, 41046, 45410, 12226, 23677, 41424, 0, 42539, 0, 0, 10134, 0, 42104, 32218, 34854, 45681, 0, 38608, 0, 0, 46132, 34271, 45362, 45657, 18018, 0, 25253, 24245, 0, 21838, 13863, -1, 43206, 42368, 39549, 22116, 0, 28430, 31015, 34235, 35396],[39007, 0, 14275, 36644, 0, 42119, 23995, 0, 0, 0, 39060, 0, 43632, 0, 35408, 13463, 43569, 39562, 41499, 41709, 13980, 33796, 23713, 0, 0, 4417, 33593, 0, 42326, 32379, 45894, 41947, 42010, 0, 0, 44324, 0, 41459, 0, 43934, 44251, 12759, 35874, 38501, 0, 29204, 20908, 45647, 0, 0, 16142, 41230, 36535, 31041, 17611, 0, 23962, 33609, 34131, 43206, -1, 0, 42967, 0, 11904, 46140, 31150, 30528, 44663],[40792, 42698, 31279, 23976, 24144, 38402, 0, 44977, 9609, 45855, 28299, 35780, 25464, 0, 0, 44575, 0, 34248, 0, 37624, 43480, 14147, 38809, 36157, 29174, 39070, 29735, 0, 0, 0, 0, 38014, 0, 36103, 0, 0, 35339, 37700, 29426, 33919, 40717, 35577, 13663, 0, 45259, 27098, 42660, 26135, 0, 0, 44031, 0, 16963, 2835, 0, 45189, 42914, 44043, 45303, 42368, 0, -1, 33997, 37915, 38145, 38430, 44162, 14402, 40276],[27157, 32343, 0, 43686, 41368, 0, 0, 9382, 0, 0, 0, 34400, 33629, 22921, 37593, 0, 0, 0, 38316, 44783, 44374, 35286, 39736, 42527, 21150, 40896, 0, 0, 0, 36102, 45799, 37317, 29698, 40571, 44345, 39094, 40906, 28440, 46175, 30574, 0, 0, 29163, 6307, 16534, 29469, 42345, 0, 42156, 35956, 45337, 36171, 0, 21697, 38185, 0, 21978, 45763, 0, 39549, 42967, 33997, -1, 26844, 44369, 0, 0, 0, 44421],[0, 13105, 0, 0, 37310, 46292, 42735, 18160, 0, 29128, 21152, 0, 10220, 16756, 24216, 29369, 38500, 25439, 0, 35871, 33113, 0, 40786, 13003, 0, 16491, 0, 40042, 40278, 33176, 12953, 29001, 30878, 0, 0, 45034, 27848, 0, 0, 41865, 39920, 9581, 0, 0, 33101, 38152, 36040, 0, 30617, 24668, 0, 0, 42906, 35110, 21784, 41277, 30631, 0, 46186, 22116, 0, 37915, 26844, -1, 12287, 32061, 0, 26602, 44300],[0, 0, 0, 37795, 39818, 17241, 44082, 15749, 40661, 14925, 33654, 23356, 0, 15318, 43937, 26871, 37545, 30562, 0, 36532, 29148, 0, 0, 0, 16485, 14002, 20368, 31933, 43350, 36310, 31017, 0, 0, 23212, 30012, 0, 29457, 35633, 0, 44362, 41135, 38318, 39530, 0, 41815, 27951, 23440, 29886, 0, 25694, 0, 0, 29803, 0, 0, 29026, 43348, 0, 33052, 0, 11904, 38145, 44369, 12287, -1, 0, 0, 0, 0],[10523, 0, 27688, 17280, 34356, 44472, 12351, 0, 36274, 34521, 37919, 32060, 26193, 0, 39334, 31431, 0, 40939, 0, 24357, 2669, 18811, 44804, 0, 0, 0, 42571, 0, 0, 40900, 43720, 31268, 32127, 0, 28687, 0, 0, 43693, 0, 14255, 28939, 44917, 40138, 27255, 13683, 45526, 29311, 43417, 15649, 30972, 7401, 0, 41311, 0, 26318, 43152, 34989, 34226, 36838, 28430, 46140, 38430, 0, 32061, 0, -1, 17511, 38874, 0],[34284, 24013, 42513, 34039, 0, 16017, 34134, 0, 26779, 30288, 16020, 0, 0, 27742, 41163, 9149, 9322, 0, 0, 20470, 37301, 45522, 30082, 25871, 0, 0, 41435, 0, 43282, 35851, 0, 0, 39945, 32382, 25595, 34422, 17708, 0, 43373, 31616, 25260, 0, 45434, 0, 45179, 43909, 32276, 12763, 31194, 44941, 11958, 46115, 0, 0, 46179, 3246, 28443, 19773, 0, 31015, 31150, 44162, 0, 0, 0, 17511, -1, 37060, 31518],[0, 35778, 23122, 0, 45552, 0, 0, 13852, 45497, 16047, 32338, 33443, 0, 23954, 17523, 41579, 29729, 0, 28488, 42253, 38178, 26483, 0, 24328, 11953, 15220, 26790, 39078, 27748, 32675, 25477, 0, 15532, 0, 0, 35778, 0, 43261, 19618, 43499, 43734, 8340, 32963, 31655, 41380, 46273, 43979, 39559, 26891, 22496, 38993, 0, 0, 27939, 0, 0, 42203, 42859, 3889, 34235, 30528, 14402, 0, 26602, 0, 38874, 37060, -1, 0],[46191, 35818, 35179, 0, 35018, 0, 30877, 44510, 4085, 22919, 0, 0, 28446, 43852, 29635, 0, 32616, 45879, 0, 45815, 45953, 0, 0, 0, 19083, 17085, 0, 45624, 0, 26400, 0, 21484, 31780, 0, 0, 45236, 33541, 40252, 0, 38548, 43762, 14699, 39667, 0, 32579, 39121, 12910, 26715, 23515, 0, 33283, 43138, 38765, 39806, 0, 32592, 41696, 0, 43965, 35396, 44663, 40276, 44421, 44300, 0, 0, 31518, 0, -1]]