57
[[-1, 11457, 40482, 35537, 20709, 37764, 44000, 0, 0, 42958, 0, 45020, 21819, 0, 0, 39583, 0, 30649, 42697, 41221, 42270, 19894, 11637, 9353, 34310, 23803, 35499, 18245, 0, 41842, 21313, 0, 26434, 27153, 29788, 0, 0, 31024, 39098, 0, 35591, 23608, 0, 0, 13401, 0, 32368, 0, 32183, 25311, 0, 36107, 0, 13598, 0, 30183, 24736],[11457, -1, 0, 40217, 42818, 26947, 0, 12474, 37903, 30027, 0, 35556, 39634, 42290, 15849, 0, 31416, 15903, 41069, 0, 45243, 45852, 0, 27260, 0, 40130, 43536, 0, 0, 18311, 43956, 0, 39422, 7528, 30152, 44335, 0, 0, 27923, 0, 0, 27183, 0, 43987, 29005, 43840, 34688, 44905, 0, 0, 0, 0, 17908, 17846, 0, 39585, 42520],[40482, 0, -1, 23792, 45194, 4329, 25990, 9604, 39243, 0, 12042, 41164, 42897, 35835, 0, 34732, 39154, 43535, 42532, 42023, 36962, 0, 33850, 27513, 44514, 21980, 0, 13124, 40777, 0, 25243, 39964, 17970, 44464, 42563, 0, 28746, 24811, 41309, 41351, 37245, 0, 23282, 0, 36557, 28753, 0, 0, 0, 0, 24833, 0, 0, 21089, 20018, 45828, 39683],[35537, 40217, 23792, -1, 0, 0, 0, 31320, 27067, 40343, 31961, 35495, 33317, 40088, 33336, 34598, 0, 0, 0, 38882, 17299, 12616, 0, 0, 32037, 28223, 32242, 37399, 39040, 11716, 0, 20743, 26624, 0, 43512, 25200, 0, 29585, 24402, 35691, 19281, 0, 35010, 19427, 0, 0, 0, 33080, 0, 0, 41298, 0, 44544, 26018, 31081, 29215, 0],[20709, 42818, 45194, 0, -1, 0, 35377, 0, 33317, 20059, 0, 0, 0, 0, 31024, 0, 18882, 0, 0, 0, 44091, 45547, 0, 0, 30144, 6164, 45129, 27331, 40897, 0, 0, 0, 0, 44693, 45680, 31342, 44263, 38506, 0, 0, 40564, 29162, 0, 0, 0, 0, 0, 12083, 32759, 42759, 0, 0, 31896, 39025, 18955, 13189, 0],[37764, 26947, 4329, 0, 0, -1, 19563, 35592, 0, 0, 0, 44262, 46269, 0, 22590, 36962, 19094, 31422, 42786, 35240, 33215, 38362, 28439, 31820, 0, 43625, 0, 37031, 0, 35948, 0, 45278, 0, 0, 5458, 0, 43028, 0, 25958, 0, 11281, 0, 30287, 44525, 0, 33196, 43714, 36920, 31346, 1325, 0, 38664, 44131, 20215, 25655, 39981, 22252],[44000, 0, 25990, 0, 35377, 19563, -1, 28458, 25230, 39370, 31651, 33643, 44747, 0, 28257, 0, 34767, 0, 36988, 34786, 36395, 0, 25728, 4671, 0, 0, 12958, 30860, 24779, 0, 0, 31230, 0, 19727, 41318, 42913, 44274, 41406, 20786, 45875, 42226, 0, 0, 28407, 26565, 4022, 31187, 0, 38711, 17982, 0, 30474, 0, 31852, 31596, 17395, 34774],[0, 12474, 9604, 31320, 0, 35592, 28458, -1, 0, 0, 0, 0, 31124, 23496, 45303, 0, 38524, 15481, 45195, 0, 0, 43905, 28010, 24211, 40357, 45405, 40267, 41791, 0, 33363, 11958, 0, 5604, 0, 21928, 0, 41901, 30430, 7609, 0, 28758, 0, 29246, 40602, 0, 42264, 0, 0, 0, 0, 27720, 33722, 0, 22262, 21068, 27912, 0],[0, 37903, 39243, 27067, 33317, 0, 25230, 0, -1, 0, 0, 15642, 0, 41087, 39524, 36016, 0, 31179, 0, 29145, 24354, 43126, 25390, 14113, 0, 40462, 45465, 0, 38712, 35619, 26763, 32629, 42003, 34449, 37195, 28297, 42180, 0, 20792, 0, 0, 38584, 24587, 0, 26573, 0, 25480, 0, 42018, 4961, 45807, 30567, 39397, 21496, 31958, 39513, 42789],[42958, 30027, 0, 40343, 20059, 0, 39370, 0, 0, -1, 0, 0, 24617, 23150, 27073, 18345, 34538, 19156, 0, 3943, 31881, 0, 0, 13019, 15337, 46287, 39151, 45892, 37883, 35903, 34316, 18464, 24210, 6663, 0, 0, 41107, 0, 0, 0, 27705, 35994, 13340, 0, 42176, 0, 11758, 36894, 0, 32240, 0, 22651, 19947, 41876, 26486, 46247, 29357],[0, 0, 12042, 31961, 0, 0, 31651, 0, 0, 0, -1, 0, 35295, 39667, 41452, 0, 0, 44581, 7797, 34663, 20120, 46331, 0, 0, 46333, 0, 45228, 0, 22856, 39099, 0, 30811, 19053, 41585, 0, 0, 45874, 20488, 12331, 0, 36044, 11504, 0, 34283, 0, 16685, 33587, 14231, 0, 42808, 0, 35319, 43122, 0, 36887, 16092, 0],[45020, 35556, 41164, 35495, 0, 44262, 33643, 0, 15642, 0, 0, -1, 39181, 0, 43024, 34602, 0, 0, 44223, 0, 21765, 43192, 28130, 0, 38060, 34009, 0, 0, 14617, 20683, 44030, 43144, 18767, 35809, 22905, 26670, 36502, 0, 0, 17652, 16737, 36225, 0, 43822, 0, 29930, 14498, 0, 38947, 44996, 0, 0, 14685, 0, 14433, 9912, 29756],[21819, 39634, 42897, 33317, 0, 46269, 44747, 31124, 0, 24617, 35295, 39181, -1, 33844, 28616, 29817, 35746, 0, 0, 28431, 33460, 35439, 20890, 26934, 38830, 0, 0, 24314, 37006, 39192, 30443, 0, 0, 41783, 31513, 16668, 38079, 0, 17328, 0, 24751, 45650, 0, 20692, 0, 0, 41958, 21268, 28061, 22891, 45823, 0, 41740, 7742, 39143, 8222, 0],[0, 42290, 35835, 40088, 0, 0, 0, 23496, 41087, 23150, 39667, 0, 33844, -1, 34421, 39366, 0, 12419, 34802, 0, 35335, 8897, 7194, 0, 0, 16847, 0, 30866, 0, 25761, 45037, 37534, 29662, 0, 6305, 45561, 29099, 39500, 42732, 44603, 20067, 36594, 0, 8872, 0, 38910, 0, 44853, 0, 43364, 0, 36252, 0, 0, 41439, 32823, 33296],[0, 15849, 0, 33336, 31024, 22590, 28257, 45303, 39524, 27073, 41452, 43024, 28616, 34421, -1, 30682, 27464, 35350, 44268, 0, 39529, 0, 0, 9388, 32425, 14532, 31192, 0, 23966, 36961, 0, 43399, 17560, 30445, 38958, 14455, 16274, 0, 0, 0, 10229, 0, 30807, 20116, 13175, 44068, 0, 0, 0, 0, 0, 13964, 28676, 8941, 0, 0, 41946],[39583, 0, 34732, 34598, 0, 36962, 0, 0, 36016, 18345, 0, 34602, 29817, 39366, 30682, -1, 45363, 39916, 39249, 11907, 41573, 46190, 44523, 0, 0, 0, 35929, 0, 38639, 28129, 0, 0, 43896, 0, 39224, 40083, 0, 34794, 39345, 0, 44625, 32044, 16783, 0, 0, 0, 45442, 0, 1988, 0, 25531, 0, 46093, 0, 35745, 8066, 0],[0, 31416, 39154, 0, 18882, 19094, 34767, 38524, 0, 34538, 0, 0, 35746, 0, 27464, 45363, -1, 0, 43750, 0, 0, 0, 0, 10652, 21021, 44331, 45296, 33845, 36069, 43445, 39993, 0, 36087, 0, 42422, 45997, 14670, 0, 31851, 31851, 0, 40085, 45870, 0, 0, 37155, 14117, 45345, 0, 41909, 0, 14350, 42188, 19310, 11554, 30271, 30931],[30649, 15903, 43535, 0, 0, 31422, 0, 15481, 31179, 19156, 44581, 0, 0, 12419, 35350, 39916, 0, -1, 33852, 0, 35399, 21148, 39821, 0, 29359, 27496, 23376, 32954, 0, 0, 12240, 26186, 10349, 36347, 22961, 0, 0, 17152, 6862, 30923, 41413, 0, 43922, 40225, 20411, 23243, 0, 0, 32184, 43885, 34719, 20229, 44367, 38529, 0, 0, 0],[42697, 41069, 42532, 0, 0, 42786, 36988, 45195, 0, 0, 7797, 44223, 0, 34802, 44268, 39249, 43750, 33852, -1, 43615, 44027, 29940, 40845, 21858, 41244, 5016, 44118, 31421, 37512, 10528, 30205, 0, 45947, 14508, 12270, 0, 0, 3614, 36717, 5907, 38201, 37962, 35514, 15365, 35375, 46113, 22589, 0, 17270, 7307, 38922, 0, 17372, 39515, 31969, 0, 25952],[41221, 0, 42023, 38882, 0, 35240, 34786, 0, 29145, 3943, 34663, 0, 28431, 0, 0, 11907, 0, 0, 43615, -1, 11317, 3791, 5632, 16054, 0, 20592, 0, 0, 33720, 31504, 41580, 32769, 41204, 0, 25115, 23036, 25517, 24236, 12836, 29266, 0, 21987, 6742, 2798, 22981, 13478, 0, 0, 18999, 0, 34001, 37867, 34304, 0, 0, 42250, 17998],[42270, 45243, 36962, 17299, 44091, 33215, 36395, 0, 24354, 31881, 20120, 21765, 33460, 35335, 39529, 41573, 0, 35399, 44027, 11317, -1, 39173, 39535, 37778, 32480, 18459, 43733, 45990, 24802, 0, 0, 25656, 44216, 42122, 0, 39226, 45534, 38153, 45900, 35394, 39463, 43211, 0, 0, 0, 0, 36048, 0, 0, 38841, 37666, 0, 39783, 19311, 9661, 17418, 39344],[19894, 45852, 0, 12616, 45547, 38362, 0, 43905, 43126, 0, 46331, 43192, 35439, 8897, 0, 46190, 0, 21148, 29940, 3791, 39173, -1, 0, 0, 0, 43479, 0, 0, 0, 44889, 34049, 43148, 26084, 4285, 0, 0, 0, 33467, 19828, 0, 37320, 33261, 36519, 42751, 0, 0, 0, 28505, 0, 0, 44117, 31905, 2093, 33402, 28482, 31947, 36460],[11637, 0, 33850, 0, 0, 28439, 25728, 28010, 25390, 0, 0, 28130, 20890, 7194, 0, 44523, 0, 39821, 40845, 5632, 39535, 0, -1, 42129, 15752, 28078, 0, 42961, 0, 36567, 43093, 18928, 26995, 0, 0, 0, 0, 43165, 0, 23208, 36426, 40275, 44360, 24969, 30130, 26604, 19692, 20103, 0, 12676, 0, 0, 0, 19887, 18993, 43262, 33384],[9353, 27260, 27513, 0, 0, 31820, 4671, 24211, 14113, 13019, 0, 0, 26934, 0, 9388, 0, 10652, 0, 21858, 16054, 37778, 0, 42129, -1, 0, 25047, 21073, 36895, 12472, 44870, 0, 0, 23927, 44135, 24807, 26239, 40494, 24724, 44650, 22346, 34297, 45077, 38708, 22006, 0, 33255, 44380, 0, 26776, 16652, 10779, 44697, 38810, 29430, 33745, 0, 0],[34310, 0, 44514, 32037, 30144, 0, 0, 40357, 0, 15337, 46333, 38060, 38830, 0, 32425, 0, 21021, 29359, 41244, 0, 32480, 0, 15752, 0, -1, 26271, 43238, 41654, 45398, 33924, 18534, 41136, 16406, 38280, 0, 28899, 10952, 32315, 35406, 21988, 28728, 43336, 25354, 0, 0, 34478, 36004, 0, 42480, 15066, 45406, 37147, 30140, 10569, 22339, 0, 31629],[23803, 40130, 21980, 28223, 6164, 43625, 0, 45405, 40462, 46287, 0, 34009, 0, 16847, 14532, 0, 44331, 27496, 5016, 20592, 18459, 43479, 28078, 25047, 26271, -1, 27205, 14038, 29831, 42116, 30574, 26228, 44010, 35448, 17245, 37348, 28947, 36969, 0, 23555, 46031, 0, 36007, 21831, 0, 36807, 0, 31247, 0, 0, 28550, 41227, 9097, 9388, 0, 24267, 0],[35499, 43536, 0, 32242, 45129, 0, 12958, 40267, 45465, 39151, 45228, 0, 0, 0, 31192, 35929, 45296, 23376, 44118, 0, 43733, 0, 0, 21073, 43238, 27205, -1, 25139, 0, 0, 0, 25906, 40282, 36842, 0, 0, 39296, 37738, 44237, 24671, 43183, 16074, 33454, 0, 0, 18693, 0, 0, 34367, 33417, 0, 43444, 41880, 24899, 29559, 0, 40006],[18245, 0, 13124, 37399, 27331, 37031, 30860, 41791, 0, 45892, 0, 0, 24314, 30866, 0, 0, 33845, 32954, 31421, 0, 45990, 0, 42961, 36895, 41654, 14038, 25139, -1, 37691, 0, 0, 0, 0, 34385, 39095, 0, 8776, 39781, 0, 14902, 15682, 43260, 13144, 28832, 36380, 40973, 38214, 42536, 46085, 28366, 30844, 15541, 25970, 0, 16422, 41287, 0],[0, 0, 40777, 39040, 40897, 0, 24779, 0, 38712, 37883, 22856, 14617, 37006, 0, 23966, 38639, 36069, 0, 37512, 33720, 24802, 0, 0, 12472, 45398, 29831, 0, 37691, -1, 44782, 19503, 0, 8556, 17436, 30340, 0, 22185, 40992, 31599, 10791, 23070, 11654, 41207, 29744, 0, 18992, 0, 32972, 43855, 9443, 44473, 39360, 41500, 28395, 33978, 0, 28090],[41842, 18311, 0, 11716, 0, 35948, 0, 33363, 35619, 35903, 39099, 20683, 39192, 25761, 36961, 28129, 43445, 0, 10528, 31504, 0, 44889, 36567, 44870, 33924, 42116, 0, 0, 44782, -1, 45557, 25717, 22189, 37993, 42998, 0, 46086, 43848, 0, 24921, 44933, 38922, 37856, 19178, 0, 22572, 46259, 33586, 43503, 44437, 34282, 0, 0, 38098, 25215, 17099, 0],[21313, 43956, 25243, 0, 0, 0, 0, 11958, 26763, 34316, 0, 44030, 30443, 45037, 0, 0, 39993, 12240, 30205, 41580, 0, 34049, 43093, 0, 18534, 30574, 0, 0, 19503, 45557, -1, 39268, 37258, 32237, 0, 25165, 0, 0, 41752, 27675, 26812, 7000, 0, 0, 0, 12999, 31345, 0, 0, 33727, 39330, 0, 0, 31325, 45599, 45670, 29427],[0, 0, 39964, 20743, 0, 45278, 31230, 0, 32629, 18464, 30811, 43144, 0, 37534, 43399, 0, 0, 26186, 0, 32769, 25656, 43148, 18928, 0, 41136, 26228, 25906, 0, 0, 25717, 39268, -1, 45016, 0, 0, 0, 0, 0, 0, 0, 44058, 30755, 0, 45030, 0, 0, 43383, 30693, 23246, 39156, 22208, 0, 30880, 0, 30881, 34666, 39465],[26434, 39422, 17970, 26624, 0, 0, 0, 5604, 42003, 24210, 19053, 18767, 0, 29662, 17560, 43896, 36087, 10349, 45947, 41204, 44216, 26084, 26995, 23927, 16406, 44010, 40282, 0, 8556, 22189, 37258, 45016, -1, 12753, 0, 17151, 8862, 30751, 0, 29904, 37574, 0, 42833, 42993, 30237, 37339, 46090, 0, 0, 30807, 32343, 37314, 0, 42749, 0, 0, 0],[27153, 7528, 44464, 0, 44693, 0, 19727, 0, 34449, 6663, 41585, 35809, 41783, 0, 30445, 0, 0, 36347, 14508, 0, 42122, 4285, 0, 44135, 38280, 35448, 36842, 34385, 17436, 37993, 32237, 0, 12753, -1, 0, 0, 17615, 0, 44248, 35604, 10736, 40180, 2736, 0, 0, 39698, 37464, 34701, 40562, 32013, 46243, 24039, 32850, 41639, 16825, 27293, 0],[29788, 30152, 42563, 43512, 45680, 5458, 41318, 21928, 37195, 0, 0, 22905, 31513, 6305, 38958, 39224, 42422, 22961, 12270, 25115, 0, 0, 0, 24807, 0, 17245, 0, 39095, 30340, 42998, 0, 0, 0, 0, -1, 0, 43344, 39305, 45178, 0, 45262, 41673, 0, 37258, 0, 0, 0, 30884, 30572, 38081, 35364, 0, 0, 11838, 0, 24746, 21338],[0, 44335, 0, 25200, 31342, 0, 42913, 0, 28297, 0, 0, 26670, 16668, 45561, 14455, 40083, 45997, 0, 0, 23036, 39226, 0, 0, 26239, 28899, 37348, 0, 0, 0, 0, 25165, 0, 17151, 0, 0, -1, 14083, 0, 9134, 29469, 14114, 0, 20789, 0, 0, 33963, 29181, 0, 0, 34373, 30973, 31624, 25076, 40187, 0, 43956, 35820],[0, 0, 28746, 0, 44263, 43028, 44274, 41901, 42180, 41107, 45874, 36502, 38079, 29099, 16274, 0, 14670, 0, 0, 25517, 45534, 0, 0, 40494, 10952, 28947, 39296, 8776, 22185, 46086, 0, 0, 8862, 17615, 43344, 14083, -1, 0, 45389, 0, 0, 0, 0, 38586, 0, 0, 0, 0, 23575, 40657, 36926, 46196, 38296, 0, 40578, 38024, 0],[31024, 0, 24811, 29585, 38506, 0, 41406, 30430, 0, 0, 20488, 0, 0, 39500, 0, 34794, 0, 17152, 3614, 24236, 38153, 33467, 43165, 24724, 32315, 36969, 37738, 39781, 40992, 43848, 0, 0, 30751, 0, 39305, 0, 0, -1, 26438, 37089, 23019, 29967, 34217, 0, 39001, 39906, 11328, 20539, 45613, 45866, 45999, 0, 29322, 0, 0, 0, 0],[39098, 27923, 41309, 24402, 0, 25958, 20786, 7609, 20792, 0, 12331, 0, 17328, 42732, 0, 39345, 31851, 6862, 36717, 12836, 45900, 19828, 0, 44650, 35406, 0, 44237, 0, 31599, 0, 41752, 0, 0, 44248, 45178, 9134, 45389, 26438, -1, 0, 0, 41812, 41314, 0, 44196, 39376, 39242, 7147, 25824, 0, 0, 36373, 18769, 24808, 21072, 27859, 33195],[0, 0, 41351, 35691, 0, 0, 45875, 0, 0, 0, 0, 17652, 0, 44603, 0, 0, 31851, 30923, 5907, 29266, 35394, 0, 23208, 22346, 21988, 23555, 24671, 14902, 10791, 24921, 27675, 0, 29904, 35604, 0, 29469, 0, 37089, 0, -1, 0, 0, 0, 46025, 32619, 38707, 35160, 0, 40724, 39480, 37064, 0, 0, 0, 24892, 43986, 38159],[35591, 0, 37245, 19281, 40564, 11281, 42226, 28758, 0, 27705, 36044, 16737, 24751, 20067, 10229, 44625, 0, 41413, 38201, 0, 39463, 37320, 36426, 34297, 28728, 46031, 43183, 15682, 23070, 44933, 26812, 44058, 37574, 10736, 45262, 14114, 0, 23019, 0, 0, -1, 26730, 0, 23230, 0, 0, 0, 25708, 24115, 0, 0, 0, 0, 10651, 44337, 43179, 1952],[23608, 27183, 0, 0, 29162, 0, 0, 0, 38584, 35994, 11504, 36225, 45650, 36594, 0, 32044, 40085, 0, 37962, 21987, 43211, 33261, 40275, 45077, 43336, 0, 16074, 43260, 11654, 38922, 7000, 30755, 0, 40180, 41673, 0, 0, 29967, 41812, 0, 26730, -1, 9344, 3691, 0, 22864, 0, 0, 0, 36410, 0, 43303, 0, 34650, 42163, 31548, 39051],[0, 0, 23282, 35010, 0, 30287, 0, 29246, 24587, 13340, 0, 0, 0, 0, 30807, 16783, 45870, 43922, 35514, 6742, 0, 36519, 44360, 38708, 25354, 36007, 33454, 13144, 41207, 37856, 0, 0, 42833, 2736, 0, 20789, 0, 34217, 41314, 0, 0, 9344, -1, 10912, 44131, 28468, 0, 0, 42457, 0, 0, 41764, 28127, 24374, 0, 18466, 0],[0, 43987, 0, 19427, 0, 44525, 28407, 40602, 0, 0, 34283, 43822, 20692, 8872, 20116, 0, 0, 40225, 15365, 2798, 0, 42751, 24969, 22006, 0, 21831, 0, 28832, 29744, 19178, 0, 45030, 42993, 0, 37258, 0, 38586, 0, 0, 46025, 23230, 3691, 10912, -1, 43986, 0, 31122, 39794, 36849, 0, 10325, 41644, 19528, 30712, 14812, 0, 46263],[13401, 29005, 36557, 0, 0, 0, 26565, 0, 26573, 42176, 0, 0, 0, 0, 13175, 0, 0, 20411, 35375, 22981, 0, 0, 30130, 0, 0, 0, 0, 36380, 0, 0, 0, 0, 30237, 0, 0, 0, 0, 39001, 44196, 32619, 0, 0, 44131, 43986, -1, 25973, 35430, 0, 0, 0, 12955, 0, 19253, 7999, 26838, 25337, 0],[0, 43840, 28753, 0, 0, 33196, 4022, 42264, 0, 0, 16685, 29930, 0, 38910, 44068, 0, 37155, 23243, 46113, 13478, 0, 0, 26604, 33255, 34478, 36807, 18693, 40973, 18992, 22572, 12999, 0, 37339, 39698, 0, 33963, 0, 39906, 39376, 38707, 0, 22864, 28468, 0, 25973, -1, 0, 24164, 28273, 15696, 0, 10717, 0, 0, 41122, 23600, 42093],[32368, 34688, 0, 0, 0, 43714, 31187, 0, 25480, 11758, 33587, 14498, 41958, 0, 0, 45442, 14117, 0, 22589, 0, 36048, 0, 19692, 44380, 36004, 0, 0, 38214, 0, 46259, 31345, 43383, 46090, 37464, 0, 29181, 0, 11328, 39242, 35160, 0, 0, 0, 31122, 35430, 0, -1, 36838, 22036, 37966, 43147, 0, 37020, 0, 41067, 0, 0],[0, 44905, 0, 33080, 12083, 36920, 0, 0, 0, 36894, 14231, 0, 21268, 44853, 0, 0, 45345, 0, 0, 0, 0, 28505, 20103, 0, 0, 31247, 0, 42536, 32972, 33586, 0, 30693, 0, 34701, 30884, 0, 0, 20539, 7147, 0, 25708, 0, 0, 39794, 0, 24164, 36838, -1, 32720, 14383, 32129, 43184, 43573, 10926, 30524, 0, 15936],[32183, 0, 0, 0, 32759, 31346, 38711, 0, 42018, 0, 0, 38947, 28061, 0, 0, 1988, 0, 32184, 17270, 18999, 0, 0, 0, 26776, 42480, 0, 34367, 46085, 43855, 43503, 0, 23246, 0, 40562, 30572, 0, 23575, 45613, 25824, 40724, 24115, 0, 42457, 36849, 0, 28273, 22036, 32720, -1, 37003, 45889, 42610, 22497, 24292, 22054, 27565, 41855],[25311, 0, 0, 0, 42759, 1325, 17982, 0, 4961, 32240, 42808, 44996, 22891, 43364, 0, 0, 41909, 43885, 7307, 0, 38841, 0, 12676, 16652, 15066, 0, 33417, 28366, 9443, 44437, 33727, 39156, 30807, 32013, 38081, 34373, 40657, 45866, 0, 39480, 0, 36410, 0, 0, 0, 15696, 37966, 14383, 37003, -1, 0, 0, 42462, 0, 0, 37047, 33790],[0, 0, 24833, 41298, 0, 0, 0, 27720, 45807, 0, 0, 0, 45823, 0, 0, 25531, 0, 34719, 38922, 34001, 37666, 44117, 0, 10779, 45406, 28550, 0, 30844, 44473, 34282, 39330, 22208, 32343, 46243, 35364, 30973, 36926, 45999, 0, 37064, 0, 0, 0, 10325, 12955, 0, 43147, 32129, 45889, 0, -1, 38364, 27007, 12621, 0, 45143, 44365],[36107, 0, 0, 0, 0, 38664, 30474, 33722, 30567, 22651, 35319, 0, 0, 36252, 13964, 0, 14350, 20229, 0, 37867, 0, 31905, 0, 44697, 37147, 41227, 43444, 15541, 39360, 0, 0, 0, 37314, 24039, 0, 31624, 46196, 0, 36373, 0, 0, 43303, 41764, 41644, 0, 10717, 0, 43184, 42610, 0, 38364, -1, 0, 32550, 45251, 23687, 0],[0, 17908, 0, 44544, 31896, 44131, 0, 0, 39397, 19947, 43122, 14685, 41740, 0, 28676, 46093, 42188, 44367, 17372, 34304, 39783, 2093, 0, 38810, 30140, 9097, 41880, 25970, 41500, 0, 0, 30880, 0, 32850, 0, 25076, 38296, 29322, 18769, 0, 0, 0, 28127, 19528, 19253, 0, 37020, 43573, 22497, 42462, 27007, 0, -1, 46092, 0, 17635, 0],[13598, 17846, 21089, 26018, 39025, 20215, 31852, 22262, 21496, 41876, 0, 0, 7742, 0, 8941, 0, 19310, 38529, 39515, 0, 19311, 33402, 19887, 29430, 10569, 9388, 24899, 0, 28395, 38098, 31325, 0, 42749, 41639, 11838, 40187, 0, 0, 24808, 0, 10651, 34650, 24374, 30712, 7999, 0, 0, 10926, 24292, 0, 12621, 32550, 46092, -1, 25066, 27819, 28791],[0, 0, 20018, 31081, 18955, 25655, 31596, 21068, 31958, 26486, 36887, 14433, 39143, 41439, 0, 35745, 11554, 0, 31969, 0, 9661, 28482, 18993, 33745, 22339, 0, 29559, 16422, 33978, 25215, 45599, 30881, 0, 16825, 0, 0, 40578, 0, 21072, 24892, 44337, 42163, 0, 14812, 26838, 41122, 41067, 30524, 22054, 0, 0, 45251, 0, 25066, -1, 27136, 7619],[30183, 39585, 45828, 29215, 13189, 39981, 17395, 27912, 39513, 46247, 16092, 9912, 8222, 32823, 0, 8066, 30271, 0, 0, 42250, 17418, 31947, 43262, 0, 0, 24267, 0, 41287, 0, 17099, 45670, 34666, 0, 27293, 24746, 43956, 38024, 0, 27859, 43986, 43179, 31548, 18466, 0, 25337, 23600, 0, 0, 27565, 37047, 45143, 23687, 17635, 27819, 27136, -1, 45641],[24736, 42520, 39683, 0, 0, 22252, 34774, 0, 42789, 29357, 0, 29756, 0, 33296, 41946, 0, 30931, 0, 25952, 17998, 39344, 36460, 33384, 0, 31629, 0, 40006, 0, 28090, 0, 29427, 39465, 0, 0, 21338, 35820, 0, 0, 33195, 38159, 1952, 39051, 0, 46263, 0, 42093, 0, 15936, 41855, 33790, 44365, 0, 0, 28791, 7619, 45641, -1]]