72
[[-1, 19350, 39513, 40068, 24163, 46243, 36506, 32527, 25770, 41863, 29877, 23353, 43857, 30583, 36914, 24732, 44599, 45667, 26627, 24318, 31289, 23892, 43565, 39733, 20051, 36288, 23741, 45373, 43165, 20787, 32861, 35324, 36404, 22433, 35178, 42205, 39055, 39440, 44643, 26795, 29804, 11058, 28122, 28764, 24404, 42880, 42807, 23775, 27112, 23517, 30281, 42873, 44603, 39633, 40447, 28239, 45274, 40857, 38169, 13531, 37940, 40422, 31029, 24929, 12348, 25614, 40873, 24119, 46333, 34422, 31241, 12877],[19350, -1, 12896, 11265, 26547, 46202, 33073, 38276, 33191, 21655, 34004, 37767, 26964, 32436, 28514, 40954, 39530, 29252, 31567, 46017, 44658, 34470, 11325, 38438, 44119, 25579, 39341, 45140, 30194, 42948, 35174, 44297, 8384, 21229, 32827, 44432, 33882, 39667, 43756, 38337, 25582, 29230, 42522, 27896, 15698, 34362, 22632, 34430, 35600, 29234, 31230, 2118, 32416, 33057, 45025, 11360, 42726, 30266, 36490, 34050, 7477, 32597, 39243, 25100, 9264, 19142, 29111, 18393, 41191, 40346, 43470, 43408],[39513, 12896, -1, 40508, 20386, 45104, 35057, 40328, 24435, 30424, 40596, 26723, 35506, 44863, 28518, 42182, 19902, 44863, 42065, 4298, 22996, 36261, 25073, 35385, 18007, 38106, 15782, 38919, 37368, 29238, 32013, 43345, 32170, 41837, 39070, 40687, 16692, 30884, 40384, 42428, 43277, 9767, 19518, 26651, 41552, 8536, 22402, 28820, 30057, 12708, 25581, 27014, 22661, 27376, 42623, 24037, 35885, 36657, 9583, 41734, 9758, 39690, 34435, 29522, 42929, 22688, 28217, 36662, 32093, 30178, 44807, 37241],[40068, 11265, 40508, -1, 4530, 36927, 6683, 31398, 28926, 29885, 42930, 17471, 33438, 43104, 37077, 42654, 18627, 31722, 34845, 23477, 35902, 43368, 40986, 31766, 46174, 37812, 37683, 42710, 38284, 22842, 39060, 44200, 44357, 24043, 38807, 46297, 41770, 23592, 25533, 31396, 38486, 34860, 44379, 3157, 38155, 32605, 29282, 16229, 28934, 19502, 34895, 44385, 26401, 39780, 43189, 41881, 31911, 32009, 29486, 22605, 32955, 37311, 19098, 17359, 18623, 22249, 34606, 40065, 44464, 2005, 18816, 40964],[24163, 26547, 20386, 4530, -1, 40250, 27658, 41974, 42660, 36404, 23964, 23928, 35833, 45072, 17733, 25967, 41284, 41405, 45920, 33613, 42886, 43963, 43947, 29127, 44637, 45935, 18813, 29501, 7682, 39079, 35669, 44640, 37364, 31078, 42585, 36395, 14248, 44714, 42974, 44675, 46086, 17514, 40874, 25939, 17913, 35218, 22908, 31079, 42734, 41157, 15512, 33746, 42520, 31475, 42348, 45059, 36667, 34003, 39678, 5564, 15446, 39915, 30255, 25756, 23699, 13209, 39705, 46198, 28561, 8619, 40782, 42881],[46243, 46202, 45104, 36927, 40250, -1, 8535, 32505, 41122, 16757, 43752, 32703, 27221, 15353, 10624, 43489, 31711, 24444, 43556, 40003, 13600, 17168, 32375, 10635, 22113, 38725, 27787, 33702, 37417, 16492, 29785, 28180, 37222, 40824, 43498, 41848, 32378, 39060, 19178, 19833, 44795, 17887, 39675, 41586, 10610, 22925, 41510, 32367, 44568, 42639, 33051, 30797, 38741, 38841, 23919, 41389, 40768, 33793, 40239, 31052, 31814, 19174, 43341, 42705, 37992, 36997, 28744, 37239, 36248, 39517, 42459, 30091],[36506, 33073, 35057, 6683, 27658, 8535, -1, 7432, 8295, 23091, 38978, 16424, 37264, 34947, 25153, 29809, 46064, 36432, 17369, 36578, 34276, 39158, 15932, 42677, 41111, 14967, 24385, 36161, 42622, 39753, 16661, 29948, 27561, 28648, 43093, 23754, 36128, 28251, 29115, 43969, 22262, 45062, 41699, 27491, 35236, 7674, 45066, 21910, 20585, 23268, 43997, 21639, 45302, 24758, 25353, 34311, 34384, 46119, 42357, 14454, 32490, 22885, 24465, 36748, 11489, 26715, 36664, 40663, 27772, 35418, 25816, 43483],[32527, 38276, 40328, 31398, 41974, 32505, 7432, -1, 32434, 32647, 35864, 23923, 44647, 43723, 45597, 27297, 31656, 37373, 11020, 41005, 36108, 39831, 40278, 41574, 36176, 45481, 44798, 45864, 43900, 29046, 33533, 33822, 38120, 31360, 31057, 32558, 13112, 7358, 40839, 36875, 41470, 45702, 17150, 31919, 7096, 18239, 12143, 36420, 36546, 46225, 27974, 19093, 45270, 42729, 43196, 36259, 20591, 41455, 16979, 36465, 20130, 12414, 29774, 39828, 26179, 32069, 41621, 9069, 23184, 39265, 41029, 40762],[25770, 33191, 24435, 28926, 42660, 41122, 8295, 32434, -1, 17804, 41605, 41734, 16290, 21560, 46321, 40413, 32686, 43721, 20382, 11557, 33676, 21020, 23949, 42776, 22692, 36889, 39547, 39587, 30008, 44983, 44941, 34354, 23449, 25771, 19456, 33364, 27476, 23267, 43732, 36675, 29996, 22506, 21855, 15872, 34080, 36823, 16854, 45135, 17826, 18327, 20812, 40701, 24701, 29366, 34412, 37881, 34620, 40826, 24260, 34719, 30415, 30424, 37839, 34351, 17942, 33877, 28603, 45740, 37694, 22777, 3915, 18825],[41863, 21655, 30424, 29885, 36404, 16757, 23091, 32647, 17804, -1, 34869, 34605, 36042, 7660, 29155, 20770, 21688, 40023, 18945, 5849, 42571, 36113, 27624, 28126, 45746, 32989, 25977, 30151, 42686, 40250, 45773, 37786, 30244, 46067, 18296, 31074, 25130, 42116, 19981, 26301, 40631, 15114, 38381, 18711, 22734, 33980, 46158, 46017, 42258, 21850, 39575, 35161, 17048, 34570, 35145, 39463, 4419, 31962, 17920, 42303, 46304, 41005, 30183, 8448, 29671, 40454, 45871, 42559, 21857, 3194, 31757, 21335],[29877, 34004, 40596, 42930, 23964, 43752, 38978, 35864, 41605, 34869, -1, 17867, 10739, 44676, 32895, 17828, 38676, 43578, 16024, 20373, 29632, 45772, 35526, 46182, 34726, 41404, 26400, 45854, 45056, 31869, 40188, 26839, 9889, 43232, 29455, 26525, 22160, 15093, 32358, 36121, 16023, 34141, 45680, 19812, 43834, 42902, 13148, 44697, 9796, 40240, 42690, 11658, 41369, 14450, 38231, 44722, 16834, 35583, 32287, 12451, 24348, 22924, 21333, 36066, 34464, 44465, 34029, 42412, 41275, 34649, 39826, 5007],[23353, 37767, 26723, 17471, 23928, 32703, 16424, 23923, 41734, 34605, 17867, -1, 19694, 24108, 42828, 37861, 36730, 22737, 12650, 27949, 17842, 35152, 21068, 29337, 27979, 31421, 42803, 18529, 28451, 25839, 15285, 34888, 38911, 40885, 9543, 38724, 30041, 32555, 43052, 37291, 44930, 24432, 19861, 44976, 40975, 31265, 24801, 33070, 38489, 17208, 41344, 23679, 37065, 35820, 26863, 40144, 37783, 15221, 38125, 43051, 41769, 34525, 37274, 29549, 26683, 35689, 33321, 18484, 19378, 26385, 18009, 45898],[43857, 26964, 35506, 33438, 35833, 27221, 37264, 44647, 16290, 36042, 10739, 19694, -1, 33443, 36161, 33238, 33365, 43710, 34346, 33487, 34919, 6768, 28230, 35938, 31582, 42166, 43269, 17948, 23653, 35685, 14117, 25773, 211, 19135, 28763, 12863, 28163, 14551, 31662, 26582, 27861, 43143, 38704, 25761, 46123, 44246, 33912, 27452, 30092, 45236, 29057, 27482, 45014, 42639, 32322, 31853, 20570, 42896, 24301, 24682, 20666, 29001, 6240, 31491, 13717, 42873, 42328, 39313, 26146, 33322, 44034, 42413],[30583, 32436, 44863, 43104, 45072, 15353, 34947, 43723, 21560, 7660, 44676, 24108, 33443, -1, 46194, 41799, 35409, 18404, 37953, 22860, 18178, 36250, 27049, 15181, 30404, 40839, 28834, 25542, 33479, 7435, 29241, 33470, 9235, 42644, 41932, 39519, 3452, 28411, 34618, 45701, 28470, 40636, 17637, 38047, 25163, 25744, 19105, 41649, 42717, 39109, 40232, 35872, 36677, 33594, 16623, 3040, 40974, 11691, 41582, 14386, 43094, 32151, 38921, 34895, 9899, 32279, 25680, 23881, 44171, 30184, 39662, 32014],[36914, 28514, 28518, 37077, 17733, 10624, 25153, 45597, 46321, 29155, 32895, 42828, 36161, 46194, -1, 33189, 46001, 36038, 21774, 20546, 27351, 36265, 44355, 16658, 17842, 44603, 8520, 40190, 33203, 38086, 40684, 40439, 32373, 36329, 41596, 12374, 35903, 34860, 34408, 45183, 19826, 31480, 28462, 39613, 35350, 33014, 2934, 46227, 32601, 43814, 21653, 10217, 17303, 33885, 39813, 1436, 14851, 26917, 44813, 30212, 25480, 26191, 30140, 23638, 18399, 22443, 28450, 41795, 45114, 25811, 46327, 14900],[24732, 40954, 42182, 42654, 25967, 43489, 29809, 27297, 40413, 20770, 17828, 37861, 33238, 41799, 33189, -1, 35168, 37023, 9542, 36864, 22244, 39038, 24271, 33510, 34849, 30058, 43504, 42685, 11046, 11900, 40866, 41866, 23419, 44594, 38913, 36715, 41402, 30154, 36226, 12098, 13380, 41215, 40259, 34600, 45382, 14039, 38581, 29138, 43877, 13718, 36939, 6892, 42086, 42826, 33200, 35943, 29308, 33812, 27742, 43535, 42828, 46236, 15125, 25022, 32870, 44135, 22625, 19929, 32412, 24446, 18801, 39394],[44599, 39530, 19902, 18627, 41284, 31711, 46064, 31656, 32686, 21688, 38676, 36730, 33365, 35409, 46001, 35168, -1, 1868, 28575, 16944, 36984, 43981, 33062, 19080, 20735, 5604, 44738, 43111, 39431, 43357, 39866, 36109, 26897, 11235, 21699, 29126, 4206, 43126, 32589, 26161, 33389, 35069, 42160, 15067, 44130, 17237, 45790, 42484, 41500, 42323, 40452, 45985, 37627, 22330, 36453, 34932, 41046, 42116, 37174, 6238, 30754, 35274, 44366, 30087, 14863, 33574, 27844, 24218, 23537, 39270, 22155, 40073],[45667, 29252, 44863, 31722, 41405, 24444, 36432, 37373, 43721, 40023, 43578, 22737, 43710, 18404, 36038, 37023, 1868, -1, 28931, 42089, 28008, 37611, 44277, 20776, 35120, 23959, 33597, 22716, 40589, 22909, 25077, 40451, 12449, 12414, 14583, 42219, 26341, 39682, 7500, 46287, 10417, 37865, 14518, 39197, 35525, 35062, 21282, 17878, 39553, 41822, 7326, 42761, 36838, 31804, 24442, 27774, 30114, 24653, 23108, 21716, 28996, 32960, 43942, 28419, 17682, 17951, 41712, 21393, 32402, 38324, 19457, 39553],[26627, 31567, 42065, 34845, 45920, 43556, 17369, 11020, 20382, 18945, 16024, 12650, 34346, 37953, 21774, 9542, 28575, 28931, -1, 26576, 37184, 24131, 18216, 19756, 4864, 42355, 17740, 41566, 44301, 41820, 46125, 44235, 25707, 6383, 13362, 35930, 24580, 21900, 44456, 10030, 26394, 14869, 22746, 26003, 35029, 32055, 13179, 38226, 36333, 13837, 45798, 23578, 45265, 33717, 32081, 16427, 43504, 23250, 28839, 31505, 42896, 37091, 36386, 45984, 28026, 12691, 11436, 23959, 41523, 10392, 30952, 17834],[24318, 46017, 4298, 23477, 33613, 40003, 36578, 41005, 11557, 5849, 20373, 27949, 33487, 22860, 20546, 36864, 16944, 42089, 26576, -1, 22526, 22150, 45652, 42728, 29468, 39456, 20908, 35262, 4880, 35633, 40630, 17476, 35116, 10064, 33768, 13241, 28240, 34885, 43202, 21087, 13466, 36206, 40449, 36273, 34189, 14978, 36271, 11449, 19463, 36596, 44390, 24634, 45536, 29568, 44704, 45930, 45258, 40873, 35263, 15424, 42802, 44327, 27666, 23647, 29084, 42137, 34919, 38540, 36299, 38272, 16336, 43699],[31289, 44658, 22996, 35902, 42886, 13600, 34276, 36108, 33676, 42571, 29632, 17842, 34919, 18178, 27351, 22244, 36984, 28008, 37184, 22526, -1, 15043, 31000, 28203, 36885, 28656, 40252, 45991, 12009, 20850, 36728, 34535, 41447, 43562, 46084, 26445, 45988, 19149, 44957, 24982, 41695, 26408, 33020, 45119, 36943, 28079, 45670, 34322, 43572, 33737, 33622, 35925, 40509, 26022, 38719, 26641, 36397, 23646, 27561, 38319, 22073, 43241, 22199, 28757, 42292, 21977, 32332, 35501, 36556, 45851, 33690, 43777],[23892, 34470, 36261, 43368, 43963, 17168, 39158, 39831, 21020, 36113, 45772, 35152, 6768, 36250, 36265, 39038, 43981, 37611, 24131, 22150, 15043, -1, 24925, 37304, 37272, 28287, 40748, 44742, 35819, 21915, 24956, 14493, 26667, 41445, 27450, 37953, 32725, 20183, 41757, 6313, 30242, 36336, 27157, 12034, 17883, 39127, 42617, 31384, 27401, 6546, 24996, 29986, 38219, 40189, 23720, 20450, 37791, 29619, 21540, 16735, 23147, 41066, 23971, 34862, 22606, 26871, 42088, 20116, 45572, 6693, 44129, 34106],[43565, 11325, 25073, 40986, 43947, 32375, 15932, 40278, 23949, 27624, 35526, 21068, 28230, 27049, 44355, 24271, 33062, 44277, 18216, 45652, 31000, 24925, -1, 41642, 30419, 25224, 30214, 35659, 13306, 35044, 45539, 41590, 38155, 27384, 27024, 24783, 23541, 43413, 45578, 39644, 37176, 18262, 28253, 33909, 39545, 43672, 40658, 38849, 14289, 35975, 27943, 35719, 44806, 15126, 33002, 31785, 4057, 20097, 38300, 17988, 19824, 34798, 38713, 20489, 45251, 15277, 36159, 26444, 20647, 12150, 44739, 37176],[39733, 38438, 35385, 31766, 29127, 10635, 42677, 41574, 42776, 28126, 46182, 29337, 35938, 15181, 16658, 33510, 19080, 20776, 19756, 42728, 28203, 37304, 41642, -1, 25401, 15009, 13677, 16785, 4677, 17174, 31739, 37254, 44208, 33301, 40361, 33807, 43083, 39520, 45217, 32092, 38780, 36321, 31207, 44508, 33191, 42198, 6856, 11850, 24657, 16044, 39611, 44548, 44144, 44959, 34909, 10769, 28700, 45542, 9838, 31342, 40785, 38638, 40909, 45006, 43149, 33555, 44433, 31480, 42644, 45361, 42002, 24484],[20051, 44119, 18007, 46174, 44637, 22113, 41111, 36176, 22692, 45746, 34726, 27979, 31582, 30404, 17842, 34849, 20735, 35120, 4864, 29468, 36885, 37272, 30419, 25401, -1, 36022, 34699, 33973, 44227, 28885, 36853, 34612, 38081, 44339, 45056, 41462, 32033, 35804, 26644, 23214, 30492, 14585, 39936, 38319, 36011, 26071, 2898, 35774, 26739, 25349, 43632, 17881, 42660, 36628, 10544, 32441, 43554, 19997, 45440, 34614, 18010, 25935, 30693, 8440, 29130, 37161, 24493, 9233, 43321, 14444, 39261, 24129],[36288, 25579, 38106, 37812, 45935, 38725, 14967, 45481, 36889, 32989, 41404, 31421, 42166, 40839, 44603, 30058, 5604, 23959, 42355, 39456, 28656, 28287, 25224, 15009, 36022, -1, 27722, 44371, 33556, 18858, 41463, 19928, 31107, 36184, 31029, 27649, 41407, 42238, 3259, 43816, 23786, 33784, 23118, 31320, 24686, 37635, 24217, 43439, 38089, 27747, 27493, 30919, 35371, 28712, 22642, 39066, 21550, 1736, 29896, 31956, 36987, 8404, 22732, 10708, 30738, 37712, 37972, 33879, 26549, 40109, 42019, 17252],[23741, 39341, 15782, 37683, 18813, 27787, 24385, 44798, 39547, 25977, 26400, 42803, 43269, 28834, 8520, 43504, 44738, 33597, 17740, 20908, 40252, 40748, 30214, 13677, 34699, 27722, -1, 10336, 23138, 40356, 38887, 31461, 44972, 31250, 37868, 38667, 28168, 39361, 44647, 22450, 45505, 17266, 17267, 16715, 27781, 37346, 39132, 35386, 41066, 39905, 20241, 5347, 18663, 22695, 13822, 19890, 35435, 46126, 39581, 44659, 37109, 34641, 20283, 26916, 33037, 19688, 37898, 23629, 31738, 18420, 9520, 23518],[45373, 45140, 38919, 42710, 29501, 33702, 36161, 45864, 39587, 30151, 45854, 18529, 17948, 25542, 40190, 42685, 43111, 22716, 41566, 35262, 45991, 44742, 35659, 16785, 33973, 44371, 10336, -1, 35348, 21078, 30672, 26912, 18062, 36786, 40934, 38627, 41027, 31541, 29226, 21494, 25431, 30458, 30225, 31273, 40642, 35723, 42181, 34835, 18497, 43225, 43952, 24100, 42274, 41139, 31538, 10525, 27434, 42268, 18092, 37809, 42604, 22279, 41724, 42267, 45500, 33370, 43989, 27204, 46294, 21415, 25393, 37053],[43165, 30194, 37368, 38284, 7682, 37417, 42622, 43900, 30008, 42686, 45056, 28451, 23653, 33479, 33203, 11046, 39431, 40589, 44301, 4880, 12009, 35819, 13306, 4677, 44227, 33556, 23138, 35348, -1, 40896, 45987, 26960, 18968, 22201, 30098, 43297, 29831, 17447, 19740, 42345, 44932, 12853, 8799, 42466, 28246, 24746, 44208, 25425, 10232, 20053, 21599, 28587, 26303, 36248, 30252, 26498, 43478, 34663, 25410, 37045, 33387, 13013, 36465, 23070, 15054, 24292, 30338, 35630, 21311, 35619, 44989, 39502],[20787, 42948, 29238, 22842, 39079, 16492, 39753, 29046, 44983, 40250, 31869, 25839, 35685, 7435, 38086, 11900, 43357, 22909, 41820, 35633, 20850, 21915, 35044, 17174, 28885, 18858, 40356, 21078, 40896, -1, 41174, 27817, 42247, 14105, 28448, 45360, 25561, 5074, 36088, 5137, 19921, 45075, 15905, 36828, 33258, 15712, 9480, 45348, 17290, 3414, 44465, 44170, 35144, 27294, 30519, 15042, 22426, 39302, 15381, 45047, 29612, 18246, 19122, 30817, 35901, 25763, 40063, 16330, 33067, 22288, 23614, 12287],[32861, 35174, 32013, 39060, 35669, 29785, 16661, 33533, 44941, 45773, 40188, 15285, 14117, 29241, 40684, 40866, 39866, 25077, 46125, 40630, 36728, 24956, 45539, 31739, 36853, 41463, 38887, 30672, 45987, 41174, -1, 42286, 17163, 9061, 44079, 42308, 35530, 22594, 23231, 15407, 41153, 16915, 32646, 24812, 40238, 33968, 16970, 15731, 19308, 28265, 28311, 43842, 22445, 32799, 45575, 28132, 29848, 31133, 39423, 27153, 3976, 35549, 41372, 27079, 33605, 40498, 33615, 44266, 17102, 27426, 35202, 35249],[35324, 44297, 43345, 44200, 44640, 28180, 29948, 33822, 34354, 37786, 26839, 34888, 25773, 33470, 40439, 41866, 36109, 40451, 44235, 17476, 34535, 14493, 41590, 37254, 34612, 19928, 31461, 26912, 26960, 27817, 42286, -1, 35051, 20534, 19239, 39147, 13595, 28105, 38513, 41733, 30104, 18210, 40954, 22132, 14945, 43762, 41136, 20791, 45615, 37525, 19628, 41235, 44587, 8046, 38606, 17423, 18107, 36796, 42721, 18708, 29026, 9706, 43508, 33780, 21444, 18112, 45321, 28168, 36816, 6830, 44041, 12610],[36404, 8384, 32170, 44357, 37364, 37222, 27561, 38120, 23449, 30244, 9889, 38911, 211, 9235, 32373, 23419, 26897, 12449, 25707, 35116, 41447, 26667, 38155, 44208, 38081, 31107, 44972, 18062, 18968, 42247, 17163, 35051, -1, 40829, 30977, 8589, 35133, 35707, 25348, 9871, 33767, 31615, 42713, 24747, 36123, 20094, 24964, 45991, 40782, 34971, 36577, 16744, 39186, 14363, 9340, 9392, 30092, 18068, 38716, 38487, 37019, 29526, 30167, 12951, 46254, 28028, 22699, 5510, 31834, 21904, 44125, 21752],[22433, 21229, 41837, 24043, 31078, 40824, 28648, 31360, 25771, 46067, 43232, 40885, 19135, 42644, 36329, 44594, 11235, 12414, 6383, 10064, 43562, 41445, 27384, 33301, 44339, 36184, 31250, 36786, 22201, 14105, 9061, 20534, 40829, -1, 22475, 41184, 38019, 11294, 36555, 12041, 28139, 9817, 30060, 20286, 11329, 33459, 31637, 26954, 31557, 12022, 10545, 38863, 44915, 37532, 40560, 44280, 45857, 13933, 24081, 7282, 36687, 20887, 33149, 43002, 18459, 29601, 44221, 8702, 29857, 7328, 36278, 37096],[35178, 32827, 39070, 38807, 42585, 43498, 43093, 31057, 19456, 18296, 29455, 9543, 28763, 41932, 41596, 38913, 21699, 14583, 13362, 33768, 46084, 27450, 27024, 40361, 45056, 31029, 37868, 40934, 30098, 28448, 44079, 19239, 30977, 22475, -1, 46124, 22502, 42881, 19260, 28422, 38042, 37107, 39354, 22622, 14319, 24972, 21746, 40532, 27928, 35100, 27905, 42184, 24200, 14589, 39663, 18598, 30163, 18300, 44482, 17281, 24248, 27216, 22156, 45324, 31442, 4415, 26063, 42589, 25209, 30778, 28793, 44152],[42205, 44432, 40687, 46297, 36395, 41848, 23754, 32558, 33364, 31074, 26525, 38724, 12863, 39519, 12374, 36715, 29126, 42219, 35930, 13241, 26445, 37953, 24783, 33807, 41462, 27649, 38667, 38627, 43297, 45360, 42308, 39147, 8589, 41184, 46124, -1, 44345, 11248, 36596, 11402, 27662, 28227, 41644, 14652, 44363, 5496, 6909, 42808, 41886, 45006, 45983, 30190, 40960, 26430, 16620, 41331, 15555, 39643, 35687, 41427, 27888, 39386, 15166, 29145, 30717, 43160, 38754, 32663, 42955, 38537, 40159, 30206],[39055, 33882, 16692, 41770, 14248, 32378, 36128, 13112, 27476, 25130, 22160, 30041, 28163, 3452, 35903, 41402, 4206, 26341, 24580, 28240, 45988, 32725, 23541, 43083, 32033, 41407, 28168, 41027, 29831, 25561, 35530, 13595, 35133, 38019, 22502, 44345, -1, 45458, 2570, 41074, 12018, 21181, 41741, 15159, 42333, 34880, 11758, 32387, 27915, 22628, 26662, 22586, 42677, 3942, 35608, 24057, 11587, 3345, 17460, 41884, 25211, 29760, 34941, 45793, 44451, 35955, 14110, 15546, 45960, 27703, 14709, 44579],[39440, 39667, 30884, 23592, 44714, 39060, 28251, 7358, 23267, 42116, 15093, 32555, 14551, 28411, 34860, 30154, 43126, 39682, 21900, 34885, 19149, 20183, 43413, 39520, 35804, 42238, 39361, 31541, 17447, 5074, 22594, 28105, 35707, 11294, 42881, 11248, 45458, -1, 31490, 44693, 34813, 44224, 44535, 40286, 21030, 30120, 35803, 29730, 24446, 11758, 34424, 44132, 34532, 30800, 31615, 30182, 12525, 6554, 31953, 24788, 42707, 14908, 43859, 29283, 21488, 19676, 44637, 18553, 45270, 28482, 31273, 30584],[44643, 43756, 40384, 25533, 42974, 19178, 29115, 40839, 43732, 19981, 32358, 43052, 31662, 34618, 34408, 36226, 32589, 7500, 44456, 43202, 44957, 41757, 45578, 45217, 26644, 3259, 44647, 29226, 19740, 36088, 23231, 38513, 25348, 36555, 19260, 36596, 2570, 31490, -1, 39368, 25560, 29072, 30153, 34037, 25050, 24961, 21312, 44297, 27244, 41714, 30499, 33690, 39693, 25525, 28945, 22438, 21417, 28724, 29839, 41228, 32206, 41720, 21748, 25084, 40551, 39159, 33629, 35665, 22749, 38244, 19602, 32739],[26795, 38337, 42428, 31396, 44675, 19833, 43969, 36875, 36675, 26301, 36121, 37291, 26582, 45701, 45183, 12098, 26161, 46287, 10030, 21087, 24982, 6313, 39644, 32092, 23214, 43816, 22450, 21494, 42345, 5137, 15407, 41733, 9871, 12041, 28422, 11402, 41074, 44693, 39368, -1, 30993, 19046, 17409, 13718, 39002, 37684, 21305, 24759, 41691, 32286, 8355, 41560, 39869, 1756, 42441, 46115, 17526, 41307, 21227, 27314, 10932, 38714, 12329, 32623, 42096, 34695, 36698, 32154, 9338, 5753, 44131, 26969],[29804, 25582, 43277, 38486, 46086, 44795, 22262, 41470, 29996, 40631, 16023, 44930, 27861, 28470, 19826, 13380, 33389, 10417, 26394, 13466, 41695, 30242, 37176, 38780, 30492, 23786, 45505, 25431, 44932, 19921, 41153, 30104, 33767, 28139, 38042, 27662, 12018, 34813, 25560, 30993, -1, 31575, 17468, 19910, 23440, 23393, 31338, 32245, 41299, 41873, 44789, 25439, 32686, 40709, 6788, 40103, 19331, 45126, 32541, 33461, 29604, 28859, 45100, 18960, 14136, 45818, 15729, 27792, 26590, 38626, 25626, 34649],[11058, 29230, 9767, 34860, 17514, 17887, 45062, 45702, 22506, 15114, 34141, 24432, 43143, 40636, 31480, 41215, 35069, 37865, 14869, 36206, 26408, 36336, 18262, 36321, 14585, 33784, 17266, 30458, 12853, 45075, 16915, 18210, 31615, 9817, 37107, 28227, 21181, 44224, 29072, 19046, 31575, -1, 41651, 37858, 44782, 46098, 38553, 16093, 43250, 32648, 38167, 38633, 28212, 15703, 23943, 40365, 33305, 43796, 21255, 19649, 15197, 36274, 32288, 39426, 30449, 39176, 26827, 38908, 33888, 44928, 34191, 14606],[28122, 42522, 19518, 44379, 40874, 39675, 41699, 17150, 21855, 38381, 45680, 19861, 38704, 17637, 28462, 40259, 42160, 14518, 22746, 40449, 33020, 27157, 28253, 31207, 39936, 23118, 17267, 30225, 8799, 15905, 32646, 40954, 42713, 30060, 39354, 41644, 41741, 44535, 30153, 17409, 17468, 41651, -1, 38130, 43303, 7913, 20073, 20237, 44151, 42063, 23872, 35816, 24259, 29109, 33293, 29861, 22092, 41475, 38146, 37145, 39976, 23291, 31617, 10842, 20643, 39694, 43859, 44714, 17057, 27153, 26182, 45538],[28764, 27896, 26651, 3157, 25939, 41586, 27491, 31919, 15872, 18711, 19812, 44976, 25761, 38047, 39613, 34600, 15067, 39197, 26003, 36273, 45119, 12034, 33909, 44508, 38319, 31320, 16715, 31273, 42466, 36828, 24812, 22132, 24747, 20286, 22622, 14652, 15159, 40286, 34037, 13718, 19910, 37858, 38130, -1, 17493, 21008, 11912, 41596, 46271, 42114, 44247, 4727, 31950, 28112, 24885, 42513, 36929, 31203, 25782, 44533, 25698, 6455, 42927, 7467, 34843, 40407, 32745, 29836, 26424, 32705, 24277, 31519],[24404, 15698, 41552, 38155, 17913, 10610, 35236, 7096, 34080, 22734, 43834, 40975, 46123, 25163, 35350, 45382, 44130, 35525, 35029, 34189, 36943, 17883, 39545, 33191, 36011, 24686, 27781, 40642, 28246, 33258, 40238, 14945, 36123, 11329, 14319, 44363, 42333, 21030, 25050, 39002, 23440, 44782, 43303, 17493, -1, 23229, 32009, 16546, 40324, 41826, 8243, 14207, 44479, 39612, 33206, 31062, 42305, 7962, 42314, 31866, 23468, 45718, 33109, 33050, 44699, 28045, 43221, 38497, 36946, 39961, 11481, 35788],[42880, 34362, 8536, 32605, 35218, 22925, 7674, 18239, 36823, 33980, 42902, 31265, 44246, 25744, 33014, 14039, 17237, 35062, 32055, 14978, 28079, 39127, 43672, 42198, 26071, 37635, 37346, 35723, 24746, 15712, 33968, 43762, 20094, 33459, 24972, 5496, 34880, 30120, 24961, 37684, 23393, 46098, 7913, 21008, 23229, -1, 27304, 41575, 35781, 14907, 14324, 16615, 6795, 34616, 31586, 10983, 15030, 46180, 21034, 35707, 31991, 27207, 43035, 31670, 19582, 6055, 12292, 29466, 39894, 36242, 34946, 35679],[42807, 22632, 22402, 29282, 22908, 41510, 45066, 12143, 16854, 46158, 13148, 24801, 33912, 19105, 2934, 38581, 45790, 21282, 13179, 36271, 45670, 42617, 40658, 6856, 2898, 24217, 39132, 42181, 44208, 9480, 16970, 41136, 24964, 31637, 21746, 6909, 11758, 35803, 21312, 21305, 31338, 38553, 20073, 11912, 32009, 27304, -1, 45495, 8755, 39235, 38023, 43701, 33037, 13764, 18323, 34116, 37437, 33611, 43929, 35010, 38405, 20740, 31039, 38305, 20744, 35559, 5367, 37458, 20859, 22793, 28788, 24099],[23775, 34430, 28820, 16229, 31079, 32367, 21910, 36420, 45135, 46017, 44697, 33070, 27452, 41649, 46227, 29138, 42484, 17878, 38226, 11449, 34322, 31384, 38849, 11850, 35774, 43439, 35386, 34835, 25425, 45348, 15731, 20791, 45991, 26954, 40532, 42808, 32387, 29730, 44297, 24759, 32245, 16093, 20237, 41596, 16546, 41575, 45495, -1, 38119, 15209, 45741, 43018, 6545, 15217, 24096, 28192, 43927, 36165, 45640, 41430, 20295, 45399, 16810, 35573, 44674, 11893, 23445, 28990, 35382, 11432, 44638, 31689],[27112, 35600, 30057, 28934, 42734, 44568, 20585, 36546, 17826, 42258, 9796, 38489, 30092, 42717, 32601, 43877, 41500, 39553, 36333, 19463, 43572, 27401, 14289, 24657, 26739, 38089, 41066, 18497, 10232, 17290, 19308, 45615, 40782, 31557, 27928, 41886, 27915, 24446, 27244, 41691, 41299, 43250, 44151, 46271, 40324, 35781, 8755, 38119, -1, 27609, 13824, 28697, 40407, 37615, 35370, 7113, 29450, 45230, 45682, 38721, 38169, 27863, 26049, 34592, 41597, 30443, 39441, 33510, 41420, 45181, 34177, 40474],[23517, 29234, 12708, 19502, 41157, 42639, 23268, 46225, 18327, 21850, 40240, 17208, 45236, 39109, 43814, 13718, 42323, 41822, 13837, 36596, 33737, 6546, 35975, 16044, 25349, 27747, 39905, 43225, 20053, 3414, 28265, 37525, 34971, 12022, 35100, 45006, 22628, 11758, 41714, 32286, 41873, 32648, 42063, 42114, 41826, 14907, 39235, 15209, 27609, -1, 43021, 38056, 34296, 39584, 42340, 26270, 27713, 36454, 16024, 22830, 32459, 33981, 45867, 46077, 15152, 42910, 22644, 13382, 42479, 29253, 39407, 28351],[30281, 31230, 25581, 34895, 15512, 33051, 43997, 27974, 20812, 39575, 42690, 41344, 29057, 40232, 21653, 36939, 40452, 7326, 45798, 44390, 33622, 24996, 27943, 39611, 43632, 27493, 20241, 43952, 21599, 44465, 28311, 19628, 36577, 10545, 27905, 45983, 26662, 34424, 30499, 8355, 44789, 38167, 23872, 44247, 8243, 14324, 38023, 45741, 13824, 43021, -1, 32715, 5973, 46333, 44568, 28120, 39546, 41105, 22805, 32158, 30509, 35730, 11484, 35508, 44343, 21331, 14552, 19539, 45350, 37334, 35848, 7630],[42873, 2118, 27014, 44385, 33746, 30797, 21639, 19093, 40701, 35161, 11658, 23679, 27482, 35872, 10217, 6892, 45985, 42761, 23578, 24634, 35925, 29986, 35719, 44548, 17881, 30919, 5347, 24100, 28587, 44170, 43842, 41235, 16744, 38863, 42184, 30190, 22586, 44132, 33690, 41560, 25439, 38633, 35816, 4727, 14207, 16615, 43701, 43018, 28697, 38056, 32715, -1, 24811, 36840, 29313, 44534, 40683, 32241, 30402, 42685, 25074, 22550, 18073, 27806, 37391, 31796, 32739, 46259, 22741, 28220, 17140, 26188],[44603, 32416, 22661, 26401, 42520, 38741, 45302, 45270, 24701, 17048, 41369, 37065, 45014, 36677, 17303, 42086, 37627, 36838, 45265, 45536, 40509, 38219, 44806, 44144, 42660, 35371, 18663, 42274, 26303, 35144, 22445, 44587, 39186, 44915, 24200, 40960, 42677, 34532, 39693, 39869, 32686, 28212, 24259, 31950, 44479, 6795, 33037, 6545, 40407, 34296, 5973, 24811, -1, 13183, 29984, 24944, 19798, 45772, 22297, 36601, 20839, 42259, 24217, 45557, 40362, 26226, 34414, 41444, 16502, 30184, 12235, 27726],[39633, 33057, 27376, 39780, 31475, 38841, 24758, 42729, 29366, 34570, 14450, 35820, 42639, 33594, 33885, 42826, 22330, 31804, 33717, 29568, 26022, 40189, 15126, 44959, 36628, 28712, 22695, 41139, 36248, 27294, 32799, 8046, 14363, 37532, 14589, 26430, 3942, 30800, 25525, 1756, 40709, 15703, 29109, 28112, 39612, 34616, 13764, 15217, 37615, 39584, 46333, 36840, 13183, -1, 22977, 37308, 23548, 29940, 12242, 42065, 38890, 27170, 20611, 21584, 45633, 33563, 35200, 45915, 28594, 26377, 9371, 17645],[40447, 45025, 42623, 43189, 42348, 23919, 25353, 43196, 34412, 35145, 38231, 26863, 32322, 16623, 39813, 33200, 36453, 24442, 32081, 44704, 38719, 23720, 33002, 34909, 10544, 22642, 13822, 31538, 30252, 30519, 45575, 38606, 9340, 40560, 39663, 16620, 35608, 31615, 28945, 42441, 6788, 23943, 33293, 24885, 33206, 31586, 18323, 24096, 35370, 42340, 44568, 29313, 29984, 22977, -1, 32930, 28533, 34148, 21196, 17726, 18772, 45715, 20528, 44409, 42262, 27653, 45821, 37881, 30831, 39995, 45319, 34564],[28239, 11360, 24037, 41881, 45059, 41389, 34311, 36259, 37881, 39463, 44722, 40144, 31853, 3040, 1436, 35943, 34932, 27774, 16427, 45930, 26641, 20450, 31785, 10769, 32441, 39066, 19890, 10525, 26498, 15042, 28132, 17423, 9392, 44280, 18598, 41331, 24057, 30182, 22438, 46115, 40103, 40365, 29861, 42513, 31062, 10983, 34116, 28192, 7113, 26270, 28120, 44534, 24944, 37308, 32930, -1, 46078, 36931, 27233, 45899, 9102, 18854, 19244, 45880, 46128, 40791, 36899, 18953, 40242, 43548, 46151, 29195],[45274, 42726, 35885, 31911, 36667, 40768, 34384, 20591, 34620, 4419, 16834, 37783, 20570, 40974, 14851, 29308, 41046, 30114, 43504, 45258, 36397, 37791, 4057, 28700, 43554, 21550, 35435, 27434, 43478, 22426, 29848, 18107, 30092, 45857, 30163, 15555, 11587, 12525, 21417, 17526, 19331, 33305, 22092, 36929, 42305, 15030, 37437, 43927, 29450, 27713, 39546, 40683, 19798, 23548, 28533, 46078, -1, 6983, 34640, 45530, 23658, 11088, 2428, 39937, 3268, 23525, 42592, 39962, 42098, 18632, 28602, 16142],[40857, 30266, 36657, 32009, 34003, 33793, 46119, 41455, 40826, 31962, 35583, 15221, 42896, 11691, 26917, 33812, 42116, 24653, 23250, 40873, 23646, 29619, 20097, 45542, 19997, 1736, 46126, 42268, 34663, 39302, 31133, 36796, 18068, 13933, 18300, 39643, 3345, 6554, 28724, 41307, 45126, 43796, 41475, 31203, 7962, 46180, 33611, 36165, 45230, 36454, 41105, 32241, 45772, 29940, 34148, 36931, 6983, -1, 1508, 22727, 34449, 27297, 16831, 21116, 39719, 43097, 12197, 10489, 20684, 31692, 36334, 18583],[38169, 36490, 9583, 29486, 39678, 40239, 42357, 16979, 24260, 17920, 32287, 38125, 24301, 41582, 44813, 27742, 37174, 23108, 28839, 35263, 27561, 21540, 38300, 9838, 45440, 29896, 39581, 18092, 25410, 15381, 39423, 42721, 38716, 24081, 44482, 35687, 17460, 31953, 29839, 21227, 32541, 21255, 38146, 25782, 42314, 21034, 43929, 45640, 45682, 16024, 22805, 30402, 22297, 12242, 21196, 27233, 34640, 1508, -1, 26194, 8869, 44493, 43702, 41457, 15464, 37310, 40626, 16553, 23237, 27156, 37548, 39929],[13531, 34050, 41734, 22605, 5564, 31052, 14454, 36465, 34719, 42303, 12451, 43051, 24682, 14386, 30212, 43535, 6238, 21716, 31505, 15424, 38319, 16735, 17988, 31342, 34614, 31956, 44659, 37809, 37045, 45047, 27153, 18708, 38487, 7282, 17281, 41427, 41884, 24788, 41228, 27314, 33461, 19649, 37145, 44533, 31866, 35707, 35010, 41430, 38721, 22830, 32158, 42685, 36601, 42065, 17726, 45899, 45530, 22727, 26194, -1, 46256, 30332, 22290, 43642, 40910, 19537, 16750, 44125, 38991, 42340, 39238, 22650],[37940, 7477, 9758, 32955, 15446, 31814, 32490, 20130, 30415, 46304, 24348, 41769, 20666, 43094, 25480, 42828, 30754, 28996, 42896, 42802, 22073, 23147, 19824, 40785, 18010, 36987, 37109, 42604, 33387, 29612, 3976, 29026, 37019, 36687, 24248, 27888, 25211, 42707, 32206, 10932, 29604, 15197, 39976, 25698, 23468, 31991, 38405, 20295, 38169, 32459, 30509, 25074, 20839, 38890, 18772, 9102, 23658, 34449, 8869, 46256, -1, 34439, 23903, 39759, 24430, 10248, 44967, 26626, 34000, 29125, 45504, 9630],[40422, 32597, 39690, 37311, 39915, 19174, 22885, 12414, 30424, 41005, 22924, 34525, 29001, 32151, 26191, 46236, 35274, 32960, 37091, 44327, 43241, 41066, 34798, 38638, 25935, 8404, 34641, 22279, 13013, 18246, 35549, 9706, 29526, 20887, 27216, 39386, 29760, 14908, 41720, 38714, 28859, 36274, 23291, 6455, 45718, 27207, 20740, 45399, 27863, 33981, 35730, 22550, 42259, 27170, 45715, 18854, 11088, 27297, 44493, 30332, 34439, -1, 40721, 43533, 41307, 15854, 11829, 41014, 10400, 12302, 37771, 19185],[31029, 39243, 34435, 19098, 30255, 43341, 24465, 29774, 37839, 30183, 21333, 37274, 6240, 38921, 30140, 15125, 44366, 43942, 36386, 27666, 22199, 23971, 38713, 40909, 30693, 22732, 20283, 41724, 36465, 19122, 41372, 43508, 30167, 33149, 22156, 15166, 34941, 43859, 21748, 12329, 45100, 32288, 31617, 42927, 33109, 43035, 31039, 16810, 26049, 45867, 11484, 18073, 24217, 20611, 20528, 19244, 2428, 16831, 43702, 22290, 23903, 40721, -1, 17622, 9907, 40269, 35876, 28239, 24177, 43846, 44268, 11691],[24929, 25100, 29522, 17359, 25756, 42705, 36748, 39828, 34351, 8448, 36066, 29549, 31491, 34895, 23638, 25022, 30087, 28419, 45984, 23647, 28757, 34862, 20489, 45006, 8440, 10708, 26916, 42267, 23070, 30817, 27079, 33780, 12951, 43002, 45324, 29145, 45793, 29283, 25084, 32623, 18960, 39426, 10842, 7467, 33050, 31670, 38305, 35573, 34592, 46077, 35508, 27806, 45557, 21584, 44409, 45880, 39937, 21116, 41457, 43642, 39759, 43533, 17622, -1, 45604, 46054, 42557, 37391, 32243, 33055, 40920, 18883],[12348, 9264, 42929, 18623, 23699, 37992, 11489, 26179, 17942, 29671, 34464, 26683, 13717, 9899, 18399, 32870, 14863, 17682, 28026, 29084, 42292, 22606, 45251, 43149, 29130, 30738, 33037, 45500, 15054, 35901, 33605, 21444, 46254, 18459, 31442, 30717, 44451, 21488, 40551, 42096, 14136, 30449, 20643, 34843, 44699, 19582, 20744, 44674, 41597, 15152, 44343, 37391, 40362, 45633, 42262, 46128, 3268, 39719, 15464, 40910, 24430, 41307, 9907, 45604, -1, 27062, 43503, 44068, 42780, 45025, 33725, 36636],[25614, 19142, 22688, 22249, 13209, 36997, 26715, 32069, 33877, 40454, 44465, 35689, 42873, 32279, 22443, 44135, 33574, 17951, 12691, 42137, 21977, 26871, 15277, 33555, 37161, 37712, 19688, 33370, 24292, 25763, 40498, 18112, 28028, 29601, 4415, 43160, 35955, 19676, 39159, 34695, 45818, 39176, 39694, 40407, 28045, 6055, 35559, 11893, 30443, 42910, 21331, 31796, 26226, 33563, 27653, 40791, 23525, 43097, 37310, 19537, 10248, 15854, 40269, 46054, 27062, -1, 14026, 38613, 24977, 22436, 34401, 27922],[40873, 29111, 28217, 34606, 39705, 28744, 36664, 41621, 28603, 45871, 34029, 33321, 42328, 25680, 28450, 22625, 27844, 41712, 11436, 34919, 32332, 42088, 36159, 44433, 24493, 37972, 37898, 43989, 30338, 40063, 33615, 45321, 22699, 44221, 26063, 38754, 14110, 44637, 33629, 36698, 15729, 26827, 43859, 32745, 43221, 12292, 5367, 23445, 39441, 22644, 14552, 32739, 34414, 35200, 45821, 36899, 42592, 12197, 40626, 16750, 44967, 11829, 35876, 42557, 43503, 14026, -1, 27221, 39513, 6222, 17742, 30557],[24119, 18393, 36662, 40065, 46198, 37239, 40663, 9069, 45740, 42559, 42412, 18484, 39313, 23881, 41795, 19929, 24218, 21393, 23959, 38540, 35501, 20116, 26444, 31480, 9233, 33879, 23629, 27204, 35630, 16330, 44266, 28168, 5510, 8702, 42589, 32663, 15546, 18553, 35665, 32154, 27792, 38908, 44714, 29836, 38497, 29466, 37458, 28990, 33510, 13382, 19539, 46259, 41444, 45915, 37881, 18953, 39962, 10489, 16553, 44125, 26626, 41014, 28239, 37391, 44068, 38613, 27221, -1, 33983, 43676, 29136, 34602],[46333, 41191, 32093, 44464, 28561, 36248, 27772, 23184, 37694, 21857, 41275, 19378, 26146, 44171, 45114, 32412, 23537, 32402, 41523, 36299, 36556, 45572, 20647, 42644, 43321, 26549, 31738, 46294, 21311, 33067, 17102, 36816, 31834, 29857, 25209, 42955, 45960, 45270, 22749, 9338, 26590, 33888, 17057, 26424, 36946, 39894, 20859, 35382, 41420, 42479, 45350, 22741, 16502, 28594, 30831, 40242, 42098, 20684, 23237, 38991, 34000, 10400, 24177, 32243, 42780, 24977, 39513, 33983, -1, 22724, 33216, 19904],[34422, 40346, 30178, 2005, 8619, 39517, 35418, 39265, 22777, 3194, 34649, 26385, 33322, 30184, 25811, 24446, 39270, 38324, 10392, 38272, 45851, 6693, 12150, 45361, 14444, 40109, 18420, 21415, 35619, 22288, 27426, 6830, 21904, 7328, 30778, 38537, 27703, 28482, 38244, 5753, 38626, 44928, 27153, 32705, 39961, 36242, 22793, 11432, 45181, 29253, 37334, 28220, 30184, 26377, 39995, 43548, 18632, 31692, 27156, 42340, 29125, 12302, 43846, 33055, 45025, 22436, 6222, 43676, 22724, -1, 40023, 12580],[31241, 43470, 44807, 18816, 40782, 42459, 25816, 41029, 3915, 31757, 39826, 18009, 44034, 39662, 46327, 18801, 22155, 19457, 30952, 16336, 33690, 44129, 44739, 42002, 39261, 42019, 9520, 25393, 44989, 23614, 35202, 44041, 44125, 36278, 28793, 40159, 14709, 31273, 19602, 44131, 25626, 34191, 26182, 24277, 11481, 34946, 28788, 44638, 34177, 39407, 35848, 17140, 12235, 9371, 45319, 46151, 28602, 36334, 37548, 39238, 45504, 37771, 44268, 40920, 33725, 34401, 17742, 29136, 33216, 40023, -1, 44079],[12877, 43408, 37241, 40964, 42881, 30091, 43483, 40762, 18825, 21335, 5007, 45898, 42413, 32014, 14900, 39394, 40073, 39553, 17834, 43699, 43777, 34106, 37176, 24484, 24129, 17252, 23518, 37053, 39502, 12287, 35249, 12610, 21752, 37096, 44152, 30206, 44579, 30584, 32739, 26969, 34649, 14606, 45538, 31519, 35788, 35679, 24099, 31689, 40474, 28351, 7630, 26188, 27726, 17645, 34564, 29195, 16142, 18583, 39929, 22650, 9630, 19185, 11691, 18883, 36636, 27922, 30557, 34602, 19904, 12580, 44079, -1]]