45
[[-1, 41654, 31125, 26022, 29090, 21811, 16542, 41432, 43563, 40802, 28008, 14399, 37896, 32088, 28843, 43985, 44328, 32229, 44846, 29202, 16448, 36942, 7852, 31156, 28587, 37483, 35994, 23104, 25036, 25083, 30924, 25173, 15948, 43111, 37026, 29993, 39403, 26965, 21919, 14274, 34060, 44948, 2321, 33580, 30156],[41654, -1, 39419, 45518, 39790, 12333, 25014, 45051, 40712, 33266, 29963, 45499, 45443, 44574, 45930, 38779, 29448, 19879, 29329, 28247, 29465, 43313, 39153, 27724, 8629, 44700, 45951, 42833, 39831, 39155, 27122, 40488, 37044, 40014, 31374, 24328, 29079, 36116, 23318, 14922, 38056, 25144, 8367, 35066, 36030],[31125, 39419, -1, 44487, 12393, 45143, 32852, 31921, 7035, 32099, 24935, 24829, 44220, 28946, 43720, 4390, 15627, 45243, 32416, 24039, 44884, 14191, 38694, 42333, 40345, 45126, 36115, 41135, 39326, 34872, 33154, 6317, 18461, 44033, 43960, 15613, 7388, 40098, 42788, 37748, 33434, 41710, 43469, 13099, 40480],[26022, 45518, 44487, -1, 15628, 9179, 21307, 42552, 43284, 22419, 43061, 31442, 17199, 29602, 29418, 20446, 36844, 42360, 35895, 40475, 4053, 12064, 25624, 21812, 42116, 42684, 7212, 19404, 23348, 32551, 31434, 18886, 15991, 39455, 35539, 38991, 37588, 31855, 38892, 27596, 31168, 13252, 41934, 14457, 42203],[29090, 39790, 12393, 15628, -1, 38096, 42287, 17290, 14503, 45030, 31083, 37556, 39017, 35206, 33774, 37402, 27015, 27676, 27229, 41358, 9747, 36719, 19686, 15972, 29733, 35799, 9635, 23224, 10868, 29068, 46169, 32154, 39737, 7099, 42731, 43140, 33783, 33605, 41993, 7817, 42029, 26174, 43946, 26975, 37076],[21811, 12333, 45143, 9179, 38096, -1, 5741, 43779, 29460, 7316, 25486, 6849, 38417, 30662, 45320, 25573, 35843, 11352, 18725, 24658, 40574, 24213, 10798, 41674, 27514, 13488, 29878, 43291, 7559, 38530, 22339, 25922, 9200, 42879, 45231, 33218, 33353, 40712, 38170, 44170, 26173, 38477, 40546, 28799, 18836],[16542, 25014, 32852, 21307, 42287, 5741, -1, 24075, 22079, 26422, 25923, 7219, 5172, 16683, 30190, 28517, 45096, 28827, 5312, 39844, 4394, 30882, 44027, 45076, 40171, 9123, 8913, 37598, 30386, 38020, 42842, 33860, 7787, 11170, 36086, 31724, 42606, 31586, 46206, 44034, 33717, 36713, 36062, 38179, 13093],[41432, 45051, 31921, 42552, 17290, 43779, 24075, -1, 33192, 33454, 36207, 16483, 40276, 34919, 33902, 22612, 29153, 35880, 44841, 45197, 28882, 26059, 38814, 25846, 30777, 27917, 30067, 33649, 32094, 26646, 13374, 25710, 42178, 5977, 37369, 21526, 32695, 40536, 40563, 18893, 31600, 32948, 44898, 33827, 26771],[43563, 40712, 7035, 43284, 14503, 29460, 22079, 33192, -1, 45033, 32091, 11682, 37619, 31865, 6400, 9503, 12090, 41944, 42518, 37332, 30307, 7727, 40723, 31484, 35549, 18777, 15686, 36694, 33759, 40638, 6592, 45206, 43210, 35835, 25621, 37822, 34957, 29827, 45136, 19950, 28720, 33494, 24611, 28688, 16541],[40802, 33266, 32099, 22419, 45030, 7316, 26422, 33454, 45033, -1, 46335, 31632, 40093, 36873, 35322, 30580, 34705, 21168, 24155, 30418, 44580, 29303, 13244, 43905, 31797, 22367, 39946, 37771, 11437, 32758, 24960, 44932, 33605, 7420, 33573, 22772, 17153, 27396, 36800, 42325, 31497, 45058, 19523, 18623, 45604],[28008, 29963, 24935, 43061, 31083, 25486, 25923, 36207, 32091, 46335, -1, 34076, 16253, 26624, 16684, 11594, 37169, 4309, 45382, 41452, 25356, 26930, 44293, 15480, 22780, 26280, 41736, 31946, 42796, 36528, 31518, 36019, 34305, 20508, 39986, 29445, 34461, 25333, 39240, 23782, 13180, 22483, 13533, 38834, 19843],[14399, 45499, 24829, 31442, 37556, 6849, 7219, 16483, 11682, 31632, 34076, -1, 42723, 25689, 33901, 40988, 10600, 36512, 43454, 20287, 37045, 42315, 31849, 45736, 43978, 33967, 33507, 24740, 34772, 44903, 42184, 40456, 39191, 36675, 43723, 33032, 24121, 31378, 30938, 37798, 44092, 30231, 40725, 2897, 12658],[37896, 45443, 44220, 17199, 39017, 38417, 5172, 40276, 37619, 40093, 16253, 42723, -1, 28068, 38920, 26433, 33755, 33784, 41035, 42572, 41930, 5000, 10352, 44641, 25245, 30925, 18534, 34921, 16525, 44769, 36208, 37175, 43495, 20308, 20217, 23167, 40222, 41696, 14141, 40046, 16455, 23654, 33146, 33765, 2396],[32088, 44574, 28946, 29602, 35206, 30662, 16683, 34919, 31865, 36873, 26624, 25689, 28068, -1, 27939, 23316, 44360, 35330, 37840, 39785, 10837, 16614, 21475, 30999, 41901, 28287, 42894, 17573, 41419, 45560, 33414, 44166, 37243, 30257, 35357, 36869, 12816, 37817, 33085, 14488, 37014, 42305, 36837, 33925, 39137],[28843, 45930, 43720, 29418, 33774, 45320, 30190, 33902, 6400, 35322, 16684, 33901, 38920, 27939, -1, 26189, 31342, 36600, 21305, 26650, 44527, 22832, 45734, 27625, 28036, 37925, 26538, 3515, 7184, 18671, 26584, 41907, 14143, 44358, 37307, 36599, 41221, 25733, 19805, 30902, 14104, 37099, 31386, 45846, 40963],[43985, 38779, 4390, 20446, 37402, 25573, 28517, 22612, 9503, 30580, 11594, 40988, 26433, 23316, 26189, -1, 43195, 34326, 39108, 37085, 31758, 4896, 19467, 42832, 16795, 25845, 23529, 45557, 34064, 18408, 34371, 44700, 27071, 37282, 24752, 6206, 41723, 44036, 43852, 4141, 37754, 9751, 26402, 43699, 31976],[44328, 29448, 15627, 36844, 27015, 35843, 45096, 29153, 12090, 34705, 37169, 10600, 33755, 44360, 31342, 43195, -1, 42904, 42505, 34557, 24553, 42703, 22368, 33254, 28599, 11640, 46210, 44189, 46235, 34342, 45831, 30837, 30417, 30198, 14789, 36587, 10964, 42899, 27223, 9445, 45429, 8426, 9880, 30860, 34077],[32229, 19879, 45243, 42360, 27676, 11352, 28827, 35880, 41944, 21168, 4309, 36512, 33784, 35330, 36600, 34326, 42904, -1, 44039, 41932, 43481, 34247, 43129, 42237, 42169, 38790, 29468, 40797, 23885, 43742, 39152, 21246, 40361, 35359, 40229, 38726, 31116, 29352, 44688, 45203, 41579, 17404, 46308, 20214, 40208],[44846, 29329, 32416, 35895, 27229, 18725, 5312, 44841, 42518, 24155, 45382, 43454, 41035, 37840, 21305, 39108, 42505, 44039, -1, 30396, 30533, 43281, 43340, 16632, 45512, 44685, 38610, 45357, 44985, 38992, 17667, 26650, 26523, 29395, 13655, 27903, 43802, 31001, 26063, 5131, 33712, 30835, 40976, 28044, 45939],[29202, 28247, 24039, 40475, 41358, 24658, 39844, 45197, 37332, 30418, 41452, 20287, 42572, 39785, 26650, 37085, 34557, 41932, 30396, -1, 29395, 36286, 32342, 33470, 21470, 18245, 22281, 39090, 29690, 21430, 17945, 35679, 16435, 15420, 43194, 7555, 25446, 5313, 43794, 36071, 26495, 43142, 20041, 41872, 10164],[16448, 29465, 44884, 4053, 9747, 40574, 4394, 28882, 30307, 44580, 25356, 37045, 41930, 10837, 44527, 31758, 24553, 43481, 30533, 29395, -1, 21685, 39333, 44887, 21005, 31775, 44444, 20319, 22262, 5895, 26338, 37912, 6231, 34785, 20740, 44005, 32659, 43196, 40467, 6715, 38482, 22917, 16647, 28955, 20032],[36942, 43313, 14191, 12064, 36719, 24213, 30882, 26059, 7727, 29303, 26930, 42315, 5000, 16614, 22832, 4896, 42703, 34247, 43281, 36286, 21685, -1, 26176, 23428, 28015, 35512, 37330, 26348, 17249, 27883, 44849, 37881, 37854, 26436, 22639, 16915, 4236, 37152, 32529, 28710, 43428, 15590, 34635, 41591, 44411],[7852, 39153, 38694, 25624, 19686, 10798, 44027, 38814, 40723, 13244, 44293, 31849, 10352, 21475, 45734, 19467, 22368, 43129, 43340, 32342, 39333, 26176, -1, 40724, 40664, 45797, 41143, 20985, 21750, 38333, 32445, 31888, 33902, 45908, 43862, 43436, 40687, 8137, 11145, 26762, 25106, 33163, 45812, 44816, 30030],[31156, 27724, 42333, 21812, 15972, 41674, 45076, 25846, 31484, 43905, 15480, 45736, 44641, 30999, 27625, 42832, 33254, 42237, 16632, 33470, 44887, 23428, 40724, -1, 30575, 36877, 43420, 44648, 39335, 38504, 34296, 19480, 34167, 43418, 44758, 44816, 36204, 22164, 15561, 39117, 20443, 35058, 8612, 21306, 34829],[28587, 8629, 40345, 42116, 29733, 27514, 40171, 30777, 35549, 31797, 22780, 43978, 25245, 41901, 28036, 16795, 28599, 42169, 45512, 21470, 21005, 28015, 40664, 30575, -1, 40171, 34114, 34879, 22992, 22673, 40049, 41768, 18702, 13909, 34969, 24973, 35379, 43505, 42690, 36651, 32470, 22986, 31935, 30418, 44341],[37483, 44700, 45126, 42684, 35799, 13488, 9123, 27917, 18777, 22367, 26280, 33967, 30925, 28287, 37925, 25845, 11640, 38790, 44685, 18245, 31775, 35512, 45797, 36877, 40171, -1, 35770, 45381, 30009, 6681, 39194, 31591, 28333, 37820, 37018, 42842, 32149, 38876, 39464, 20609, 21401, 23578, 41723, 37373, 32434],[35994, 45951, 36115, 7212, 9635, 29878, 8913, 30067, 15686, 39946, 41736, 33507, 18534, 42894, 26538, 23529, 46210, 29468, 38610, 22281, 44444, 37330, 41143, 43420, 34114, 35770, -1, 37639, 39654, 10373, 41522, 39912, 27823, 21737, 43551, 17194, 29786, 33188, 45220, 41420, 19499, 37616, 35154, 28146, 38439],[23104, 42833, 41135, 19404, 23224, 43291, 37598, 33649, 36694, 37771, 31946, 24740, 34921, 17573, 3515, 45557, 44189, 40797, 45357, 39090, 20319, 26348, 20985, 44648, 34879, 45381, 37639, -1, 20814, 41195, 24081, 34225, 45152, 6625, 8510, 38299, 22744, 40091, 26879, 22992, 31166, 12183, 18952, 40942, 27498],[25036, 39831, 39326, 23348, 10868, 7559, 30386, 32094, 33759, 11437, 42796, 34772, 16525, 41419, 7184, 34064, 46235, 23885, 44985, 29690, 22262, 17249, 21750, 39335, 22992, 30009, 39654, 20814, -1, 36340, 40590, 38015, 23707, 2457, 13645, 21635, 20313, 36197, 41286, 16844, 34627, 41199, 20974, 33386, 30713],[25083, 39155, 34872, 32551, 29068, 38530, 38020, 26646, 40638, 32758, 36528, 44903, 44769, 45560, 18671, 18408, 34342, 43742, 38992, 21430, 5895, 27883, 38333, 38504, 22673, 6681, 10373, 41195, 36340, -1, 40505, 34187, 40172, 35037, 44351, 20971, 34069, 34749, 40748, 42406, 39622, 41709, 40850, 39857, 46263],[30924, 27122, 33154, 31434, 46169, 22339, 42842, 13374, 6592, 24960, 31518, 42184, 36208, 33414, 26584, 34371, 45831, 39152, 17667, 17945, 26338, 44849, 32445, 34296, 40049, 39194, 41522, 24081, 40590, 40505, -1, 22153, 44931, 24621, 26734, 44957, 18813, 37024, 36726, 36320, 27224, 26321, 45149, 20388, 35605],[25173, 40488, 6317, 18886, 32154, 25922, 33860, 25710, 45206, 44932, 36019, 40456, 37175, 44166, 41907, 44700, 30837, 21246, 26650, 35679, 37912, 37881, 31888, 19480, 41768, 31591, 39912, 34225, 38015, 34187, 22153, -1, 41157, 37970, 39089, 19484, 14228, 23358, 45498, 34287, 25082, 15597, 45645, 36604, 23369],[15948, 37044, 18461, 15991, 39737, 9200, 7787, 42178, 43210, 33605, 34305, 39191, 43495, 37243, 14143, 27071, 30417, 40361, 26523, 16435, 6231, 37854, 33902, 34167, 18702, 28333, 27823, 45152, 23707, 40172, 44931, 41157, -1, 44562, 20335, 43610, 34205, 37768, 27667, 38007, 15026, 24483, 37609, 43078, 32152],[43111, 40014, 44033, 39455, 7099, 42879, 11170, 5977, 35835, 7420, 20508, 36675, 20308, 30257, 44358, 37282, 30198, 35359, 29395, 15420, 34785, 26436, 45908, 43418, 13909, 37820, 21737, 6625, 2457, 35037, 24621, 37970, 44562, -1, 43779, 17467, 44127, 16834, 10955, 29573, 16269, 12932, 5573, 41973, 44703],[37026, 31374, 43960, 35539, 42731, 45231, 36086, 37369, 25621, 33573, 39986, 43723, 20217, 35357, 37307, 24752, 14789, 40229, 13655, 43194, 20740, 22639, 43862, 44758, 34969, 37018, 43551, 8510, 13645, 44351, 26734, 39089, 20335, 43779, -1, 19005, 43483, 15409, 18736, 33243, 36796, 23065, 30591, 38273, 39105],[29993, 24328, 15613, 38991, 43140, 33218, 31724, 21526, 37822, 22772, 29445, 33032, 23167, 36869, 36599, 6206, 36587, 38726, 27903, 7555, 44005, 16915, 43436, 44816, 24973, 42842, 17194, 38299, 21635, 20971, 44957, 19484, 43610, 17467, 19005, -1, 6203, 8915, 46312, 21798, 24794, 32951, 31348, 45524, 30180],[39403, 29079, 7388, 37588, 33783, 33353, 42606, 32695, 34957, 17153, 34461, 24121, 40222, 12816, 41221, 41723, 10964, 31116, 43802, 25446, 32659, 4236, 40687, 36204, 35379, 32149, 29786, 22744, 20313, 34069, 18813, 14228, 34205, 44127, 43483, 6203, -1, 45684, 23689, 3240, 43241, 43256, 37169, 41919, 25438],[26965, 36116, 40098, 31855, 33605, 40712, 31586, 40536, 29827, 27396, 25333, 31378, 41696, 37817, 25733, 44036, 42899, 29352, 31001, 5313, 43196, 37152, 8137, 22164, 43505, 38876, 33188, 40091, 36197, 34749, 37024, 23358, 37768, 16834, 15409, 8915, 45684, -1, 18816, 41828, 20065, 42939, 40102, 9494, 39256],[21919, 23318, 42788, 38892, 41993, 38170, 46206, 40563, 45136, 36800, 39240, 30938, 14141, 33085, 19805, 43852, 27223, 44688, 26063, 43794, 40467, 32529, 11145, 15561, 42690, 39464, 45220, 26879, 41286, 40748, 36726, 45498, 27667, 10955, 18736, 46312, 23689, 18816, -1, 35574, 17259, 22751, 33165, 35974, 42204],[14274, 14922, 37748, 27596, 7817, 44170, 44034, 18893, 19950, 42325, 23782, 37798, 40046, 14488, 30902, 4141, 9445, 45203, 5131, 36071, 6715, 28710, 26762, 39117, 36651, 20609, 41420, 22992, 16844, 42406, 36320, 34287, 38007, 29573, 33243, 21798, 3240, 41828, 35574, -1, 30711, 33595, 39184, 19540, 45041],[34060, 38056, 33434, 31168, 42029, 26173, 33717, 31600, 28720, 31497, 13180, 44092, 16455, 37014, 14104, 37754, 45429, 41579, 33712, 26495, 38482, 43428, 25106, 20443, 32470, 21401, 19499, 31166, 34627, 39622, 27224, 25082, 15026, 16269, 36796, 24794, 43241, 20065, 17259, 30711, -1, 10415, 30960, 38023, 21525],[44948, 25144, 41710, 13252, 26174, 38477, 36713, 32948, 33494, 45058, 22483, 30231, 23654, 42305, 37099, 9751, 8426, 17404, 30835, 43142, 22917, 15590, 33163, 35058, 22986, 23578, 37616, 12183, 41199, 41709, 26321, 15597, 24483, 12932, 23065, 32951, 43256, 42939, 22751, 33595, 10415, -1, 25151, 33128, 9451],[2321, 8367, 43469, 41934, 43946, 40546, 36062, 44898, 24611, 19523, 13533, 40725, 33146, 36837, 31386, 26402, 9880, 46308, 40976, 20041, 16647, 34635, 45812, 8612, 31935, 41723, 35154, 18952, 20974, 40850, 45149, 45645, 37609, 5573, 30591, 31348, 37169, 40102, 33165, 39184, 30960, 25151, -1, 27754, 40037],[33580, 35066, 13099, 14457, 26975, 28799, 38179, 33827, 28688, 18623, 38834, 2897, 33765, 33925, 45846, 43699, 30860, 20214, 28044, 41872, 28955, 41591, 44816, 21306, 30418, 37373, 28146, 40942, 33386, 39857, 20388, 36604, 43078, 41973, 38273, 45524, 41919, 9494, 35974, 19540, 38023, 33128, 27754, -1, 33482],[30156, 36030, 40480, 42203, 37076, 18836, 13093, 26771, 16541, 45604, 19843, 12658, 2396, 39137, 40963, 31976, 34077, 40208, 45939, 10164, 20032, 44411, 30030, 34829, 44341, 32434, 38439, 27498, 30713, 46263, 35605, 23369, 32152, 44703, 39105, 30180, 25438, 39256, 42204, 45041, 21525, 9451, 40037, 33482, -1]]