41
[[-1, 21209, 24709, 37442, 20515, 40761, 17809, 42292, 13189, 30528, 25036, 25944, 38104, 19831, 31553, 32930, 12533, 39042, 41977, 23968, 31503, 33194, 32797, 31608, 21658, 18876, 35563, 46286, 43093, 46328, 43974, 40233, 41709, 21620, 45150, 4218, 38258, 41283, 22046, 31516, 33315],[21209, -1, 18717, 41210, 27226, 14852, 41663, 39884, 35690, 39320, 30201, 7024, 37894, 34148, 8479, 32184, 40574, 11248, 31991, 19942, 37502, 13455, 41611, 40073, 40960, 29971, 38702, 23295, 9374, 45184, 21248, 6097, 32465, 22980, 32040, 34918, 36996, 38141, 43670, 8235, 41697],[24709, 18717, -1, 43657, 34927, 39058, 37927, 44805, 30025, 23244, 35271, 22540, 21663, 10150, 41194, 15766, 36098, 42257, 25811, 29141, 19297, 36357, 26588, 40865, 44803, 38530, 31839, 16852, 39559, 29036, 5965, 43538, 38930, 45359, 26005, 42516, 31673, 22037, 30217, 17691, 34135],[37442, 41210, 43657, -1, 20643, 31915, 35804, 33176, 42129, 43994, 44118, 13757, 12790, 26850, 6955, 10311, 16032, 28563, 34667, 43267, 17050, 41460, 15354, 42311, 21554, 34915, 5707, 10496, 24432, 43808, 24574, 28442, 45824, 40614, 17358, 28249, 28733, 38222, 34349, 37802, 44224],[20515, 27226, 34927, 20643, -1, 28925, 29081, 38287, 40327, 22578, 25539, 30463, 33700, 38106, 33828, 28833, 14201, 33113, 17507, 44494, 11549, 41452, 39723, 45508, 36639, 40286, 42121, 25141, 21745, 46199, 41314, 36154, 31974, 43432, 22584, 31521, 37180, 41016, 45163, 17660, 26229],[40761, 14852, 39058, 31915, 28925, -1, 25350, 45754, 45335, 32861, 46217, 40263, 26297, 37496, 42073, 25825, 23243, 30926, 43859, 42081, 32251, 22520, 20007, 3760, 27227, 34742, 31589, 29737, 30165, 31721, 18571, 18331, 45199, 33162, 35074, 16509, 43055, 40590, 22626, 43600, 27569],[17809, 41663, 37927, 35804, 29081, 25350, -1, 38191, 15749, 45302, 44161, 13466, 24559, 40883, 42572, 34167, 43458, 40456, 10978, 32192, 34341, 39978, 37838, 34062, 39769, 34657, 29907, 25806, 45324, 32235, 20403, 42597, 8149, 36574, 18571, 42134, 39407, 15961, 14301, 28640, 35332],[42292, 39884, 44805, 33176, 38287, 45754, 38191, -1, 41920, 45226, 39784, 33925, 32415, 42882, 41653, 30103, 14824, 29992, 36355, 46090, 17220, 25730, 36627, 42848, 23785, 31286, 31184, 46201, 41936, 20470, 41828, 39609, 42804, 41179, 37984, 28058, 17074, 33472, 25693, 41613, 39320],[13189, 35690, 30025, 42129, 40327, 45335, 15749, 41920, -1, 34875, 45896, 19827, 24470, 35741, 18253, 40255, 31112, 34808, 7188, 15035, 44214, 44305, 37951, 16609, 8715, 42029, 22138, 40731, 43742, 42931, 43472, 37682, 23302, 25988, 14722, 18084, 25998, 25280, 19919, 24272, 28959],[30528, 39320, 23244, 43994, 22578, 32861, 45302, 45226, 34875, -1, 33982, 35940, 45799, 11518, 29025, 26318, 12905, 45737, 14478, 21355, 45422, 41457, 12875, 38105, 22003, 43093, 21565, 33500, 33879, 41407, 19679, 33263, 7496, 26485, 43179, 38734, 14636, 35873, 32716, 43860, 36059],[25036, 30201, 35271, 44118, 25539, 46217, 44161, 39784, 45896, 33982, -1, 23833, 37177, 21560, 15098, 42355, 11288, 21590, 19808, 22709, 39804, 39393, 41268, 36433, 26896, 40438, 29879, 45223, 37674, 26440, 33072, 33224, 38259, 21446, 21808, 43536, 30186, 30713, 29745, 5012, 4740],[25944, 7024, 22540, 13757, 30463, 40263, 13466, 33925, 19827, 35940, 23833, -1, 21086, 25531, 44627, 26299, 44248, 10347, 20128, 37974, 32679, 27844, 30077, 43314, 37546, 22500, 38649, 22659, 12872, 42614, 25504, 38379, 27779, 36982, 31028, 26491, 41437, 26875, 4839, 16604, 40610],[38104, 37894, 21663, 12790, 33700, 26297, 24559, 32415, 24470, 45799, 37177, 21086, -1, 18080, 30806, 23907, 33642, 34122, 44832, 34729, 10587, 28717, 25069, 36535, 27617, 26996, 37500, 7033, 30642, 40869, 21205, 26129, 42776, 35507, 30489, 45618, 41731, 39116, 8601, 44979, 36822],[19831, 34148, 10150, 26850, 38106, 37496, 40883, 42882, 35741, 11518, 21560, 25531, 18080, -1, 36055, 25352, 40123, 45148, 40303, 27978, 44195, 26905, 23476, 35110, 39045, 29192, 17514, 38816, 26360, 21481, 41485, 36599, 35911, 46206, 41752, 42259, 42000, 40991, 26668, 37404, 45668],[31553, 8479, 41194, 6955, 33828, 42073, 42572, 41653, 18253, 29025, 15098, 44627, 30806, 36055, -1, 39584, 26500, 31712, 43068, 25543, 28083, 45694, 37227, 23467, 39846, 42110, 33649, 34177, 33502, 32012, 42917, 24164, 19334, 30973, 15860, 9323, 41033, 42123, 44759, 45954, 46185],[32930, 32184, 15766, 10311, 28833, 25825, 34167, 30103, 40255, 26318, 42355, 26299, 23907, 25352, 39584, -1, 28038, 11356, 35109, 39037, 17965, 24074, 42964, 26803, 41374, 17384, 22142, 45021, 35765, 28151, 38943, 36139, 40230, 31656, 24134, 44575, 18911, 24438, 35598, 40683, 33588],[12533, 40574, 36098, 16032, 14201, 23243, 43458, 14824, 31112, 12905, 11288, 44248, 33642, 40123, 26500, 28038, -1, 34860, 22633, 36129, 24729, 14960, 45723, 27848, 42945, 37502, 34057, 41698, 38026, 22437, 19864, 43987, 7467, 40396, 44669, 32922, 27780, 13586, 45292, 24234, 40512],[39042, 11248, 42257, 28563, 33113, 30926, 40456, 29992, 34808, 45737, 21590, 10347, 34122, 45148, 31712, 11356, 34860, -1, 20598, 24626, 25123, 42246, 35987, 40593, 39469, 40742, 44654, 44140, 27406, 24414, 25445, 10717, 40366, 42477, 37494, 34505, 30609, 35397, 24189, 17590, 32744],[41977, 31991, 25811, 34667, 17507, 43859, 10978, 36355, 7188, 14478, 19808, 20128, 44832, 40303, 43068, 35109, 22633, 20598, -1, 38911, 18795, 29911, 25256, 12582, 44732, 39137, 35369, 41584, 31865, 21308, 35561, 45088, 25396, 21685, 17129, 33605, 17328, 44977, 25723, 39774, 41495],[23968, 19942, 29141, 43267, 44494, 42081, 32192, 46090, 15035, 21355, 22709, 37974, 34729, 27978, 25543, 39037, 36129, 24626, 38911, -1, 35161, 38399, 38437, 25686, 30621, 10325, 23038, 45660, 33902, 12965, 38480, 45646, 41918, 8616, 37670, 28590, 44458, 45606, 31763, 35129, 33648],[31503, 37502, 19297, 17050, 11549, 32251, 34341, 17220, 44214, 45422, 39804, 32679, 10587, 44195, 28083, 17965, 24729, 25123, 18795, 35161, -1, 16227, 41650, 35495, 40819, 26262, 27317, 16726, 30052, 37632, 31756, 41113, 19275, 41876, 42442, 34766, 31563, 19847, 38693, 28097, 8878],[33194, 13455, 36357, 41460, 41452, 22520, 39978, 25730, 44305, 41457, 39393, 27844, 28717, 26905, 45694, 24074, 14960, 42246, 29911, 38399, 16227, -1, 20260, 30660, 29086, 31517, 45836, 24039, 19274, 44729, 27290, 5987, 29202, 28257, 45806, 29565, 43404, 40421, 43929, 41886, 36430],[32797, 41611, 26588, 15354, 39723, 20007, 37838, 36627, 37951, 12875, 41268, 30077, 25069, 23476, 37227, 42964, 45723, 35987, 25256, 38437, 41650, 20260, -1, 23333, 16801, 9968, 30736, 21865, 23152, 42314, 34403, 43265, 32917, 9512, 45479, 32233, 19418, 26360, 44163, 38414, 17487],[31608, 40073, 40865, 42311, 45508, 3760, 34062, 42848, 16609, 38105, 36433, 43314, 36535, 35110, 23467, 26803, 27848, 40593, 12582, 25686, 35495, 30660, 23333, -1, 33887, 40966, 14642, 436, 31588, 35130, 32945, 44353, 28160, 28815, 26923, 35091, 37081, 37423, 32224, 21485, 40533],[21658, 40960, 44803, 21554, 36639, 27227, 39769, 23785, 8715, 22003, 26896, 37546, 27617, 39045, 39846, 41374, 42945, 39469, 44732, 30621, 40819, 29086, 16801, 33887, -1, 12575, 36452, 42324, 30138, 21149, 42726, 32414, 44905, 30761, 26612, 27925, 42152, 27967, 45055, 41185, 12712],[18876, 29971, 38530, 34915, 40286, 34742, 34657, 31286, 42029, 43093, 40438, 22500, 26996, 29192, 42110, 17384, 37502, 40742, 39137, 10325, 26262, 31517, 9968, 40966, 12575, -1, 43235, 44980, 39316, 18236, 3670, 31251, 23895, 37168, 35613, 33140, 45665, 44408, 21530, 33529, 27703],[35563, 38702, 31839, 5707, 42121, 31589, 29907, 31184, 22138, 21565, 29879, 38649, 37500, 17514, 33649, 22142, 34057, 44654, 35369, 23038, 27317, 45836, 30736, 14642, 36452, 43235, -1, 36515, 18978, 17905, 11874, 35796, 32362, 39148, 28043, 34477, 23617, 34010, 25277, 34625, 41509],[46286, 23295, 16852, 10496, 25141, 29737, 25806, 46201, 40731, 33500, 45223, 22659, 7033, 38816, 34177, 45021, 41698, 44140, 41584, 45660, 16726, 24039, 21865, 436, 42324, 44980, 36515, -1, 44851, 29640, 14560, 6279, 42576, 31719, 32686, 28141, 8834, 24691, 45250, 45342, 22018],[43093, 9374, 39559, 24432, 21745, 30165, 45324, 41936, 43742, 33879, 37674, 12872, 30642, 26360, 33502, 35765, 38026, 27406, 31865, 33902, 30052, 19274, 23152, 31588, 30138, 39316, 18978, 44851, -1, 36890, 42428, 37332, 2805, 24123, 24372, 42082, 44546, 45665, 27954, 24689, 6350],[46328, 45184, 29036, 43808, 46199, 31721, 32235, 20470, 42931, 41407, 26440, 42614, 40869, 21481, 32012, 28151, 22437, 24414, 21308, 12965, 37632, 44729, 42314, 35130, 21149, 18236, 17905, 29640, 36890, -1, 37156, 27097, 40676, 41627, 34300, 36738, 22467, 28930, 41746, 4974, 19173],[43974, 21248, 5965, 24574, 41314, 18571, 20403, 41828, 43472, 19679, 33072, 25504, 21205, 41485, 42917, 38943, 19864, 25445, 35561, 38480, 31756, 27290, 34403, 32945, 42726, 3670, 11874, 14560, 42428, 37156, -1, 31200, 13296, 11048, 10123, 12846, 2553, 20314, 39912, 26255, 39394],[40233, 6097, 43538, 28442, 36154, 18331, 42597, 39609, 37682, 33263, 33224, 38379, 26129, 36599, 24164, 36139, 43987, 10717, 45088, 45646, 41113, 5987, 43265, 44353, 32414, 31251, 35796, 6279, 37332, 27097, 31200, -1, 42892, 43595, 41688, 40768, 27854, 37346, 43896, 13372, 42978],[41709, 32465, 38930, 45824, 31974, 45199, 8149, 42804, 23302, 7496, 38259, 27779, 42776, 35911, 19334, 40230, 7467, 40366, 25396, 41918, 19275, 29202, 32917, 28160, 44905, 23895, 32362, 42576, 2805, 40676, 13296, 42892, -1, 15401, 37556, 19894, 22249, 16598, 29880, 41613, 22409],[21620, 22980, 45359, 40614, 43432, 33162, 36574, 41179, 25988, 26485, 21446, 36982, 35507, 46206, 30973, 31656, 40396, 42477, 21685, 8616, 41876, 28257, 9512, 28815, 30761, 37168, 39148, 31719, 24123, 41627, 11048, 43595, 15401, -1, 25625, 11882, 45703, 40598, 41413, 33525, 16235],[45150, 32040, 26005, 17358, 22584, 35074, 18571, 37984, 14722, 43179, 21808, 31028, 30489, 41752, 15860, 24134, 44669, 37494, 17129, 37670, 42442, 45806, 45479, 26923, 26612, 35613, 28043, 32686, 24372, 34300, 10123, 41688, 37556, 25625, -1, 36227, 41774, 24828, 21200, 9107, 25382],[4218, 34918, 42516, 28249, 31521, 16509, 42134, 28058, 18084, 38734, 43536, 26491, 45618, 42259, 9323, 44575, 32922, 34505, 33605, 28590, 34766, 29565, 32233, 35091, 27925, 33140, 34477, 28141, 42082, 36738, 12846, 40768, 19894, 11882, 36227, -1, 12597, 39841, 14132, 35062, 43638],[38258, 36996, 31673, 28733, 37180, 43055, 39407, 17074, 25998, 14636, 30186, 41437, 41731, 42000, 41033, 18911, 27780, 30609, 17328, 44458, 31563, 43404, 19418, 37081, 42152, 45665, 23617, 8834, 44546, 22467, 2553, 27854, 22249, 45703, 41774, 12597, -1, 23194, 38147, 33110, 41590],[41283, 38141, 22037, 38222, 41016, 40590, 15961, 33472, 25280, 35873, 30713, 26875, 39116, 40991, 42123, 24438, 13586, 35397, 44977, 45606, 19847, 40421, 26360, 37423, 27967, 44408, 34010, 24691, 45665, 28930, 20314, 37346, 16598, 40598, 24828, 39841, 23194, -1, 15617, 10191, 39627],[22046, 43670, 30217, 34349, 45163, 22626, 14301, 25693, 19919, 32716, 29745, 4839, 8601, 26668, 44759, 35598, 45292, 24189, 25723, 31763, 38693, 43929, 44163, 32224, 45055, 21530, 25277, 45250, 27954, 41746, 39912, 43896, 29880, 41413, 21200, 14132, 38147, 15617, -1, 43979, 24171],[31516, 8235, 17691, 37802, 17660, 43600, 28640, 41613, 24272, 43860, 5012, 16604, 44979, 37404, 45954, 40683, 24234, 17590, 39774, 35129, 28097, 41886, 38414, 21485, 41185, 33529, 34625, 45342, 24689, 4974, 26255, 13372, 41613, 33525, 9107, 35062, 33110, 10191, 43979, -1, 39103],[33315, 41697, 34135, 44224, 26229, 27569, 35332, 39320, 28959, 36059, 4740, 40610, 36822, 45668, 46185, 33588, 40512, 32744, 41495, 33648, 8878, 36430, 17487, 40533, 12712, 27703, 41509, 22018, 6350, 19173, 39394, 42978, 22409, 16235, 25382, 43638, 41590, 39627, 24171, 39103, -1]]