44
[[-1, 290, 190, 344, 747, 421, 931, 885, 277, 126, 538, 630, 701, 334, 641, 187, 863, 1018, 679, 691, 313, 520, 414, 172, 189, 219, 617, 1049, 169, 212, 322, 597, 613, 450, 459, 797, 97, 492, 558, 754, 931, 931, 615, 188],[290, -1, 337, 565, 927, 301, 900, 739, 142, 357, 447, 519, 867, 567, 729, 262, 707, 1010, 629, 511, 150, 627, 151, 431, 446, 383, 371, 985, 437, 90, 135, 712, 588, 297, 203, 537, 278, 238, 735, 506, 806, 894, 337, 268],[190, 337, -1, 229, 597, 304, 745, 738, 238, 93, 385, 479, 542, 237, 453, 79, 722, 829, 502, 573, 266, 335, 400, 153, 353, 45, 556, 869, 170, 302, 286, 415, 432, 346, 429, 738, 284, 453, 404, 684, 772, 746, 592, 74],[344, 565, 229, -1, 405, 495, 760, 859, 466, 224, 526, 611, 366, 31, 383, 308, 853, 813, 575, 740, 492, 271, 628, 178, 416, 186, 764, 904, 190, 519, 513, 316, 498, 543, 653, 943, 438, 675, 223, 885, 871, 768, 814, 303],[747, 927, 597, 405, -1, 752, 666, 930, 802, 622, 702, 751, 72, 422, 311, 665, 943, 653, 632, 912, 817, 334, 948, 583, 812, 552, 1018, 816, 594, 900, 839, 265, 574, 799, 957, 1172, 842, 967, 193, 1108, 901, 683, 1101, 660],[421, 301, 304, 495, 752, -1, 599, 467, 175, 388, 145, 224, 683, 514, 491, 248, 443, 712, 328, 272, 152, 420, 226, 456, 610, 330, 274, 684, 473, 350, 165, 499, 296, 48, 216, 448, 476, 218, 579, 389, 522, 593, 348, 249],[931, 900, 745, 760, 666, 599, -1, 376, 765, 833, 455, 404, 607, 791, 401, 749, 411, 124, 271, 521, 749, 491, 812, 861, 1097, 731, 723, 152, 881, 938, 765, 475, 320, 614, 784, 788, 1015, 768, 634, 730, 303, 21, 845, 747],[885, 739, 738, 859, 930, 467, 376, -1, 637, 831, 352, 258, 860, 886, 620, 703, 42, 493, 303, 235, 608, 645, 607, 887, 1073, 748, 438, 345, 906, 806, 613, 679, 374, 450, 562, 441, 944, 534, 827, 393, 91, 356, 558, 703],[277, 142, 238, 466, 802, 175, 765, 637, -1, 290, 318, 399, 739, 475, 589, 159, 610, 872, 494, 424, 36, 491, 162, 367, 462, 280, 342, 857, 378, 176, 49, 576, 449, 187, 195, 524, 312, 223, 613, 478, 696, 760, 357, 164],[126, 357, 93, 224, 622, 388, 833, 831, 290, -1, 478, 572, 575, 218, 521, 142, 814, 913, 595, 659, 323, 399, 449, 77, 263, 103, 625, 960, 88, 299, 339, 473, 524, 427, 485, 808, 223, 513, 432, 758, 866, 836, 647, 139],[538, 447, 385, 526, 702, 145, 455, 352, 318, 478, -1, 93, 630, 551, 409, 352, 337, 570, 185, 219, 298, 372, 359, 535, 724, 397, 329, 539, 554, 494, 311, 437, 168, 160, 337, 470, 604, 328, 551, 405, 393, 448, 434, 352],[630, 519, 479, 611, 751, 224, 404, 258, 399, 572, 93, -1, 678, 637, 445, 446, 244, 525, 156, 163, 375, 431, 413, 628, 817, 489, 329, 467, 647, 574, 385, 486, 181, 222, 381, 438, 694, 364, 615, 374, 301, 393, 447, 445],[701, 867, 542, 366, 72, 683, 607, 860, 739, 575, 630, 678, -1, 387, 240, 607, 872, 604, 561, 839, 752, 263, 881, 542, 780, 498, 946, 759, 556, 844, 775, 192, 502, 729, 889, 1100, 797, 899, 143, 1035, 833, 623, 1032, 602],[334, 567, 237, 31, 422, 514, 791, 886, 475, 218, 551, 637, 387, -1, 413, 316, 880, 845, 604, 763, 502, 302, 637, 163, 393, 195, 781, 935, 173, 517, 523, 346, 527, 561, 665, 960, 425, 687, 246, 903, 900, 799, 826, 311],[641, 729, 453, 383, 311, 491, 401, 620, 589, 521, 409, 445, 240, 413, -1, 495, 631, 435, 321, 608, 593, 121, 709, 522, 772, 421, 736, 553, 540, 729, 615, 74, 265, 532, 706, 877, 737, 709, 233, 812, 597, 414, 833, 490],[187, 262, 79, 308, 665, 248, 749, 703, 159, 142, 352, 446, 607, 316, 495, -1, 683, 842, 493, 521, 189, 382, 321, 215, 371, 123, 485, 864, 230, 238, 208, 466, 429, 286, 352, 668, 265, 377, 473, 616, 745, 749, 515, 5],[863, 707, 722, 853, 943, 443, 411, 42, 610, 814, 337, 244, 872, 880, 631, 683, -1, 530, 311, 199, 579, 649, 572, 872, 1052, 734, 398, 386, 891, 776, 583, 687, 378, 422, 526, 399, 919, 497, 832, 351, 133, 391, 517, 683],[1018, 1010, 829, 813, 653, 712, 124, 493, 872, 913, 570, 525, 604, 845, 435, 842, 530, -1, 384, 645, 859, 542, 929, 932, 1175, 810, 847, 198, 952, 1042, 876, 508, 422, 730, 903, 912, 1106, 889, 659, 854, 414, 141, 969, 839],[679, 629, 502, 575, 632, 328, 271, 303, 494, 595, 185, 156, 561, 604, 321, 493, 311, 384, -1, 311, 478, 343, 545, 636, 855, 498, 485, 371, 656, 668, 493, 376, 77, 345, 520, 590, 757, 508, 524, 526, 298, 265, 601, 491],[691, 511, 573, 740, 912, 272, 521, 235, 424, 659, 219, 163, 839, 763, 608, 521, 199, 645, 311, -1, 391, 587, 373, 726, 880, 593, 210, 545, 743, 584, 393, 647, 344, 240, 327, 279, 737, 299, 769, 216, 316, 505, 334, 522],[313, 150, 266, 492, 817, 152, 749, 608, 36, 323, 298, 375, 752, 502, 593, 189, 579, 859, 478, 391, -1, 500, 135, 400, 498, 307, 306, 837, 412, 200, 22, 585, 438, 158, 163, 488, 346, 190, 630, 442, 669, 743, 326, 193],[520, 627, 335, 271, 334, 420, 491, 645, 491, 399, 372, 431, 263, 302, 121, 382, 649, 542, 343, 587, 500, -1, 625, 401, 651, 301, 683, 638, 420, 620, 523, 85, 270, 465, 629, 840, 617, 637, 184, 776, 638, 500, 769, 377],[414, 151, 400, 628, 948, 226, 812, 607, 162, 449, 359, 413, 881, 637, 709, 321, 572, 929, 545, 373, 135, 625, -1, 526, 587, 442, 220, 880, 536, 239, 114, 708, 521, 199, 51, 389, 422, 86, 763, 355, 681, 803, 200, 326],[172, 431, 153, 178, 583, 456, 861, 887, 367, 77, 535, 628, 542, 163, 522, 215, 872, 932, 636, 726, 400, 401, 526, -1, 250, 139, 701, 994, 20, 369, 417, 466, 562, 498, 562, 883, 262, 590, 399, 832, 917, 865, 725, 212],[189, 446, 353, 416, 812, 610, 1097, 1073, 462, 263, 724, 817, 780, 393, 772, 371, 1052, 1175, 855, 880, 498, 651, 587, 250, -1, 366, 798, 1222, 233, 357, 504, 716, 786, 639, 635, 975, 169, 669, 639, 935, 1116, 1099, 783, 371],[219, 383, 45, 186, 552, 330, 731, 748, 280, 103, 397, 489, 498, 195, 421, 123, 734, 810, 498, 593, 307, 301, 442, 139, 366, -1, 590, 860, 159, 347, 328, 378, 425, 375, 469, 771, 315, 492, 359, 716, 777, 734, 631, 118],[617, 371, 556, 764, 1018, 274, 723, 438, 342, 625, 329, 329, 946, 781, 736, 485, 398, 847, 485, 210, 306, 683, 220, 701, 798, 590, -1, 755, 714, 458, 295, 757, 493, 225, 168, 182, 637, 133, 850, 137, 523, 709, 123, 488],[1049, 985, 869, 904, 816, 684, 152, 345, 857, 960, 539, 467, 759, 935, 553, 864, 386, 198, 371, 545, 837, 638, 880, 994, 1222, 860, 755, -1, 1014, 1033, 850, 627, 436, 689, 844, 785, 1128, 824, 786, 734, 255, 139, 879, 862],[169, 437, 170, 190, 594, 473, 881, 906, 378, 88, 554, 647, 556, 173, 540, 230, 891, 952, 656, 743, 412, 420, 536, 20, 233, 159, 714, 1014, -1, 371, 428, 483, 582, 513, 573, 897, 254, 602, 413, 846, 936, 885, 735, 227],[212, 90, 302, 519, 900, 350, 938, 806, 176, 299, 494, 574, 844, 517, 729, 238, 776, 1042, 668, 584, 200, 620, 239, 369, 357, 347, 458, 1033, 371, -1, 193, 704, 620, 357, 290, 627, 188, 325, 707, 594, 869, 934, 427, 243],[322, 135, 286, 513, 839, 165, 765, 613, 49, 339, 311, 385, 775, 523, 615, 208, 583, 876, 493, 393, 22, 523, 114, 417, 504, 328, 295, 850, 428, 193, -1, 607, 456, 165, 145, 476, 349, 174, 652, 432, 676, 758, 308, 212],[597, 712, 415, 316, 265, 499, 475, 679, 576, 473, 437, 486, 192, 346, 74, 466, 687, 508, 376, 647, 585, 85, 708, 466, 716, 378, 757, 627, 483, 704, 607, -1, 312, 543, 711, 908, 694, 717, 159, 843, 661, 488, 847, 461],[613, 588, 432, 498, 574, 296, 320, 374, 449, 524, 168, 181, 502, 527, 265, 429, 378, 422, 77, 344, 438, 270, 521, 562, 786, 425, 493, 436, 582, 620, 456, 312, -1, 323, 503, 618, 695, 496, 454, 553, 374, 319, 603, 427],[450, 297, 346, 543, 799, 48, 614, 450, 187, 427, 160, 222, 729, 561, 532, 286, 422, 730, 345, 240, 158, 465, 199, 498, 639, 375, 225, 689, 513, 357, 165, 543, 323, -1, 180, 400, 498, 178, 627, 342, 511, 605, 303, 288],[459, 203, 429, 653, 957, 216, 784, 562, 195, 485, 337, 381, 889, 665, 706, 352, 526, 903, 520, 327, 163, 629, 51, 562, 635, 469, 168, 844, 573, 290, 145, 711, 503, 180, -1, 340, 471, 35, 776, 303, 638, 774, 162, 356],[797, 537, 738, 943, 1172, 448, 788, 441, 524, 808, 470, 438, 1100, 960, 877, 668, 399, 912, 590, 279, 488, 840, 389, 883, 975, 771, 182, 785, 897, 627, 476, 908, 618, 400, 340, -1, 811, 306, 1014, 64, 532, 770, 212, 671],[97, 278, 284, 438, 842, 476, 1015, 944, 312, 223, 604, 694, 797, 425, 737, 265, 919, 1106, 757, 737, 346, 617, 422, 262, 169, 315, 637, 1128, 254, 188, 349, 694, 695, 498, 471, 811, -1, 506, 654, 774, 995, 1014, 615, 268],[492, 238, 453, 675, 967, 218, 768, 534, 223, 513, 328, 364, 899, 687, 709, 377, 497, 889, 508, 299, 190, 637, 86, 590, 669, 492, 133, 824, 602, 325, 174, 717, 496, 178, 35, 306, 506, -1, 789, 268, 612, 757, 139, 382],[558, 735, 404, 223, 193, 579, 634, 827, 613, 432, 551, 615, 143, 246, 233, 473, 832, 659, 524, 769, 630, 184, 763, 399, 639, 359, 850, 786, 413, 707, 652, 159, 454, 627, 776, 1014, 654, 789, -1, 951, 816, 647, 925, 468],[754, 506, 684, 885, 1108, 389, 730, 393, 478, 758, 405, 374, 1035, 903, 812, 616, 351, 854, 526, 216, 442, 776, 355, 832, 935, 716, 137, 734, 846, 594, 432, 843, 553, 342, 303, 64, 774, 268, 951, -1, 484, 713, 202, 619],[931, 806, 772, 871, 901, 522, 303, 91, 696, 866, 393, 301, 833, 900, 597, 745, 133, 414, 298, 316, 669, 638, 681, 917, 1116, 777, 523, 255, 936, 869, 676, 661, 374, 511, 638, 532, 995, 612, 816, 484, -1, 282, 645, 745],[931, 894, 746, 768, 683, 593, 21, 356, 760, 836, 448, 393, 623, 799, 414, 749, 391, 141, 265, 505, 743, 500, 803, 865, 1099, 734, 709, 139, 885, 934, 758, 488, 319, 605, 774, 770, 1014, 757, 647, 713, 282, -1, 832, 746],[615, 337, 592, 814, 1101, 348, 845, 558, 357, 647, 434, 447, 1032, 826, 833, 515, 517, 969, 601, 334, 326, 769, 200, 725, 783, 631, 123, 879, 735, 427, 308, 847, 603, 303, 162, 212, 615, 139, 925, 202, 645, 832, -1, 519],[188, 268, 74, 303, 660, 249, 747, 703, 164, 139, 352, 445, 602, 311, 490, 5, 683, 839, 491, 522, 193, 377, 326, 212, 371, 118, 488, 862, 227, 243, 212, 461, 427, 288, 356, 671, 268, 382, 468, 619, 745, 746, 519, -1]]