76
[[-1, 505, 487, 276, 1102, 957, 812, 674, 781, 989, 389, 923, 585, 528, 1115, 889, 924, 820, 709, 535, 1074, 932, 811, 783, 821, 612, 1256, 482, 744, 584, 898, 433, 427, 1256, 386, 896, 957, 685, 870, 903, 1257, 1084, 313, 1097, 374, 1105, 1009, 701, 1239, 1063, 794, 861, 999, 945, 903, 658, 400, 621, 961, 420, 1033, 397, 598, 837, 932, 658, 983, 649, 819, 944, 896, 683, 783, 801, 898, 608],[505, -1, 414, 455, 1107, 990, 932, 729, 724, 705, 514, 881, 374, 185, 861, 975, 926, 869, 443, 658, 1082, 714, 501, 698, 523, 716, 1143, 525, 753, 563, 499, 609, 346, 1108, 739, 733, 787, 219, 943, 529, 1285, 891, 561, 869, 394, 1136, 696, 568, 1330, 1196, 839, 1062, 779, 845, 871, 199, 603, 811, 1051, 524, 1159, 333, 196, 950, 1069, 857, 689, 354, 986, 911, 756, 855, 379, 379, 940, 878],[487, 414, -1, 346, 710, 618, 628, 443, 465, 609, 288, 494, 166, 415, 642, 582, 528, 457, 289, 376, 700, 480, 375, 342, 374, 429, 800, 291, 384, 341, 586, 321, 80, 794, 458, 417, 478, 420, 636, 558, 885, 601, 322, 690, 210, 741, 593, 447, 919, 798, 597, 675, 516, 522, 644, 444, 310, 421, 733, 184, 774, 112, 410, 546, 791, 518, 507, 383, 626, 559, 502, 499, 405, 541, 560, 514],[276, 455, 346, -1, 957, 891, 577, 690, 514, 742, 139, 763, 481, 538, 899, 819, 747, 685, 503, 567, 975, 702, 693, 574, 624, 365, 1072, 504, 523, 314, 697, 224, 296, 1047, 399, 742, 763, 569, 625, 845, 1112, 915, 358, 842, 372, 919, 778, 432, 1097, 890, 841, 825, 846, 711, 927, 528, 222, 500, 725, 249, 843, 266, 573, 754, 701, 673, 825, 434, 627, 864, 640, 677, 653, 625, 687, 566],[1102, 1107, 710, 957, -1, 338, 725, 657, 701, 880, 832, 230, 748, 1072, 625, 329, 232, 282, 762, 712, 207, 625, 746, 472, 737, 736, 301, 767, 497, 789, 1054, 765, 790, 424, 811, 440, 439, 1028, 687, 954, 180, 432, 824, 779, 833, 246, 837, 886, 290, 433, 740, 486, 508, 479, 732, 1076, 764, 536, 693, 712, 488, 819, 1044, 336, 854, 622, 656, 958, 599, 359, 650, 565, 897, 1092, 408, 622],[957, 990, 618, 891, 338, -1, 866, 369, 822, 993, 799, 342, 629, 906, 769, 127, 413, 299, 766, 464, 162, 740, 657, 553, 756, 798, 562, 543, 597, 829, 1080, 742, 689, 682, 682, 441, 546, 950, 856, 810, 463, 520, 647, 955, 658, 547, 935, 951, 538, 655, 415, 337, 520, 663, 415, 1012, 719, 508, 891, 648, 709, 717, 893, 220, 1020, 379, 655, 955, 729, 133, 797, 326, 829, 1081, 599, 517],[812, 932, 628, 577, 725, 866, -1, 908, 309, 698, 458, 621, 772, 1010, 781, 769, 519, 569, 653, 836, 858, 615, 897, 479, 724, 221, 823, 839, 328, 376, 871, 394, 659, 779, 625, 742, 666, 924, 94, 1134, 815, 833, 726, 656, 782, 549, 760, 474, 750, 456, 1066, 769, 848, 462, 1131, 897, 437, 441, 155, 496, 369, 660, 1006, 681, 170, 805, 889, 688, 196, 871, 450, 780, 915, 889, 323, 589],[674, 729, 443, 690, 657, 369, 908, -1, 832, 988, 650, 537, 437, 612, 869, 375, 608, 457, 678, 145, 523, 785, 547, 601, 704, 760, 837, 219, 646, 750, 976, 626, 482, 913, 508, 514, 654, 751, 922, 640, 809, 675, 379, 1023, 368, 805, 937, 879, 857, 866, 163, 460, 602, 776, 259, 812, 587, 504, 990, 501, 892, 502, 624, 401, 1075, 249, 666, 815, 810, 354, 844, 240, 681, 933, 740, 470],[781, 724, 465, 514, 701, 822, 309, 832, -1, 395, 393, 525, 568, 814, 526, 761, 473, 539, 375, 777, 816, 336, 651, 291, 436, 244, 712, 737, 236, 203, 571, 390, 497, 634, 687, 548, 456, 664, 266, 886, 832, 636, 692, 390, 662, 580, 455, 225, 834, 616, 990, 841, 631, 278, 1024, 642, 437, 508, 365, 421, 546, 505, 789, 696, 435, 818, 632, 426, 425, 780, 173, 785, 643, 606, 348, 680],[989, 705, 609, 742, 880, 993, 698, 988, 395, -1, 662, 687, 609, 805, 367, 979, 696, 777, 334, 965, 975, 261, 569, 471, 309, 618, 761, 885, 548, 478, 294, 707, 630, 638, 993, 580, 475, 546, 639, 757, 1021, 605, 920, 199, 804, 815, 121, 348, 1081, 939, 1125, 1123, 583, 429, 1113, 534, 744, 836, 718, 678, 880, 643, 744, 945, 795, 1064, 502, 377, 809, 903, 286, 1027, 500, 403, 656, 1001],[389, 514, 288, 139, 832, 799, 458, 650, 393, 662, -1, 641, 445, 587, 793, 723, 616, 568, 434, 540, 867, 595, 644, 449, 550, 239, 945, 492, 385, 206, 670, 108, 269, 919, 379, 642, 649, 578, 499, 828, 984, 808, 364, 738, 381, 783, 698, 360, 969, 760, 810, 741, 751, 580, 888, 549, 129, 394, 599, 155, 711, 252, 605, 653, 596, 621, 746, 413, 502, 774, 522, 615, 627, 621, 548, 494],[923, 881, 494, 763, 230, 342, 621, 537, 525, 687, 641, -1, 527, 857, 473, 328, 127, 168, 534, 574, 299, 430, 536, 258, 515, 576, 343, 595, 325, 591, 834, 592, 574, 401, 687, 238, 248, 799, 584, 761, 408, 304, 662, 623, 638, 323, 642, 682, 487, 493, 652, 509, 340, 323, 648, 845, 595, 428, 625, 521, 511, 604, 825, 316, 773, 549, 468, 732, 536, 301, 472, 493, 674, 865, 324, 549],[585, 374, 166, 481, 748, 629, 772, 437, 568, 609, 445, 527, -1, 332, 607, 626, 594, 529, 278, 411, 712, 483, 228, 405, 323, 582, 799, 300, 498, 469, 542, 487, 186, 795, 597, 377, 467, 330, 768, 392, 928, 553, 425, 704, 249, 815, 564, 531, 990, 910, 565, 756, 444, 578, 579, 390, 476, 559, 863, 350, 893, 215, 300, 615, 936, 585, 407, 401, 771, 541, 561, 564, 274, 496, 665, 642],[528, 185, 415, 538, 1072, 906, 1010, 612, 814, 805, 587, 857, 332, -1, 887, 906, 920, 840, 506, 560, 1014, 763, 450, 722, 564, 795, 1125, 423, 792, 662, 616, 664, 361, 1115, 726, 698, 788, 293, 1022, 428, 1252, 862, 518, 951, 331, 1141, 772, 696, 1308, 1212, 698, 1000, 740, 887, 723, 334, 646, 808, 1126, 551, 1189, 356, 89, 897, 1161, 775, 664, 491, 1032, 825, 831, 776, 382, 510, 971, 851],[1115, 861, 642, 899, 625, 769, 781, 869, 526, 367, 793, 473, 607, 887, -1, 788, 520, 621, 437, 899, 713, 204, 487, 396, 338, 730, 436, 849, 529, 643, 559, 800, 697, 325, 1018, 361, 236, 685, 708, 691, 755, 282, 942, 289, 831, 626, 281, 603, 861, 826, 980, 977, 314, 332, 934, 725, 825, 799, 763, 735, 801, 725, 819, 783, 902, 963, 300, 617, 812, 669, 358, 913, 541, 651, 578, 954],[889, 975, 582, 819, 329, 127, 769, 375, 761, 979, 723, 328, 626, 906, 788, -1, 362, 226, 752, 432, 219, 732, 692, 517, 759, 710, 590, 524, 528, 763, 1075, 654, 652, 699, 584, 470, 556, 952, 767, 865, 452, 569, 583, 940, 627, 492, 936, 899, 486, 560, 452, 227, 571, 629, 490, 1003, 631, 397, 799, 577, 613, 677, 900, 97, 920, 308, 700, 927, 621, 228, 760, 253, 849, 1073, 523, 400],[924, 926, 528, 747, 232, 413, 519, 608, 473, 696, 616, 127, 594, 920, 520, 362, -1, 164, 570, 623, 361, 453, 631, 260, 568, 509, 376, 652, 264, 558, 869, 553, 605, 416, 664, 347, 315, 856, 481, 865, 383, 404, 677, 615, 681, 223, 671, 658, 420, 372, 733, 496, 450, 288, 748, 889, 562, 376, 510, 513, 384, 631, 894, 320, 663, 572, 566, 749, 423, 404, 444, 519, 750, 901, 207, 513],[820, 869, 457, 685, 282, 299, 569, 457, 539, 777, 568, 168, 529, 840, 621, 226, 164, -1, 580, 471, 312, 536, 602, 307, 594, 515, 493, 519, 306, 566, 902, 500, 533, 557, 541, 353, 390, 828, 556, 818, 441, 464, 547, 731, 570, 351, 748, 694, 468, 437, 585, 360, 474, 412, 618, 866, 493, 279, 597, 438, 461, 558, 825, 174, 726, 408, 588, 752, 449, 311, 540, 354, 732, 912, 311, 383],[709, 443, 289, 503, 762, 766, 653, 678, 375, 334, 434, 534, 278, 506, 437, 752, 570, 580, -1, 647, 798, 271, 314, 314, 124, 490, 740, 555, 413, 332, 328, 487, 309, 680, 722, 393, 380, 318, 626, 524, 932, 518, 609, 450, 473, 760, 311, 313, 991, 866, 817, 887, 440, 420, 821, 336, 507, 616, 725, 407, 825, 328, 456, 722, 798, 776, 369, 218, 711, 677, 336, 746, 268, 333, 581, 754],[535, 658, 376, 567, 712, 464, 836, 145, 777, 965, 540, 574, 411, 560, 899, 432, 623, 471, 647, -1, 610, 784, 575, 587, 698, 673, 901, 137, 606, 668, 944, 518, 401, 960, 378, 562, 685, 714, 861, 681, 867, 741, 236, 1014, 269, 821, 930, 809, 891, 850, 282, 468, 665, 770, 396, 759, 473, 434, 934, 401, 865, 413, 587, 426, 998, 221, 714, 753, 748, 459, 817, 231, 678, 890, 717, 391],[1074, 1082, 700, 975, 207, 162, 858, 523, 816, 975, 867, 299, 712, 1014, 713, 219, 361, 312, 798, 610, -1, 715, 709, 550, 772, 825, 429, 678, 597, 862, 1101, 806, 777, 567, 790, 440, 508, 1017, 833, 880, 316, 463, 772, 906, 777, 445, 917, 971, 425, 592, 572, 417, 503, 615, 553, 1078, 793, 565, 854, 726, 652, 806, 990, 285, 1002, 520, 654, 999, 722, 207, 770, 465, 881, 1122, 558, 606],[932, 714, 480, 702, 625, 740, 615, 785, 336, 261, 595, 430, 483, 763, 204, 732, 453, 536, 271, 784, 715, -1, 436, 248, 217, 537, 526, 727, 369, 439, 455, 609, 530, 432, 852, 336, 215, 566, 553, 669, 773, 366, 784, 241, 684, 593, 218, 406, 846, 746, 918, 892, 358, 223, 902, 589, 637, 652, 627, 555, 706, 555, 706, 706, 745, 856, 333, 443, 666, 653, 185, 812, 460, 528, 465, 815],[811, 501, 375, 693, 746, 657, 897, 547, 651, 569, 644, 536, 228, 450, 487, 692, 631, 602, 314, 575, 709, 436, -1, 453, 265, 735, 721, 480, 594, 611, 508, 682, 406, 708, 809, 312, 404, 357, 870, 248, 923, 433, 643, 653, 469, 840, 483, 626, 1021, 989, 640, 870, 306, 584, 597, 446, 679, 718, 959, 553, 977, 436, 380, 704, 1057, 731, 219, 482, 899, 538, 580, 699, 188, 499, 736, 815],[783, 698, 342, 574, 472, 553, 479, 601, 291, 471, 449, 258, 405, 722, 396, 517, 260, 307, 314, 587, 550, 248, 453, -1, 329, 386, 504, 561, 160, 351, 614, 428, 411, 475, 630, 269, 215, 615, 440, 700, 634, 384, 590, 449, 539, 449, 453, 425, 679, 564, 747, 653, 373, 189, 761, 639, 447, 407, 516, 369, 536, 437, 688, 475, 637, 626, 420, 490, 473, 495, 252, 582, 526, 642, 288, 569],[821, 523, 374, 624, 737, 756, 724, 704, 436, 309, 550, 515, 323, 564, 338, 759, 568, 594, 124, 698, 772, 217, 265, 329, -1, 583, 673, 610, 460, 439, 329, 593, 406, 608, 815, 340, 318, 357, 684, 480, 905, 432, 696, 407, 552, 752, 243, 405, 983, 890, 831, 920, 354, 408, 813, 397, 611, 682, 775, 506, 856, 430, 499, 742, 868, 822, 261, 316, 773, 653, 347, 786, 245, 367, 606, 822],[612, 716, 429, 365, 736, 798, 221, 760, 244, 618, 239, 576, 582, 795, 730, 710, 509, 515, 490, 673, 825, 537, 735, 386, 583, -1, 838, 654, 258, 186, 726, 193, 449, 799, 483, 640, 597, 728, 261, 957, 864, 770, 541, 633, 577, 623, 670, 336, 829, 577, 923, 726, 752, 448, 991, 700, 243, 358, 360, 294, 511, 446, 796, 627, 369, 691, 771, 508, 305, 786, 404, 672, 739, 719, 372, 507],[1256, 1143, 800, 1072, 301, 562, 823, 837, 712, 761, 945, 343, 799, 1125, 436, 590, 376, 493, 740, 901, 429, 526, 721, 504, 673, 838, -1, 916, 584, 843, 965, 903, 878, 163, 1027, 429, 361, 1011, 756, 924, 363, 298, 1004, 628, 959, 370, 701, 883, 507, 616, 919, 777, 424, 435, 873, 1062, 915, 750, 765, 845, 640, 909, 1075, 604, 940, 868, 553, 945, 759, 514, 595, 810, 856, 1035, 513, 872],[482, 525, 291, 504, 767, 543, 839, 219, 737, 885, 492, 595, 300, 423, 849, 524, 652, 519, 555, 137, 678, 727, 480, 561, 610, 654, 916, -1, 598, 613, 832, 497, 301, 956, 425, 533, 655, 584, 861, 574, 933, 719, 227, 956, 153, 865, 849, 735, 969, 910, 349, 589, 626, 749, 431, 631, 457, 487, 945, 364, 913, 313, 450, 516, 1004, 354, 646, 647, 782, 506, 772, 357, 561, 769, 737, 481],[744, 753, 384, 523, 497, 597, 328, 646, 236, 548, 385, 325, 498, 792, 529, 528, 264, 306, 413, 606, 597, 369, 594, 160, 460, 258, 584, 598, -1, 298, 702, 335, 444, 558, 552, 415, 362, 707, 302, 836, 639, 526, 568, 517, 567, 414, 561, 413, 641, 460, 800, 610, 527, 235, 840, 713, 362, 310, 380, 329, 417, 461, 773, 460, 492, 610, 580, 539, 317, 573, 286, 571, 651, 722, 186, 487],[584, 563, 341, 314, 789, 829, 376, 750, 203, 478, 206, 591, 469, 662, 643, 763, 558, 566, 332, 668, 862, 439, 611, 351, 439, 186, 843, 613, 298, -1, 545, 243, 346, 787, 556, 583, 542, 556, 383, 822, 937, 717, 540, 543, 511, 707, 530, 176, 934, 717, 911, 820, 678, 433, 964, 522, 289, 464, 492, 277, 654, 343, 653, 696, 512, 742, 662, 322, 475, 787, 336, 721, 580, 533, 463, 611],[898, 499, 586, 697, 1054, 1080, 871, 976, 571, 294, 670, 834, 542, 616, 559, 1075, 869, 902, 328, 944, 1101, 455, 508, 614, 329, 726, 965, 832, 702, 545, -1, 748, 574, 867, 1008, 670, 629, 327, 836, 618, 1216, 738, 884, 490, 729, 1033, 297, 416, 1283, 1146, 1101, 1216, 666, 653, 1089, 301, 775, 930, 933, 695, 1092, 580, 552, 1049, 981, 1095, 538, 263, 978, 978, 516, 1067, 354, 131, 855, 1069],[433, 609, 321, 224, 765, 742, 394, 626, 390, 707, 108, 592, 487, 664, 800, 654, 553, 500, 487, 518, 806, 609, 682, 428, 593, 193, 903, 497, 335, 243, 748, -1, 325, 888, 317, 632, 637, 664, 444, 878, 908, 794, 355, 755, 414, 708, 739, 417, 880, 666, 787, 655, 751, 554, 871, 644, 53, 297, 535, 145, 621, 315, 682, 577, 540, 561, 768, 501, 409, 732, 524, 553, 691, 711, 478, 403],[427, 346, 80, 296, 790, 689, 659, 482, 497, 630, 269, 574, 186, 361, 697, 652, 605, 533, 309, 401, 777, 530, 406, 411, 406, 449, 878, 301, 444, 346, 574, 325, -1, 866, 462, 490, 548, 384, 673, 565, 964, 672, 311, 728, 182, 815, 620, 444, 994, 861, 631, 732, 582, 585, 683, 398, 312, 469, 774, 200, 833, 34, 366, 615, 817, 558, 558, 356, 671, 631, 546, 547, 405, 513, 624, 552],[1256, 1108, 794, 1047, 424, 682, 779, 913, 634, 638, 919, 401, 795, 1115, 325, 699, 416, 557, 680, 960, 567, 432, 708, 475, 608, 799, 163, 956, 558, 787, 867, 888, 866, -1, 1059, 446, 328, 962, 700, 921, 493, 310, 1033, 487, 975, 414, 585, 797, 610, 650, 1011, 878, 431, 359, 968, 1003, 909, 784, 713, 840, 650, 896, 1058, 697, 884, 950, 524, 872, 753, 622, 496, 893, 814, 951, 501, 928],[386, 739, 458, 399, 811, 682, 625, 508, 687, 993, 379, 687, 597, 726, 1018, 584, 664, 541, 722, 378, 790, 852, 809, 630, 815, 483, 1027, 425, 552, 556, 1008, 317, 462, 1059, -1, 754, 812, 840, 687, 964, 940, 930, 220, 1034, 412, 814, 1004, 728, 897, 739, 641, 501, 880, 782, 766, 840, 267, 300, 752, 319, 730, 453, 770, 516, 758, 364, 925, 761, 546, 714, 801, 388, 859, 952, 648, 229],[896, 733, 417, 742, 440, 441, 742, 514, 548, 580, 642, 238, 377, 698, 361, 470, 347, 353, 393, 562, 440, 336, 312, 269, 340, 640, 429, 533, 415, 583, 670, 632, 490, 446, 754, -1, 160, 615, 702, 535, 614, 190, 659, 566, 563, 544, 505, 636, 718, 720, 621, 671, 131, 373, 585, 678, 634, 559, 767, 525, 722, 524, 649, 481, 901, 624, 238, 610, 703, 331, 460, 574, 464, 698, 496, 676],[957, 787, 478, 763, 439, 546, 666, 654, 456, 475, 649, 248, 467, 788, 236, 556, 315, 390, 380, 685, 508, 215, 404, 215, 318, 597, 361, 655, 362, 542, 629, 637, 548, 328, 812, 160, -1, 654, 610, 640, 598, 180, 745, 423, 659, 476, 409, 570, 694, 665, 772, 743, 199, 239, 743, 701, 652, 585, 669, 559, 654, 580, 735, 548, 812, 730, 274, 591, 653, 455, 336, 679, 512, 683, 421, 730],[685, 219, 420, 569, 1028, 950, 924, 751, 664, 546, 578, 799, 330, 293, 685, 952, 856, 828, 318, 714, 1017, 566, 357, 615, 357, 728, 1011, 584, 707, 556, 327, 664, 384, 962, 840, 615, 654, -1, 913, 403, 1206, 744, 667, 714, 480, 1062, 514, 520, 1273, 1161, 861, 1080, 632, 737, 859, 103, 669, 835, 1018, 569, 1124, 388, 226, 936, 1064, 903, 516, 282, 985, 851, 646, 887, 188, 231, 885, 932],[870, 943, 636, 625, 687, 856, 94, 922, 266, 639, 499, 584, 768, 1022, 708, 767, 481, 556, 626, 861, 833, 553, 870, 440, 684, 261, 756, 861, 302, 383, 836, 444, 673, 700, 687, 702, 610, 913, -1, 1112, 775, 776, 770, 577, 807, 500, 700, 458, 723, 440, 1079, 791, 800, 391, 1132, 890, 488, 476, 108, 526, 350, 678, 1010, 685, 202, 835, 841, 676, 233, 853, 383, 805, 891, 867, 279, 636],[903, 529, 558, 845, 954, 810, 1134, 640, 886, 757, 828, 761, 392, 428, 691, 865, 865, 818, 524, 681, 880, 669, 248, 700, 480, 957, 924, 574, 836, 822, 618, 878, 565, 921, 964, 535, 640, 403, 1112, -1, 1126, 628, 766, 864, 573, 1075, 667, 826, 1235, 1226, 684, 1038, 500, 831, 618, 506, 868, 925, 1203, 743, 1219, 588, 353, 891, 1294, 866, 403, 634, 1135, 689, 818, 843, 283, 585, 981, 994],[1257, 1285, 885, 1112, 180, 463, 815, 809, 832, 1021, 984, 408, 928, 1252, 755, 452, 383, 441, 932, 867, 316, 773, 923, 634, 905, 864, 363, 933, 639, 937, 1216, 908, 964, 493, 940, 614, 598, 1206, 775, 1126, -1, 576, 978, 896, 1004, 280, 982, 1033, 177, 437, 877, 561, 668, 608, 869, 1252, 909, 662, 756, 871, 511, 991, 1224, 460, 920, 747, 818, 1125, 676, 509, 783, 694, 1073, 1261, 511, 733],[1084, 891, 601, 915, 432, 520, 833, 675, 636, 605, 808, 304, 553, 862, 282, 569, 404, 464, 518, 741, 463, 366, 433, 384, 432, 770, 298, 719, 526, 717, 738, 794, 672, 310, 930, 190, 180, 744, 776, 628, 576, -1, 847, 545, 752, 539, 516, 743, 710, 758, 761, 784, 130, 400, 700, 808, 802, 705, 824, 702, 765, 706, 803, 591, 977, 780, 259, 735, 797, 414, 508, 726, 575, 795, 557, 828],[313, 561, 322, 358, 824, 647, 726, 379, 692, 920, 364, 662, 425, 518, 942, 583, 677, 547, 609, 236, 772, 784, 643, 590, 696, 541, 1004, 227, 568, 540, 884, 355, 311, 1033, 220, 659, 745, 667, 770, 766, 978, 847, -1, 989, 203, 869, 913, 690, 974, 854, 514, 572, 772, 769, 627, 681, 304, 393, 853, 271, 845, 304, 565, 540, 877, 356, 794, 652, 673, 643, 775, 375, 688, 816, 704, 365],[1097, 869, 690, 842, 779, 955, 656, 1023, 390, 199, 738, 623, 704, 951, 289, 940, 615, 731, 450, 1014, 906, 241, 653, 449, 407, 633, 628, 956, 517, 543, 490, 755, 728, 487, 1034, 566, 423, 714, 577, 864, 896, 545, 989, -1, 897, 689, 228, 449, 957, 829, 1158, 1087, 567, 332, 1142, 713, 794, 826, 633, 737, 773, 746, 892, 906, 740, 1075, 530, 543, 752, 875, 238, 1031, 636, 598, 570, 999],[374, 394, 210, 372, 833, 658, 782, 368, 662, 804, 381, 638, 249, 331, 831, 627, 681, 570, 473, 269, 777, 684, 469, 539, 552, 577, 959, 153, 567, 511, 729, 414, 182, 975, 412, 563, 659, 480, 807, 573, 1004, 752, 203, 897, -1, 895, 782, 624, 1033, 931, 501, 684, 655, 725, 575, 509, 379, 497, 900, 286, 917, 182, 367, 602, 941, 464, 647, 523, 759, 613, 713, 467, 499, 654, 729, 520],[1105, 1136, 741, 919, 246, 547, 549, 805, 580, 815, 783, 323, 815, 1141, 626, 492, 223, 351, 760, 821, 445, 593, 840, 449, 752, 623, 370, 865, 414, 707, 1033, 708, 815, 414, 814, 544, 476, 1062, 500, 1075, 280, 539, 869, 689, 895, -1, 803, 795, 272, 246, 918, 581, 622, 387, 931, 1088, 722, 513, 481, 700, 278, 838, 1114, 451, 650, 730, 743, 927, 438, 567, 551, 679, 955, 1081, 252, 637],[1009, 696, 593, 778, 837, 935, 760, 937, 455, 121, 698, 642, 564, 772, 281, 936, 671, 748, 311, 930, 917, 218, 483, 453, 243, 670, 701, 849, 561, 530, 297, 739, 620, 585, 1004, 505, 409, 514, 700, 667, 982, 516, 913, 228, 782, 803, -1, 426, 1060, 952, 1064, 1098, 487, 426, 1038, 525, 771, 841, 778, 688, 904, 638, 703, 913, 871, 1035, 394, 406, 847, 835, 321, 995, 431, 407, 669, 1001],[701, 568, 447, 432, 886, 951, 474, 879, 225, 348, 360, 682, 531, 696, 603, 899, 658, 694, 313, 809, 971, 406, 626, 425, 405, 336, 883, 735, 413, 176, 416, 417, 444, 797, 728, 636, 570, 520, 458, 826, 1033, 743, 690, 449, 624, 795, 426, -1, 1045, 832, 1036, 980, 703, 460, 1071, 471, 461, 632, 562, 437, 762, 442, 672, 840, 579, 901, 656, 244, 608, 893, 307, 877, 555, 426, 562, 785],[1239, 1330, 919, 1097, 290, 538, 750, 857, 834, 1081, 969, 487, 990, 1308, 861, 486, 420, 468, 991, 891, 425, 846, 1021, 679, 983, 829, 507, 969, 641, 934, 1283, 880, 994, 610, 897, 718, 694, 1273, 723, 1235, 177, 710, 974, 957, 1033, 272, 1060, 1045, -1, 317, 936, 523, 793, 652, 954, 1308, 882, 621, 687, 869, 407, 1016, 1289, 466, 837, 743, 936, 1164, 592, 610, 818, 696, 1160, 1321, 489, 679],[1063, 1196, 798, 890, 433, 655, 456, 866, 616, 939, 760, 493, 910, 1212, 826, 560, 372, 437, 866, 850, 592, 746, 989, 564, 890, 577, 616, 910, 460, 717, 1146, 666, 861, 650, 739, 720, 665, 1161, 440, 1226, 437, 758, 854, 829, 931, 246, 952, 832, 317, -1, 987, 550, 820, 528, 1035, 1172, 679, 461, 392, 701, 97, 876, 1201, 488, 526, 725, 931, 995, 300, 708, 654, 686, 1086, 1178, 290, 559],[794, 839, 597, 841, 740, 415, 1066, 163, 990, 1125, 810, 652, 565, 698, 980, 452, 733, 585, 817, 282, 572, 918, 640, 747, 831, 923, 919, 349, 800, 911, 1101, 787, 631, 1011, 641, 621, 772, 861, 1079, 684, 877, 761, 514, 1158, 501, 918, 1064, 1036, 936, 987, -1, 531, 688, 916, 150, 930, 746, 652, 1142, 663, 1023, 650, 711, 503, 1232, 343, 756, 957, 958, 408, 992, 343, 783, 1057, 883, 596],[861, 1062, 675, 825, 486, 337, 769, 460, 841, 1123, 741, 509, 756, 1000, 977, 227, 496, 360, 887, 468, 417, 892, 870, 653, 920, 726, 777, 589, 610, 820, 1216, 655, 732, 878, 501, 671, 743, 1080, 791, 1038, 561, 784, 572, 1087, 684, 581, 1098, 980, 523, 550, 531, -1, 784, 763, 617, 1117, 625, 371, 812, 612, 608, 747, 1013, 195, 903, 260, 903, 1030, 594, 450, 881, 237, 1007, 1201, 590, 289],[999, 779, 516, 846, 508, 520, 848, 602, 631, 583, 751, 340, 444, 740, 314, 571, 450, 474, 440, 665, 503, 358, 306, 373, 354, 752, 424, 626, 527, 678, 666, 751, 582, 431, 880, 131, 199, 632, 800, 500, 668, 130, 772, 567, 655, 622, 487, 703, 793, 820, 688, 784, -1, 439, 626, 704, 754, 690, 862, 643, 823, 616, 679, 594, 1001, 738, 156, 657, 820, 398, 515, 688, 459, 707, 598, 805],[945, 845, 522, 711, 479, 663, 462, 776, 278, 429, 580, 323, 578, 887, 332, 629, 288, 412, 420, 770, 615, 223, 584, 189, 408, 448, 435, 749, 235, 433, 653, 554, 585, 359, 782, 373, 239, 737, 391, 831, 608, 400, 769, 332, 725, 387, 426, 460, 652, 528, 916, 763, 439, -1, 918, 753, 585, 529, 444, 531, 487, 608, 846, 586, 590, 785, 487, 578, 482, 610, 175, 737, 643, 713, 257, 700],[903, 871, 644, 927, 732, 415, 1131, 259, 1024, 1113, 888, 648, 579, 723, 934, 490, 748, 618, 821, 396, 553, 902, 597, 761, 813, 991, 873, 431, 840, 964, 1089, 871, 683, 968, 766, 585, 743, 859, 1132, 618, 869, 700, 627, 1142, 575, 931, 1038, 1071, 954, 1035, 150, 617, 626, 918, -1, 940, 836, 738, 1195, 739, 1073, 707, 719, 557, 1299, 465, 694, 979, 1029, 376, 1001, 451, 756, 1055, 918, 708],[658, 199, 444, 528, 1076, 1012, 897, 812, 642, 534, 549, 845, 390, 334, 725, 1003, 889, 866, 336, 759, 1078, 589, 446, 639, 397, 700, 1062, 631, 713, 522, 301, 644, 398, 1003, 840, 678, 701, 103, 890, 506, 1252, 808, 681, 713, 509, 1088, 525, 471, 1308, 1172, 930, 1117, 704, 753, 940, -1, 653, 846, 997, 567, 1128, 395, 288, 978, 1027, 944, 591, 227, 975, 919, 643, 930, 278, 181, 894, 947],[400, 603, 310, 222, 764, 719, 437, 587, 437, 744, 129, 595, 476, 646, 825, 631, 562, 493, 507, 473, 793, 637, 679, 447, 611, 243, 915, 457, 362, 289, 775, 53, 312, 909, 267, 634, 652, 669, 488, 868, 909, 802, 304, 794, 379, 722, 771, 461, 882, 679, 746, 625, 754, 585, 836, 653, -1, 280, 576, 127, 641, 302, 668, 556, 583, 518, 775, 526, 432, 713, 564, 513, 695, 732, 502, 367],[621, 811, 421, 500, 536, 508, 441, 504, 508, 836, 394, 428, 559, 808, 799, 397, 376, 279, 616, 434, 565, 652, 718, 407, 682, 358, 750, 487, 310, 464, 930, 297, 469, 784, 300, 559, 585, 835, 476, 925, 662, 705, 393, 826, 497, 513, 841, 632, 621, 461, 652, 371, 690, 529, 738, 846, 280, -1, 528, 294, 456, 479, 820, 306, 594, 364, 766, 718, 317, 540, 593, 342, 800, 913, 361, 177],[961, 1051, 733, 725, 693, 891, 155, 990, 365, 718, 599, 625, 863, 1126, 763, 799, 510, 597, 725, 934, 854, 627, 959, 516, 775, 360, 765, 945, 380, 492, 933, 535, 774, 713, 752, 767, 669, 1018, 108, 1203, 756, 824, 853, 633, 900, 481, 778, 562, 687, 392, 1142, 812, 862, 444, 1195, 997, 576, 528, -1, 620, 295, 780, 1113, 716, 178, 887, 915, 782, 238, 898, 460, 855, 988, 969, 303, 679],[420, 524, 184, 249, 712, 648, 496, 501, 421, 678, 155, 521, 350, 551, 735, 577, 513, 438, 407, 401, 726, 555, 553, 369, 506, 294, 845, 364, 329, 277, 695, 145, 200, 840, 319, 525, 559, 569, 526, 743, 871, 702, 271, 737, 286, 700, 688, 437, 869, 701, 663, 612, 643, 531, 739, 567, 127, 294, 620, -1, 669, 199, 564, 515, 655, 483, 657, 458, 488, 624, 515, 471, 578, 653, 492, 393],[1033, 1159, 774, 843, 488, 709, 369, 892, 546, 880, 711, 511, 893, 1189, 801, 613, 384, 461, 825, 865, 652, 706, 977, 536, 856, 511, 640, 913, 417, 654, 1092, 621, 833, 650, 730, 722, 654, 1124, 350, 1219, 511, 765, 845, 773, 917, 278, 904, 762, 407, 97, 1023, 608, 823, 487, 1073, 1128, 641, 456, 295, 669, -1, 846, 1178, 536, 432, 758, 921, 940, 235, 750, 595, 721, 1059, 1126, 249, 574],[397, 333, 112, 266, 819, 717, 660, 502, 505, 643, 252, 604, 215, 356, 725, 677, 631, 558, 328, 413, 806, 555, 436, 437, 430, 446, 909, 313, 461, 343, 580, 315, 34, 896, 453, 524, 580, 388, 678, 588, 991, 706, 304, 746, 182, 838, 638, 442, 1016, 876, 650, 747, 616, 608, 707, 395, 302, 479, 780, 199, 846, -1, 368, 637, 815, 571, 590, 353, 677, 662, 563, 562, 424, 514, 641, 557],[598, 196, 410, 573, 1044, 893, 1006, 624, 789, 744, 605, 825, 300, 89, 819, 900, 894, 825, 456, 587, 990, 706, 380, 688, 499, 796, 1075, 450, 773, 653, 552, 682, 366, 1058, 770, 649, 735, 226, 1010, 353, 1224, 803, 565, 892, 367, 1114, 703, 672, 1289, 1201, 711, 1013, 679, 846, 719, 288, 668, 820, 1113, 564, 1178, 368, -1, 894, 1158, 800, 591, 456, 1032, 802, 789, 794, 299, 454, 951, 876],[837, 950, 546, 754, 336, 220, 681, 401, 696, 945, 653, 316, 615, 897, 783, 97, 320, 174, 722, 426, 285, 706, 704, 475, 742, 627, 604, 516, 460, 696, 1049, 577, 615, 697, 516, 481, 548, 936, 685, 891, 460, 591, 540, 906, 602, 451, 913, 840, 466, 488, 503, 195, 594, 586, 557, 978, 556, 306, 716, 515, 536, 637, 894, -1, 830, 292, 716, 885, 529, 300, 711, 239, 846, 1046, 452, 321],[932, 1069, 791, 701, 854, 1020, 170, 1075, 435, 795, 596, 773, 936, 1161, 902, 920, 663, 726, 798, 998, 1002, 745, 1057, 637, 868, 369, 940, 1004, 492, 512, 981, 540, 817, 884, 758, 901, 812, 1064, 202, 1294, 920, 977, 877, 740, 941, 650, 871, 579, 837, 526, 1232, 903, 1001, 590, 1299, 1027, 583, 594, 178, 655, 432, 815, 1158, 830, -1, 958, 1039, 810, 309, 1032, 568, 935, 1065, 1004, 458, 726],[658, 857, 518, 673, 622, 379, 805, 249, 818, 1064, 621, 549, 585, 775, 963, 308, 572, 408, 776, 221, 520, 856, 731, 626, 822, 691, 868, 354, 610, 742, 1095, 561, 558, 950, 364, 624, 730, 903, 835, 866, 747, 780, 356, 1075, 464, 730, 1035, 901, 743, 725, 343, 260, 738, 785, 465, 944, 518, 364, 887, 483, 758, 571, 800, 292, 958, -1, 824, 898, 672, 438, 866, 58, 853, 1056, 667, 262],[983, 689, 507, 825, 656, 655, 889, 666, 632, 502, 746, 468, 407, 664, 300, 700, 566, 588, 369, 714, 654, 333, 219, 420, 261, 771, 553, 646, 580, 662, 538, 768, 558, 524, 925, 238, 274, 516, 841, 403, 818, 259, 794, 530, 647, 743, 394, 656, 936, 931, 756, 903, 156, 487, 694, 591, 775, 766, 915, 657, 921, 590, 591, 716, 1039, 824, -1, 570, 891, 529, 511, 780, 334, 581, 682, 886],[649, 354, 383, 434, 958, 955, 688, 815, 426, 377, 413, 732, 401, 491, 617, 927, 749, 752, 218, 753, 999, 443, 482, 490, 316, 508, 945, 647, 539, 322, 263, 501, 356, 872, 761, 610, 591, 282, 676, 634, 1125, 735, 652, 543, 523, 927, 406, 244, 1164, 995, 957, 1030, 657, 578, 979, 227, 526, 718, 782, 458, 940, 353, 456, 885, 810, 898, 570, -1, 787, 875, 446, 878, 360, 214, 714, 847],[819, 986, 626, 627, 599, 729, 196, 810, 425, 809, 502, 536, 771, 1032, 812, 621, 423, 449, 711, 748, 722, 666, 899, 473, 773, 305, 759, 782, 317, 475, 978, 409, 671, 753, 546, 703, 653, 985, 233, 1135, 676, 797, 673, 752, 759, 438, 847, 608, 592, 300, 958, 594, 820, 482, 1029, 975, 432, 317, 238, 488, 235, 677, 1032, 529, 309, 672, 891, 787, -1, 760, 535, 646, 954, 990, 255, 449],[944, 911, 559, 864, 359, 133, 871, 354, 780, 903, 774, 301, 541, 825, 669, 228, 404, 311, 677, 459, 207, 653, 538, 495, 653, 786, 514, 506, 573, 787, 978, 732, 631, 622, 714, 331, 455, 851, 853, 689, 509, 414, 643, 875, 613, 567, 835, 893, 610, 708, 408, 450, 398, 610, 376, 919, 713, 540, 898, 624, 750, 662, 802, 300, 1032, 438, 529, 875, 760, -1, 735, 385, 716, 983, 600, 578],[896, 756, 502, 640, 650, 797, 450, 844, 173, 286, 522, 472, 561, 831, 358, 760, 444, 540, 336, 817, 770, 185, 580, 252, 347, 404, 595, 772, 286, 336, 516, 524, 546, 496, 801, 460, 336, 646, 383, 818, 783, 508, 775, 238, 713, 551, 321, 307, 818, 654, 992, 881, 515, 175, 1001, 643, 564, 593, 460, 515, 595, 563, 789, 711, 568, 866, 511, 446, 535, 735, -1, 825, 585, 580, 372, 768],[683, 855, 499, 677, 565, 326, 780, 240, 785, 1027, 615, 493, 564, 776, 913, 253, 519, 354, 746, 231, 465, 812, 699, 582, 786, 672, 810, 357, 571, 721, 1067, 553, 547, 893, 388, 574, 679, 887, 805, 843, 694, 726, 375, 1031, 467, 679, 995, 877, 696, 686, 343, 237, 688, 737, 451, 930, 513, 342, 855, 471, 721, 562, 794, 239, 935, 58, 780, 878, 646, 385, 825, -1, 827, 1035, 623, 264],[783, 379, 405, 653, 897, 829, 915, 681, 643, 500, 627, 674, 274, 382, 541, 849, 750, 732, 268, 678, 881, 460, 188, 526, 245, 739, 856, 561, 651, 580, 354, 691, 405, 814, 859, 464, 512, 188, 891, 283, 1073, 575, 688, 636, 499, 955, 431, 555, 1160, 1086, 783, 1007, 459, 643, 756, 278, 695, 800, 988, 578, 1059, 424, 299, 846, 1065, 853, 334, 360, 954, 716, 585, 827, -1, 325, 813, 905],[801, 379, 541, 625, 1092, 1081, 889, 933, 606, 403, 621, 865, 496, 510, 651, 1073, 901, 912, 333, 890, 1122, 528, 499, 642, 367, 719, 1035, 769, 722, 533, 131, 711, 513, 951, 952, 698, 683, 231, 867, 585, 1261, 795, 816, 598, 654, 1081, 407, 426, 1321, 1178, 1057, 1201, 707, 713, 1055, 181, 732, 913, 969, 653, 1126, 514, 454, 1046, 1004, 1056, 581, 214, 990, 983, 580, 1035, 325, -1, 890, 1038],[898, 940, 560, 687, 408, 599, 323, 740, 348, 656, 548, 324, 665, 971, 578, 523, 207, 311, 581, 717, 558, 465, 736, 288, 606, 372, 513, 737, 186, 463, 855, 478, 624, 501, 648, 496, 421, 885, 279, 981, 511, 557, 704, 570, 729, 252, 669, 562, 489, 290, 883, 590, 598, 257, 918, 894, 502, 361, 303, 492, 249, 641, 951, 452, 458, 667, 682, 714, 255, 600, 372, 623, 813, 890, -1, 525],[608, 878, 514, 566, 622, 517, 589, 470, 680, 1001, 494, 549, 642, 851, 954, 400, 513, 383, 754, 391, 606, 815, 815, 569, 822, 507, 872, 481, 487, 611, 1069, 403, 552, 928, 229, 676, 730, 932, 636, 994, 733, 828, 365, 999, 520, 637, 1001, 785, 679, 559, 596, 289, 805, 700, 708, 947, 367, 177, 679, 393, 574, 557, 876, 321, 726, 262, 886, 847, 449, 578, 768, 264, 905, 1038, 525, -1]]