57
[[-1, 44960, 44041, 3645, 22949, 25879, 24740, 31768, 38765, 34377, 38588, 23886, 43410, 18250, 29800, 17513, 43579, 23796, 36307, 23837, 18633, 35247, 43396, 34703, 34160, 24855, 19499, 43732, 20857, 44956, 44412, 42166, 28006, 29010, 33859, 44309, 27331, 33999, 40317, 44457, 27270, 12233, 34556, 37984, 33027, 20382, 45378, 12255, 32374, 20612, 11879, 43049, 9726, 30966, 30752, 27813, 13421],[44960, -1, 31538, 21815, 6374, 33757, 15942, 31892, 35673, 22805, 15905, 40322, 40667, 31911, 21559, 38575, 19884, 43477, 44065, 12977, 29143, 23663, 29453, 20351, 12216, 40515, 8665, 21639, 32221, 22476, 30373, 34873, 30829, 29472, 35977, 30911, 24586, 35755, 33812, 34219, 29862, 22410, 30018, 27492, 11402, 45412, 33532, 15780, 34420, 39323, 35233, 45896, 35168, 22501, 30081, 31729, 31801],[44041, 31538, -1, 33646, 46277, 27737, 20810, 29374, 35977, 34359, 36101, 40888, 26083, 43782, 40854, 42031, 39933, 31309, 44976, 17274, 22490, 8636, 41790, 23567, 19793, 38961, 9129, 43699, 44003, 19720, 36260, 29599, 16148, 32505, 39913, 31283, 30408, 9574, 33930, 18357, 34732, 21407, 19999, 44943, 44036, 38658, 40493, 28176, 32781, 38418, 24981, 35108, 13081, 42336, 16120, 15133, 24545],[3645, 21815, 33646, -1, 24801, 14041, 23120, 40735, 36421, 27112, 40712, 28927, 38161, 37796, 26823, 19589, 22541, 39315, 25841, 39800, 29265, 28417, 40550, 28051, 39147, 40198, 39507, 45684, 46049, 33457, 34057, 38342, 42902, 9386, 40925, 23694, 45647, 27496, 35771, 19686, 39411, 38101, 14172, 44735, 40265, 38393, 41648, 39144, 41507, 27046, 29838, 45940, 9094, 42263, 33386, 30977, 36231],[22949, 6374, 46277, 24801, -1, 21485, 44033, 28986, 38160, 25358, 30273, 39044, 19941, 5680, 19644, 38495, 44585, 29183, 26911, 17469, 45452, 9602, 36234, 42990, 16702, 35509, 44551, 33207, 31779, 22073, 15020, 23725, 23677, 45840, 11104, 8863, 30295, 9286, 27437, 17027, 37797, 39153, 40943, 37419, 30359, 34300, 38615, 10428, 31114, 16398, 29750, 11951, 30611, 27619, 30936, 29216, 26531],[25879, 33757, 27737, 14041, 21485, -1, 34934, 26699, 37204, 40233, 33024, 37426, 30684, 42704, 21464, 30577, 45419, 24204, 37261, 10843, 45366, 30574, 45315, 43705, 14241, 25871, 12961, 30166, 13982, 41708, 2670, 10179, 41501, 27029, 41290, 27288, 36362, 8272, 37327, 37071, 29009, 44052, 34446, 44121, 32873, 38496, 45507, 31467, 36365, 44048, 15882, 45146, 29425, 5929, 45803, 4947, 33482],[24740, 15942, 20810, 23120, 44033, 34934, -1, 17183, 36215, 43874, 25736, 15949, 32734, 26671, 10230, 32036, 31663, 31831, 20150, 46138, 42608, 41141, 23795, 30304, 39783, 44093, 1771, 19877, 38951, 40536, 14581, 27853, 45110, 43756, 18903, 30929, 19738, 35314, 27448, 18273, 41345, 36836, 35115, 31793, 38021, 42595, 30828, 25642, 14557, 11083, 41812, 30769, 21923, 22014, 39952, 40309, 39188],[31768, 31892, 29374, 40735, 28986, 26699, 17183, -1, 19738, 29382, 22491, 42447, 36949, 32764, 34496, 36730, 22418, 40615, 7403, 16117, 20388, 19022, 29876, 4385, 23849, 40384, 24855, 22364, 29857, 44868, 16026, 14112, 35898, 40790, 34943, 26024, 25425, 23407, 35971, 33310, 42134, 22341, 23333, 17039, 35897, 27492, 24488, 41433, 38409, 14886, 35039, 27423, 21146, 42206, 35267, 15603, 4920],[38765, 35673, 35977, 36421, 38160, 37204, 36215, 19738, -1, 42465, 34769, 13659, 34002, 21886, 27012, 14281, 38846, 21677, 45679, 13667, 14808, 39724, 24920, 32279, 24465, 24531, 33947, 6999, 33952, 40615, 14351, 29695, 29824, 14551, 42276, 36946, 43206, 37732, 30735, 31671, 25032, 30451, 6753, 45440, 29199, 35449, 27309, 44845, 2374, 28310, 16395, 41615, 38759, 39972, 15352, 45003, 10904],[34377, 22805, 34359, 27112, 25358, 40233, 43874, 29382, 42465, -1, 37829, 45212, 8559, 37151, 45186, 26510, 42226, 25682, 39991, 25098, 18172, 32921, 34288, 38954, 44082, 33498, 18630, 45024, 33299, 37624, 35709, 20434, 36072, 44699, 45590, 28759, 42908, 42624, 28428, 46205, 9854, 19908, 3296, 37206, 31261, 27681, 36158, 29614, 24613, 31889, 20089, 9392, 38437, 22171, 40246, 6057, 28471],[38588, 15905, 36101, 40712, 30273, 33024, 25736, 22491, 34769, 37829, -1, 32780, 46262, 41594, 17596, 5082, 23697, 24741, 41813, 19347, 25536, 38012, 45145, 31141, 42493, 8351, 18172, 24118, 32044, 41605, 31014, 19782, 36356, 44554, 44109, 39558, 23994, 6600, 38798, 11361, 45984, 18260, 10529, 44542, 37344, 19615, 23922, 35738, 28181, 26106, 45240, 43343, 43818, 14949, 26325, 42345, 38593],[23886, 40322, 40888, 28927, 39044, 37426, 15949, 42447, 13659, 45212, 32780, -1, 36993, 40808, 19016, 26704, 11731, 22598, 38937, 26811, 45441, 26895, 15385, 43677, 33622, 4357, 22139, 45217, 8627, 38736, 28935, 10660, 43484, 46313, 23988, 39015, 23058, 43530, 26945, 35074, 17784, 34062, 23043, 39763, 22761, 37839, 25011, 42774, 11578, 33610, 21733, 17461, 34987, 41083, 37721, 18115, 9067],[43410, 40667, 26083, 38161, 19941, 30684, 32734, 36949, 34002, 8559, 46262, 36993, -1, 17440, 16829, 43870, 26048, 34442, 42193, 43999, 21574, 38261, 28886, 37053, 17616, 28824, 39077, 20055, 16954, 24063, 34347, 16615, 25493, 45708, 21410, 36306, 40573, 18597, 2618, 41713, 44085, 46193, 32041, 35375, 43580, 28612, 44394, 24230, 28801, 38618, 15021, 40025, 44904, 30331, 12348, 43180, 22466],[18250, 31911, 43782, 37796, 5680, 42704, 26671, 32764, 21886, 37151, 41594, 40808, 17440, -1, 34617, 32325, 32760, 26432, 30192, 37864, 20100, 41126, 15745, 27767, 20013, 14363, 19315, 36125, 45977, 35602, 17111, 30458, 46131, 45075, 34703, 41299, 26946, 25554, 24272, 32345, 39154, 40289, 36205, 31746, 27574, 43838, 43039, 42321, 41221, 38784, 7966, 16795, 28225, 20696, 27452, 32998, 29979],[29800, 21559, 40854, 26823, 19644, 21464, 10230, 34496, 27012, 45186, 17596, 19016, 16829, 34617, -1, 34865, 16292, 21360, 41408, 33476, 8906, 36954, 6473, 33141, 24234, 25754, 30530, 4794, 36934, 24461, 45198, 9890, 31926, 40874, 18041, 35097, 29059, 45833, 40933, 43702, 23998, 5172, 18738, 43456, 32958, 42595, 26086, 22730, 32579, 12009, 42747, 42412, 23801, 41227, 31216, 44605, 23429],[17513, 38575, 42031, 19589, 38495, 30577, 32036, 36730, 14281, 26510, 5082, 26704, 43870, 32325, 34865, -1, 15712, 24095, 11041, 21236, 30100, 19198, 43666, 42368, 10728, 40581, 3640, 41608, 27416, 39500, 25928, 38313, 44892, 21250, 26854, 30064, 40780, 44769, 16060, 42210, 28765, 44011, 30364, 29148, 41679, 26924, 41711, 35132, 9233, 35856, 43399, 29065, 18777, 44895, 23145, 33023, 32031],[43579, 19884, 39933, 22541, 44585, 45419, 31663, 22418, 38846, 42226, 23697, 11731, 26048, 32760, 16292, 15712, -1, 34040, 27052, 26515, 41741, 45707, 26157, 37226, 38194, 38367, 31888, 28303, 36380, 40635, 27433, 41012, 32258, 37400, 34524, 24867, 45051, 35078, 45543, 42911, 39147, 36209, 18439, 24837, 32281, 42084, 34616, 34482, 20664, 46307, 13311, 34405, 34316, 36531, 20606, 21062, 38232],[23796, 43477, 31309, 39315, 29183, 24204, 31831, 40615, 21677, 25682, 24741, 22598, 34442, 26432, 21360, 24095, 34040, -1, 24686, 30977, 28645, 27011, 38295, 39969, 37684, 40579, 36274, 15267, 26621, 27175, 30527, 44675, 8023, 39207, 21230, 22663, 24861, 35770, 28351, 39793, 16932, 42454, 44219, 20895, 24406, 6379, 16044, 20535, 29117, 22295, 30982, 39816, 27306, 36798, 33556, 22843, 38862],[36307, 44065, 44976, 25841, 26911, 37261, 20150, 7403, 45679, 39991, 41813, 38937, 42193, 30192, 41408, 11041, 27052, 24686, -1, 40639, 3123, 14138, 20924, 34545, 21206, 35258, 37621, 34973, 41033, 26719, 24650, 11493, 38916, 9607, 5009, 36256, 4189, 33531, 36190, 34862, 22264, 22527, 41156, 40290, 18236, 36900, 28328, 34845, 10123, 17110, 15044, 39436, 28385, 24702, 24737, 18765, 37929],[23837, 12977, 17274, 39800, 17469, 10843, 46138, 16117, 13667, 25098, 19347, 26811, 43999, 37864, 33476, 21236, 26515, 30977, 40639, -1, 30434, 6271, 40133, 42215, 25563, 44672, 33547, 39321, 41271, 30975, 26197, 33524, 41548, 43332, 20723, 38037, 29782, 38118, 21646, 44729, 20103, 36174, 26114, 31961, 19890, 24467, 38634, 25900, 33970, 43072, 33838, 20051, 44804, 25097, 21955, 32289, 28157],[18633, 29143, 22490, 29265, 45452, 45366, 42608, 20388, 14808, 18172, 25536, 45441, 21574, 20100, 8906, 30100, 41741, 28645, 3123, 30434, -1, 41580, 12797, 41049, 36921, 28956, 27210, 34219, 28913, 34989, 20995, 44657, 35816, 33283, 40838, 44581, 41148, 19416, 29674, 36515, 40438, 38759, 31850, 42817, 45311, 44979, 22338, 40992, 42386, 28913, 20996, 37189, 21152, 24102, 44657, 23891, 44347],[35247, 23663, 8636, 28417, 9602, 30574, 41141, 19022, 39724, 32921, 38012, 26895, 38261, 41126, 36954, 19198, 45707, 27011, 14138, 6271, 41580, -1, 38661, 34088, 43517, 40520, 34701, 37245, 14424, 45271, 37643, 15758, 46137, 27265, 27610, 11739, 23408, 43478, 30277, 26229, 14801, 10734, 45207, 27931, 31576, 24787, 34944, 27897, 26131, 42348, 27022, 41304, 25260, 34477, 39006, 36683, 42252],[43396, 29453, 41790, 40550, 36234, 45315, 23795, 29876, 24920, 34288, 45145, 15385, 28886, 15745, 6473, 43666, 26157, 38295, 20924, 40133, 12797, 38661, -1, 35341, 38365, 31457, 35399, 17144, 39713, 35914, 20361, 42557, 43538, 44070, 24518, 26470, 12809, 39272, 36746, 16644, 13706, 18810, 31976, 22897, 24363, 29446, 42526, 11747, 36473, 41409, 44699, 43330, 14476, 32516, 35777, 38463, 38942],[34703, 20351, 23567, 28051, 42990, 43705, 30304, 4385, 32279, 38954, 31141, 43677, 37053, 27767, 33141, 42368, 37226, 39969, 34545, 42215, 41049, 34088, 35341, -1, 44608, 34697, 44586, 16879, 20319, 32329, 38833, 37067, 26662, 37249, 26606, 38383, 15535, 25740, 11668, 13562, 37765, 37400, 33171, 39848, 35286, 33436, 30411, 8518, 41707, 12250, 34555, 43215, 43567, 43824, 37862, 30214, 24527],[34160, 12216, 19793, 39147, 16702, 14241, 39783, 23849, 24465, 44082, 42493, 33622, 17616, 20013, 24234, 10728, 38194, 37684, 21206, 25563, 36921, 43517, 38365, 44608, -1, 6128, 19256, 36808, 34309, 39953, 14863, 10828, 23291, 13207, 14089, 32489, 44984, 36632, 21315, 23332, 39671, 27746, 44195, 31525, 26269, 44255, 32726, 33059, 42345, 8479, 14951, 36850, 38094, 37442, 34575, 7115, 35558],[24855, 40515, 38961, 40198, 35509, 25871, 44093, 40384, 24531, 33498, 8351, 4357, 28824, 14363, 25754, 40581, 38367, 40579, 35258, 44672, 28956, 40520, 31457, 34697, 6128, -1, 37352, 19672, 31679, 38738, 27333, 19377, 38420, 20242, 41891, 8677, 27135, 44086, 25950, 15394, 44267, 30892, 43260, 45135, 6214, 43352, 18458, 41014, 42882, 43466, 38270, 44170, 44275, 45480, 8956, 38656, 31178],[19499, 8665, 9129, 39507, 44551, 12961, 1771, 24855, 33947, 18630, 18172, 22139, 39077, 19315, 30530, 3640, 31888, 36274, 37621, 33547, 27210, 34701, 35399, 44586, 19256, 37352, -1, 39873, 46339, 27932, 18798, 23907, 28391, 27264, 39447, 38018, 38181, 32907, 35345, 46080, 37052, 34387, 31458, 41471, 26935, 24753, 41286, 27045, 5166, 45712, 40531, 46152, 31163, 32120, 32827, 45150, 42318],[43732, 21639, 43699, 45684, 33207, 30166, 19877, 22364, 6999, 45024, 24118, 45217, 20055, 36125, 4794, 41608, 28303, 15267, 34973, 39321, 34219, 37245, 17144, 16879, 36808, 19672, 39873, -1, 19361, 17553, 33479, 33579, 11581, 31243, 34928, 16574, 44034, 45502, 39658, 38812, 23771, 43289, 35211, 29570, 39424, 15806, 35163, 31983, 28141, 34216, 41754, 39838, 39665, 27174, 14399, 37230, 9218],[20857, 32221, 44003, 46049, 31779, 13982, 38951, 29857, 33952, 33299, 32044, 8627, 16954, 45977, 36934, 27416, 36380, 26621, 41033, 41271, 28913, 14424, 39713, 20319, 34309, 31679, 46339, 19361, -1, 18970, 30539, 40075, 33156, 32828, 28902, 23510, 33662, 42653, 18312, 41406, 44691, 21859, 43113, 9182, 40619, 45406, 44293, 23308, 29010, 39208, 20843, 30300, 43915, 12455, 41747, 40889, 22071],[44956, 22476, 19720, 33457, 22073, 41708, 40536, 44868, 40615, 37624, 41605, 38736, 24063, 35602, 24461, 39500, 40635, 27175, 26719, 30975, 34989, 45271, 35914, 32329, 39953, 38738, 27932, 17553, 18970, -1, 32737, 17019, 41988, 23304, 43723, 45865, 25989, 22921, 17238, 45184, 28939, 44536, 34402, 27687, 45227, 44614, 37977, 7073, 11426, 33678, 28964, 38188, 36455, 38159, 38488, 32366, 32052],[44412, 30373, 36260, 34057, 15020, 2670, 14581, 16026, 14351, 35709, 31014, 28935, 34347, 17111, 45198, 25928, 27433, 30527, 24650, 26197, 20995, 37643, 20361, 38833, 14863, 27333, 18798, 33479, 30539, 32737, -1, 41176, 31189, 21005, 10423, 14939, 11093, 23178, 42766, 5652, 40401, 42513, 42821, 40891, 12984, 29330, 32876, 30463, 37325, 43352, 11074, 33195, 34522, 44317, 11727, 40086, 32047],[42166, 34873, 29599, 38342, 23725, 10179, 27853, 14112, 29695, 20434, 19782, 10660, 16615, 30458, 9890, 38313, 41012, 44675, 11493, 33524, 44657, 15758, 42557, 37067, 10828, 19377, 23907, 33579, 40075, 17019, 41176, -1, 40801, 41437, 27837, 17177, 18820, 35277, 28967, 17117, 14693, 22784, 32721, 22597, 21642, 25474, 38013, 29903, 34920, 36620, 32881, 37543, 9569, 36961, 11187, 39727, 18315],[28006, 30829, 16148, 42902, 23677, 41501, 45110, 35898, 29824, 36072, 36356, 43484, 25493, 46131, 31926, 44892, 32258, 8023, 38916, 41548, 35816, 46137, 43538, 26662, 23291, 38420, 28391, 11581, 33156, 41988, 31189, 40801, -1, 45826, 29409, 36054, 36855, 38955, 41564, 45586, 40234, 40926, 19892, 41721, 24481, 20998, 10361, 13540, 40611, 32564, 24829, 45955, 14136, 30612, 31912, 41673, 17254],[29010, 29472, 32505, 9386, 45840, 27029, 43756, 40790, 14551, 44699, 44554, 46313, 45708, 45075, 40874, 21250, 37400, 39207, 9607, 43332, 33283, 27265, 44070, 37249, 13207, 20242, 27264, 31243, 32828, 23304, 21005, 41437, 45826, -1, 21685, 23188, 26207, 25642, 9297, 32765, 43979, 37784, 21279, 28397, 32026, 39839, 44229, 45854, 44832, 42395, 27487, 34007, 26720, 41558, 26187, 35051, 44830],[33859, 35977, 39913, 40925, 11104, 41290, 18903, 34943, 42276, 45590, 44109, 23988, 21410, 34703, 18041, 26854, 34524, 21230, 5009, 20723, 40838, 27610, 24518, 26606, 14089, 41891, 39447, 34928, 28902, 43723, 10423, 27837, 29409, 21685, -1, 28076, 20610, 37346, 30652, 26476, 32781, 46239, 24542, 29279, 34284, 17517, 45117, 40317, 31214, 24665, 33812, 34171, 15044, 32705, 40847, 41551, 24869],[44309, 30911, 31283, 23694, 8863, 27288, 30929, 26024, 36946, 28759, 39558, 39015, 36306, 41299, 35097, 30064, 24867, 22663, 36256, 38037, 44581, 11739, 26470, 38383, 32489, 8677, 38018, 16574, 23510, 45865, 14939, 17177, 36054, 23188, 28076, -1, 45848, 26687, 42496, 17464, 36939, 17358, 26341, 33431, 42499, 45730, 14480, 45394, 6231, 30129, 32566, 42584, 46155, 7417, 34626, 27527, 22414],[27331, 24586, 30408, 45647, 30295, 36362, 19738, 25425, 43206, 42908, 23994, 23058, 40573, 26946, 29059, 40780, 45051, 24861, 4189, 29782, 41148, 23408, 12809, 15535, 44984, 27135, 38181, 44034, 33662, 25989, 11093, 18820, 36855, 26207, 20610, 45848, -1, 31709, 43990, 41443, 30651, 13856, 30435, 27943, 14009, 44492, 27304, 42189, 29338, 41269, 9877, 7799, 42588, 28945, 12286, 13223, 40985],[33999, 35755, 9574, 27496, 9286, 8272, 35314, 23407, 37732, 42624, 6600, 43530, 18597, 25554, 45833, 44769, 35078, 35770, 33531, 38118, 19416, 43478, 39272, 25740, 36632, 44086, 32907, 45502, 42653, 22921, 23178, 35277, 38955, 25642, 37346, 26687, 31709, -1, 22294, 35808, 33870, 21896, 44751, 36244, 42046, 23331, 44627, 8020, 32534, 46317, 11068, 42601, 45824, 34402, 7757, 35880, 29788],[40317, 33812, 33930, 35771, 27437, 37327, 27448, 35971, 30735, 28428, 38798, 26945, 2618, 24272, 40933, 16060, 45543, 28351, 36190, 21646, 29674, 30277, 36746, 11668, 21315, 25950, 35345, 39658, 18312, 17238, 42766, 28967, 41564, 9297, 30652, 42496, 43990, 22294, -1, 32264, 40244, 39978, 31332, 42605, 34248, 39263, 20499, 43030, 9524, 9766, 20671, 36065, 22682, 37750, 33498, 42743, 43793],[44457, 34219, 18357, 19686, 17027, 37071, 18273, 33310, 31671, 46205, 11361, 35074, 41713, 32345, 43702, 42210, 42911, 39793, 34862, 44729, 36515, 26229, 16644, 13562, 23332, 15394, 46080, 38812, 41406, 45184, 5652, 17117, 45586, 32765, 26476, 17464, 41443, 35808, 32264, -1, 27793, 27355, 39465, 5438, 39865, 32989, 10990, 34586, 27219, 20106, 33675, 32928, 27530, 17776, 45405, 33283, 24662],[27270, 29862, 34732, 39411, 37797, 29009, 41345, 42134, 25032, 9854, 45984, 17784, 44085, 39154, 23998, 28765, 39147, 16932, 22264, 20103, 40438, 14801, 13706, 37765, 39671, 44267, 37052, 23771, 44691, 28939, 40401, 14693, 40234, 43979, 32781, 36939, 30651, 33870, 40244, 27793, -1, 29936, 40344, 37429, 3469, 30896, 41193, 41211, 39292, 13003, 32338, 22687, 46295, 10417, 45739, 10311, 40301],[12233, 22410, 21407, 38101, 39153, 44052, 36836, 22341, 30451, 19908, 18260, 34062, 46193, 40289, 5172, 44011, 36209, 42454, 22527, 36174, 38759, 10734, 18810, 37400, 27746, 30892, 34387, 43289, 21859, 44536, 42513, 22784, 40926, 37784, 46239, 17358, 13856, 21896, 39978, 27355, 29936, -1, 42601, 42681, 31136, 45271, 25016, 42302, 43776, 39010, 16483, 38204, 39092, 30804, 40528, 41114, 34238],[34556, 30018, 19999, 14172, 40943, 34446, 35115, 23333, 6753, 3296, 10529, 23043, 32041, 36205, 18738, 30364, 18439, 44219, 41156, 26114, 31850, 45207, 31976, 33171, 44195, 43260, 31458, 35211, 43113, 34402, 42821, 32721, 19892, 21279, 24542, 26341, 30435, 44751, 31332, 39465, 40344, 42601, -1, 29758, 20736, 32997, 29597, 43104, 32584, 23983, 27839, 27148, 39322, 35890, 938, 20988, 40023],[37984, 27492, 44943, 44735, 37419, 44121, 31793, 17039, 45440, 37206, 44542, 39763, 35375, 31746, 43456, 29148, 24837, 20895, 40290, 31961, 42817, 27931, 22897, 39848, 31525, 45135, 41471, 29570, 9182, 27687, 40891, 22597, 41721, 28397, 29279, 33431, 27943, 36244, 42605, 5438, 37429, 42681, 29758, -1, 25148, 40449, 35004, 42215, 24471, 42349, 20945, 43951, 28998, 21041, 35539, 23178, 30663],[33027, 11402, 44036, 40265, 30359, 32873, 38021, 35897, 29199, 31261, 37344, 22761, 43580, 27574, 32958, 41679, 32281, 24406, 18236, 19890, 45311, 31576, 24363, 35286, 26269, 6214, 26935, 39424, 40619, 45227, 12984, 21642, 24481, 32026, 34284, 42499, 14009, 42046, 34248, 39865, 3469, 31136, 20736, 25148, -1, 46165, 35876, 31287, 16742, 37754, 36972, 24428, 21993, 7920, 34578, 2832, 31097],[20382, 45412, 38658, 38393, 34300, 38496, 42595, 27492, 35449, 27681, 19615, 37839, 28612, 43838, 42595, 26924, 42084, 6379, 36900, 24467, 44979, 24787, 29446, 33436, 44255, 43352, 24753, 15806, 45406, 44614, 29330, 25474, 20998, 39839, 17517, 45730, 44492, 23331, 39263, 32989, 30896, 45271, 32997, 40449, 46165, -1, 43489, 23815, 26905, 31969, 31689, 20001, 19707, 26455, 33908, 18072, 42501],[45378, 33532, 40493, 41648, 38615, 45507, 30828, 24488, 27309, 36158, 23922, 25011, 44394, 43039, 26086, 41711, 34616, 16044, 28328, 38634, 22338, 34944, 42526, 30411, 32726, 18458, 41286, 35163, 44293, 37977, 32876, 38013, 10361, 44229, 45117, 14480, 27304, 44627, 20499, 10990, 41193, 25016, 29597, 35004, 35876, 43489, -1, 13171, 34230, 10422, 7886, 42595, 44889, 14830, 43701, 34706, 7050],[12255, 15780, 28176, 39144, 10428, 31467, 25642, 41433, 44845, 29614, 35738, 42774, 24230, 42321, 22730, 35132, 34482, 20535, 34845, 25900, 40992, 27897, 11747, 8518, 33059, 41014, 27045, 31983, 23308, 7073, 30463, 29903, 13540, 45854, 40317, 45394, 42189, 8020, 43030, 34586, 41211, 42302, 43104, 42215, 31287, 23815, 13171, -1, 27546, 15292, 36569, 24492, 33613, 23223, 15262, 37911, 24569],[32374, 34420, 32781, 41507, 31114, 36365, 14557, 38409, 2374, 24613, 28181, 11578, 28801, 41221, 32579, 9233, 20664, 29117, 10123, 33970, 42386, 26131, 36473, 41707, 42345, 42882, 5166, 28141, 29010, 11426, 37325, 34920, 40611, 44832, 31214, 6231, 29338, 32534, 9524, 27219, 39292, 43776, 32584, 24471, 16742, 26905, 34230, 27546, -1, 45448, 33419, 41011, 14408, 7054, 14527, 38087, 39369],[20612, 39323, 38418, 27046, 16398, 44048, 11083, 14886, 28310, 31889, 26106, 33610, 38618, 38784, 12009, 35856, 46307, 22295, 17110, 43072, 28913, 42348, 41409, 12250, 8479, 43466, 45712, 34216, 39208, 33678, 43352, 36620, 32564, 42395, 24665, 30129, 41269, 46317, 9766, 20106, 13003, 39010, 23983, 42349, 37754, 31969, 10422, 15292, 45448, -1, 9254, 23884, 21818, 9823, 10458, 23092, 45194],[11879, 35233, 24981, 29838, 29750, 15882, 41812, 35039, 16395, 20089, 45240, 21733, 15021, 7966, 42747, 43399, 13311, 30982, 15044, 33838, 20996, 27022, 44699, 34555, 14951, 38270, 40531, 41754, 20843, 28964, 11074, 32881, 24829, 27487, 33812, 32566, 9877, 11068, 20671, 33675, 32338, 16483, 27839, 20945, 36972, 31689, 7886, 36569, 33419, 9254, -1, 16829, 43513, 8816, 36139, 27594, 34545],[43049, 45896, 35108, 45940, 11951, 45146, 30769, 27423, 41615, 9392, 43343, 17461, 40025, 16795, 42412, 29065, 34405, 39816, 39436, 20051, 37189, 41304, 43330, 43215, 36850, 44170, 46152, 39838, 30300, 38188, 33195, 37543, 45955, 34007, 34171, 42584, 7799, 42601, 36065, 32928, 22687, 38204, 27148, 43951, 24428, 20001, 42595, 24492, 41011, 23884, 16829, -1, 43548, 30531, 40914, 38494, 25707],[9726, 35168, 13081, 9094, 30611, 29425, 21923, 21146, 38759, 38437, 43818, 34987, 44904, 28225, 23801, 18777, 34316, 27306, 28385, 44804, 21152, 25260, 14476, 43567, 38094, 44275, 31163, 39665, 43915, 36455, 34522, 9569, 14136, 26720, 15044, 46155, 42588, 45824, 22682, 27530, 46295, 39092, 39322, 28998, 21993, 19707, 44889, 33613, 14408, 21818, 43513, 43548, -1, 37088, 38057, 26287, 6668],[30966, 22501, 42336, 42263, 27619, 5929, 22014, 42206, 39972, 22171, 14949, 41083, 30331, 20696, 41227, 44895, 36531, 36798, 24702, 25097, 24102, 34477, 32516, 43824, 37442, 45480, 32120, 27174, 12455, 38159, 44317, 36961, 30612, 41558, 32705, 7417, 28945, 34402, 37750, 17776, 10417, 30804, 35890, 21041, 7920, 26455, 14830, 23223, 7054, 9823, 8816, 30531, 37088, -1, 39683, 36691, 20230],[30752, 30081, 16120, 33386, 30936, 45803, 39952, 35267, 15352, 40246, 26325, 37721, 12348, 27452, 31216, 23145, 20606, 33556, 24737, 21955, 44657, 39006, 35777, 37862, 34575, 8956, 32827, 14399, 41747, 38488, 11727, 11187, 31912, 26187, 40847, 34626, 12286, 7757, 33498, 45405, 45739, 40528, 938, 35539, 34578, 33908, 43701, 15262, 14527, 10458, 36139, 40914, 38057, 39683, -1, 29102, 29214],[27813, 31729, 15133, 30977, 29216, 4947, 40309, 15603, 45003, 6057, 42345, 18115, 43180, 32998, 44605, 33023, 21062, 22843, 18765, 32289, 23891, 36683, 38463, 30214, 7115, 38656, 45150, 37230, 40889, 32366, 40086, 39727, 41673, 35051, 41551, 27527, 13223, 35880, 42743, 33283, 10311, 41114, 20988, 23178, 2832, 18072, 34706, 37911, 38087, 23092, 27594, 38494, 26287, 36691, 29102, -1, 24481],[13421, 31801, 24545, 36231, 26531, 33482, 39188, 4920, 10904, 28471, 38593, 9067, 22466, 29979, 23429, 32031, 38232, 38862, 37929, 28157, 44347, 42252, 38942, 24527, 35558, 31178, 42318, 9218, 22071, 32052, 32047, 18315, 17254, 44830, 24869, 22414, 40985, 29788, 43793, 24662, 40301, 34238, 40023, 30663, 31097, 42501, 7050, 24569, 39369, 45194, 34545, 25707, 6668, 20230, 29214, 24481, -1]]