55
[[-1, 34675, 41700, 33761, 40442, 23574, 40921, 17490, 21718, 42176, 36348, 25644, 35163, 14209, 33328, 39748, 38452, 45270, 35862, 37913, 24939, 24360, 37150, 18258, 45319, 18753, 34947, 10525, 18038, 36807, 32062, 41577, 13555, 44618, 44083, 40612, 22363, 29762, 20247, 21305, 25308, 41949, 28588, 30858, 37785, 13932, 43437, 26450, 45343, 38681, 27261, 36199, 33737, 9541, 27663],[34675, -1, 44927, 37069, 43387, 28489, 20696, 27992, 37412, 46322, 31368, 44177, 22523, 39419, 39009, 26457, 14777, 31661, 22092, 22325, 22657, 34768, 41236, 41546, 43711, 34630, 33426, 46007, 25545, 35244, 37006, 22590, 39474, 34657, 16095, 18665, 28080, 4037, 42715, 3039, 39631, 14938, 3532, 13774, 33424, 46129, 40461, 40190, 44626, 34686, 24399, 38095, 43052, 43927, 43938],[41700, 44927, -1, 28422, 38662, 42966, 29868, 28446, 39605, 7822, 28645, 12991, 45527, 40529, 39990, 40667, 37467, 13325, 16828, 38435, 45300, 28080, 12249, 35528, 37166, 43539, 37981, 18872, 38440, 29992, 352, 39462, 44797, 37544, 35052, 31749, 10164, 31598, 23235, 12353, 12821, 46159, 37492, 34504, 24507, 35412, 36548, 35537, 44590, 42245, 25132, 31842, 43094, 6365, 46192],[33761, 37069, 28422, -1, 32488, 20559, 21262, 35738, 34416, 24753, 24086, 31820, 41420, 21193, 21198, 35540, 23453, 30973, 44896, 26550, 41476, 26112, 16991, 26558, 19337, 20587, 34989, 12258, 36854, 34290, 35660, 17370, 36989, 35723, 35104, 39785, 14303, 43557, 40689, 5242, 42496, 9947, 43599, 13472, 38249, 44560, 37116, 36106, 46134, 30554, 17506, 44046, 27416, 31964, 37158],[40442, 43387, 38662, 32488, -1, 26032, 45650, 23517, 33910, 35390, 16434, 14154, 40138, 27220, 39751, 16169, 41463, 11127, 15365, 26972, 30279, 30426, 26481, 43970, 17412, 18278, 34656, 46277, 29339, 36135, 40738, 44773, 36488, 16171, 1989, 22483, 46249, 28813, 43512, 22000, 31056, 41380, 45783, 24215, 24155, 30268, 43466, 43406, 45625, 45505, 7456, 40621, 19472, 46100, 32370],[23574, 28489, 42966, 20559, 26032, -1, 36010, 30592, 29180, 33940, 38980, 35401, 34877, 38360, 23702, 44349, 18884, 32608, 32832, 42877, 39009, 20982, 34065, 29683, 11034, 40482, 39254, 45469, 30411, 16924, 45003, 28428, 38972, 32296, 12907, 39803, 27108, 19348, 45882, 29297, 39607, 27118, 19502, 44986, 35747, 43504, 30473, 42988, 36233, 11290, 35391, 17687, 41824, 25140, 35295],[40921, 20696, 29868, 21262, 45650, 36010, -1, 24231, 20209, 23834, 42524, 22541, 23226, 16970, 7328, 32232, 14197, 33942, 43912, 40156, 36051, 34853, 12308, 25228, 14472, 3635, 44660, 43159, 19645, 31696, 38915, 37706, 29702, 39835, 42221, 25676, 45548, 42576, 20436, 16899, 29335, 25636, 41920, 44001, 26713, 16118, 21728, 34489, 41945, 33850, 35327, 23355, 32202, 32720, 19374],[17490, 27992, 28446, 35738, 23517, 30592, 24231, -1, 39487, 35847, 37637, 8938, 24470, 31141, 37833, 7257, 18567, 3613, 45849, 29002, 43726, 38138, 29143, 29833, 19969, 29090, 42081, 13582, 44004, 45420, 43906, 42995, 37402, 46054, 43451, 19610, 28654, 36733, 32445, 29184, 39620, 35020, 29053, 32486, 20929, 12445, 45879, 17907, 16254, 41069, 20847, 25198, 30456, 25168, 45820],[21718, 37412, 39605, 34416, 33910, 29180, 20209, 39487, -1, 32568, 29414, 22159, 27528, 21377, 37993, 44480, 40062, 29257, 35221, 8339, 44547, 25894, 39937, 45530, 43195, 32951, 40984, 38296, 45577, 24996, 27935, 45339, 34909, 4095, 45307, 41723, 14650, 35657, 10361, 7366, 22080, 15315, 11752, 20079, 38509, 43667, 32243, 36587, 35806, 14365, 42730, 35095, 15665, 40197, 8097],[42176, 46322, 7822, 24753, 35390, 33940, 23834, 35847, 32568, -1, 42987, 45640, 43525, 21099, 34114, 38219, 42915, 43399, 34615, 28586, 27323, 28922, 34620, 30042, 23895, 35874, 44384, 37187, 44928, 36745, 43460, 25900, 43939, 45356, 15177, 15123, 26762, 38622, 27472, 41700, 38815, 15670, 43475, 22748, 36056, 37012, 15568, 43374, 45339, 35928, 33191, 45483, 41531, 35612, 41676],[36348, 31368, 28645, 24086, 16434, 38980, 42524, 37637, 29414, 42987, -1, 19566, 46158, 20583, 27054, 31696, 4490, 18231, 24395, 41870, 8572, 38710, 28311, 37261, 14188, 35380, 25784, 39037, 38936, 44744, 43362, 9803, 43922, 33683, 41981, 37374, 7007, 16902, 14971, 45305, 8671, 37091, 26754, 31711, 22740, 44601, 35010, 42966, 35456, 35884, 28056, 27781, 42877, 27529, 38765],[25644, 44177, 12991, 31820, 14154, 35401, 22541, 8938, 22159, 45640, 19566, -1, 32611, 42521, 45003, 41910, 7861, 32218, 35798, 42810, 31058, 23580, 46176, 40312, 18376, 26894, 46336, 44535, 46045, 32367, 25006, 22834, 31649, 37686, 26369, 8871, 36233, 46115, 24649, 24360, 26671, 43926, 26227, 25693, 41126, 22642, 43454, 38960, 25050, 39624, 42086, 35671, 39457, 29942, 27157],[35163, 22523, 45527, 41420, 40138, 34877, 23226, 24470, 27528, 43525, 46158, 32611, -1, 30270, 29463, 12367, 24612, 44687, 41447, 45483, 28578, 45172, 43014, 25942, 45933, 20787, 38918, 26643, 34099, 28408, 39537, 42142, 8624, 26404, 33986, 35715, 18259, 4973, 38421, 35857, 46205, 35939, 21672, 18018, 30288, 28480, 12220, 39315, 44379, 20493, 10576, 14558, 44021, 15665, 42487],[14209, 39419, 40529, 21193, 27220, 38360, 16970, 31141, 21377, 21099, 20583, 42521, 30270, -1, 39498, 36428, 44665, 13807, 41759, 45923, 18823, 36363, 33413, 46023, 23820, 33068, 37932, 38632, 30685, 23202, 40848, 18636, 39049, 44670, 25695, 45664, 25451, 5307, 13480, 26947, 36984, 7465, 39849, 42088, 39119, 16818, 31897, 20292, 40071, 37955, 40928, 19637, 26982, 27250, 16049],[33328, 39009, 39990, 21198, 39751, 23702, 7328, 37833, 37993, 34114, 27054, 45003, 29463, 39498, -1, 15308, 38540, 21230, 17717, 32084, 36049, 33151, 37105, 43614, 40413, 23312, 14344, 34319, 17366, 46323, 9092, 28095, 43407, 20080, 30127, 18572, 29392, 37190, 44775, 45637, 29317, 42284, 38570, 40833, 16406, 33553, 27151, 44100, 30278, 20011, 44143, 44100, 17899, 25555, 28901],[39748, 26457, 40667, 35540, 16169, 44349, 32232, 7257, 44480, 38219, 31696, 41910, 12367, 36428, 15308, -1, 32220, 31863, 22359, 39367, 36859, 41979, 46174, 31403, 14133, 26868, 45607, 35644, 31967, 46026, 41552, 11924, 40333, 43568, 42981, 36217, 39586, 37252, 25729, 29362, 31715, 27927, 42992, 31409, 33123, 16726, 35538, 21792, 28383, 12481, 37839, 34858, 18884, 28865, 43102],[38452, 14777, 37467, 23453, 41463, 18884, 14197, 18567, 40062, 42915, 4490, 7861, 24612, 44665, 38540, 32220, -1, 32340, 45605, 22315, 32088, 27363, 14023, 30281, 33180, 28258, 41723, 28233, 43335, 21182, 38119, 20149, 32248, 1834, 16655, 37092, 22389, 29521, 22181, 22459, 42114, 33747, 40833, 23497, 17517, 36394, 27331, 24594, 45562, 32296, 42853, 34439, 23505, 31898, 30353],[45270, 31661, 13325, 30973, 11127, 32608, 33942, 3613, 29257, 43399, 18231, 32218, 44687, 13807, 21230, 31863, 32340, -1, 13636, 21165, 41219, 39442, 9246, 27392, 38594, 32079, 33047, 14019, 43383, 20689, 35747, 25033, 28475, 24667, 14641, 35390, 39516, 41279, 15034, 35790, 20992, 31170, 45057, 28384, 22707, 19288, 46026, 21276, 21658, 30430, 20803, 44960, 37882, 32260, 36456],[35862, 22092, 16828, 44896, 15365, 32832, 43912, 45849, 35221, 34615, 24395, 35798, 41447, 41759, 17717, 22359, 45605, 13636, -1, 11926, 25367, 39789, 29099, 21990, 42314, 15434, 38726, 38441, 38719, 26416, 44036, 33917, 41857, 23444, 32237, 45550, 15713, 38816, 21276, 38311, 40490, 45029, 27778, 30822, 23968, 38994, 23399, 34334, 24964, 43954, 35997, 36169, 39804, 39345, 37227],[37913, 22325, 38435, 26550, 26972, 42877, 40156, 29002, 8339, 28586, 41870, 42810, 45483, 45923, 32084, 39367, 22315, 21165, 11926, -1, 26479, 28894, 36076, 15250, 38346, 31187, 30242, 34130, 44712, 41260, 32599, 22754, 41634, 43415, 18978, 25648, 42882, 42896, 32295, 39098, 15691, 41657, 25283, 12179, 39465, 26161, 46151, 36682, 35330, 38517, 34597, 26331, 16899, 19467, 25977],[24939, 22657, 45300, 41476, 30279, 39009, 36051, 43726, 44547, 27323, 8572, 31058, 28578, 18823, 36049, 36859, 32088, 41219, 25367, 26479, -1, 15949, 19171, 10284, 31333, 18760, 14602, 25227, 39489, 42933, 24236, 30792, 37265, 29553, 42103, 21148, 10117, 35371, 39525, 37649, 32527, 41312, 37279, 43467, 44622, 11193, 30529, 39910, 43970, 20605, 40428, 44521, 36297, 41115, 15516],[24360, 34768, 28080, 26112, 30426, 20982, 34853, 38138, 25894, 28922, 38710, 23580, 45172, 36363, 33151, 41979, 27363, 39442, 39789, 28894, 15949, -1, 32252, 22788, 30331, 23477, 31193, 25230, 31150, 35956, 29991, 28152, 39351, 26374, 27737, 7862, 27602, 22931, 28027, 19491, 13500, 12916, 35447, 45890, 46155, 30074, 29680, 15180, 37345, 38879, 46321, 23096, 20336, 36020, 15130],[37150, 41236, 12249, 16991, 26481, 34065, 12308, 29143, 39937, 34620, 28311, 46176, 43014, 33413, 37105, 46174, 14023, 9246, 29099, 36076, 19171, 32252, -1, 42656, 8658, 35505, 22858, 23822, 28847, 39686, 42142, 19271, 19437, 8159, 31915, 39837, 25925, 43887, 16143, 34001, 14033, 10376, 33046, 22608, 40445, 13923, 14236, 28217, 34905, 26001, 19922, 30568, 30127, 36274, 46322],[18258, 41546, 35528, 26558, 43970, 29683, 25228, 29833, 45530, 30042, 37261, 40312, 25942, 46023, 43614, 31403, 30281, 27392, 21990, 15250, 10284, 22788, 42656, -1, 21969, 35583, 23579, 13426, 34313, 29432, 24508, 34188, 44388, 38021, 11685, 27363, 33095, 45337, 20151, 43380, 40741, 39244, 8195, 41343, 24591, 23532, 37906, 45222, 36065, 15751, 39992, 31687, 40199, 21494, 17133],[45319, 43711, 37166, 19337, 17412, 11034, 14472, 19969, 43195, 23895, 14188, 18376, 45933, 23820, 40413, 14133, 33180, 38594, 42314, 38346, 31333, 30331, 8658, 21969, -1, 31995, 40031, 37806, 42162, 19340, 44628, 28767, 34193, 31381, 28885, 18833, 28377, 19063, 18488, 37846, 32756, 13039, 30796, 28226, 27024, 25805, 25346, 42005, 19345, 11884, 34896, 3171, 33596, 27912, 22298],[18753, 34630, 43539, 20587, 18278, 40482, 3635, 29090, 32951, 35874, 35380, 26894, 20787, 33068, 23312, 26868, 28258, 32079, 15434, 31187, 18760, 23477, 35505, 35583, 31995, -1, 15520, 38542, 45085, 41199, 40448, 34157, 30975, 33782, 15492, 36754, 42137, 28908, 40640, 29072, 15209, 17923, 20071, 35986, 28109, 41085, 33104, 45671, 14988, 44491, 45053, 25559, 41374, 27446, 35016],[34947, 33426, 37981, 34989, 34656, 39254, 44660, 42081, 40984, 44384, 25784, 46336, 38918, 37932, 14344, 45607, 41723, 33047, 38726, 30242, 14602, 31193, 22858, 23579, 40031, 15520, -1, 33644, 35575, 36750, 11308, 11187, 45482, 35825, 28975, 40036, 13937, 31965, 39184, 30611, 35363, 29567, 41296, 40926, 25110, 23479, 44445, 27177, 27572, 42821, 26763, 43711, 19828, 36070, 29326],[10525, 46007, 18872, 12258, 46277, 45469, 43159, 13582, 38296, 37187, 39037, 44535, 26643, 38632, 34319, 35644, 28233, 14019, 38441, 34130, 25227, 25230, 23822, 13426, 37806, 38542, 33644, -1, 43521, 31562, 6715, 10853, 35430, 26196, 26378, 44456, 45553, 16147, 22875, 44190, 28645, 32439, 31252, 45162, 28322, 44041, 36732, 12110, 44525, 38390, 22312, 32158, 44965, 35514, 45804],[18038, 25545, 38440, 36854, 29339, 30411, 19645, 44004, 45577, 44928, 38936, 46045, 34099, 30685, 17366, 31967, 43335, 43383, 38719, 44712, 39489, 31150, 28847, 34313, 42162, 45085, 35575, 43521, -1, 17842, 41101, 19048, 33206, 23548, 28161, 30695, 20424, 34008, 45895, 30096, 9275, 32359, 40373, 32572, 29657, 45239, 35548, 45012, 35978, 46263, 12167, 39291, 46068, 7132, 4712],[36807, 35244, 29992, 34290, 36135, 16924, 31696, 45420, 24996, 36745, 44744, 32367, 28408, 23202, 46323, 46026, 21182, 20689, 26416, 41260, 42933, 35956, 39686, 29432, 19340, 41199, 36750, 31562, 17842, -1, 29086, 22101, 31078, 39448, 42046, 18887, 34010, 18204, 40869, 9107, 24941, 35138, 10446, 45302, 44397, 19419, 25671, 34008, 20229, 37673, 24886, 42838, 40705, 42410, 43008],[32062, 37006, 352, 35660, 40738, 45003, 38915, 43906, 27935, 43460, 43362, 25006, 39537, 40848, 9092, 41552, 38119, 35747, 44036, 32599, 24236, 29991, 42142, 24508, 44628, 40448, 11308, 6715, 41101, 29086, -1, 20461, 26654, 43651, 37740, 45407, 36009, 18538, 21612, 30428, 15483, 16246, 28094, 45766, 35140, 29099, 27124, 43137, 43312, 24149, 29196, 36291, 45794, 29399, 44680],[41577, 22590, 39462, 17370, 44773, 28428, 37706, 42995, 45339, 25900, 9803, 22834, 42142, 18636, 28095, 11924, 20149, 25033, 33917, 22754, 30792, 28152, 19271, 34188, 28767, 34157, 11187, 10853, 19048, 22101, 20461, -1, 22655, 33343, 19241, 8198, 26390, 25453, 39045, 17220, 8424, 40389, 36133, 29715, 35176, 37669, 23638, 11288, 6432, 33434, 34893, 27102, 43887, 12570, 41631],[13555, 39474, 44797, 36989, 36488, 38972, 29702, 37402, 34909, 43939, 43922, 31649, 8624, 39049, 43407, 40333, 32248, 28475, 41857, 41634, 37265, 39351, 19437, 44388, 34193, 30975, 45482, 35430, 33206, 31078, 26654, 22655, -1, 4375, 12356, 44904, 24867, 45041, 15192, 15476, 31355, 28494, 31873, 12703, 26260, 40363, 41297, 19789, 13407, 34872, 36714, 1736, 36627, 25709, 20253],[44618, 34657, 37544, 35723, 16171, 32296, 39835, 46054, 4095, 45356, 33683, 37686, 26404, 44670, 20080, 43568, 1834, 24667, 23444, 43415, 29553, 26374, 8159, 38021, 31381, 33782, 35825, 26196, 23548, 39448, 43651, 33343, 4375, -1, 35614, 20376, 35754, 35831, 20013, 34889, 30173, 38583, 34120, 38224, 15171, 46273, 11623, 44188, 26275, 22502, 11216, 18427, 45148, 26773, 38644],[44083, 16095, 35052, 35104, 1989, 12907, 42221, 43451, 45307, 15177, 41981, 26369, 33986, 25695, 30127, 42981, 16655, 14641, 32237, 18978, 42103, 27737, 31915, 11685, 28885, 15492, 28975, 26378, 28161, 42046, 37740, 19241, 12356, 35614, -1, 33791, 16617, 31242, 25595, 33580, 34510, 45775, 36103, 34607, 44838, 40825, 43702, 20714, 45655, 44002, 31493, 46150, 35051, 33570, 39972],[40612, 18665, 31749, 39785, 22483, 39803, 25676, 19610, 41723, 15123, 37374, 8871, 35715, 45664, 18572, 36217, 37092, 35390, 45550, 25648, 21148, 7862, 39837, 27363, 18833, 36754, 40036, 44456, 30695, 18887, 45407, 8198, 44904, 20376, 33791, -1, 36293, 30233, 26475, 29172, 13351, 38864, 42584, 36116, 41418, 22506, 35863, 13729, 32222, 18321, 45830, 38405, 39195, 20269, 30171],[22363, 28080, 10164, 14303, 46249, 27108, 45548, 28654, 14650, 26762, 7007, 36233, 18259, 25451, 29392, 39586, 22389, 39516, 15713, 42882, 10117, 27602, 25925, 33095, 28377, 42137, 13937, 45553, 20424, 34010, 36009, 26390, 24867, 35754, 16617, 36293, -1, 29300, 45985, 39358, 18827, 39261, 39984, 18923, 45155, 13215, 28808, 34438, 45594, 33206, 38086, 33718, 40737, 15082, 35920],[29762, 4037, 31598, 43557, 28813, 19348, 42576, 36733, 35657, 38622, 16902, 46115, 4973, 5307, 37190, 37252, 29521, 41279, 38816, 42896, 35371, 22931, 43887, 45337, 19063, 28908, 31965, 16147, 34008, 18204, 18538, 25453, 45041, 35831, 31242, 30233, 29300, -1, 39006, 8365, 23010, 33167, 33004, 41814, 20307, 29036, 41036, 24077, 37677, 34440, 37538, 40761, 9947, 38968, 38595],[20247, 42715, 23235, 40689, 43512, 45882, 20436, 32445, 10361, 27472, 14971, 24649, 38421, 13480, 44775, 25729, 22181, 15034, 21276, 32295, 39525, 28027, 16143, 20151, 18488, 40640, 39184, 22875, 45895, 40869, 21612, 39045, 15192, 20013, 25595, 26475, 45985, 39006, -1, 31357, 27256, 44528, 5793, 28329, 33003, 22303, 45267, 43945, 10658, 33329, 39178, 30733, 14477, 40684, 32932],[21305, 3039, 12353, 5242, 22000, 29297, 16899, 29184, 7366, 41700, 45305, 24360, 35857, 26947, 45637, 29362, 22459, 35790, 38311, 39098, 37649, 19491, 34001, 43380, 37846, 29072, 30611, 44190, 30096, 9107, 30428, 17220, 15476, 34889, 33580, 29172, 39358, 8365, 31357, -1, 29720, 7160, 34749, 39839, 33894, 40328, 28293, 18878, 35463, 34760, 19481, 27878, 34833, 45926, 22108],[25308, 39631, 12821, 42496, 31056, 39607, 29335, 39620, 22080, 38815, 8671, 26671, 46205, 36984, 29317, 31715, 42114, 20992, 40490, 15691, 32527, 13500, 14033, 40741, 32756, 15209, 35363, 28645, 9275, 24941, 15483, 8424, 31355, 30173, 34510, 13351, 18827, 23010, 27256, 29720, -1, 24265, 41016, 12683, 44821, 28511, 12673, 37212, 30331, 8128, 13777, 34938, 46291, 25972, 43231],[41949, 14938, 46159, 9947, 41380, 27118, 25636, 35020, 15315, 15670, 37091, 43926, 35939, 7465, 42284, 27927, 33747, 31170, 45029, 41657, 41312, 12916, 10376, 39244, 13039, 17923, 29567, 32439, 32359, 35138, 16246, 40389, 28494, 38583, 45775, 38864, 39261, 33167, 44528, 7160, 24265, -1, 22750, 19818, 46066, 12827, 37812, 25271, 35341, 31883, 41513, 44148, 44029, 34012, 43143],[28588, 3532, 37492, 43599, 45783, 19502, 41920, 29053, 11752, 43475, 26754, 26227, 21672, 39849, 38570, 42992, 40833, 45057, 27778, 25283, 37279, 35447, 33046, 8195, 30796, 20071, 41296, 31252, 40373, 10446, 28094, 36133, 31873, 34120, 36103, 42584, 39984, 33004, 5793, 34749, 41016, 22750, -1, 4766, 41020, 21602, 33685, 22004, 10413, 28576, 38737, 42129, 27627, 46098, 17422],[30858, 13774, 34504, 13472, 24215, 44986, 44001, 32486, 20079, 22748, 31711, 25693, 18018, 42088, 40833, 31409, 23497, 28384, 30822, 12179, 43467, 45890, 22608, 41343, 28226, 35986, 40926, 45162, 32572, 45302, 45766, 29715, 12703, 38224, 34607, 36116, 18923, 41814, 28329, 39839, 12683, 19818, 4766, -1, 44697, 33814, 44919, 44795, 17485, 24487, 39150, 10391, 26026, 33582, 37200],[37785, 33424, 24507, 38249, 24155, 35747, 26713, 20929, 38509, 36056, 22740, 41126, 30288, 39119, 16406, 33123, 17517, 22707, 23968, 39465, 44622, 46155, 40445, 24591, 27024, 28109, 25110, 28322, 29657, 44397, 35140, 35176, 26260, 15171, 44838, 41418, 45155, 20307, 33003, 33894, 44821, 46066, 41020, 44697, -1, 10959, 9736, 31232, 43541, 43636, 43058, 45343, 36940, 21137, 26429],[13932, 46129, 35412, 44560, 30268, 43504, 16118, 12445, 43667, 37012, 44601, 22642, 28480, 16818, 33553, 16726, 36394, 19288, 38994, 26161, 11193, 30074, 13923, 23532, 25805, 41085, 23479, 44041, 45239, 19419, 29099, 37669, 40363, 46273, 40825, 22506, 13215, 29036, 22303, 40328, 28511, 12827, 21602, 33814, 10959, -1, 34257, 39104, 7408, 33694, 26212, 25238, 11013, 40420, 26801],[43437, 40461, 36548, 37116, 43466, 30473, 21728, 45879, 32243, 15568, 35010, 43454, 12220, 31897, 27151, 35538, 27331, 46026, 23399, 46151, 30529, 29680, 14236, 37906, 25346, 33104, 44445, 36732, 35548, 25671, 27124, 23638, 41297, 11623, 43702, 35863, 28808, 41036, 45267, 28293, 12673, 37812, 33685, 44919, 9736, 34257, -1, 45374, 35143, 28220, 45322, 16444, 38411, 37604, 28601],[26450, 40190, 35537, 36106, 43406, 42988, 34489, 17907, 36587, 43374, 42966, 38960, 39315, 20292, 44100, 21792, 24594, 21276, 34334, 36682, 39910, 15180, 28217, 45222, 42005, 45671, 27177, 12110, 45012, 34008, 43137, 11288, 19789, 44188, 20714, 13729, 34438, 24077, 43945, 18878, 37212, 25271, 22004, 44795, 31232, 39104, 45374, -1, 33577, 37260, 38161, 33923, 40598, 36673, 9031],[45343, 44626, 44590, 46134, 45625, 36233, 41945, 16254, 35806, 45339, 35456, 25050, 44379, 40071, 30278, 28383, 45562, 21658, 24964, 35330, 43970, 37345, 34905, 36065, 19345, 14988, 27572, 44525, 35978, 20229, 43312, 6432, 13407, 26275, 45655, 32222, 45594, 37677, 10658, 35463, 30331, 35341, 10413, 17485, 43541, 7408, 35143, 33577, -1, 40581, 30998, 42732, 41176, 32391, 14874],[38681, 34686, 42245, 30554, 45505, 11290, 33850, 41069, 14365, 35928, 35884, 39624, 20493, 37955, 20011, 12481, 32296, 30430, 43954, 38517, 20605, 38879, 26001, 15751, 11884, 44491, 42821, 38390, 46263, 37673, 24149, 33434, 34872, 22502, 44002, 18321, 33206, 34440, 33329, 34760, 8128, 31883, 28576, 24487, 43636, 33694, 28220, 37260, 40581, -1, 23592, 36866, 10543, 30883, 39027],[27261, 24399, 25132, 17506, 7456, 35391, 35327, 20847, 42730, 33191, 28056, 42086, 10576, 40928, 44143, 37839, 42853, 20803, 35997, 34597, 40428, 46321, 19922, 39992, 34896, 45053, 26763, 22312, 12167, 24886, 29196, 34893, 36714, 11216, 31493, 45830, 38086, 37538, 39178, 19481, 13777, 41513, 38737, 39150, 43058, 26212, 45322, 38161, 30998, 23592, -1, 17727, 44417, 25774, 28592],[36199, 38095, 31842, 44046, 40621, 17687, 23355, 25198, 35095, 45483, 27781, 35671, 14558, 19637, 44100, 34858, 34439, 44960, 36169, 26331, 44521, 23096, 30568, 31687, 3171, 25559, 43711, 32158, 39291, 42838, 36291, 27102, 1736, 18427, 46150, 38405, 33718, 40761, 30733, 27878, 34938, 44148, 42129, 10391, 45343, 25238, 16444, 33923, 42732, 36866, 17727, -1, 37829, 23863, 19282],[33737, 43052, 43094, 27416, 19472, 41824, 32202, 30456, 15665, 41531, 42877, 39457, 44021, 26982, 17899, 18884, 23505, 37882, 39804, 16899, 36297, 20336, 30127, 40199, 33596, 41374, 19828, 44965, 46068, 40705, 45794, 43887, 36627, 45148, 35051, 39195, 40737, 9947, 14477, 34833, 46291, 44029, 27627, 26026, 36940, 11013, 38411, 40598, 41176, 10543, 44417, 37829, -1, 38593, 43269],[9541, 43927, 6365, 31964, 46100, 25140, 32720, 25168, 40197, 35612, 27529, 29942, 15665, 27250, 25555, 28865, 31898, 32260, 39345, 19467, 41115, 36020, 36274, 21494, 27912, 27446, 36070, 35514, 7132, 42410, 29399, 12570, 25709, 26773, 33570, 20269, 15082, 38968, 40684, 45926, 25972, 34012, 46098, 33582, 21137, 40420, 37604, 36673, 32391, 30883, 25774, 23863, 38593, -1, 44245],[27663, 43938, 46192, 37158, 32370, 35295, 19374, 45820, 8097, 41676, 38765, 27157, 42487, 16049, 28901, 43102, 30353, 36456, 37227, 25977, 15516, 15130, 46322, 17133, 22298, 35016, 29326, 45804, 4712, 43008, 44680, 41631, 20253, 38644, 39972, 30171, 35920, 38595, 32932, 22108, 43231, 43143, 17422, 37200, 26429, 26801, 28601, 9031, 14874, 39027, 28592, 19282, 43269, 44245, -1]]