90
[[-1, 42636, 21521, 42342, 41768, 32979, 33108, 40183, 28484, 39915, 41178, 43919, 38499, 13459, 25846, 36092, 38710, 23719, 33067, 29388, 42858, 31132, 28312, 41934, 32960, 10452, 30336, 44916, 43336, 31943, 30172, 46078, 46311, 28504, 37709, 17214, 21204, 21918, 42334, 26919, 36004, 45125, 32925, 34494, 43094, 43077, 39923, 26223, 21824, 34480, 35981, 28107, 39877, 40804, 31852, 4576, 17197, 26048, 44610, 43261, 28054, 5659, 16876, 20978, 36521, 29781, 38945, 37386, 24439, 37386, 8546, 17700, 18199, 20504, 25668, 43661, 30844, 24298, 37607, 27757, 30090, 11351, 27438, 45973, 27914, 29618, 27157, 41763, 16646, 36134],[42636, -1, 23076, 19943, 42862, 37523, 43699, 21150, 35349, 13729, 35059, 37138, 41418, 37634, 27639, 38073, 40135, 25638, 40748, 38999, 21445, 17614, 44817, 10393, 32181, 25526, 19924, 22035, 38489, 29243, 39781, 38633, 31922, 26185, 37003, 40500, 33426, 43057, 29489, 38172, 36845, 43744, 37694, 36333, 16956, 39572, 41243, 37132, 26444, 41291, 39318, 45192, 44760, 44683, 30609, 17479, 4910, 15429, 28118, 42930, 45606, 32589, 15207, 22759, 32163, 44427, 43170, 39278, 40699, 15461, 23321, 39041, 44482, 34372, 45169, 43995, 23168, 28350, 18529, 26296, 34410, 45267, 38480, 31977, 7633, 37238, 5521, 6026, 35989, 35267],[21521, 23076, -1, 44564, 37407, 45252, 15698, 13658, 34733, 34737, 43822, 38708, 41684, 33951, 41893, 32883, 39171, 36055, 34665, 31947, 32856, 40398, 12958, 40615, 7108, 18806, 20549, 18793, 34822, 21497, 21826, 45594, 35591, 38981, 43777, 36122, 23957, 35387, 44988, 38370, 35581, 33171, 40862, 42939, 45728, 17500, 39087, 23707, 21640, 46303, 26540, 18732, 33781, 16049, 6724, 25691, 40515, 20144, 37558, 32347, 43547, 21102, 39159, 32400, 34266, 18856, 34353, 35336, 24473, 14762, 45448, 35902, 29650, 6594, 38122, 41436, 40097, 38468, 28789, 7965, 39513, 32071, 40405, 12980, 31032, 3874, 42344, 44709, 27397, 44016],[42342, 19943, 44564, -1, 30514, 44048, 37397, 40407, 12165, 40124, 26056, 23821, 42475, 41777, 14968, 39751, 23966, 9568, 44796, 6918, 39384, 22710, 24745, 35436, 38697, 45150, 39974, 6699, 14627, 30205, 33143, 36850, 40182, 45467, 32999, 38835, 30757, 12264, 40450, 39623, 43554, 28357, 33996, 42420, 37810, 41604, 34617, 26237, 35350, 43810, 29533, 30467, 24868, 28022, 25974, 45810, 36447, 39610, 10427, 18414, 44034, 25250, 31413, 35761, 3551, 32595, 24994, 19213, 25764, 32537, 2110, 44774, 6794, 34205, 32208, 4881, 42589, 40161, 45608, 24396, 25046, 39861, 39007, 43830, 12864, 23710, 41647, 14176, 13821, 20049],[41768, 42862, 37407, 30514, -1, 33788, 38004, 18830, 41195, 31056, 42898, 42044, 45964, 29451, 43380, 37207, 45897, 19008, 34617, 28676, 33120, 29941, 20710, 42075, 16173, 23226, 39509, 45104, 23872, 37711, 40963, 5044, 18833, 42130, 1781, 25390, 42079, 30738, 45033, 23194, 42417, 34638, 43591, 40828, 29260, 42424, 20316, 4545, 45147, 37387, 45150, 29738, 24158, 21202, 38935, 24061, 33280, 32528, 44812, 38125, 5211, 26693, 38794, 28809, 2719, 44800, 30662, 37498, 42134, 37726, 25818, 29752, 2718, 35528, 19926, 44683, 9407, 43982, 29990, 26142, 34415, 17401, 44542, 45961, 40618, 16442, 36447, 34922, 25445, 36514],[32979, 37523, 45252, 44048, 33788, -1, 40206, 41446, 39399, 41909, 44699, 12506, 41021, 10191, 2657, 45063, 40568, 38776, 17113, 43668, 27812, 21359, 39427, 31568, 43325, 14111, 46236, 44548, 29427, 46105, 15306, 41407, 24984, 36729, 10735, 41356, 37884, 29277, 26013, 25960, 45911, 41816, 7277, 10548, 31676, 33149, 21795, 35384, 15426, 13268, 45701, 44591, 25419, 19205, 10905, 40122, 33720, 39419, 20899, 44417, 32208, 37797, 27763, 32269, 43383, 35398, 38160, 33428, 38288, 42258, 15405, 29329, 15354, 39986, 28842, 15689, 32796, 29169, 25524, 34369, 36953, 27240, 21684, 33803, 27140, 21723, 23869, 26268, 18999, 41982],[33108, 43699, 15698, 37397, 38004, 40206, -1, 34810, 29427, 31075, 30895, 40509, 30737, 39506, 13095, 26404, 36825, 28296, 27771, 31513, 23940, 26059, 26731, 21086, 35495, 17061, 43626, 20473, 26733, 39706, 35240, 40897, 34219, 27554, 40663, 45688, 35356, 44281, 17187, 24616, 9449, 37942, 21417, 41402, 21041, 34789, 42460, 40370, 35953, 8832, 27706, 35691, 35599, 44427, 29050, 21724, 32351, 32202, 9230, 19343, 44737, 40411, 26701, 16177, 43892, 26863, 32230, 39188, 28320, 29237, 36893, 31522, 27539, 41808, 44826, 19626, 37935, 43185, 37449, 28580, 45374, 41546, 17089, 44849, 44515, 23045, 37910, 26957, 42009, 39682],[40183, 21150, 13658, 40407, 18830, 41446, 34810, -1, 25356, 39453, 10086, 28503, 43717, 22448, 35739, 24493, 9735, 33531, 46049, 9727, 29526, 32050, 34144, 13647, 26855, 34341, 39842, 26359, 40870, 45532, 45288, 22600, 34736, 17353, 42774, 20682, 36010, 25438, 33532, 24220, 20016, 15962, 13381, 7317, 43682, 18114, 37022, 41920, 18552, 45526, 45388, 28723, 46137, 16683, 25725, 40362, 29404, 21791, 42595, 18166, 14991, 26414, 38309, 30900, 35334, 45604, 43253, 42991, 32683, 30892, 44112, 28994, 23463, 31768, 45268, 7180, 35909, 42614, 29542, 44601, 13392, 42162, 20083, 30487, 24608, 43118, 34491, 17684, 21809, 32534],[28484, 35349, 34733, 12165, 41195, 39399, 29427, 25356, -1, 31565, 43283, 34962, 33093, 33004, 27797, 7832, 37132, 31704, 44516, 38574, 30459, 12753, 31493, 19224, 43182, 36955, 26972, 31782, 24510, 18783, 17178, 45015, 29979, 42605, 34356, 19798, 39274, 35951, 22329, 31576, 32716, 44083, 21294, 39344, 27443, 10204, 41112, 28114, 45159, 36361, 42467, 40057, 32216, 42204, 25659, 46321, 11506, 39396, 37785, 7806, 31393, 27036, 11149, 17257, 36310, 21588, 32927, 45844, 9248, 40446, 26786, 20138, 20833, 23831, 43475, 24308, 37117, 34823, 38824, 41136, 40503, 38126, 43939, 41511, 45818, 42635, 43374, 38414, 29418, 16852],[39915, 13729, 34737, 40124, 31056, 41909, 31075, 39453, 31565, -1, 23251, 41706, 25923, 29035, 41150, 40802, 40812, 31431, 18375, 2108, 20861, 40147, 13979, 19322, 34894, 33319, 32709, 34195, 41136, 46067, 32050, 27803, 35593, 25629, 39974, 40166, 40619, 44030, 22511, 21790, 43358, 43750, 12353, 42162, 35591, 38927, 25057, 4671, 43979, 25211, 14204, 40753, 32481, 37561, 30724, 45532, 34808, 45445, 43568, 36822, 23329, 25054, 31523, 32466, 27438, 12682, 34584, 22087, 10316, 38960, 42514, 33212, 24205, 28148, 13272, 42041, 21804, 21844, 39267, 27874, 27296, 34482, 38945, 6540, 42426, 32753, 44399, 30020, 37909, 41616],[41178, 35059, 43822, 26056, 42898, 44699, 30895, 10086, 43283, 23251, -1, 44312, 36683, 29516, 16418, 35935, 30660, 35269, 37200, 35943, 31225, 26399, 9526, 45653, 44471, 10661, 46233, 31675, 43295, 30575, 14460, 45739, 18978, 40936, 7542, 20979, 24775, 34130, 25003, 25896, 35154, 36962, 36270, 33953, 37014, 25677, 44438, 42593, 35219, 37970, 28164, 40368, 42652, 26555, 46152, 12078, 45129, 23399, 33092, 35939, 39305, 37828, 44626, 35875, 15896, 25963, 35474, 7046, 19728, 17241, 16321, 22342, 39233, 30536, 34516, 26439, 7994, 14106, 41804, 40177, 29360, 44272, 34795, 19611, 41836, 29276, 40516, 28211, 44892, 21786],[43919, 37138, 38708, 23821, 42044, 12506, 40509, 28503, 34962, 41706, 44312, -1, 38017, 33432, 36635, 45289, 34415, 42689, 41891, 18736, 43614, 8030, 30361, 44858, 20095, 20956, 31264, 31828, 39623, 46176, 11325, 40935, 40969, 32062, 17602, 24817, 34525, 27629, 39564, 38557, 25671, 22377, 41652, 33153, 40498, 26380, 41494, 33767, 25974, 33160, 8390, 16282, 9769, 6914, 45619, 24588, 18092, 42976, 41933, 37058, 39816, 41392, 39766, 43702, 45674, 30788, 32851, 30477, 22720, 35498, 39646, 26350, 9833, 9591, 45990, 34770, 29977, 38574, 38617, 43355, 19414, 31342, 29335, 41099, 19323, 40623, 19334, 8479, 3643, 41062],[38499, 41418, 41684, 42475, 45964, 41021, 30737, 43717, 33093, 25923, 36683, 38017, -1, 41256, 24854, 36421, 32334, 43070, 19864, 39732, 743, 24743, 45603, 35109, 15184, 32339, 40345, 25590, 37660, 43897, 33906, 24911, 7930, 25544, 42895, 22606, 10022, 27154, 42814, 19511, 33426, 34818, 38140, 28955, 21714, 45789, 33124, 36631, 21745, 22838, 21295, 30221, 40558, 43670, 40134, 29903, 14966, 24282, 34361, 46255, 40257, 36561, 14287, 39828, 30406, 40412, 45035, 34814, 34072, 19413, 31152, 32158, 30673, 39405, 27382, 41903, 43860, 4128, 40275, 23649, 46166, 15548, 30404, 36131, 30651, 35099, 45321, 43924, 24883, 26771],[13459, 37634, 33951, 41777, 29451, 10191, 39506, 22448, 33004, 29035, 29516, 33432, 41256, -1, 26302, 42672, 46299, 31650, 34794, 17693, 31400, 24611, 34427, 16190, 20909, 18728, 34658, 34743, 42142, 15374, 43580, 34393, 27774, 36750, 24069, 25255, 36088, 17688, 12016, 36101, 17986, 25223, 25457, 18150, 40822, 41838, 39046, 15536, 7688, 44567, 31684, 37500, 29065, 46015, 26279, 44661, 30623, 25698, 33090, 24415, 24046, 11450, 28021, 43475, 38771, 29966, 9349, 34310, 41093, 42269, 34964, 33399, 8695, 28565, 21674, 42974, 31132, 26622, 39375, 31447, 33848, 31846, 17528, 2398, 42452, 41397, 6421, 24057, 22464, 6254],[25846, 27639, 41893, 14968, 43380, 2657, 13095, 35739, 27797, 41150, 16418, 36635, 24854, 26302, -1, 37837, 34611, 38110, 45182, 45442, 27667, 39956, 27269, 19251, 28054, 9150, 23350, 27305, 34850, 30717, 40168, 28856, 25318, 33526, 39898, 30400, 7668, 39853, 38870, 27865, 35152, 30625, 33687, 21559, 38106, 41146, 6324, 21744, 32211, 18495, 5677, 41709, 41444, 8424, 42066, 30301, 26059, 37663, 38276, 23777, 26261, 38829, 36217, 25846, 12349, 41704, 27492, 42708, 22038, 31057, 34302, 39662, 44489, 33340, 23119, 39040, 41983, 18066, 29449, 42927, 21585, 7511, 27423, 40914, 21813, 43047, 43847, 10859, 29258, 41718],[36092, 38073, 32883, 39751, 37207, 45063, 26404, 24493, 7832, 40802, 35935, 45289, 36421, 42672, 37837, -1, 37021, 41981, 37337, 24719, 39926, 42583, 37615, 30787, 39511, 40911, 41361, 44258, 30910, 35990, 32103, 38812, 24427, 23664, 45895, 15975, 44004, 27655, 29697, 43777, 16540, 21456, 33526, 34887, 32380, 12842, 29494, 18489, 24083, 28478, 44637, 26598, 38987, 43167, 8601, 17004, 9828, 12309, 44698, 41209, 22236, 41519, 37599, 17545, 37704, 39994, 42803, 44586, 46009, 36222, 30739, 26766, 44779, 20774, 31429, 33309, 36008, 32445, 23419, 23198, 23478, 18955, 29342, 41555, 40852, 43016, 9512, 3622, 31354, 13839],[38710, 40135, 39171, 23966, 45897, 40568, 36825, 9735, 37132, 40812, 30660, 34415, 32334, 46299, 34611, 37021, -1, 17527, 39117, 31081, 39116, 43138, 40825, 38150, 37636, 11641, 26744, 18036, 3715, 33131, 44731, 37503, 44678, 34822, 23382, 43996, 29922, 46322, 44492, 37129, 28996, 46230, 17820, 45385, 33509, 28620, 19113, 10070, 38991, 37245, 35976, 27618, 17780, 43030, 33389, 44869, 29426, 38634, 10510, 14695, 40600, 22693, 43602, 26340, 37058, 41164, 45977, 32789, 42938, 31725, 39756, 42196, 34316, 19314, 29528, 25226, 38831, 38150, 44793, 20884, 15147, 28296, 15506, 8564, 31058, 16620, 16506, 8073, 3577, 29699],[23719, 25638, 36055, 9568, 19008, 38776, 28296, 33531, 31704, 31431, 35269, 42689, 43070, 31650, 38110, 41981, 17527, -1, 42018, 31538, 19970, 42030, 35012, 35973, 37018, 15868, 37497, 32663, 45943, 31129, 35366, 33123, 31377, 15546, 27954, 34456, 17379, 37635, 29758, 2523, 28680, 43005, 37540, 25022, 36442, 34577, 25475, 38428, 33737, 29060, 38829, 29527, 35240, 29359, 40236, 35004, 15179, 40760, 28080, 20107, 45383, 41389, 40750, 33685, 29328, 37412, 24288, 33610, 19538, 45000, 31724, 41817, 28278, 35775, 35079, 6152, 31113, 15358, 13238, 29125, 29968, 31519, 36403, 21373, 42794, 45502, 37793, 24377, 28044, 29656],[33067, 40748, 34665, 44796, 34617, 17113, 27771, 46049, 44516, 18375, 37200, 41891, 19864, 34794, 45182, 37337, 39117, 42018, -1, 45808, 35709, 33090, 26207, 27617, 35484, 14977, 43068, 37177, 44658, 36610, 43105, 38260, 44823, 37377, 14661, 38185, 29979, 36860, 26130, 46313, 41818, 38583, 20166, 9506, 10793, 21344, 19119, 44994, 19639, 30058, 35606, 18344, 7210, 27864, 6819, 12224, 28426, 33502, 42236, 13868, 41575, 43253, 42705, 44035, 39099, 37208, 38642, 28148, 16011, 37584, 41600, 35436, 43699, 23358, 42905, 34621, 19396, 29440, 26408, 42667, 43948, 26872, 44960, 34543, 40716, 27322, 24851, 19699, 37005, 26328],[29388, 38999, 31947, 6918, 28676, 43668, 31513, 9727, 38574, 2108, 35943, 18736, 39732, 17693, 45442, 24719, 31081, 31538, 45808, -1, 22561, 24677, 35487, 26693, 34159, 43607, 2604, 10563, 34669, 30235, 43953, 42954, 31744, 34331, 28502, 41876, 43295, 33735, 23502, 20633, 43766, 34381, 26402, 9761, 25216, 33651, 41365, 40400, 11594, 20559, 30196, 5376, 43351, 46310, 41985, 24839, 35850, 11493, 14782, 43382, 17216, 44104, 39622, 30699, 30960, 40580, 19594, 39637, 27262, 34144, 34660, 22229, 22310, 30619, 31462, 31850, 32323, 34471, 41974, 22343, 20876, 42988, 34647, 7404, 23205, 30853, 34649, 20277, 31288, 27544],[42858, 21445, 32856, 39384, 33120, 27812, 23940, 29526, 30459, 20861, 31225, 43614, 743, 31400, 27667, 39926, 39116, 19970, 35709, 22561, -1, 27629, 13792, 41268, 31025, 9129, 28366, 27931, 31378, 38720, 29027, 31946, 11343, 28559, 25623, 35526, 10971, 37233, 34360, 26422, 40507, 35010, 33675, 44948, 39431, 42262, 10061, 31980, 24592, 35030, 41100, 3869, 12502, 42377, 8854, 21238, 28404, 20945, 38479, 15324, 42642, 40645, 31337, 15727, 45496, 24110, 38855, 28696, 39819, 5358, 18047, 13338, 15774, 30289, 17015, 26837, 30793, 38721, 21720, 26826, 38111, 15675, 26774, 37600, 34315, 36181, 19961, 28342, 14106, 34840],[31132, 17614, 40398, 22710, 29941, 21359, 26059, 32050, 12753, 40147, 26399, 8030, 24743, 24611, 39956, 42583, 43138, 42030, 33090, 24677, 27629, -1, 23870, 35217, 33629, 41231, 31707, 39920, 40951, 40736, 44141, 16909, 45835, 33723, 39728, 33955, 38727, 28955, 42820, 28865, 42677, 42693, 38024, 26397, 25100, 40334, 28695, 40484, 7951, 16545, 39518, 26595, 46071, 21024, 37280, 32639, 34373, 22563, 40297, 8512, 24990, 7933, 29431, 32756, 20516, 16450, 44162, 41249, 31108, 20763, 42067, 43523, 44844, 45216, 7433, 17827, 41121, 32042, 37095, 40106, 10884, 42033, 14608, 24163, 43641, 16194, 17798, 12768, 21669, 29575],[28312, 44817, 12958, 24745, 20710, 39427, 26731, 34144, 31493, 13979, 9526, 30361, 45603, 34427, 27269, 37615, 40825, 35012, 26207, 35487, 13792, 23870, -1, 30192, 28497, 20650, 9593, 44209, 23262, 29417, 27266, 45132, 32577, 29625, 38674, 15416, 1270, 46288, 11869, 44856, 12741, 27976, 34984, 43053, 29130, 41404, 38078, 41422, 20412, 33928, 22954, 28934, 43554, 8738, 23903, 38841, 37942, 16630, 18793, 35120, 31860, 31664, 10505, 26267, 42528, 26322, 18445, 3160, 13327, 18070, 31305, 10931, 33269, 46224, 44543, 29195, 23618, 21455, 40431, 27816, 17157, 25210, 45747, 33843, 27590, 31380, 45824, 40301, 24912, 42415],[41934, 10393, 40615, 35436, 42075, 31568, 21086, 13647, 19224, 19322, 45653, 44858, 35109, 16190, 19251, 30787, 38150, 35973, 27617, 26693, 41268, 35217, 30192, -1, 34456, 40792, 25498, 33438, 29402, 9996, 28691, 25976, 39031, 44915, 37042, 35612, 35414, 45281, 18910, 43412, 21658, 15046, 42289, 43635, 39339, 30746, 45090, 4758, 13314, 43489, 17173, 27500, 35375, 24114, 42622, 30489, 10301, 31425, 39929, 15631, 29380, 41689, 29383, 14915, 21189, 2788, 35214, 14188, 30278, 31577, 5895, 35304, 43185, 45043, 24768, 44484, 26548, 34878, 32831, 12336, 38956, 12814, 25855, 34021, 25336, 43665, 34035, 12404, 17475, 29755],[32960, 32181, 7108, 38697, 16173, 43325, 35495, 26855, 43182, 34894, 44471, 20095, 15184, 20909, 28054, 39511, 37636, 37018, 35484, 34159, 31025, 33629, 28497, 34456, -1, 19359, 38348, 8374, 40523, 38540, 34254, 20940, 42653, 39287, 14523, 45969, 22717, 23617, 1535, 44052, 42877, 26918, 37225, 28054, 28405, 28305, 33209, 38792, 17780, 37276, 45151, 41193, 43535, 35137, 36033, 43805, 21066, 33716, 21614, 33719, 1676, 11053, 9771, 43619, 44924, 33754, 45841, 22752, 39009, 27804, 44182, 37461, 7851, 23093, 20850, 29846, 38619, 19342, 36543, 36506, 22028, 19115, 25323, 39029, 34563, 15071, 19452, 37665, 33666, 18132],[10452, 25526, 18806, 45150, 23226, 14111, 17061, 34341, 36955, 33319, 10661, 20956, 32339, 18728, 9150, 40911, 11641, 15868, 14977, 43607, 9129, 41231, 20650, 40792, 19359, -1, 19795, 11585, 29942, 39124, 13565, 11944, 19398, 37200, 12658, 24573, 28481, 31995, 42762, 36457, 31273, 38746, 19071, 32531, 27443, 41789, 26353, 9805, 31651, 37658, 42922, 6438, 22947, 46190, 13532, 11023, 45637, 6395, 25505, 38499, 30563, 32760, 22547, 30029, 28523, 29288, 24830, 36292, 26125, 40841, 19660, 34854, 15821, 20445, 39024, 25109, 38661, 18783, 38915, 21418, 29334, 39237, 5983, 45210, 40498, 34077, 32419, 1443, 32478, 32840],[30336, 19924, 20549, 39974, 39509, 46236, 43626, 39842, 26972, 32709, 46233, 31264, 40345, 34658, 23350, 41361, 26744, 37497, 43068, 2604, 28366, 31707, 9593, 25498, 38348, 19795, -1, 45914, 30582, 42826, 27941, 28746, 17462, 34739, 44920, 35728, 13024, 36225, 35525, 35997, 25467, 29017, 33120, 17327, 24936, 26598, 39001, 46237, 35707, 39217, 38495, 27251, 16367, 41914, 8208, 31831, 19127, 14973, 42134, 42950, 37835, 35901, 44572, 43543, 42020, 15879, 34589, 20500, 34843, 39950, 29603, 44772, 22936, 32786, 34992, 34983, 21570, 25995, 31050, 40180, 45258, 35854, 18559, 30311, 36394, 25926, 9720, 34930, 43230, 15187],[44916, 22035, 18793, 6699, 45104, 44548, 20473, 26359, 31782, 34195, 31675, 31828, 25590, 34743, 27305, 44258, 18036, 32663, 37177, 10563, 27931, 39920, 44209, 33438, 8374, 11585, 45914, -1, 27503, 44639, 44391, 40692, 8737, 20324, 44698, 17317, 17168, 43915, 38613, 44263, 45732, 3227, 32538, 14160, 41924, 42173, 26423, 22552, 26288, 26837, 40897, 40332, 25161, 16293, 40544, 44016, 45874, 28631, 18708, 38051, 45977, 45562, 13303, 22880, 25598, 44884, 20412, 35476, 14513, 30999, 35466, 15258, 24792, 36518, 38249, 37270, 16793, 38085, 29234, 35125, 31611, 40459, 38005, 37549, 31610, 45939, 31139, 39518, 36474, 27422],[43336, 38489, 34822, 14627, 23872, 29427, 26733, 40870, 24510, 41136, 43295, 39623, 37660, 42142, 34850, 30910, 3715, 45943, 44658, 34669, 31378, 40951, 23262, 29402, 40523, 29942, 30582, 27503, -1, 22877, 45110, 43147, 29242, 25302, 45410, 32400, 41007, 29463, 6216, 12181, 10528, 45219, 14909, 40670, 37516, 31382, 17636, 10219, 23398, 27069, 20545, 25702, 33742, 14404, 35478, 23911, 34118, 18971, 43051, 41120, 42483, 37152, 32499, 44522, 11215, 20654, 45259, 28894, 42489, 30403, 23652, 14174, 28240, 24317, 43803, 40639, 13468, 46102, 26933, 25219, 15521, 31305, 9494, 32392, 39154, 39986, 21245, 39086, 29795, 40386],[31943, 29243, 21497, 30205, 37711, 46105, 39706, 45532, 18783, 46067, 30575, 46176, 43897, 15374, 30717, 35990, 33131, 31129, 36610, 30235, 38720, 40736, 29417, 9996, 38540, 39124, 42826, 44639, 22877, -1, 1376, 32101, 13099, 23071, 34092, 19729, 15893, 28668, 41675, 23468, 12835, 33824, 29202, 30147, 40079, 32059, 44359, 21691, 24235, 12015, 29392, 30822, 46079, 29385, 44133, 39302, 37195, 21550, 38776, 26788, 20630, 27445, 15386, 34688, 36670, 19228, 18796, 33368, 30425, 45823, 18004, 45682, 26409, 34251, 14449, 10945, 29753, 21619, 5234, 39217, 40205, 21288, 37672, 36394, 32768, 38090, 11053, 13631, 43546, 26016],[30172, 39781, 21826, 33143, 40963, 15306, 35240, 45288, 17178, 32050, 14460, 11325, 33906, 43580, 40168, 32103, 44731, 35366, 43105, 43953, 29027, 44141, 27266, 28691, 34254, 13565, 27941, 44391, 45110, 1376, -1, 45176, 42430, 43727, 45573, 20326, 45748, 20884, 42775, 22661, 40543, 28047, 1824, 43291, 17605, 43261, 24720, 30586, 43256, 36875, 12235, 41676, 32896, 36426, 37042, 36313, 39644, 39049, 14458, 27887, 26295, 35527, 33166, 30503, 39162, 19993, 40777, 37160, 43610, 39860, 31526, 22030, 27839, 39386, 45445, 34984, 44914, 43092, 34518, 32558, 36251, 35105, 41550, 41796, 35685, 31978, 23263, 26739, 12024, 38481],[46078, 38633, 45594, 36850, 5044, 41407, 40897, 22600, 45015, 27803, 45739, 40935, 24911, 34393, 28856, 38812, 37503, 33123, 38260, 42954, 31946, 16909, 45132, 25976, 20940, 11944, 28746, 40692, 43147, 32101, 45176, -1, 41024, 41802, 18312, 20777, 42236, 37341, 39221, 24031, 36003, 38967, 27353, 28615, 27546, 17020, 17776, 42311, 29431, 31048, 46003, 41974, 35459, 23811, 17309, 34869, 18670, 30655, 39792, 37108, 39588, 21889, 21143, 32546, 25543, 17954, 27185, 41261, 36192, 30412, 41182, 41900, 40011, 33099, 29398, 19142, 16725, 25036, 13535, 33880, 45061, 31855, 34376, 46100, 37472, 45558, 31919, 16697, 42701, 38662],[46311, 31922, 35591, 40182, 18833, 24984, 34219, 34736, 29979, 35593, 18978, 40969, 7930, 27774, 25318, 24427, 44678, 31377, 44823, 31744, 11343, 45835, 32577, 39031, 42653, 19398, 17462, 8737, 29242, 13099, 42430, 41024, -1, 8351, 33881, 29575, 40682, 27598, 45113, 38536, 38634, 9095, 27970, 38173, 46209, 41652, 46004, 24571, 25929, 36327, 36134, 37259, 40885, 16477, 13826, 42753, 36242, 31494, 13429, 35312, 30994, 32748, 46335, 40799, 27946, 25763, 45011, 35128, 24529, 42331, 40569, 30591, 18127, 37113, 14730, 45323, 43820, 39907, 42778, 28037, 43295, 27799, 34965, 13116, 30290, 43493, 33202, 13331, 25013, 10383],[28504, 26185, 38981, 45467, 42130, 36729, 27554, 17353, 42605, 25629, 40936, 32062, 25544, 36750, 33526, 23664, 34822, 15546, 37377, 34331, 28559, 33723, 29625, 44915, 39287, 37200, 34739, 20324, 25302, 23071, 43727, 41802, 8351, -1, 45925, 27681, 35509, 45511, 28910, 29241, 25033, 29004, 6497, 37517, 43689, 46093, 19713, 22692, 37450, 4252, 23393, 36459, 41196, 8993, 45628, 32792, 14503, 21292, 31415, 17393, 40194, 20795, 44673, 28951, 44061, 16508, 25376, 31953, 41398, 20904, 33863, 45528, 28344, 30340, 33985, 42714, 32500, 31122, 34541, 21002, 39800, 34600, 44926, 18585, 21344, 28786, 24176, 22783, 1779, 26936],[37709, 37003, 43777, 32999, 1781, 10735, 40663, 42774, 34356, 39974, 7542, 17602, 42895, 24069, 39898, 45895, 23382, 27954, 14661, 28502, 25623, 39728, 38674, 37042, 14523, 12658, 44920, 44698, 45410, 34092, 45573, 18312, 33881, 45925, -1, 44650, 6448, 26498, 23097, 17727, 40912, 38610, 26570, 42755, 22381, 40088, 37715, 19589, 29802, 30356, 42316, 23267, 21525, 44585, 29544, 30602, 36817, 28129, 23655, 37615, 10921, 45990, 18930, 21908, 26499, 44209, 15153, 40290, 16254, 25081, 41701, 33994, 44866, 24647, 41862, 42377, 29163, 38281, 26959, 4609, 38628, 45135, 44849, 37003, 41480, 33477, 15495, 39430, 17668, 19949],[17214, 40500, 36122, 38835, 25390, 41356, 45688, 20682, 19798, 40166, 20979, 24817, 22606, 25255, 30400, 15975, 43996, 34456, 38185, 41876, 35526, 33955, 15416, 35612, 45969, 24573, 35728, 17317, 32400, 19729, 20326, 20777, 29575, 27681, 44650, -1, 38187, 11598, 31628, 38711, 11891, 37610, 26051, 13432, 46336, 37042, 37769, 40704, 40670, 35904, 15768, 41894, 40928, 24919, 34834, 41826, 34860, 44901, 22819, 29573, 34350, 31778, 26033, 42768, 43533, 36024, 23317, 41808, 36390, 27883, 18427, 13937, 37687, 36728, 42821, 24817, 24594, 44592, 26373, 30847, 37803, 22529, 42314, 27228, 26754, 37070, 33485, 33088, 27807, 44314],[21204, 33426, 23957, 30757, 42079, 37884, 35356, 36010, 39274, 40619, 24775, 34525, 10022, 36088, 7668, 44004, 29922, 17379, 29979, 43295, 10971, 38727, 1270, 35414, 22717, 28481, 13024, 17168, 41007, 15893, 45748, 42236, 40682, 35509, 6448, 38187, -1, 28759, 44566, 38368, 5801, 14300, 41733, 32470, 6872, 12464, 5284, 11948, 43190, 43184, 41261, 45316, 41867, 32374, 26493, 44164, 41863, 22920, 36723, 35871, 24982, 43296, 43542, 34276, 11810, 41988, 31244, 7914, 8507, 26473, 16518, 43392, 22231, 32119, 13911, 37204, 42255, 17212, 6591, 29793, 31575, 28690, 43214, 41875, 37395, 45264, 41016, 43268, 44145, 26204],[21918, 43057, 35387, 12264, 30738, 29277, 44281, 25438, 35951, 44030, 34130, 27629, 27154, 17688, 39853, 27655, 46322, 37635, 36860, 33735, 37233, 28955, 46288, 45281, 23617, 31995, 36225, 43915, 29463, 28668, 20884, 37341, 27598, 45511, 26498, 11598, 28759, -1, 33632, 46310, 27707, 39005, 42629, 41245, 24434, 14621, 42874, 26280, 18360, 32439, 38027, 38701, 43370, 38058, 39869, 44144, 39988, 45972, 41532, 44602, 32241, 32191, 27969, 7877, 21331, 36398, 26379, 34962, 28188, 31027, 37289, 22660, 1800, 12622, 46189, 38819, 45933, 37407, 22663, 45724, 27448, 27846, 20732, 24070, 14584, 3227, 34131, 34972, 19674, 16236],[42334, 29489, 44988, 40450, 45033, 26013, 17187, 33532, 22329, 22511, 25003, 39564, 42814, 12016, 38870, 29697, 44492, 29758, 26130, 23502, 34360, 42820, 11869, 18910, 1535, 42762, 35525, 38613, 6216, 41675, 42775, 39221, 45113, 28910, 23097, 31628, 44566, 33632, -1, 29282, 2010, 37077, 27119, 24782, 46301, 36422, 46087, 18850, 12856, 33081, 43914, 42913, 38624, 38511, 29170, 38996, 25328, 27897, 39007, 37517, 33259, 23704, 29774, 29495, 41525, 31517, 46054, 44679, 21368, 13813, 44147, 41539, 34455, 36288, 36122, 24788, 45187, 43520, 30462, 17901, 44678, 43211, 33724, 45263, 37060, 30905, 43538, 21895, 34932, 43982],[26919, 38172, 38370, 39623, 23194, 25960, 24616, 24220, 31576, 21790, 25896, 38557, 19511, 36101, 27865, 43777, 37129, 2523, 46313, 20633, 26422, 28865, 44856, 43412, 44052, 36457, 35997, 44263, 12181, 23468, 22661, 24031, 38536, 29241, 17727, 38711, 38368, 46310, 29282, -1, 34423, 21493, 22218, 33908, 44077, 44442, 25303, 23795, 35728, 22463, 44694, 43417, 24469, 25621, 17926, 41803, 35088, 20341, 19436, 40033, 17633, 10966, 32504, 44696, 45036, 41570, 33691, 27283, 23501, 41686, 27728, 22696, 39072, 40423, 46283, 11557, 38990, 18188, 29981, 25832, 38977, 31677, 14579, 19430, 44230, 35690, 34313, 29129, 46066, 24725],[36004, 36845, 35581, 43554, 42417, 45911, 9449, 20016, 32716, 43358, 35154, 25671, 33426, 17986, 35152, 16540, 28996, 28680, 41818, 43766, 40507, 42677, 12741, 21658, 42877, 31273, 25467, 45732, 10528, 12835, 40543, 36003, 38634, 25033, 40912, 11891, 5801, 27707, 2010, 34423, -1, 45325, 20790, 46160, 44741, 38874, 40318, 28442, 12756, 2620, 18496, 38340, 35185, 18137, 39358, 46081, 31528, 19504, 36177, 34202, 26575, 41120, 30038, 22318, 23695, 23597, 37456, 7156, 26113, 19084, 8807, 17301, 23425, 18096, 8192, 29563, 22702, 16258, 29400, 39698, 43686, 33113, 34485, 34095, 46267, 41914, 37398, 31499, 23273, 39811],[45125, 43744, 33171, 28357, 34638, 41816, 37942, 15962, 44083, 43750, 36962, 22377, 34818, 25223, 30625, 21456, 46230, 43005, 38583, 34381, 35010, 42693, 27976, 15046, 26918, 38746, 29017, 3227, 45219, 33824, 28047, 38967, 9095, 29004, 38610, 37610, 14300, 39005, 37077, 21493, 45325, -1, 36069, 32085, 44292, 24073, 34049, 26800, 33176, 22961, 32808, 38147, 25186, 18215, 31480, 22132, 37341, 43587, 7584, 30668, 15705, 34673, 41321, 21721, 34424, 31323, 42531, 30837, 34793, 35197, 34697, 28806, 22790, 43014, 32355, 14215, 30395, 26519, 24688, 40547, 43307, 14889, 43789, 40299, 36821, 37619, 11009, 36854, 42221, 24278],[32925, 37694, 40862, 33996, 43591, 7277, 21417, 13381, 21294, 12353, 36270, 41652, 38140, 25457, 33687, 33526, 17820, 37540, 20166, 26402, 33675, 38024, 34984, 42289, 37225, 19071, 33120, 32538, 14909, 29202, 1824, 27353, 27970, 6497, 26570, 26051, 41733, 42629, 27119, 22218, 20790, 36069, -1, 37663, 1603, 34415, 44782, 29244, 44582, 7324, 21477, 35687, 41243, 17739, 40718, 16497, 7897, 42697, 43889, 11393, 13711, 30830, 14912, 39176, 37848, 19245, 39092, 29300, 27388, 45649, 28773, 38901, 8040, 26354, 5293, 30938, 32818, 26273, 10175, 44728, 25015, 9708, 36587, 30199, 45399, 42266, 25974, 34583, 39900, 12412],[34494, 36333, 42939, 42420, 40828, 10548, 41402, 7317, 39344, 42162, 33953, 33153, 28955, 18150, 21559, 34887, 45385, 25022, 9506, 9761, 44948, 26397, 43053, 43635, 28054, 32531, 17327, 14160, 40670, 30147, 43291, 28615, 38173, 37517, 42755, 13432, 32470, 41245, 24782, 33908, 46160, 32085, 37663, -1, 15870, 46304, 27107, 30989, 43350, 27766, 39818, 32450, 28046, 19858, 38398, 19063, 24747, 30991, 30507, 31927, 42629, 34201, 35081, 43706, 17815, 25526, 30573, 43993, 35812, 20912, 33908, 29966, 33655, 40388, 45064, 27103, 39027, 19983, 31949, 37384, 40254, 21681, 5297, 43447, 38360, 16256, 46241, 42851, 19777, 17784],[43094, 16956, 45728, 37810, 29260, 31676, 21041, 43682, 27443, 35591, 37014, 40498, 21714, 40822, 38106, 32380, 33509, 36442, 10793, 25216, 39431, 25100, 29130, 39339, 28405, 27443, 24936, 41924, 37516, 40079, 17605, 27546, 46209, 43689, 22381, 46336, 6872, 24434, 46301, 44077, 44741, 44292, 1603, 15870, -1, 34995, 35949, 37380, 43835, 37473, 41188, 31220, 30159, 45917, 2676, 30509, 13847, 28649, 36621, 42386, 41368, 41086, 29912, 32645, 35282, 40257, 44366, 18928, 29331, 18464, 10648, 42912, 39916, 23351, 45427, 14959, 33606, 17447, 27292, 42035, 34093, 38063, 20994, 8721, 29131, 42082, 36552, 34697, 45197, 26935],[43077, 39572, 17500, 41604, 42424, 33149, 34789, 18114, 10204, 38927, 25677, 26380, 45789, 41838, 41146, 12842, 28620, 34577, 21344, 33651, 42262, 40334, 41404, 30746, 28305, 41789, 26598, 42173, 31382, 32059, 43261, 17020, 41652, 46093, 40088, 37042, 12464, 14621, 36422, 44442, 38874, 24073, 34415, 46304, 34995, -1, 41031, 42908, 42561, 42113, 20396, 30179, 43460, 31016, 43310, 31194, 24168, 30307, 43128, 25940, 40746, 23819, 34582, 45585, 44624, 3065, 39427, 25626, 38757, 30496, 42411, 23363, 34742, 41287, 45433, 31826, 29901, 34325, 43525, 18676, 29061, 25385, 40929, 26853, 38071, 27807, 30643, 45631, 34137, 30995],[39923, 41243, 39087, 34617, 20316, 21795, 42460, 37022, 41112, 25057, 44438, 41494, 33124, 39046, 6324, 29494, 19113, 25475, 19119, 41365, 10061, 28695, 38078, 45090, 33209, 26353, 39001, 26423, 17636, 44359, 24720, 17776, 46004, 19713, 37715, 37769, 5284, 42874, 46087, 25303, 40318, 34049, 44782, 27107, 35949, 41031, -1, 27734, 20557, 26207, 44036, 13196, 43830, 44498, 12346, 45955, 36918, 28802, 34803, 40266, 41768, 24704, 45763, 33183, 39977, 28907, 42364, 44494, 27665, 14462, 29760, 7522, 27587, 34961, 35154, 39113, 10187, 43496, 42510, 39539, 21763, 44161, 44566, 26352, 40906, 34076, 37134, 11108, 29029, 46104],[26223, 37132, 23707, 26237, 4545, 35384, 40370, 41920, 28114, 4671, 42593, 33767, 36631, 15536, 21744, 18489, 10070, 38428, 44994, 40400, 31980, 40484, 41422, 4758, 38792, 9805, 46237, 22552, 10219, 21691, 30586, 42311, 24571, 22692, 19589, 40704, 11948, 26280, 18850, 23795, 28442, 26800, 29244, 30989, 37380, 42908, 27734, -1, 46175, 42894, 45462, 19574, 12826, 39947, 36504, 19009, 13995, 41139, 29887, 42195, 29209, 24233, 28198, 39043, 39973, 39561, 16387, 42947, 33499, 43841, 26355, 33621, 20305, 37077, 33934, 27595, 38921, 20141, 9742, 39859, 38191, 25361, 43050, 34445, 11806, 27870, 45342, 44287, 39830, 33830],[21824, 26444, 21640, 35350, 45147, 15426, 35953, 18552, 45159, 43979, 35219, 25974, 21745, 7688, 32211, 24083, 38991, 33737, 19639, 11594, 24592, 7951, 20412, 13314, 17780, 31651, 35707, 26288, 23398, 24235, 43256, 29431, 25929, 37450, 29802, 40670, 43190, 18360, 12856, 35728, 12756, 33176, 44582, 43350, 43835, 42561, 20557, 46175, -1, 38938, 44437, 44592, 36674, 38908, 27767, 42963, 41779, 29971, 29870, 39676, 45258, 19199, 29672, 36490, 42401, 34463, 21134, 28032, 36568, 24946, 40835, 32967, 23675, 43738, 11675, 20251, 44749, 45659, 11622, 44546, 31821, 45811, 43805, 17963, 15173, 26572, 44661, 31294, 13756, 39810],[34480, 41291, 46303, 43810, 37387, 13268, 8832, 45526, 36361, 25211, 37970, 33160, 22838, 44567, 18495, 28478, 37245, 29060, 30058, 20559, 35030, 16545, 33928, 43489, 37276, 37658, 39217, 26837, 27069, 12015, 36875, 31048, 36327, 4252, 30356, 35904, 43184, 32439, 33081, 22463, 2620, 22961, 7324, 27766, 37473, 42113, 26207, 42894, 38938, -1, 26045, 45346, 43474, 29515, 7394, 12024, 32337, 46161, 24907, 40394, 38097, 39336, 23574, 42370, 35356, 32146, 36668, 41174, 32689, 22319, 6492, 34414, 36201, 36909, 28431, 33924, 44499, 37109, 29953, 19752, 32184, 39622, 43788, 4919, 26274, 6173, 30878, 43681, 37104, 35232],[35981, 39318, 26540, 29533, 45150, 45701, 27706, 45388, 42467, 14204, 28164, 8390, 21295, 31684, 5677, 44637, 35976, 38829, 35606, 30196, 41100, 39518, 22954, 17173, 45151, 42922, 38495, 40897, 20545, 29392, 12235, 46003, 36134, 23393, 42316, 15768, 41261, 38027, 43914, 44694, 18496, 32808, 21477, 39818, 41188, 20396, 44036, 45462, 44437, 26045, -1, 28668, 24074, 38919, 28218, 42554, 43923, 34823, 27413, 29950, 29958, 40888, 42054, 38825, 31553, 27573, 36492, 26450, 24347, 18658, 26968, 3784, 38156, 38044, 24892, 16972, 27773, 46009, 39298, 19094, 37058, 32629, 37557, 37218, 40999, 25140, 29490, 27419, 43286, 40445],[28107, 45192, 18732, 30467, 29738, 44591, 35691, 28723, 40057, 40753, 40368, 16282, 30221, 37500, 41709, 26598, 27618, 29527, 18344, 5376, 3869, 26595, 28934, 27500, 41193, 6438, 27251, 40332, 25702, 30822, 41676, 41974, 37259, 36459, 23267, 41894, 45316, 38701, 42913, 43417, 38340, 38147, 35687, 32450, 31220, 30179, 13196, 19574, 44592, 45346, 28668, -1, 8574, 11915, 31809, 43734, 40028, 45394, 10698, 38544, 39149, 24586, 33992, 37752, 36105, 44473, 33919, 46177, 29204, 16734, 28736, 43841, 36195, 33653, 6809, 33283, 18285, 9762, 42172, 31699, 29020, 40399, 40749, 30455, 31347, 27728, 45008, 20922, 43767, 44168],[39877, 44760, 33781, 24868, 24158, 25419, 35599, 46137, 32216, 32481, 42652, 9769, 40558, 29065, 41444, 38987, 17780, 35240, 7210, 43351, 12502, 46071, 43554, 35375, 43535, 22947, 16367, 25161, 33742, 46079, 32896, 35459, 40885, 41196, 21525, 40928, 41867, 43370, 38624, 24469, 35185, 25186, 41243, 28046, 30159, 43460, 43830, 12826, 36674, 43474, 24074, 8574, -1, 13069, 41829, 33941, 21458, 36182, 23580, 14254, 28750, 22151, 27961, 29836, 23010, 35026, 32643, 32297, 6035, 26163, 38888, 30302, 38176, 19598, 35614, 30331, 26693, 43862, 45111, 16793, 38846, 23896, 34389, 33676, 8970, 12034, 40565, 23196, 35696, 41035],[40804, 44683, 16049, 28022, 21202, 19205, 44427, 16683, 42204, 37561, 26555, 6914, 43670, 46015, 8424, 43167, 43030, 29359, 27864, 46310, 42377, 21024, 8738, 24114, 35137, 46190, 41914, 16293, 14404, 29385, 36426, 23811, 16477, 8993, 44585, 24919, 32374, 38058, 38511, 25621, 18137, 18215, 17739, 19858, 45917, 31016, 44498, 39947, 38908, 29515, 38919, 11915, 13069, -1, 27419, 45847, 45449, 44635, 29671, 39458, 43576, 13453, 46146, 45585, 38881, 26654, 35673, 8213, 36487, 16981, 28591, 29260, 28549, 44609, 9213, 28252, 18992, 38679, 39494, 24009, 44880, 45549, 40790, 27125, 18428, 20428, 45010, 32880, 38898, 38886],[31852, 30609, 6724, 25974, 38935, 10905, 29050, 25725, 25659, 30724, 46152, 45619, 40134, 26279, 42066, 8601, 33389, 40236, 6819, 41985, 8854, 37280, 23903, 42622, 36033, 13532, 8208, 40544, 35478, 44133, 37042, 17309, 13826, 45628, 29544, 34834, 26493, 39869, 29170, 17926, 39358, 31480, 40718, 38398, 2676, 43310, 12346, 36504, 27767, 7394, 28218, 31809, 41829, 27419, -1, 34727, 39337, 23968, 42286, 20131, 23193, 26983, 26898, 16316, 38050, 27234, 36663, 16944, 41216, 44240, 44597, 36697, 24480, 20821, 15411, 38238, 41273, 42014, 28370, 40501, 36519, 8437, 32597, 46327, 14965, 36707, 20886, 24164, 44648, 32329],[4576, 17479, 25691, 45810, 24061, 40122, 21724, 40362, 46321, 45532, 12078, 24588, 29903, 44661, 30301, 17004, 44869, 35004, 12224, 24839, 21238, 32639, 38841, 30489, 43805, 11023, 31831, 44016, 23911, 39302, 36313, 34869, 42753, 32792, 30602, 41826, 44164, 44144, 38996, 41803, 46081, 22132, 16497, 19063, 30509, 31194, 45955, 19009, 42963, 12024, 42554, 43734, 33941, 45847, 34727, -1, 33062, 37731, 30277, 30489, 37824, 33289, 17290, 19611, 20640, 44896, 26216, 44833, 35865, 28144, 18827, 46033, 34766, 29864, 45127, 44311, 46269, 22354, 32568, 37821, 41219, 33660, 26997, 45707, 7222, 40937, 28944, 42065, 31372, 36153],[17197, 4910, 40515, 36447, 33280, 33720, 32351, 29404, 11506, 34808, 45129, 18092, 14966, 30623, 26059, 9828, 29426, 15179, 28426, 35850, 28404, 34373, 37942, 10301, 21066, 45637, 19127, 45874, 34118, 37195, 39644, 18670, 36242, 14503, 36817, 34860, 41863, 39988, 25328, 35088, 31528, 37341, 7897, 24747, 13847, 24168, 36918, 13995, 41779, 32337, 43923, 40028, 21458, 45449, 39337, 33062, -1, 41145, 22854, 44565, 28904, 31814, 35645, 35365, 29137, 30685, 42895, 42578, 38551, 40943, 26226, 20527, 24539, 41474, 43649, 34484, 15722, 29344, 20370, 32258, 14022, 33979, 37221, 34694, 24824, 45576, 28891, 45207, 37571, 16679],[26048, 15429, 20144, 39610, 32528, 39419, 32202, 21791, 39396, 45445, 23399, 42976, 24282, 25698, 37663, 12309, 38634, 40760, 33502, 11493, 20945, 22563, 16630, 31425, 33716, 6395, 14973, 28631, 18971, 21550, 39049, 30655, 31494, 21292, 28129, 44901, 22920, 45972, 27897, 20341, 19504, 43587, 42697, 30991, 28649, 30307, 28802, 41139, 29971, 46161, 34823, 45394, 36182, 44635, 23968, 37731, 41145, -1, 36074, 41866, 24852, 37197, 34389, 6472, 46255, 32082, 39785, 38506, 29979, 7958, 33230, 35378, 14652, 18195, 44510, 25058, 36393, 22890, 31233, 39303, 24516, 21954, 43209, 42638, 40291, 27189, 38218, 35149, 38039, 42055],[44610, 28118, 37558, 10427, 44812, 20899, 9230, 42595, 37785, 43568, 33092, 41933, 34361, 33090, 38276, 44698, 10510, 28080, 42236, 14782, 38479, 40297, 18793, 39929, 21614, 25505, 42134, 18708, 43051, 38776, 14458, 39792, 13429, 31415, 23655, 22819, 36723, 41532, 39007, 19436, 36177, 7584, 43889, 30507, 36621, 43128, 34803, 29887, 29870, 24907, 27413, 10698, 23580, 29671, 42286, 30277, 22854, 36074, -1, 27961, 38968, 44258, 22713, 7757, 31120, 10689, 14959, 33355, 25163, 26516, 36097, 34872, 28877, 28820, 26154, 34667, 24665, 30865, 33128, 24332, 30859, 43973, 26997, 7703, 39508, 46261, 42740, 8256, 33248, 42084],[43261, 42930, 32347, 18414, 38125, 44417, 19343, 18166, 7806, 36822, 35939, 37058, 46255, 24415, 23777, 41209, 14695, 20107, 13868, 43382, 15324, 8512, 35120, 15631, 33719, 38499, 42950, 38051, 41120, 26788, 27887, 37108, 35312, 17393, 37615, 29573, 35871, 44602, 37517, 40033, 34202, 30668, 11393, 31927, 42386, 25940, 40266, 42195, 39676, 40394, 29950, 38544, 14254, 39458, 20131, 30489, 44565, 41866, 27961, -1, 32281, 28279, 26805, 18467, 31420, 32584, 38915, 36575, 35720, 29202, 44039, 11138, 25670, 6287, 43535, 21956, 35707, 20383, 20841, 32530, 26357, 41973, 9279, 27335, 35923, 29204, 31581, 11974, 12196, 17235],[28054, 45606, 43547, 44034, 5211, 32208, 44737, 14991, 31393, 23329, 39305, 39816, 40257, 24046, 26261, 22236, 40600, 45383, 41575, 17216, 42642, 24990, 31860, 29380, 1676, 30563, 37835, 45977, 42483, 20630, 26295, 39588, 30994, 40194, 10921, 34350, 24982, 32241, 33259, 17633, 26575, 15705, 13711, 42629, 41368, 40746, 41768, 29209, 45258, 38097, 29958, 39149, 28750, 43576, 23193, 37824, 28904, 24852, 38968, 32281, -1, 45597, 39197, 23209, 31517, 39489, 42555, 36231, 18175, 37603, 26864, 14599, 14627, 44928, 44412, 44790, 39215, 37517, 44875, 26506, 20538, 37146, 42908, 39724, 21731, 45794, 43312, 18159, 20026, 38451],[5659, 32589, 21102, 25250, 26693, 37797, 40411, 26414, 27036, 25054, 37828, 41392, 36561, 11450, 38829, 41519, 22693, 41389, 43253, 44104, 40645, 7933, 31664, 41689, 11053, 32760, 35901, 45562, 37152, 27445, 35527, 21889, 32748, 20795, 45990, 31778, 43296, 32191, 23704, 10966, 41120, 34673, 30830, 34201, 41086, 23819, 24704, 24233, 19199, 39336, 40888, 24586, 22151, 13453, 26983, 33289, 31814, 37197, 44258, 28279, 45597, -1, 4414, 11482, 8889, 42238, 11349, 37954, 41854, 39779, 45491, 17867, 46229, 3377, 45821, 39368, 43214, 27271, 20498, 12482, 45678, 38483, 43687, 40682, 37304, 45335, 32511, 38876, 4085, 44462],[16876, 15207, 39159, 31413, 38794, 27763, 26701, 38309, 11149, 31523, 44626, 39766, 14287, 28021, 36217, 37599, 43602, 40750, 42705, 39622, 31337, 29431, 10505, 29383, 9771, 22547, 44572, 13303, 32499, 15386, 33166, 21143, 46335, 44673, 18930, 26033, 43542, 27969, 29774, 32504, 30038, 41321, 14912, 35081, 29912, 34582, 45763, 28198, 29672, 23574, 42054, 33992, 27961, 46146, 26898, 17290, 35645, 34389, 22713, 26805, 39197, 4414, -1, 30379, 38702, 42989, 43685, 33857, 30490, 46052, 45645, 42564, 39845, 13961, 37256, 30183, 44420, 25733, 43798, 44259, 38089, 45511, 33960, 27207, 31065, 9988, 43541, 36496, 42539, 14221],[20978, 22759, 32400, 35761, 28809, 32269, 16177, 30900, 17257, 32466, 35875, 43702, 39828, 43475, 25846, 17545, 26340, 33685, 44035, 30699, 15727, 32756, 26267, 14915, 43619, 30029, 43543, 22880, 44522, 34688, 30503, 32546, 40799, 28951, 21908, 42768, 34276, 7877, 29495, 44696, 22318, 21721, 39176, 43706, 32645, 45585, 33183, 39043, 36490, 42370, 38825, 37752, 29836, 45585, 16316, 19611, 35365, 6472, 7757, 18467, 23209, 11482, 30379, -1, 4997, 15260, 40485, 25857, 40022, 38003, 7562, 18562, 27677, 31553, 29157, 42857, 44593, 43397, 2065, 45922, 39004, 19520, 38464, 17411, 42346, 30336, 38376, 46018, 36645, 37208],[36521, 32163, 34266, 3551, 2719, 43383, 43892, 35334, 36310, 27438, 15896, 45674, 