42
[[-1, 192, 492, 848, 712, 628, 1066, 435, 618, 974, 842, 679, 1047, 884, 503, 927, 329, 686, 662, 854, 258, 700, 679, 871, 1104, 766, 939, 435, 736, 522, 436, 547, 781, 513, 593, 964, 571, 399, 870, 950, 614, 321],[192, -1, 407, 886, 686, 641, 1162, 589, 766, 901, 789, 522, 1012, 960, 357, 977, 476, 721, 549, 763, 256, 806, 737, 963, 1057, 646, 984, 264, 777, 446, 424, 614, 702, 377, 594, 1058, 567, 216, 821, 937, 506, 380],[492, 407, -1, 584, 678, 394, 979, 708, 752, 497, 603, 463, 626, 749, 183, 723, 684, 529, 341, 553, 544, 672, 520, 755, 676, 293, 683, 266, 571, 454, 178, 542, 311, 164, 472, 847, 477, 319, 419, 558, 133, 633],[848, 886, 584, -1, 878, 454, 502, 759, 581, 525, 724, 954, 475, 443, 759, 274, 861, 396, 733, 784, 968, 445, 243, 302, 505, 699, 103, 841, 361, 819, 469, 638, 550, 741, 585, 326, 629, 886, 408, 269, 627, 990],[712, 686, 678, 878, -1, 980, 949, 639, 798, 892, 314, 532, 1142, 1203, 657, 773, 603, 499, 460, 410, 928, 1052, 678, 1052, 875, 862, 965, 665, 552, 271, 639, 1072, 910, 752, 297, 1034, 262, 685, 917, 970, 735, 1026],[628, 641, 394, 454, 980, -1, 891, 768, 682, 595, 893, 857, 481, 386, 560, 695, 805, 638, 713, 884, 630, 377, 500, 501, 760, 518, 517, 614, 648, 800, 344, 263, 384, 487, 708, 650, 730, 643, 411, 454, 448, 639],[1066, 1162, 979, 502, 949, 891, -1, 756, 525, 966, 878, 1255, 960, 751, 1131, 311, 913, 518, 1040, 1016, 1259, 678, 459, 478, 835, 1154, 474, 1188, 461, 1019, 822, 979, 1032, 1142, 728, 312, 767, 1221, 894, 747, 1051, 1264],[435, 589, 708, 759, 639, 768, 756, -1, 292, 1064, 798, 900, 1132, 864, 782, 724, 171, 523, 801, 896, 677, 643, 532, 729, 1091, 998, 829, 759, 555, 615, 559, 712, 963, 812, 508, 751, 498, 751, 966, 963, 837, 687],[618, 766, 752, 581, 798, 682, 525, 292, -1, 1005, 863, 1048, 1005, 654, 882, 553, 455, 476, 894, 973, 817, 444, 397, 476, 1004, 1017, 624, 891, 475, 784, 575, 646, 930, 888, 583, 483, 598, 898, 885, 826, 872, 802],[974, 901, 497, 525, 892, 595, 966, 1064, 1005, -1, 637, 721, 346, 819, 592, 661, 1093, 636, 530, 574, 1030, 858, 625, 805, 270, 363, 583, 709, 640, 772, 553, 852, 288, 578, 678, 850, 710, 775, 193, 313, 415, 1104],[842, 789, 603, 724, 314, 893, 878, 798, 863, 637, -1, 515, 924, 1112, 614, 631, 802, 421, 343, 176, 1022, 1016, 596, 968, 585, 702, 806, 675, 458, 383, 590, 1056, 736, 696, 297, 944, 305, 722, 707, 757, 614, 1121],[679, 522, 463, 954, 532, 857, 1255, 900, 1048, 721, 515, -1, 989, 1203, 315, 993, 816, 737, 237, 392, 753, 1105, 841, 1165, 851, 514, 1054, 324, 794, 317, 575, 977, 657, 415, 553, 1216, 528, 359, 763, 915, 444, 885],[1047, 1012, 626, 475, 1142, 481, 960, 1132, 1005, 346, 924, 989, -1, 595, 768, 709, 1187, 772, 805, 890, 1064, 719, 669, 667, 487, 530, 492, 872, 760, 1006, 641, 733, 359, 712, 878, 751, 914, 928, 234, 227, 578, 1099],[884, 960, 749, 443, 1203, 386, 751, 864, 654, 819, 1112, 1203, 595, -1, 927, 671, 963, 754, 1027, 1150, 920, 230, 560, 273, 892, 871, 431, 979, 734, 1086, 641, 427, 704, 866, 909, 443, 941, 1005, 635, 543, 808, 884],[503, 357, 183, 759, 657, 560, 1131, 782, 882, 592, 614, 315, 768, 927, -1, 873, 720, 646, 290, 529, 532, 841, 676, 935, 778, 313, 859, 117, 697, 400, 336, 675, 420, 107, 529, 1022, 519, 185, 558, 718, 193, 649],[927, 977, 723, 274, 773, 695, 311, 724, 553, 661, 631, 993, 709, 671, 873, -1, 845, 297, 765, 744, 1102, 619, 254, 442, 539, 864, 289, 947, 235, 802, 593, 848, 750, 886, 517, 348, 564, 991, 609, 483, 774, 1133],[329, 476, 684, 861, 603, 805, 913, 171, 455, 1093, 802, 816, 1187, 963, 720, 845, -1, 605, 760, 877, 579, 746, 636, 859, 1148, 975, 942, 674, 649, 544, 567, 739, 970, 758, 527, 898, 502, 654, 1004, 1034, 812, 607],[686, 721, 529, 396, 499, 638, 518, 523, 476, 636, 421, 737, 772, 754, 646, 297, 605, -1, 529, 537, 885, 635, 196, 571, 589, 728, 475, 703, 63, 511, 398, 768, 667, 683, 224, 544, 269, 741, 594, 562, 602, 939],[662, 549, 341, 733, 460, 713, 1040, 801, 894, 530, 343, 237, 805, 1027, 290, 765, 760, 529, -1, 239, 774, 940, 632, 965, 632, 419, 831, 361, 580, 278, 421, 871, 511, 379, 378, 1004, 372, 418, 572, 702, 327, 888],[854, 763, 553, 784, 410, 884, 1016, 896, 973, 574, 176, 392, 890, 1150, 529, 744, 877, 537, 239, -1, 997, 1070, 685, 1043, 576, 595, 870, 598, 578, 381, 594, 1061, 664, 614, 400, 1042, 401, 651, 668, 760, 532, 1108],[258, 256, 544, 968, 928, 630, 1259, 677, 817, 1030, 1022, 753, 1064, 920, 532, 1102, 579, 885, 774, 997, -1, 774, 849, 981, 1209, 758, 1056, 451, 932, 698, 548, 511, 785, 502, 803, 1106, 784, 402, 913, 1020, 639, 138],[700, 806, 672, 445, 1052, 377, 678, 643, 444, 858, 1016, 1105, 719, 230, 841, 619, 746, 635, 940, 1070, 774, -1, 451, 253, 926, 865, 467, 874, 625, 944, 530, 341, 726, 795, 772, 413, 797, 891, 682, 616, 764, 734],[679, 737, 520, 243, 678, 500, 459, 532, 397, 625, 596, 841, 669, 560, 676, 254, 636, 196, 632, 685, 849, 451, -1, 379, 607, 720, 323, 736, 176, 641, 364, 626, 616, 683, 387, 382, 427, 772, 529, 464, 601, 879],[871, 963, 755, 302, 1052, 501, 478, 729, 476, 805, 968, 1165, 667, 273, 935, 442, 859, 571, 965, 1043, 981, 253, 379, -1, 804, 917, 277, 991, 536, 993, 608, 569, 760, 903, 762, 176, 799, 1021, 653, 521, 829, 961],[1104, 1057, 676, 505, 875, 760, 835, 1091, 1004, 270, 585, 851, 487, 892, 778, 539, 1148, 589, 632, 576, 1209, 926, 607, 804, -1, 614, 538, 891, 574, 837, 678, 1009, 537, 788, 674, 791, 714, 956, 387, 363, 626, 1279],[766, 646, 293, 699, 862, 518, 1154, 998, 1017, 363, 702, 514, 530, 871, 313, 864, 975, 728, 419, 595, 758, 865, 720, 917, 614, -1, 783, 420, 759, 648, 449, 721, 186, 271, 684, 1008, 695, 481, 353, 550, 163, 850],[939, 984, 683, 103, 965, 517, 474, 829, 624, 583, 806, 1054, 492, 431, 859, 289, 942, 475, 831, 870, 1056, 467, 323, 277, 538, 783, -1, 942, 432, 919, 569, 693, 625, 838, 676, 278, 721, 987, 469, 299, 721, 1070],[435, 264, 266, 841, 665, 614, 1188, 759, 891, 709, 675, 324, 872, 979, 117, 947, 674, 703, 361, 598, 451, 874, 736, 991, 891, 420, 942, -1, 758, 395, 388, 685, 525, 172, 567, 1082, 548, 68, 667, 821, 304, 579],[736, 777, 571, 361, 552, 648, 461, 555, 475, 640, 458, 794, 760, 734, 697, 235, 649, 63, 580, 578, 932, 625, 176, 536, 574, 759, 432, 758, -1, 574, 438, 783, 685, 729, 285, 496, 331, 797, 595, 543, 640, 980],[522, 446, 454, 819, 271, 800, 1019, 615, 784, 772, 383, 317, 1006, 1086, 400, 802, 544, 511, 278, 381, 698, 944, 641, 993, 837, 648, 919, 395, 574, -1, 459, 887, 720, 497, 295, 1021, 254, 415, 775, 872, 513, 809],[436, 424, 178, 469, 639, 344, 822, 559, 575, 553, 590, 575, 641, 641, 336, 593, 567, 398, 421, 594, 548, 530, 364, 608, 678, 449, 569, 388, 438, 459, -1, 470, 406, 330, 386, 694, 399, 424, 446, 523, 298, 613],[547, 614, 542, 638, 1072, 263, 979, 712, 646, 852, 1056, 977, 733, 427, 675, 848, 739, 768, 871, 1061, 511, 341, 626, 569, 1009, 721, 693, 685, 783, 887, 470, -1, 622, 603, 821, 733, 833, 688, 672, 703, 629, 467],[781, 702, 311, 550, 910, 384, 1032, 963, 930, 288, 736, 657, 359, 704, 420, 750, 970, 667, 511, 664, 785, 726, 616, 760, 537, 186, 625, 525, 685, 720, 406, 622, -1, 362, 682, 858, 703, 583, 192, 384, 230, 853],[513, 377, 164, 741, 752, 487, 1142, 812, 888, 578, 696, 415, 712, 866, 107, 886, 758, 683, 379, 614, 502, 795, 683, 903, 788, 271, 838, 172, 729, 497, 330, 603, 362, -1, 595, 1005, 591, 224, 520, 685, 164, 609],[593, 594, 472, 585, 297, 708, 728, 508, 583, 678, 297, 553, 878, 909, 529, 517, 527, 224, 378, 400, 803, 772, 387, 762, 674, 684, 676, 567, 285, 295, 386, 821, 682, 595, -1, 758, 49, 600, 664, 696, 546, 882],[964, 1058, 847, 326, 1034, 650, 312, 751, 483, 850, 944, 1216, 751, 443, 1022, 348, 898, 544, 1004, 1042, 1106, 413, 382, 176, 791, 1008, 278, 1082, 496, 1021, 694, 733, 858, 1005, 758, -1, 798, 1114, 728, 573, 918, 1094],[571, 567, 477, 629, 262, 730, 767, 498, 598, 710, 305, 528, 914, 941, 519, 564, 502, 269, 372, 401, 784, 797, 427, 799, 714, 695, 721, 548, 331, 254, 399, 833, 703, 591, 49, 798, -1, 578, 697, 737, 553, 867],[399, 216, 319, 886, 685, 643, 1221, 751, 898, 775, 722, 359, 928, 1005, 185, 991, 654, 741, 418, 651, 402, 891, 772, 1021, 956, 481, 987, 68, 797, 415, 424, 688, 583, 224, 600, 1114, 578, -1, 727, 877, 367, 535],[870, 821, 419, 408, 917, 411, 894, 966, 885, 193, 707, 763, 234, 635, 558, 609, 1004, 594, 572, 668, 913, 682, 529, 653, 387, 353, 469, 667, 595, 775, 446, 672, 192, 520, 664, 728, 697, 727, -1, 200, 369, 969],[950, 937, 558, 269, 970, 454, 747, 963, 826, 313, 757, 915, 227, 543, 718, 483, 1034, 562, 702, 760, 1020, 616, 464, 521, 363, 550, 299, 821, 543, 872, 523, 703, 384, 685, 696, 573, 737, 877, 200, -1, 541, 1058],[614, 506, 133, 627, 735, 448, 1051, 837, 872, 415, 614, 444, 578, 808, 193, 774, 812, 602, 327, 532, 639, 764, 601, 829, 626, 163, 721, 304, 640, 513, 298, 629, 230, 164, 546, 918, 553, 367, 369, 541, -1, 734],[321, 380, 633, 990, 1026, 639, 1264, 687, 802, 1104, 1121, 885, 1099, 884, 649, 1133, 607, 939, 888, 1108, 138, 734, 879, 961, 1279, 850, 1070, 579, 980, 809, 613, 467, 853, 609, 882, 1094, 867, 535, 969, 1058, 734, -1]]