48
[[-1, 920, 336, 1109, 990, 464, 403, 418, 437, 1212, 999, 933, 974, 654, 630, 809, 1103, 590, 386, 1193, 652, 770, 976, 440, 1046, 1038, 585, 760, 709, 1105, 983, 1021, 254, 922, 508, 940, 495, 1047, 1218, 708, 645, 949, 1140, 292, 546, 871, 941, 786],[920, -1, 850, 326, 551, 897, 530, 712, 525, 913, 984, 658, 1036, 797, 316, 1145, 952, 730, 851, 950, 821, 452, 976, 835, 775, 316, 659, 1166, 356, 608, 489, 657, 851, 338, 655, 50, 763, 492, 766, 505, 727, 1027, 645, 713, 506, 824, 443, 1034],[336, 850, -1, 942, 808, 228, 353, 309, 425, 976, 766, 680, 647, 464, 568, 520, 792, 371, 205, 1065, 485, 554, 643, 423, 745, 864, 301, 532, 568, 857, 748, 765, 87, 816, 281, 851, 267, 900, 937, 594, 486, 657, 886, 164, 373, 683, 728, 532],[1109, 326, 942, -1, 492, 965, 707, 839, 717, 777, 925, 547, 916, 842, 524, 1111, 779, 777, 942, 948, 860, 415, 835, 982, 578, 86, 673, 1173, 437, 363, 296, 475, 972, 424, 716, 277, 830, 460, 494, 611, 794, 927, 389, 848, 600, 823, 313, 1019],[990, 551, 808, 492, -1, 714, 659, 596, 761, 372, 489, 255, 705, 480, 490, 835, 564, 482, 914, 475, 983, 529, 768, 684, 524, 485, 594, 840, 603, 622, 383, 702, 829, 261, 721, 525, 581, 142, 546, 308, 432, 1000, 645, 740, 481, 367, 258, 668],[464, 897, 228, 965, 714, -1, 457, 240, 575, 822, 569, 585, 549, 280, 604, 375, 688, 231, 429, 891, 683, 619, 632, 309, 708, 896, 357, 335, 668, 895, 743, 833, 248, 773, 435, 895, 143, 820, 907, 518, 331, 756, 922, 306, 394, 501, 698, 325],[403, 530, 353, 707, 659, 457, -1, 297, 144, 945, 829, 630, 815, 510, 249, 787, 864, 413, 383, 977, 520, 408, 784, 439, 750, 639, 339, 785, 328, 749, 614, 695, 332, 562, 281, 544, 369, 701, 882, 413, 468, 799, 787, 194, 206, 677, 570, 718],[418, 712, 309, 839, 596, 240, 297, -1, 438, 800, 605, 551, 692, 255, 401, 591, 761, 200, 477, 792, 705, 549, 752, 176, 737, 778, 367, 536, 552, 859, 676, 821, 283, 588, 421, 717, 156, 671, 899, 330, 229, 866, 892, 241, 257, 458, 603, 475],[437, 525, 425, 717, 761, 575, 144, 438, -1, 1060, 962, 731, 905, 650, 312, 891, 955, 548, 383, 1106, 454, 425, 838, 573, 812, 647, 410, 905, 302, 755, 660, 689, 408, 639, 296, 543, 499, 790, 930, 536, 610, 795, 794, 281, 321, 815, 637, 844],[1212, 913, 976, 777, 372, 822, 945, 800, 1060, -1, 331, 355, 618, 581, 833, 780, 431, 626, 1107, 442, 1191, 780, 760, 858, 547, 771, 776, 795, 904, 784, 593, 863, 1012, 631, 939, 882, 730, 472, 571, 605, 585, 1077, 790, 964, 745, 387, 525, 619],[999, 984, 766, 925, 489, 569, 829, 605, 962, 331, -1, 392, 481, 351, 796, 509, 436, 430, 932, 490, 1088, 776, 685, 631, 600, 893, 655, 480, 892, 889, 691, 913, 797, 709, 820, 962, 519, 617, 730, 547, 396, 994, 902, 788, 646, 208, 619, 317],[933, 658, 680, 547, 255, 585, 630, 551, 731, 355, 392, -1, 456, 406, 546, 629, 329, 381, 779, 623, 840, 430, 518, 669, 301, 509, 436, 679, 563, 510, 298, 555, 723, 458, 593, 627, 471, 390, 404, 395, 403, 778, 528, 657, 424, 351, 239, 506],[974, 1036, 647, 916, 705, 549, 815, 692, 905, 618, 481, 456, -1, 543, 864, 322, 246, 513, 737, 941, 813, 645, 246, 798, 377, 857, 496, 481, 801, 698, 620, 658, 721, 894, 645, 1006, 539, 845, 580, 746, 609, 572, 701, 732, 647, 583, 641, 381],[654, 797, 464, 842, 480, 280, 510, 255, 650, 581, 351, 406, 543, -1, 532, 470, 584, 120, 645, 613, 846, 600, 673, 300, 631, 791, 425, 408, 665, 838, 632, 826, 474, 581, 556, 789, 200, 589, 795, 326, 90, 885, 864, 458, 367, 226, 550, 284],[630, 316, 568, 524, 490, 604, 249, 401, 312, 833, 796, 546, 864, 532, -1, 898, 842, 460, 613, 838, 686, 378, 844, 526, 713, 475, 443, 894, 293, 673, 501, 673, 556, 330, 447, 331, 475, 493, 792, 283, 463, 913, 712, 423, 238, 621, 426, 784],[809, 1145, 520, 1111, 835, 375, 787, 591, 891, 780, 509, 629, 322, 470, 898, -1, 536, 463, 661, 974, 844, 782, 490, 644, 657, 1045, 537, 193, 896, 944, 830, 882, 578, 988, 658, 1128, 447, 971, 870, 766, 556, 705, 956, 644, 665, 586, 818, 225],[1103, 952, 792, 779, 564, 688, 864, 761, 955, 431, 436, 329, 246, 584, 842, 536, -1, 566, 879, 822, 918, 620, 352, 872, 249, 738, 570, 653, 787, 591, 496, 608, 858, 785, 731, 916, 630, 697, 393, 704, 627, 692, 589, 833, 668, 539, 516, 503],[590, 730, 371, 777, 482, 231, 413, 200, 548, 626, 430, 381, 513, 120, 460, 463, 566, -1, 537, 701, 726, 495, 602, 313, 572, 717, 307, 440, 560, 754, 563, 728, 391, 559, 436, 722, 108, 590, 744, 312, 142, 784, 782, 360, 263, 316, 494, 325],[386, 851, 205, 942, 914, 429, 383, 477, 383, 1107, 932, 779, 737, 645, 613, 661, 879, 537, -1, 1228, 303, 538, 662, 605, 783, 858, 346, 710, 528, 829, 772, 712, 242, 894, 227, 853, 445, 995, 962, 717, 658, 569, 857, 253, 451, 852, 781, 709],[1193, 950, 1065, 948, 475, 891, 977, 792, 1106, 442, 490, 623, 941, 613, 838, 974, 822, 701, 1228, -1, 1377, 975, 1099, 772, 908, 953, 949, 900, 1035, 1085, 849, 1159, 1065, 612, 1087, 938, 800, 494, 946, 570, 580, 1381, 1103, 1015, 826, 408, 730, 755],[652, 821, 485, 860, 983, 683, 520, 705, 454, 1191, 1088, 840, 813, 846, 686, 844, 918, 726, 303, 1377, -1, 485, 650, 861, 755, 775, 439, 940, 473, 695, 728, 554, 532, 950, 297, 816, 662, 1051, 894, 850, 850, 435, 720, 491, 568, 1018, 782, 908],[770, 452, 554, 415, 529, 619, 408, 549, 425, 780, 776, 430, 645, 600, 378, 782, 620, 495, 538, 975, 485, -1, 539, 721, 421, 330, 279, 859, 175, 341, 261, 301, 598, 513, 310, 427, 508, 586, 509, 492, 577, 584, 379, 490, 298, 684, 302, 740],[976, 976, 643, 835, 768, 632, 784, 752, 838, 760, 685, 518, 246, 673, 844, 490, 352, 602, 662, 1099, 650, 539, -1, 893, 312, 768, 446, 663, 700, 550, 553, 473, 727, 914, 556, 944, 608, 893, 508, 805, 722, 347, 549, 719, 638, 742, 620, 578],[440, 835, 423, 982, 684, 309, 439, 176, 573, 858, 631, 669, 798, 300, 526, 644, 872, 313, 605, 772, 861, 721, 893, -1, 883, 928, 537, 537, 717, 1026, 829, 994, 376, 677, 589, 846, 286, 751, 1044, 411, 278, 1022, 1058, 376, 426, 480, 742, 506],[1046, 775, 745, 578, 524, 708, 750, 737, 812, 547, 600, 301, 377, 631, 713, 657, 249, 572, 783, 908, 755, 421, 312, 883, -1, 527, 465, 781, 595, 344, 294, 363, 813, 686, 599, 735, 624, 635, 220, 655, 649, 568, 344, 757, 566, 625, 366, 635],[1038, 316, 864, 86, 485, 896, 639, 778, 647, 771, 893, 509, 857, 791, 475, 1045, 738, 717, 858, 953, 775, 330, 768, 928, 527, -1, 593, 1112, 359, 312, 242, 407, 896, 423, 632, 267, 764, 473, 472, 575, 746, 848, 344, 774, 532, 790, 273, 963],[585, 659, 301, 673, 594, 357, 339, 367, 410, 776, 655, 436, 496, 425, 443, 537, 570, 307, 346, 949, 439, 279, 446, 537, 465, 593, -1, 607, 363, 561, 453, 485, 362, 629, 171, 646, 278, 690, 643, 472, 434, 519, 590, 298, 221, 580, 455, 520],[760, 1166, 532, 1173, 840, 335, 785, 536, 905, 795, 480, 679, 481, 408, 894, 193, 653, 440, 710, 900, 940, 859, 663, 537, 781, 1112, 607, -1, 952, 1060, 911, 1009, 563, 980, 723, 1156, 424, 968, 986, 732, 495, 871, 1077, 639, 679, 531, 871, 180],[709, 356, 568, 437, 603, 668, 328, 552, 302, 904, 892, 563, 801, 665, 293, 896, 787, 560, 528, 1035, 473, 175, 700, 717, 595, 359, 363, 952, -1, 466, 395, 428, 591, 506, 321, 347, 557, 629, 666, 502, 626, 693, 506, 463, 307, 767, 406, 845],[1105, 608, 857, 363, 622, 895, 749, 859, 755, 784, 889, 510, 698, 838, 673, 944, 591, 754, 829, 1085, 695, 341, 550, 1026, 344, 312, 561, 1060, 466, -1, 244, 158, 915, 669, 616, 564, 790, 671, 287, 737, 826, 619, 40, 821, 618, 852, 375, 921],[983, 489, 748, 296, 383, 743, 614, 676, 660, 593, 691, 298, 620, 632, 501, 830, 496, 563, 772, 849, 728, 261, 553, 829, 294, 242, 453, 911, 395, 244, -1, 325, 794, 450, 549, 446, 620, 443, 295, 507, 609, 707, 271, 695, 448, 626, 133, 757],[1021, 657, 765, 475, 702, 833, 695, 821, 689, 863, 913, 555, 658, 826, 673, 882, 608, 728, 712, 1159, 554, 301, 473, 994, 363, 407, 485, 1009, 428, 158, 325, -1, 829, 740, 516, 620, 744, 764, 388, 761, 822, 475, 171, 745, 586, 879, 449, 890],[254, 851, 87, 972, 829, 248, 332, 283, 408, 1012, 797, 723, 721, 474, 556, 578, 858, 391, 242, 1065, 532, 598, 727, 376, 813, 896, 362, 563, 591, 915, 794, 829, -1, 816, 329, 857, 285, 911, 1000, 588, 486, 739, 946, 139, 387, 697, 764, 570],[922, 338, 816, 424, 261, 773, 562, 588, 639, 631, 709, 458, 894, 581, 330, 988, 785, 559, 894, 612, 950, 513, 914, 677, 686, 423, 629, 980, 506, 669, 450, 740, 816, -1, 701, 328, 631, 187, 697, 273, 505, 1073, 701, 701, 450, 539, 329, 829],[508, 655, 281, 716, 721, 435, 281, 421, 296, 939, 820, 593, 645, 556, 447, 658, 731, 436, 227, 1087, 297, 310, 556, 589, 599, 632, 171, 723, 321, 616, 549, 516, 329, 701, -1, 650, 380, 797, 758, 562, 554, 519, 648, 250, 280, 729, 562, 664],[940, 50, 851, 277, 525, 895, 544, 717, 543, 882, 962, 627, 1006, 789, 331, 1128, 916, 722, 853, 938, 816, 427, 944, 846, 735, 267, 646, 1156, 347, 564, 446, 620, 857, 328, 650, -1, 759, 469, 719, 504, 722, 1002, 600, 721, 503, 810, 405, 1019],[495, 763, 267, 830, 581, 143, 369, 156, 499, 730, 519, 471, 539, 200, 475, 447, 630, 108, 445, 800, 662, 508, 608, 286, 624, 764, 278, 424, 557, 790, 620, 744, 285, 631, 380, 759, -1, 682, 807, 382, 225, 750, 819, 273, 265, 417, 565, 351],[1047, 492, 900, 460, 142, 820, 701, 671, 790, 472, 617, 390, 845, 589, 493, 971, 697, 590, 995, 494, 1051, 586, 893, 751, 635, 473, 690, 968, 629, 671, 443, 764, 911, 187, 797, 469, 682, -1, 622, 350, 527, 1102, 695, 810, 548, 479, 319, 801],[1218, 766, 937, 494, 546, 907, 882, 899, 930, 571, 730, 404, 580, 795, 792, 870, 393, 744, 962, 946, 894, 509, 508, 1044, 220, 472, 643, 986, 666, 287, 295, 388, 1000, 697, 758, 719, 807, 622, -1, 749, 797, 719, 270, 926, 702, 747, 385, 829],[708, 505, 594, 611, 308, 518, 413, 330, 536, 605, 547, 395, 746, 326, 283, 766, 704, 312, 717, 570, 850, 492, 805, 411, 655, 575, 472, 732, 502, 737, 507, 761, 588, 273, 562, 504, 382, 350, 749, -1, 243, 975, 770, 495, 283, 354, 389, 599],[645, 727, 486, 794, 432, 331, 468, 229, 610, 585, 396, 403, 609, 90, 463, 556, 627, 142, 658, 580, 850, 577, 722, 278, 649, 746, 434, 495, 626, 826, 609, 822, 486, 505, 554, 722, 225, 527, 797, 243, -1, 921, 854, 449, 330, 229, 515, 374],[949, 1027, 657, 927, 1000, 756, 799, 866, 795, 1077, 994, 778, 572, 885, 913, 705, 692, 784, 569, 1381, 435, 584, 347, 1022, 568, 848, 519, 871, 693, 619, 707, 475, 739, 1073, 519, 1002, 750, 1102, 719, 975, 921, -1, 622, 733, 731, 1009, 796, 830],[1140, 645, 886, 389, 645, 922, 787, 892, 794, 790, 902, 528, 701, 864, 712, 956, 589, 782, 857, 1103, 720, 379, 549, 1058, 344, 344, 590, 1077, 506, 40, 271, 171, 946, 701, 648, 600, 819, 695, 270, 770, 854, 622, -1, 855, 654, 874, 403, 938],[292, 713, 164, 848, 740, 306, 194, 241, 281, 964, 788, 657, 732, 458, 423, 644, 833, 360, 253, 1015, 491, 490, 719, 376, 757, 774, 298, 639, 463, 821, 695, 745, 139, 701, 250, 721, 273, 810, 926, 495, 449, 733, 855, -1, 273, 666, 661, 608],[546, 506, 373, 600, 481, 394, 206, 257, 321, 745, 646, 424, 647, 367, 238, 665, 668, 263, 451, 826, 568, 298, 638, 426, 566, 532, 221, 679, 307, 618, 448, 586, 387, 450, 280, 503, 265, 548, 702, 283, 330, 731, 654, 273, -1, 507, 394, 575],[871, 824, 683, 823, 367, 501, 677, 458, 815, 387, 208, 351, 583, 226, 621, 586, 539, 316, 852, 408, 1018, 684, 742, 480, 625, 790, 580, 531, 767, 852, 626, 879, 697, 539, 729, 810, 417, 479, 747, 354, 229, 1009, 874, 666, 507, -1, 526, 372],[941, 443, 728, 313, 258, 698, 570, 603, 637, 525, 619, 239, 641, 550, 426, 818, 516, 494, 781, 730, 782, 302, 620, 742, 366, 273, 455, 871, 406, 375, 133, 449, 764, 329, 562, 405, 565, 319, 385, 389, 515, 796, 403, 661, 394, 526, -1, 710],[786, 1034, 532, 1019, 668, 325, 718, 475, 844, 619, 317, 506, 381, 284, 784, 225, 503, 325, 709, 755, 908, 740, 578, 506, 635, 963, 520, 180, 845, 921, 757, 890, 570, 829, 664, 1019, 351, 801, 829, 599, 374, 830, 938, 608, 575, 372, 710, -1]]