22
[[-1, 573, 625, 758, 735, 735, 43, 357, 778, 364, 519, 477, 404, 415, 335, 362, 287, 399, 563, 607, 599, 443],[573, -1, 745, 691, 642, 175, 605, 759, 749, 741, 724, 380, 199, 951, 878, 669, 390, 683, 842, 644, 629, 388],[625, 745, -1, 342, 1080, 797, 654, 453, 439, 895, 150, 416, 650, 637, 617, 412, 685, 1005, 766, 203, 269, 397],[758, 691, 342, -1, 943, 688, 798, 582, 154, 935, 465, 347, 685, 849, 822, 679, 798, 1063, 718, 438, 500, 502],[735, 642, 1080, 943, -1, 718, 759, 838, 886, 546, 1067, 700, 702, 1026, 966, 1034, 775, 584, 604, 1091, 1104, 873],[735, 175, 797, 688, 718, -1, 770, 880, 756, 897, 804, 444, 358, 1093, 1024, 790, 554, 851, 948, 692, 682, 474],[43, 605, 654, 798, 759, 770, -1, 377, 818, 363, 542, 520, 432, 404, 323, 370, 299, 388, 585, 635, 624, 475],[357, 759, 453, 582, 838, 880, 377, -1, 564, 501, 393, 467, 631, 289, 263, 429, 592, 680, 398, 556, 586, 531],[778, 749, 439, 154, 886, 756, 818, 564, -1, 896, 550, 399, 751, 844, 822, 755, 857, 1053, 623, 565, 627, 601],[364, 741, 895, 935, 546, 897, 363, 501, 896, -1, 819, 673, 642, 554, 498, 716, 572, 263, 415, 924, 930, 750],[519, 724, 150, 465, 1067, 804, 542, 393, 550, 819, -1, 432, 593, 529, 504, 268, 588, 913, 753, 199, 235, 352],[477, 380, 416, 347, 700, 444, 520, 467, 399, 673, 432, -1, 351, 719, 664, 502, 474, 747, 605, 406, 431, 260],[404, 199, 650, 685, 702, 358, 432, 631, 751, 642, 593, 351, -1, 785, 710, 488, 199, 583, 784, 542, 517, 270],[415, 951, 637, 849, 1026, 1093, 404, 289, 844, 554, 529, 719, 785, -1, 80, 463, 674, 702, 583, 712, 724, 703],[335, 878, 617, 822, 966, 1024, 323, 263, 822, 498, 504, 664, 710, 80, -1, 413, 595, 633, 562, 676, 684, 643],[362, 669, 412, 679, 1034, 790, 370, 429, 755, 716, 268, 502, 488, 463, 413, -1, 402, 748, 792, 346, 321, 332],[287, 390, 685, 798, 775, 554, 299, 592, 857, 572, 588, 474, 199, 674, 595, 402, -1, 484, 789, 582, 548, 344],[399, 683, 1005, 1063, 584, 851, 388, 680, 1053, 263, 913, 747, 583, 702, 633, 748, 484, -1, 663, 981, 968, 762],[563, 842, 766, 718, 604, 948, 585, 398, 623, 415, 753, 605, 784, 583, 562, 792, 789, 663, -1, 876, 912, 785],[607, 644, 203, 438, 1091, 692, 635, 556, 565, 924, 199, 406, 542, 712, 676, 346, 582, 981, 876, -1, 70, 271],[599, 629, 269, 500, 1104, 682, 624, 586, 627, 930, 235, 431, 517, 724, 684, 321, 548, 968, 912, 70, -1, 253],[443, 388, 397, 502, 873, 474, 475, 531, 601, 750, 352, 260, 270, 703, 643, 332, 344, 762, 785, 271, 253, -1]]