71
[[-1, 669, 214, 388, 667, 752, 560, 605, 577, 1055, 842, 379, 1011, 219, 914, 190, 559, 582, 732, 621, 733, 559, 408, 862, 476, 369, 640, 917, 678, 258, 727, 847, 897, 745, 481, 840, 227, 460, 15, 308, 722, 868, 792, 416, 463, 370, 748, 459, 113, 638, 642, 50, 476, 67, 560, 386, 691, 825, 974, 94, 681, 248, 129, 254, 525, 718, 677, 710, 343, 622, 512],[669, -1, 808, 885, 204, 347, 734, 405, 366, 505, 202, 328, 493, 637, 265, 553, 474, 188, 593, 571, 329, 280, 398, 208, 278, 460, 511, 841, 815, 755, 199, 191, 813, 856, 203, 634, 810, 694, 655, 371, 76, 383, 480, 640, 255, 541, 510, 272, 630, 237, 393, 702, 305, 737, 399, 453, 721, 237, 388, 613, 762, 433, 615, 502, 574, 751, 495, 104, 778, 830, 297],[214, 808, -1, 185, 755, 804, 457, 631, 779, 1117, 954, 484, 1065, 188, 1027, 402, 770, 680, 703, 588, 789, 630, 461, 980, 661, 578, 630, 838, 562, 109, 818, 966, 823, 628, 606, 814, 17, 364, 226, 438, 848, 925, 807, 345, 568, 358, 749, 557, 326, 822, 673, 164, 668, 188, 589, 418, 612, 920, 1055, 208, 586, 432, 195, 463, 486, 632, 676, 867, 187, 491, 704],[388, 885, 185, -1, 790, 805, 349, 623, 920, 1113, 1001, 557, 1056, 256, 1072, 567, 926, 729, 639, 532, 794, 660, 497, 1031, 787, 734, 591, 724, 431, 144, 853, 1019, 714, 491, 683, 746, 169, 281, 397, 535, 911, 925, 776, 296, 631, 361, 708, 615, 501, 942, 665, 341, 799, 373, 588, 444, 511, 953, 1070, 352, 471, 568, 322, 622, 438, 523, 639, 959, 110, 351, 835],[667, 204, 755, 790, -1, 149, 576, 219, 539, 394, 214, 287, 360, 569, 283, 605, 637, 88, 394, 387, 129, 129, 296, 247, 413, 570, 320, 638, 640, 679, 63, 238, 610, 674, 209, 430, 752, 556, 654, 362, 167, 223, 277, 512, 204, 429, 307, 207, 662, 429, 197, 687, 444, 733, 228, 346, 536, 165, 306, 590, 581, 475, 577, 572, 413, 564, 297, 307, 679, 668, 451],[752, 347, 804, 805, 149, -1, 535, 182, 688, 312, 283, 384, 261, 616, 331, 720, 785, 220, 288, 322, 22, 196, 349, 319, 559, 706, 248, 515, 573, 714, 154, 317, 487, 594, 340, 296, 798, 541, 741, 465, 295, 121, 136, 510, 314, 451, 186, 308, 766, 578, 140, 764, 590, 815, 217, 386, 455, 201, 269, 666, 507, 592, 646, 696, 382, 479, 208, 448, 696, 617, 599],[560, 734, 457, 349, 576, 535, -1, 363, 908, 820, 786, 463, 758, 341, 850, 671, 955, 548, 306, 217, 531, 459, 356, 821, 754, 785, 289, 382, 119, 348, 631, 814, 369, 186, 563, 405, 442, 100, 560, 496, 732, 644, 467, 150, 497, 241, 393, 477, 649, 875, 398, 534, 778, 587, 347, 310, 162, 719, 803, 475, 129, 601, 435, 698, 163, 177, 335, 831, 274, 96, 808],[605, 405, 631, 623, 219, 182, 363, -1, 677, 491, 424, 275, 436, 445, 486, 609, 757, 220, 198, 168, 173, 133, 199, 459, 528, 638, 105, 449, 421, 537, 270, 453, 421, 455, 296, 274, 624, 360, 596, 353, 384, 302, 186, 328, 240, 274, 155, 224, 638, 598, 42, 609, 559, 663, 45, 221, 317, 355, 450, 514, 362, 489, 489, 599, 204, 346, 102, 509, 514, 452, 577],[577, 366, 779, 920, 539, 688, 908, 677, -1, 870, 558, 447, 860, 669, 606, 394, 112, 476, 875, 814, 667, 546, 558, 552, 154, 217, 775, 1124, 1014, 775, 556, 536, 1097, 1070, 380, 944, 788, 833, 562, 415, 441, 745, 808, 772, 441, 669, 817, 460, 485, 144, 684, 625, 129, 633, 650, 598, 954, 603, 751, 573, 979, 351, 598, 326, 773, 986, 778, 308, 834, 1001, 101],[1055, 505, 1117, 1113, 394, 312, 820, 491, 870, -1, 317, 677, 63, 928, 292, 999, 979, 482, 527, 602, 328, 496, 659, 332, 776, 949, 532, 675, 832, 1027, 343, 346, 653, 834, 601, 469, 1111, 842, 1043, 755, 429, 191, 353, 817, 597, 764, 427, 597, 1056, 733, 449, 1070, 805, 1119, 529, 698, 706, 269, 123, 972, 763, 869, 955, 964, 681, 722, 484, 570, 1006, 890, 802],[842, 202, 954, 1001, 214, 283, 786, 424, 558, 317, -1, 472, 319, 771, 73, 745, 669, 274, 570, 588, 275, 342, 504, 36, 480, 662, 516, 796, 843, 885, 155, 37, 769, 870, 360, 574, 953, 770, 828, 533, 129, 250, 413, 726, 386, 641, 469, 397, 816, 418, 394, 869, 507, 910, 439, 556, 730, 85, 194, 774, 780, 620, 768, 698, 624, 756, 483, 253, 891, 876, 498],[379, 328, 484, 557, 287, 384, 463, 275, 447, 677, 472, -1, 636, 309, 545, 339, 507, 203, 458, 377, 363, 187, 111, 496, 293, 367, 354, 696, 567, 426, 347, 482, 670, 623, 125, 548, 484, 397, 367, 81, 363, 494, 452, 338, 85, 233, 430, 80, 382, 414, 301, 400, 319, 445, 235, 153, 509, 447, 594, 304, 531, 214, 296, 324, 326, 541, 372, 403, 451, 557, 346],[1011, 493, 1065, 1056, 360, 261, 758, 436, 860, 63, 319, 636, -1, 877, 309, 965, 967, 448, 464, 541, 279, 452, 611, 341, 757, 925, 472, 614, 769, 973, 316, 352, 591, 771, 569, 406, 1058, 783, 1000, 716, 419, 143, 290, 760, 559, 710, 365, 557, 1018, 727, 393, 1025, 787, 1075, 476, 648, 643, 257, 140, 927, 700, 835, 908, 932, 622, 658, 424, 568, 949, 828, 786],[219, 637, 188, 256, 569, 616, 341, 445, 669, 928, 771, 309, 877, -1, 844, 350, 686, 497, 535, 421, 600, 443, 273, 799, 533, 498, 453, 702, 459, 117, 632, 786, 684, 526, 434, 646, 183, 240, 219, 280, 670, 737, 625, 198, 389, 176, 570, 376, 312, 686, 487, 196, 546, 251, 402, 230, 475, 734, 866, 137, 462, 321, 96, 393, 320, 500, 497, 707, 164, 406, 581],[914, 265, 1027, 1072, 283, 331, 850, 486, 606, 292, 73, 545, 309, 844, -1, 814, 718, 347, 620, 646, 328, 412, 576, 56, 541, 724, 573, 835, 901, 958, 221, 73, 809, 925, 432, 613, 1026, 838, 900, 606, 196, 274, 454, 795, 460, 712, 516, 470, 887, 463, 453, 941, 566, 982, 505, 628, 786, 132, 171, 847, 837, 690, 841, 765, 689, 810, 538, 297, 962, 938, 554],[190, 553, 402, 567, 605, 720, 671, 609, 394, 999, 745, 339, 965, 350, 814, -1, 369, 517, 773, 674, 699, 525, 415, 759, 314, 180, 672, 990, 790, 427, 657, 742, 967, 856, 398, 873, 414, 576, 176, 258, 618, 824, 791, 521, 407, 443, 763, 412, 91, 472, 639, 239, 307, 240, 566, 419, 776, 746, 902, 219, 779, 130, 256, 67, 592, 806, 699, 571, 504, 749, 341],[559, 474, 770, 926, 637, 785, 955, 757, 112, 979, 669, 507, 967, 686, 718, 369, -1, 568, 953, 883, 763, 630, 618, 664, 229, 192, 851, 1199, 1067, 782, 659, 648, 1172, 1126, 462, 1029, 781, 873, 546, 459, 550, 849, 900, 813, 517, 714, 903, 534, 456, 256, 768, 609, 198, 608, 726, 652, 1017, 711, 861, 574, 1037, 366, 604, 307, 832, 1049, 859, 420, 850, 1045, 186],[582, 188, 680, 729, 88, 220, 548, 220, 476, 482, 274, 203, 448, 497, 347, 517, 568, -1, 415, 383, 198, 91, 231, 303, 340, 487, 326, 665, 626, 610, 145, 290, 637, 667, 122, 471, 678, 514, 569, 275, 186, 309, 332, 464, 118, 372, 344, 124, 574, 382, 215, 603, 371, 648, 211, 285, 533, 244, 392, 507, 573, 386, 497, 484, 386, 563, 316, 290, 619, 643, 382],[732, 593, 703, 639, 394, 288, 306, 198, 875, 527, 570, 458, 464, 535, 620, 773, 953, 415, -1, 114, 295, 331, 359, 607, 726, 825, 103, 250, 304, 596, 428, 604, 222, 311, 494, 111, 691, 358, 726, 528, 561, 371, 178, 358, 436, 363, 106, 418, 786, 796, 200, 724, 756, 780, 226, 355, 179, 490, 533, 638, 235, 663, 604, 774, 216, 196, 99, 698, 545, 365, 775],[621, 571, 588, 532, 387, 322, 217, 168, 814, 602, 588, 377, 541, 421, 646, 674, 883, 383, 114, -1, 320, 292, 270, 624, 661, 741, 73, 320, 255, 482, 435, 618, 295, 286, 437, 226, 577, 251, 615, 440, 552, 427, 251, 245, 374, 251, 179, 354, 681, 750, 194, 611, 689, 667, 173, 254, 150, 514, 587, 527, 193, 571, 493, 680, 102, 180, 118, 674, 434, 295, 712],[733, 329, 789, 794, 129, 22, 531, 173, 667, 328, 275, 363, 279, 600, 328, 699, 763, 198, 295, 320, -1, 176, 332, 311, 537, 684, 247, 527, 574, 700, 139, 309, 499, 597, 318, 310, 783, 534, 722, 444, 279, 137, 152, 500, 292, 438, 195, 287, 745, 558, 133, 746, 568, 796, 205, 370, 458, 196, 277, 648, 509, 570, 629, 674, 376, 482, 210, 430, 684, 615, 577],[559, 280, 630, 660, 129, 196, 459, 133, 546, 496, 342, 187, 452, 443, 412, 525, 630, 91, 331, 292, 176, -1, 169, 374, 401, 526, 237, 582, 535, 551, 193, 364, 554, 576, 168, 398, 627, 430, 548, 268, 273, 309, 276, 384, 123, 299, 272, 114, 569, 465, 137, 574, 432, 623, 119, 217, 442, 293, 424, 476, 481, 397, 460, 504, 296, 472, 233, 382, 550, 553, 448],[408, 398, 461, 497, 296, 349, 356, 199, 558, 659, 504, 111, 611, 273, 576, 415, 618, 231, 359, 270, 332, 169, -1, 534, 404, 471, 257, 590, 457, 382, 360, 522, 565, 512, 210, 457, 457, 299, 398, 170, 415, 469, 386, 243, 146, 143, 350, 127, 439, 519, 235, 415, 430, 467, 154, 54, 398, 461, 593, 319, 420, 303, 297, 414, 215, 430, 283, 486, 387, 451, 457],[862, 208, 980, 1031, 247, 319, 821, 459, 552, 332, 36, 496, 341, 799, 56, 759, 664, 303, 607, 624, 311, 374, 534, -1, 485, 668, 552, 831, 879, 913, 189, 17, 804, 906, 381, 610, 979, 804, 848, 555, 141, 282, 449, 758, 412, 672, 505, 423, 833, 411, 430, 890, 510, 930, 474, 587, 767, 120, 209, 797, 816, 636, 792, 710, 659, 792, 520, 245, 921, 911, 498],[476, 278, 661, 787, 413, 559, 754, 528, 154, 776, 480, 293, 757, 533, 541, 314, 229, 340, 726, 661, 537, 401, 404, 485, -1, 184, 625, 973, 860, 644, 442, 468, 946, 916, 233, 799, 668, 682, 461, 265, 353, 631, 670, 622, 289, 518, 673, 308, 403, 162, 539, 519, 31, 539, 499, 445, 800, 507, 663, 453, 824, 230, 471, 251, 619, 832, 630, 265, 695, 848, 53],[369, 460, 578, 734, 570, 706, 785, 638, 217, 949, 662, 367, 925, 498, 724, 180, 192, 487, 825, 741, 684, 526, 471, 668, 184, -1, 721, 1061, 900, 591, 608, 651, 1036, 963, 366, 912, 589, 698, 355, 301, 533, 793, 803, 639, 403, 545, 792, 416, 269, 319, 658, 418, 163, 420, 601, 494, 864, 683, 840, 382, 877, 184, 413, 115, 677, 895, 738, 448, 660, 871, 188],[640, 511, 630, 591, 320, 248, 289, 105, 775, 532, 516, 354, 472, 453, 573, 672, 851, 326, 103, 73, 247, 237, 257, 552, 625, 721, -1, 348, 327, 527, 365, 547, 321, 354, 395, 202, 620, 312, 633, 425, 487, 354, 185, 297, 335, 278, 119, 317, 688, 702, 123, 636, 654, 691, 125, 257, 215, 441, 514, 546, 264, 560, 515, 671, 153, 243, 48, 614, 488, 369, 675],[917, 841, 838, 724, 638, 515, 382, 449, 1124, 675, 796, 696, 614, 702, 835, 990, 1199, 665, 250, 320, 527, 582, 590, 831, 973, 1061, 348, -1, 296, 729, 665, 831, 28, 248, 743, 222, 823, 475, 914, 760, 803, 566, 382, 505, 683, 552, 332, 665, 989, 1046, 450, 899, 1003, 954, 474, 573, 227, 711, 718, 825, 254, 891, 787, 1000, 398, 206, 349, 945, 656, 378, 1024],[678, 815, 562, 431, 640, 573, 119, 421, 1014, 832, 843, 567, 769, 459, 901, 790, 1067, 626, 304, 255, 574, 535, 457, 879, 860, 900, 327, 296, -1, 456, 690, 873, 289, 67, 658, 380, 546, 218, 678, 607, 803, 671, 481, 269, 591, 355, 407, 571, 767, 972, 449, 650, 885, 702, 416, 416, 125, 769, 832, 594, 68, 717, 553, 816, 245, 116, 365, 915, 375, 82, 914],[258, 755, 109, 144, 679, 714, 348, 537, 775, 1027, 885, 426, 973, 117, 958, 427, 782, 610, 596, 482, 700, 551, 382, 913, 644, 591, 527, 729, 456, -1, 743, 900, 714, 522, 552, 707, 96, 254, 265, 396, 786, 836, 708, 237, 505, 263, 647, 491, 368, 799, 579, 216, 655, 260, 497, 334, 503, 844, 972, 209, 477, 424, 178, 480, 380, 523, 574, 824, 87, 388, 691],[727, 199, 818, 853, 63, 154, 631, 270, 556, 343, 155, 347, 316, 632, 221, 657, 659, 145, 428, 435, 139, 193, 360, 189, 442, 608, 365, 665, 690, 743, -1, 183, 638, 720, 258, 450, 816, 616, 714, 420, 141, 190, 290, 573, 263, 492, 333, 268, 717, 435, 242, 748, 473, 793, 284, 410, 580, 101, 247, 651, 629, 527, 640, 620, 469, 607, 336, 295, 743, 722, 474],[847, 191, 966, 1019, 238, 317, 814, 453, 536, 346, 37, 482, 352, 786, 73, 742, 648, 290, 604, 618, 309, 364, 522, 17, 468, 651, 547, 831, 873, 900, 183, -1, 804, 901, 366, 611, 965, 794, 833, 540, 125, 287, 449, 748, 398, 661, 503, 410, 816, 395, 424, 875, 493, 914, 466, 575, 762, 121, 223, 782, 811, 619, 778, 693, 651, 788, 516, 229, 909, 904, 481],[897, 813, 823, 714, 610, 487, 369, 421, 1097, 653, 769, 670, 591, 684, 809, 967, 1172, 637, 222, 295, 499, 554, 565, 804, 946, 1036, 321, 28, 289, 714, 638, 804, -1, 247, 716, 196, 809, 459, 894, 735, 775, 540, 355, 487, 656, 530, 305, 638, 967, 1019, 422, 880, 976, 935, 446, 549, 211, 684, 693, 805, 242, 866, 767, 975, 376, 192, 321, 917, 643, 372, 996],[745, 856, 628, 491, 674, 594, 186, 455, 1070, 834, 870, 623, 771, 526, 925, 856, 1126, 667, 311, 286, 597, 576, 512, 906, 916, 963, 354, 248, 67, 522, 720, 901, 247, -1, 708, 370, 612, 285, 746, 667, 839, 683, 489, 335, 642, 418, 417, 621, 835, 1023, 478, 718, 942, 770, 456, 474, 139, 793, 845, 661, 94, 780, 621, 880, 297, 115, 387, 958, 441, 140, 969],[481, 203, 606, 683, 209, 340, 563, 296, 380, 601, 360, 125, 569, 434, 432, 398, 462, 122, 494, 437, 318, 168, 210, 381, 233, 366, 395, 743, 658, 552, 258, 366, 716, 708, -1, 566, 607, 508, 468, 174, 243, 431, 441, 452, 66, 349, 440, 86, 461, 315, 305, 509, 263, 549, 270, 262, 583, 349, 504, 416, 613, 269, 414, 363, 412, 614, 398, 279, 577, 659, 281],[840, 634, 814, 746, 430, 296, 405, 274, 944, 469, 574, 548, 406, 646, 613, 873, 1029, 471, 111, 226, 310, 398, 457, 610, 799, 912, 202, 222, 380, 707, 450, 611, 196, 370, 566, -1, 802, 466, 834, 623, 590, 344, 161, 469, 514, 473, 126, 498, 891, 852, 260, 834, 830, 890, 312, 459, 258, 490, 499, 746, 313, 758, 714, 869, 328, 264, 175, 738, 654, 452, 846],[227, 810, 17, 169, 752, 798, 442, 624, 788, 1111, 953, 484, 1058, 183, 1026, 414, 781, 678, 691, 577, 783, 627, 457, 979, 668, 589, 620, 823, 546, 96, 816, 965, 809, 612, 607, 802, -1, 349, 238, 441, 848, 920, 799, 333, 567, 350, 739, 556, 340, 828, 666, 178, 675, 205, 583, 413, 598, 917, 1050, 215, 571, 439, 199, 474, 475, 617, 666, 871, 170, 474, 711],[460, 694, 364, 281, 556, 541, 100, 360, 833, 842, 770, 397, 783, 240, 838, 576, 873, 514, 358, 251, 534, 430, 299, 804, 682, 698, 312, 475, 218, 254, 616, 794, 459, 285, 508, 466, 349, -1, 460, 418, 701, 658, 498, 60, 445, 164, 428, 425, 550, 812, 401, 434, 703, 487, 333, 246, 248, 710, 811, 375, 225, 513, 335, 606, 161, 269, 361, 784, 189, 174, 735],[15, 655, 226, 397, 654, 741, 560, 596, 562, 1043, 828, 367, 1000, 219, 900, 176, 546, 569, 726, 615, 722, 548, 398, 848, 461, 355, 633, 914, 678, 265, 714, 833, 894, 746, 468, 834, 238, 460, -1, 295, 708, 857, 783, 415, 450, 365, 740, 447, 103, 623, 633, 63, 461, 82, 551, 378, 689, 812, 961, 88, 680, 233, 126, 240, 520, 716, 669, 695, 349, 624, 497],[308, 371, 438, 535, 362, 465, 496, 353, 415, 755, 533, 81, 716, 280, 606, 258, 459, 275, 528, 440, 444, 268, 170, 555, 265, 301, 425, 760, 607, 396, 420, 540, 735, 667, 174, 623, 441, 418, 295, -1, 417, 573, 533, 357, 157, 255, 508, 158, 302, 409, 381, 335, 285, 376, 312, 193, 563, 517, 667, 243, 579, 135, 244, 246, 376, 594, 447, 430, 437, 587, 318],[722, 76, 848, 911, 167, 295, 732, 384, 441, 429, 129, 363, 419, 670, 196, 618, 550, 186, 561, 552, 279, 273, 415, 141, 353, 533, 487, 803, 803, 786, 141, 125, 775, 839, 243, 590, 848, 701, 708, 417, -1, 315, 431, 651, 281, 557, 470, 295, 691, 308, 365, 752, 380, 790, 387, 469, 702, 162, 312, 660, 746, 494, 657, 569, 569, 730, 465, 156, 801, 826, 373],[868, 383, 925, 925, 223, 121, 644, 302, 745, 191, 250, 494, 143, 737, 274, 824, 849, 309, 371, 427, 137, 309, 469, 282, 631, 793, 354, 566, 671, 836, 190, 287, 540, 683, 431, 344, 920, 658, 857, 573, 315, -1, 194, 630, 417, 573, 265, 415, 875, 621, 260, 882, 662, 932, 339, 507, 548, 168, 161, 784, 603, 694, 765, 794, 498, 568, 309, 471, 817, 722, 664],[792, 480, 807, 776, 277, 136, 467, 186, 808, 353, 413, 452, 290, 625, 454, 791, 900, 332, 178, 251, 152, 276, 386, 449, 670, 803, 185, 382, 481, 708, 290, 449, 355, 489, 441, 161, 799, 498, 783, 533, 431, 194, -1, 481, 399, 449, 74, 388, 823, 706, 152, 795, 702, 849, 231, 406, 356, 329, 355, 700, 412, 667, 674, 776, 338, 374, 137, 582, 673, 537, 714],[416, 640, 345, 296, 512, 510, 150, 328, 772, 817, 726, 338, 760, 198, 795, 521, 813, 464, 358, 245, 500, 384, 243, 758, 622, 639, 297, 505, 269, 237, 573, 748, 487, 335, 452, 469, 333, 60, 415, 357, 651, 630, 481, -1, 389, 104, 416, 370, 500, 753, 370, 394, 643, 449, 296, 189, 277, 670, 778, 328, 265, 454, 288, 549, 145, 302, 345, 729, 191, 232, 674],[463, 255, 568, 631, 204, 314, 497, 240, 441, 597, 386, 85, 559, 389, 460, 407, 517, 118, 436, 374, 292, 123, 146, 412, 289, 403, 335, 683, 591, 505, 263, 398, 656, 642, 66, 514, 567, 445, 450, 157, 281, 417, 399, 389, -1, 288, 390, 20, 459, 381, 256, 485, 319, 530, 209, 200, 517, 362, 510, 389, 548, 278, 381, 382, 345, 549, 342, 340, 523, 593, 340],[370, 541, 358, 361, 429, 451, 241, 274, 669, 764, 641, 233, 710, 176, 712, 443, 714, 372, 363, 251, 438, 299, 143, 672, 518, 545, 278, 552, 355, 263, 492, 661, 530, 418, 349, 473, 350, 164, 365, 255, 557, 573, 449, 104, 288, -1, 394, 269, 436, 648, 316, 361, 540, 416, 234, 88, 333, 592, 712, 276, 336, 362, 242, 463, 155, 362, 321, 628, 250, 331, 571],[748, 510, 749, 708, 307, 186, 393, 155, 817, 427, 469, 430, 365, 570, 516, 763, 903, 344, 106, 179, 195, 272, 350, 505, 673, 792, 119, 332, 407, 647, 333, 503, 305, 417, 440, 126, 739, 428, 740, 508, 470, 265, 74, 416, 390, 394, -1, 376, 789, 726, 135, 747, 704, 802, 197, 362, 283, 386, 427, 655, 338, 644, 626, 755, 271, 302, 73, 615, 607, 463, 720],[459, 272, 557, 615, 207, 308, 477, 224, 460, 597, 397, 80, 557, 376, 470, 412, 534, 124, 418, 354, 287, 114, 127, 423, 308, 416, 317, 665, 571, 491, 268, 410, 638, 621, 86, 498, 556, 425, 447, 158, 295, 415, 388, 370, 20, 269, 376, -1, 460, 402, 242, 480, 337, 525, 192, 181, 497, 368, 514, 383, 527, 283, 373, 390, 325, 529, 325, 359, 507, 573, 359],[113, 630, 326, 501, 662, 766, 649, 638, 485, 1056, 816, 382, 1018, 312, 887, 91, 456, 574, 786, 681, 745, 569, 439, 833, 403, 269, 688, 989, 767, 368, 717, 816, 967, 835, 461, 891, 340, 550, 103, 302, 691, 875, 823, 500, 459, 436, 789, 460, -1, 563, 671, 162, 398, 152, 593, 431, 768, 811, 965, 175, 764, 197, 215, 159, 591, 796, 721, 656, 451, 718, 432],[638, 237, 822, 942, 429, 578, 875, 598, 144, 733, 418, 414, 727, 686, 463, 472, 256, 382, 796, 750, 558, 465, 519, 411, 162, 319, 702, 1046, 972, 799, 435, 395, 1019, 1023, 315, 852, 828, 812, 623, 409, 308, 621, 706, 753, 381, 648, 726, 402, 563, -1, 597, 682, 165, 701, 579, 567, 897, 470, 613, 614, 929, 392, 630, 407, 727, 929, 697, 166, 845, 970, 132],[642, 393, 673, 665, 197, 140, 398, 42, 684, 449, 394, 301, 393, 487, 453, 639, 768, 215, 200, 194, 133, 137, 235, 430, 539, 658, 123, 450, 449, 579, 242, 424, 422, 478, 305, 260, 666, 401, 633, 381, 365, 260, 152, 370, 256, 316, 135, 242, 671, 597, -1, 648, 569, 701, 84, 261, 339, 321, 410, 552, 387, 516, 528, 626, 242, 366, 101, 498, 557, 484, 586],[50, 702, 164, 341, 687, 764, 534, 609, 625, 1070, 869, 400, 1025, 196, 941, 239, 609, 603, 724, 611, 746, 574, 415, 890, 519, 418, 636, 899, 650, 216, 748, 875, 880, 718, 509, 834, 178, 434, 63, 335, 752, 882, 795, 394, 485, 361, 747, 480, 162, 682, 648, -1, 522, 56, 564, 388, 672, 847, 993, 97, 658, 290, 121, 303, 513, 697, 675, 747, 303, 591, 557],[476, 305, 668, 799, 444, 590, 778, 559, 129, 805, 507, 319, 787, 546, 566, 307, 198, 371, 756, 689, 568, 432, 430, 510, 31, 163, 654, 1003, 885, 655, 473, 493, 976, 942, 263, 830, 675, 703, 461, 285, 380, 662, 702, 643, 319, 540, 704, 337, 398, 165, 569, 522, -1, 538, 529, 469, 827, 537, 692, 460, 850, 235, 481, 242, 645, 859, 661, 285, 710, 871, 36],[67, 737, 188, 373, 733, 815, 587, 663, 633, 1119, 910, 445, 1075, 251, 982, 240, 608, 648, 780, 667, 796, 623, 467, 930, 539, 420, 691, 954, 702, 260, 793, 914, 935, 770, 549, 890, 205, 487, 82, 376, 790, 932, 849, 449, 530, 416, 802, 525, 152, 701, 701, 56, 538, -1, 618, 442, 727, 892, 1040, 149, 712, 313, 176, 307, 569, 752, 730, 777, 348, 641, 573],[560, 399, 589, 588, 228, 217, 347, 45, 650, 529, 439, 235, 476, 402, 505, 566, 726, 211, 226, 173, 205, 119, 154, 474, 499, 601, 125, 474, 416, 497, 284, 466, 446, 456, 270, 312, 583, 333, 551, 312, 387, 339, 231, 296, 209, 234, 197, 192, 593, 579, 84, 564, 529, 618, -1, 177, 322, 376, 482, 469, 362, 448, 444, 558, 185, 353, 136, 501, 478, 440, 550],[386, 453, 418, 444, 346, 386, 310, 221, 598, 698, 556, 153, 648, 230, 628, 419, 652, 285, 355, 254, 370, 217, 54, 587, 445, 494, 257, 573, 416, 334, 410, 575, 549, 474, 262, 459, 413, 246, 378, 193, 469, 507, 406, 189, 200, 88, 362, 181, 431, 567, 261, 388, 469, 442, 177, -1, 369, 511, 638, 294, 385, 318, 267, 426, 182, 401, 291, 540, 334, 404, 498],[691, 721, 612, 511, 536, 455, 162, 317, 954, 706, 730, 509, 643, 475, 786, 776, 1017, 533, 179, 150, 458, 442, 398, 767, 800, 864, 215, 227, 125, 503, 580, 762, 211, 139, 583, 258, 598, 248, 689, 563, 702, 548, 356, 277, 517, 333, 283, 497, 768, 897, 339, 672, 827, 727, 322, 369, -1, 654, 710, 601, 56, 686, 562, 792, 187, 31, 248, 824, 434, 194, 852],[825, 237, 920, 953, 165, 201, 719, 355, 603, 269, 85, 447, 257, 734, 132, 746, 711, 244, 490, 514, 196, 293, 461, 120, 507, 683, 441, 711, 769, 844, 101, 121, 684, 793, 349, 490, 917, 710, 812, 517, 162, 168, 329, 670, 362, 592, 386, 368, 811, 470, 321, 847, 537, 892, 376, 511, 654, -1, 157, 751, 705, 618, 741, 705, 559, 678, 406, 312, 842, 806, 533],[974, 388, 1055, 1070, 306, 269, 803, 450, 751, 123, 194, 594, 140, 866, 171, 902, 861, 392, 533, 587, 277, 424, 593, 209, 663, 840, 514, 718, 832, 972, 247, 223, 693, 845, 504, 499, 1050, 811, 961, 667, 312, 161, 355, 778, 510, 712, 427, 514, 965, 613, 410, 993, 692, 1040, 482, 638, 710, 157, -1, 896, 765, 773, 883, 863, 652, 729, 469, 448, 960, 882, 686],[94, 613, 208, 352, 590, 666, 475, 514, 573, 972, 774, 304, 927, 137, 847, 219, 574, 507, 638, 527, 648, 476, 319, 797, 453, 382, 546, 825, 594, 209, 651, 782, 805, 661, 416, 746, 215, 375, 88, 243, 660, 784, 700, 328, 389, 276, 655, 383, 175, 614, 552, 97, 460, 149, 469, 294, 601, 751, 896, -1, 593, 224, 40, 270, 431, 628, 584, 665, 284, 543, 496],[681, 762, 586, 471, 581, 507, 129, 362, 979, 763, 780, 531, 700, 462, 837, 779, 1037, 573, 235, 193, 509, 481, 420, 816, 824, 877, 264, 254, 68, 477, 629, 811, 242, 94, 613, 313, 571, 225, 680, 579, 746, 603, 412, 265, 548, 336, 338, 527, 764, 929, 387, 658, 850, 712, 362, 385, 56, 705, 765, 593, -1, 697, 553, 799, 205, 53, 299, 863, 402, 140, 877],[248, 433, 432, 568, 475, 592, 601, 489, 351, 869, 620, 214, 835, 321, 690, 130, 366, 386, 663, 571, 570, 397, 303, 636, 230, 184, 560, 891, 717, 424, 527, 619, 866, 780, 269, 758, 439, 513, 233, 135, 494, 694, 667, 454, 278, 362, 644, 283, 197, 392, 516, 290, 235, 313, 448, 318, 686, 618, 773, 224, 697, -1, 247, 110, 499, 717, 583, 464, 485, 687, 272],[129, 615, 195, 322, 577, 646, 435, 489, 598, 955, 768, 296, 908, 96, 841, 256, 604, 497, 604, 493, 629, 460, 297, 792, 471, 413, 515, 787, 553, 178, 640, 778, 767, 621, 414, 714, 199, 335, 126, 244, 657, 765, 674, 288, 381, 242, 626, 373, 215, 630, 528, 121, 481, 176, 444, 267, 562, 741, 883, 40, 553, 247, -1, 304, 395, 589, 554, 672, 248, 502, 517],[254, 502, 463, 622, 572, 696, 698, 599, 326, 964, 698, 324, 932, 393, 765, 67, 307, 484, 774, 680, 674, 504, 414, 710, 251, 115, 671, 1000, 816, 480, 620, 693, 975, 880, 363, 869, 474, 606, 240, 246, 569, 794, 776, 549, 382, 463, 755, 390, 159, 407, 626, 303, 242, 307, 558, 426, 792, 705, 863, 270, 799, 110, 304, -1, 606, 822, 694, 512, 552, 780, 275],[525, 574, 486, 438, 413, 382, 163, 204, 773, 681, 624, 326, 622, 320, 689, 592, 832, 386, 216, 102, 376, 296, 215, 659, 619, 677, 153, 398, 245, 380, 469, 651, 376, 297, 412, 328, 475, 161, 520, 376, 569, 498, 338, 145, 345, 155, 271, 325, 591, 727, 242, 513, 645, 569, 185, 182, 187, 559, 652, 431, 205, 499, 395, 606, -1, 218, 201, 672, 336, 256, 672],[718, 751, 632, 523, 564, 479, 177, 346, 986, 722, 756, 541, 658, 500, 810, 806, 1049, 563, 196, 180, 482, 472, 430, 792, 832, 895, 243, 206, 116, 523, 607, 788, 192, 115, 614, 264, 617, 269, 716, 594, 730, 568, 374, 302, 549, 362, 302, 529, 796, 929, 366, 697, 859, 752, 353, 401, 31, 678, 729, 628, 53, 717, 589, 822, 218, -1, 272, 854, 451, 192, 884],[677, 495, 676, 639, 297, 208, 335, 102, 778, 484, 483, 372, 424, 497, 538, 699, 859, 316, 99, 118, 210, 233, 283, 520, 630, 738, 48, 349, 365, 574, 336, 516, 321, 387, 398, 175, 666, 361, 669, 447, 465, 309, 137, 345, 342, 321, 73, 325, 721, 697, 101, 675, 661, 730, 136, 291, 248, 406, 469, 584, 299, 583, 554, 694, 201, 272, -1, 599, 537, 412, 679],[710, 104, 867, 959, 307, 448, 831, 509, 308, 570, 253, 403, 568, 707, 297, 571, 420, 290, 698, 674, 430, 382, 486, 245, 265, 448, 614, 945, 915, 824, 295, 229, 917, 958, 279, 738, 871, 784, 695, 430, 156, 471, 582, 729, 340, 628, 615, 359, 656, 166, 498, 747, 285, 777, 501, 540, 824, 312, 448, 665, 863, 464, 672, 512, 672, 854, 599, -1, 855, 927, 265],[343, 778, 187, 110, 679, 696, 274, 514, 834, 1006, 891, 451, 949, 164, 962, 504, 850, 619, 545, 434, 684, 550, 387, 921, 695, 660, 488, 656, 375, 87, 743, 909, 643, 441, 577, 654, 170, 189, 349, 437, 801, 817, 673, 191, 523, 250, 607, 507, 451, 845, 557, 303, 710, 348, 478, 334, 434, 842, 960, 284, 402, 485, 248, 552, 336, 451, 537, 855, -1, 304, 745],[622, 830, 491, 351, 668, 617, 96, 452, 1001, 890, 876, 557, 828, 406, 938, 749, 1045, 643, 365, 295, 615, 553, 451, 911, 848, 871, 369, 378, 82, 388, 722, 904, 372, 140, 659, 452, 474, 174, 624, 587, 826, 722, 537, 232, 593, 331, 463, 573, 718, 970, 484, 591, 871, 641, 440, 404, 194, 806, 882, 543, 140, 687, 502, 780, 256, 192, 412, 927, 304, -1, 901],[512, 297, 704, 835, 451, 599, 808, 577, 101, 802, 498, 346, 786, 581, 554, 341, 186, 382, 775, 712, 577, 448, 457, 498, 53, 188, 675, 1024, 914, 691, 474, 481, 996, 969, 281, 846, 711, 735, 497, 318, 373, 664, 714, 674, 340, 571, 720, 359, 432, 132, 586, 557, 36, 573, 550, 498, 852, 533, 686, 496, 877, 272, 517, 275, 672, 884, 679, 265, 745, 901, -1]]