88
[[-1, 713, 872, 914, 587, 643, 91, 370, 350, 108, 33, 424, 276, 525, 790, 38, 953, 521, 400, 13, 196, 718, 707, 792, 129, 423, 843, 474, 956, 763, 55, 614, 13, 299, 817, 241, 6, 175, 253, 848, 879, 414, 768, 659, 440, 59, 359, 827, 79, 480, 534, 428, 105, 310, 916, 442, 948, 163, 611, 225, 456, 483, 151, 305, 120, 635, 358, 764, 781, 620, 784, 826, 517, 582, 508, 785, 744, 635, 885, 810, 191, 400, 571, 743, 369, 35, 530, 483],[713, -1, 159, 201, 126, 70, 622, 343, 363, 605, 680, 289, 437, 188, 77, 751, 240, 192, 313, 700, 517, 5, 6, 79, 584, 290, 130, 239, 243, 50, 658, 99, 726, 414, 104, 472, 707, 538, 460, 135, 166, 299, 55, 54, 273, 654, 354, 114, 634, 233, 179, 285, 608, 403, 203, 271, 235, 550, 102, 488, 257, 230, 562, 408, 593, 78, 355, 51, 68, 93, 71, 113, 196, 131, 205, 72, 31, 78, 172, 97, 522, 313, 142, 30, 344, 678, 183, 230],[872, 159, -1, 42, 285, 229, 781, 502, 522, 764, 839, 448, 596, 347, 82, 910, 81, 351, 472, 859, 676, 154, 165, 80, 743, 449, 29, 398, 84, 109, 817, 258, 885, 573, 55, 631, 866, 697, 619, 24, 7, 458, 104, 213, 432, 813, 513, 45, 793, 392, 338, 444, 767, 562, 44, 430, 76, 709, 261, 647, 416, 389, 721, 567, 752, 237, 514, 108, 91, 252, 88, 46, 355, 290, 364, 87, 128, 237, 13, 62, 681, 472, 301, 129, 503, 837, 342, 389],[914, 201, 42, -1, 327, 271, 823, 544, 564, 806, 881, 490, 638, 389, 124, 952, 39, 393, 514, 901, 718, 196, 207, 122, 785, 491, 71, 440, 42, 151, 859, 300, 927, 615, 97, 673, 908, 739, 661, 66, 35, 500, 146, 255, 474, 855, 555, 87, 835, 434, 380, 486, 809, 604, 2, 472, 34, 751, 303, 689, 458, 431, 763, 609, 794, 279, 556, 150, 133, 294, 130, 88, 397, 332, 406, 129, 170, 279, 29, 104, 723, 514, 343, 171, 545, 879, 384, 431],[587, 126, 285, 327, -1, 56, 496, 217, 237, 479, 554, 163, 311, 62, 203, 625, 366, 66, 187, 574, 391, 131, 120, 205, 458, 164, 256, 113, 369, 176, 532, 27, 600, 288, 230, 346, 581, 412, 334, 261, 292, 173, 181, 72, 147, 528, 228, 240, 508, 107, 53, 159, 482, 277, 329, 145, 361, 424, 24, 362, 131, 104, 436, 282, 467, 48, 229, 177, 194, 33, 197, 239, 70, 5, 79, 198, 157, 48, 298, 223, 396, 187, 16, 156, 218, 552, 57, 104],[643, 70, 229, 271, 56, -1, 552, 273, 293, 535, 610, 219, 367, 118, 147, 681, 310, 122, 243, 630, 447, 75, 64, 149, 514, 220, 200, 169, 313, 120, 588, 29, 656, 344, 174, 402, 637, 468, 390, 205, 236, 229, 125, 16, 203, 584, 284, 184, 564, 163, 109, 215, 538, 333, 273, 201, 305, 480, 32, 418, 187, 160, 492, 338, 523, 8, 285, 121, 138, 23, 141, 183, 126, 61, 135, 142, 101, 8, 242, 167, 452, 243, 72, 100, 274, 608, 113, 160],[91, 622, 781, 823, 496, 552, -1, 279, 259, 17, 58, 333, 185, 434, 699, 129, 862, 430, 309, 78, 105, 627, 616, 701, 38, 332, 752, 383, 865, 672, 36, 523, 104, 208, 726, 150, 85, 84, 162, 757, 788, 323, 677, 568, 349, 32, 268, 736, 12, 389, 443, 337, 14, 219, 825, 351, 857, 72, 520, 134, 365, 392, 60, 214, 29, 544, 267, 673, 690, 529, 693, 735, 426, 491, 417, 694, 653, 544, 794, 719, 100, 309, 480, 652, 278, 56, 439, 392],[370, 343, 502, 544, 217, 273, 279, -1, 20, 262, 337, 54, 94, 155, 420, 408, 583, 151, 30, 357, 174, 348, 337, 422, 241, 53, 473, 104, 586, 393, 315, 244, 383, 71, 447, 129, 364, 195, 117, 478, 509, 44, 398, 289, 70, 311, 11, 457, 291, 110, 164, 58, 265, 60, 546, 72, 578, 207, 241, 145, 86, 113, 219, 65, 250, 265, 12, 394, 411, 250, 414, 456, 147, 212, 138, 415, 374, 265, 515, 440, 179, 30, 201, 373, 1, 335, 160, 113],[350, 363, 522, 564, 237, 293, 259, 20, -1, 242, 317, 74, 74, 175, 440, 388, 603, 171, 50, 337, 154, 368, 357, 442, 221, 73, 493, 124, 606, 413, 295, 264, 363, 51, 467, 109, 344, 175, 97, 498, 529, 64, 418, 309, 90, 291, 9, 477, 271, 130, 184, 78, 245, 40, 566, 92, 598, 187, 261, 125, 106, 133, 199, 45, 230, 285, 8, 414, 431, 270, 434, 476, 167, 232, 158, 435, 394, 285, 535, 460, 159, 50, 221, 393, 19, 315, 180, 133],[108, 605, 764, 806, 479, 535, 17, 262, 242, -1, 75, 316, 168, 417, 682, 146, 845, 413, 292, 95, 88, 610, 599, 684, 21, 315, 735, 366, 848, 655, 53, 506, 121, 191, 709, 133, 102, 67, 145, 740, 771, 306, 660, 551, 332, 49, 251, 719, 29, 372, 426, 320, 3, 202, 808, 334, 840, 55, 503, 117, 348, 375, 43, 197, 12, 527, 250, 656, 673, 512, 676, 718, 409, 474, 400, 677, 636, 527, 777, 702, 83, 292, 463, 635, 261, 73, 422, 375],[33, 680, 839, 881, 554, 610, 58, 337, 317, 75, -1, 391, 243, 492, 757, 71, 920, 488, 367, 20, 163, 685, 674, 759, 96, 390, 810, 441, 923, 730, 22, 581, 46, 266, 784, 208, 27, 142, 220, 815, 846, 381, 735, 626, 407, 26, 326, 794, 46, 447, 501, 395, 72, 277, 883, 409, 915, 130, 578, 192, 423, 450, 118, 272, 87, 602, 325, 731, 748, 587, 751, 793, 484, 549, 475, 752, 711, 602, 852, 777, 158, 367, 538, 710, 336, 2, 497, 450],[424, 289, 448, 490, 163, 219, 333, 54, 74, 316, 391, -1, 148, 101, 366, 462, 529, 97, 24, 411, 228, 294, 283, 368, 295, 1, 419, 50, 532, 339, 369, 190, 437, 125, 393, 183, 418, 249, 171, 424, 455, 10, 344, 235, 16, 365, 65, 403, 345, 56, 110, 4, 319, 114, 492, 18, 524, 261, 187, 199, 32, 59, 273, 119, 304, 211, 66, 340, 357, 196, 360, 402, 93, 158, 84, 361, 320, 211, 461, 386, 233, 24, 147, 319, 55, 389, 106, 59],[276, 437, 596, 638, 311, 367, 185, 94, 74, 168, 243, 148, -1, 249, 514, 314, 677, 245, 124, 263, 80, 442, 431, 516, 147, 147, 567, 198, 680, 487, 221, 338, 289, 23, 541, 35, 270, 101, 23, 572, 603, 138, 492, 383, 164, 217, 83, 551, 197, 204, 258, 152, 171, 34, 640, 166, 672, 113, 335, 51, 180, 207, 125, 29, 156, 359, 82, 488, 505, 344, 508, 550, 241, 306, 232, 509, 468, 359, 609, 534, 85, 124, 295, 467, 93, 241, 254, 207],[525, 188, 347, 389, 62, 118, 434, 155, 175, 417, 492, 101, 249, -1, 265, 563, 428, 4, 125, 512, 329, 193, 182, 267, 396, 102, 318, 51, 431, 238, 470, 89, 538, 226, 292, 284, 519, 350, 272, 323, 354, 111, 243, 134, 85, 466, 166, 302, 446, 45, 9, 97, 420, 215, 391, 83, 423, 362, 86, 300, 69, 42, 374, 220, 405, 110, 167, 239, 256, 95, 259, 301, 8, 57, 17, 260, 219, 110, 360, 285, 334, 125, 46, 218, 156, 490, 5, 42],[790, 77, 82, 124, 203, 147, 699, 420, 440, 682, 757, 366, 514, 265, -1, 828, 163, 269, 390, 777, 594, 72, 83, 2, 661, 367, 53, 316, 166, 27, 735, 176, 803, 491, 27, 549, 784, 615, 537, 58, 89, 376, 22, 131, 350, 731, 431, 37, 711, 310, 256, 362, 685, 480, 126, 348, 158, 627, 179, 565, 334, 307, 639, 485, 670, 155, 432, 26, 9, 170, 6, 36, 273, 208, 282, 5, 46, 155, 95, 20, 599, 390, 219, 47, 421, 755, 260, 307],[38, 751, 910, 952, 625, 681, 129, 408, 388, 146, 71, 462, 314, 563, 828, -1, 991, 559, 438, 51, 234, 756, 745, 830, 167, 461, 881, 512, 994, 801, 93, 652, 25, 337, 855, 279, 44, 213, 291, 886, 917, 452, 806, 697, 478, 97, 397, 865, 117, 518, 572, 466, 143, 348, 954, 480, 986, 201, 649, 263, 494, 521, 189, 343, 158, 673, 396, 802, 819, 658, 822, 864, 555, 620, 546, 823, 782, 673, 923, 848, 229, 438, 609, 781, 407, 73, 568, 521],[953, 240, 81, 39, 366, 310, 862, 583, 603, 845, 920, 529, 677, 428, 163, 991, -1, 432, 553, 940, 757, 235, 246, 161, 824, 530, 110, 479, 3, 190, 898, 339, 966, 654, 136, 712, 947, 778, 700, 105, 74, 539, 185, 294, 513, 894, 594, 126, 874, 473, 419, 525, 848, 643, 37, 511, 5, 790, 342, 728, 497, 470, 802, 648, 833, 318, 595, 189, 172, 333, 169, 127, 436, 371, 445, 168, 209, 318, 68, 143, 762, 553, 382, 210, 584, 918, 423, 470],[521, 192, 351, 393, 66, 122, 430, 151, 171, 413, 488, 97, 245, 4, 269, 559, 432, -1, 121, 508, 325, 197, 186, 271, 392, 98, 322, 47, 435, 242, 466, 93, 534, 222, 296, 280, 515, 346, 268, 327, 358, 107, 247, 138, 81, 462, 162, 306, 442, 41, 13, 93, 416, 211, 395, 79, 427, 358, 90, 296, 65, 38, 370, 216, 401, 114, 163, 243, 260, 99, 263, 305, 4, 61, 13, 264, 223, 114, 364, 289, 330, 121, 50, 222, 152, 486, 9, 38],[400, 313, 472, 514, 187, 243, 309, 30, 50, 292, 367, 24, 124, 125, 390, 438, 553, 121, -1, 387, 204, 318, 307, 392, 271, 23, 443, 74, 556, 363, 345, 214, 413, 101, 417, 159, 394, 225, 147, 448, 479, 14, 368, 259, 40, 341, 41, 427, 321, 80, 134, 28, 295, 90, 516, 42, 548, 237, 211, 175, 56, 83, 249, 95, 280, 235, 42, 364, 381, 220, 384, 426, 117, 182, 108, 385, 344, 235, 485, 410, 209, 0, 171, 343, 31, 365, 130, 83],[13, 700, 859, 901, 574, 630, 78, 357, 337, 95, 20, 411, 263, 512, 777, 51, 940, 508, 387, -1, 183, 705, 694, 779, 116, 410, 830, 461, 943, 750, 42, 601, 26, 286, 804, 228, 7, 162, 240, 835, 866, 401, 755, 646, 427, 46, 346, 814, 66, 467, 521, 415, 92, 297, 903, 429, 935, 150, 598, 212, 443, 470, 138, 292, 107, 622, 345, 751, 768, 607, 771, 813, 504, 569, 495, 772, 731, 622, 872, 797, 178, 387, 558, 730, 356, 22, 517, 470],[196, 517, 676, 718, 391, 447, 105, 174, 154, 88, 163, 228, 80, 329, 594, 234, 757, 325, 204, 183, -1, 522, 511, 596, 67, 227, 647, 278, 760, 567, 141, 418, 209, 103, 621, 45, 190, 21, 57, 652, 683, 218, 572, 463, 244, 137, 163, 631, 117, 284, 338, 232, 91, 114, 720, 246, 752, 33, 415, 29, 260, 287, 45, 109, 76, 439, 162, 568, 585, 424, 588, 630, 321, 386, 312, 589, 548, 439, 689, 614, 5, 204, 375, 547, 173, 161, 334, 287],[718, 5, 154, 196, 131, 75, 627, 348, 368, 610, 685, 294, 442, 193, 72, 756, 235, 197, 318, 705, 522, -1, 11, 74, 589, 295, 125, 244, 238, 45, 663, 104, 731, 419, 99, 477, 712, 543, 465, 130, 161, 304, 50, 59, 278, 659, 359, 109, 639, 238, 184, 290, 613, 408, 198, 276, 230, 555, 107, 493, 262, 235, 567, 413, 598, 83, 360, 46, 63, 98, 66, 108, 201, 136, 210, 67, 26, 83, 167, 92, 527, 318, 147, 25, 349, 683, 188, 235],[707, 6, 165, 207, 120, 64, 616, 337, 357, 599, 674, 283, 431, 182, 83, 745, 246, 186, 307, 694, 511, 11, -1, 85, 578, 284, 136, 233, 249, 56, 652, 93, 720, 408, 110, 466, 701, 532, 454, 141, 172, 293, 61, 48, 267, 648, 348, 120, 628, 227, 173, 279, 602, 397, 209, 265, 241, 544, 96, 482, 251, 224, 556, 402, 587, 72, 349, 57, 74, 87, 77, 119, 190, 125, 199, 78, 37, 72, 178, 103, 516, 307, 136, 36, 338, 672, 177, 224],[792, 79, 80, 122, 205, 149, 701, 422, 442, 684, 759, 368, 516, 267, 2, 830, 161, 271, 392, 779, 596, 74, 85, -1, 663, 369, 51, 318, 164, 29, 737, 178, 805, 493, 25, 551, 786, 617, 539, 56, 87, 378, 24, 133, 352, 733, 433, 35, 713, 312, 258, 364, 687, 482, 124, 350, 156, 629, 181, 567, 336, 309, 641, 487, 672, 157, 434, 28, 11, 172, 8, 34, 275, 210, 284, 7, 48, 157, 93, 18, 601, 392, 221, 49, 423, 757, 262, 309],[129, 584, 743, 785, 458, 514, 38, 241, 221, 21, 96, 295, 147, 396, 661, 167, 824, 392, 271, 116, 67, 589, 578, 663, -1, 294, 714, 345, 827, 634, 74, 485, 142, 170, 688, 112, 123, 46, 124, 719, 750, 285, 639, 530, 311, 70, 230, 698, 50, 351, 405, 299, 24, 181, 787, 313, 819, 34, 482, 96, 327, 354, 22, 176, 9, 506, 229, 635, 652, 491, 655, 697, 388, 453, 379, 656, 615, 506, 756, 681, 62, 271, 442, 614, 240, 94, 401, 354],[423, 290, 449, 491, 164, 220, 332, 53, 73, 315, 390, 1, 147, 102, 367, 461, 530, 98, 23, 410, 227, 295, 284, 369, 294, -1, 420, 51, 533, 340, 368, 191, 436, 124, 394, 182, 417, 248, 170, 425, 456, 9, 345, 236, 17, 364, 64, 404, 344, 57, 111, 5, 318, 113, 493, 19, 525, 260, 188, 198, 33, 60, 272, 118, 303, 212, 65, 341, 358, 197, 361, 403, 94, 159, 85, 362, 321, 212, 462, 387, 232, 23, 148, 320, 54, 388, 107, 60],[843, 130, 29, 71, 256, 200, 752, 473, 493, 735, 810, 419, 567, 318, 53, 881, 110, 322, 443, 830, 647, 125, 136, 51, 714, 420, -1, 369, 113, 80, 788, 229, 856, 544, 26, 602, 837, 668, 590, 5, 36, 429, 75, 184, 403, 784, 484, 16, 764, 363, 309, 415, 738, 533, 73, 401, 105, 680, 232, 618, 387, 360, 692, 538, 723, 208, 485, 79, 62, 223, 59, 17, 326, 261, 335, 58, 99, 208, 42, 33, 652, 443, 272, 100, 474, 808, 313, 360],[474, 239, 398, 440, 113, 169, 383, 104, 124, 366, 441, 50, 198, 51, 316, 512, 479, 47, 74, 461, 278, 244, 233, 318, 345, 51, 369, -1, 482, 289, 419, 140, 487, 175, 343, 233, 468, 299, 221, 374, 405, 60, 294, 185, 34, 415, 115, 353, 395, 6, 60, 46, 369, 164, 442, 32, 474, 311, 137, 249, 18, 9, 323, 169, 354, 161, 116, 290, 307, 146, 310, 352, 43, 108, 34, 311, 270, 161, 411, 336, 283, 74, 97, 269, 105, 439, 56, 9],[956, 243, 84, 42, 369, 313, 865, 586, 606, 848, 923, 532, 680, 431, 166, 994, 3, 435, 556, 943, 760, 238, 249, 164, 827, 533, 113, 482, -1, 193, 901, 342, 969, 657, 139, 715, 950, 781, 703, 108, 77, 542, 188, 297, 516, 897, 597, 129, 877, 476, 422, 528, 851, 646, 40, 514, 8, 793, 345, 731, 500, 473, 805, 651, 836, 321, 598, 192, 175, 336, 172, 130, 439, 374, 448, 171, 212, 321, 71, 146, 765, 556, 385, 213, 587, 921, 426, 473],[763, 50, 109, 151, 176, 120, 672, 393, 413, 655, 730, 339, 487, 238, 27, 801, 190, 242, 363, 750, 567, 45, 56, 29, 634, 340, 80, 289, 193, -1, 708, 149, 776, 464, 54, 522, 757, 588, 510, 85, 116, 349, 5, 104, 323, 704, 404, 64, 684, 283, 229, 335, 658, 453, 153, 321, 185, 600, 152, 538, 307, 280, 612, 458, 643, 128, 405, 1, 18, 143, 21, 63, 246, 181, 255, 22, 19, 128, 122, 47, 572, 363, 192, 20, 394, 728, 233, 280],[55, 658, 817, 859, 532, 588, 36, 315, 295, 53, 22, 369, 221, 470, 735, 93, 898, 466, 345, 42, 141, 663, 652, 737, 74, 368, 788, 419, 901, 708, -1, 559, 68, 244, 762, 186, 49, 120, 198, 793, 824, 359, 713, 604, 385, 4, 304, 772, 24, 425, 479, 373, 50, 255, 861, 387, 893, 108, 556, 170, 401, 428, 96, 250, 65, 580, 303, 709, 726, 565, 729, 771, 462, 527, 453, 730, 689, 580, 830, 755, 136, 345, 516, 688, 314, 20, 475, 428],[614, 99, 258, 300, 27, 29, 523, 244, 264, 506, 581, 190, 338, 89, 176, 652, 339, 93, 214, 601, 418, 104, 93, 178, 485, 191, 229, 140, 342, 149, 559, -1, 627, 315, 203, 373, 608, 439, 361, 234, 265, 200, 154, 45, 174, 555, 255, 213, 535, 134, 80, 186, 509, 304, 302, 172, 334, 451, 3, 389, 158, 131, 463, 309, 494, 21, 256, 150, 167, 6, 170, 212, 97, 32, 106, 171, 130, 21, 271, 196, 423, 214, 43, 129, 245, 579, 84, 131],[13, 726, 885, 927, 600, 656, 104, 383, 363, 121, 46, 437, 289, 538, 803, 25, 966, 534, 413, 26, 209, 731, 720, 805, 142, 436, 856, 487, 969, 776, 68, 627, -1, 312, 830, 254, 19, 188, 266, 861, 892, 427, 781, 672, 453, 72, 372, 840, 92, 493, 547, 441, 118, 323, 929, 455, 961, 176, 624, 238, 469, 496, 164, 318, 133, 648, 371, 777, 794, 633, 797, 839, 530, 595, 521, 798, 757, 648, 898, 823, 204, 413, 584, 756, 382, 48, 543, 496],[299, 414, 573, 615, 288, 344, 208, 71, 51, 191, 266, 125, 23, 226, 491, 337, 654, 222, 101, 286, 103, 419, 408, 493, 170, 124, 544, 175, 657, 464, 244, 315, 312, -1, 518, 58, 293, 124, 46, 549, 580, 115, 469, 360, 141, 240, 60, 528, 220, 181, 235, 129, 194, 11, 617, 143, 649, 136, 312, 74, 157, 184, 148, 6, 179, 336, 59, 465, 482, 321, 485, 527, 218, 283, 209, 486, 445, 336, 586, 511, 108, 101, 272, 444, 70, 264, 231, 184],[817, 104, 55, 97, 230, 174, 726, 447, 467, 709, 784, 393, 541, 292, 27, 855, 136, 296, 417, 804, 621, 99, 110, 25, 688, 394, 26, 343, 139, 54, 762, 203, 830, 518, -1, 576, 811, 642, 564, 31, 62, 403, 49, 158, 377, 758, 458, 10, 738, 337, 283, 389, 712, 507, 99, 375, 131, 654, 206, 592, 361, 334, 666, 512, 697, 182, 459, 53, 36, 197, 33, 9, 300, 235, 309, 32, 73, 182, 68, 7, 626, 417, 246, 74, 448, 782, 287, 334],[241, 472, 631, 673, 346, 402, 150, 129, 109, 133, 208, 183, 35, 284, 549, 279, 712, 280, 159, 228, 45, 477, 466, 551, 112, 182, 602, 233, 715, 522, 186, 373, 254, 58, 576, -1, 235, 66, 12, 607, 638, 173, 527, 418, 199, 182, 118, 586, 162, 239, 293, 187, 136, 69, 675, 201, 707, 78, 370, 16, 215, 242, 90, 64, 121, 394, 117, 523, 540, 379, 543, 585, 276, 341, 267, 544, 503, 394, 644, 569, 50, 159, 330, 502, 128, 206, 289, 242],[6, 707, 866, 908, 581, 637, 85, 364, 344, 102, 27, 418, 270, 519, 784, 44, 947, 515, 394, 7, 190, 712, 701, 786, 123, 417, 837, 468, 950, 757, 49, 608, 19, 293, 811, 235, -1, 169, 247, 842, 873, 408, 762, 653, 434, 53, 353, 821, 73, 474, 528, 422, 99, 304, 910, 436, 942, 157, 605, 219, 450, 477, 145, 299, 114, 629, 352, 758, 775, 614, 778, 820, 511, 576, 502, 779, 738, 629, 879, 804, 185, 394, 565, 737, 363, 29, 524, 477],[175, 538, 697, 739, 412, 468, 84, 195, 175, 67, 142, 249, 101, 350, 615, 213, 778, 346, 225, 162, 21, 543, 532, 617, 46, 248, 668, 299, 781, 588, 120, 439, 188, 124, 642, 66, 169, -1, 78, 673, 704, 239, 593, 484, 265, 116, 184, 652, 96, 305, 359, 253, 70, 135, 741, 267, 773, 12, 436, 50, 281, 308, 24, 130, 55, 460, 183, 589, 606, 445, 609, 651, 342, 407, 333, 610, 569, 460, 710, 635, 16, 225, 396, 568, 194, 140, 355, 308],[253, 460, 619, 661, 334, 390, 162, 117, 97, 145, 220, 171, 23, 272, 537, 291, 700, 268, 147, 240, 57, 465, 454, 539, 124, 170, 590, 221, 703, 510, 198, 361, 266, 46, 564, 12, 247, 78, -1, 595, 626, 161, 515, 406, 187, 194, 106, 574, 174, 227, 281, 175, 148, 57, 663, 189, 695, 90, 358, 28, 203, 230, 102, 52, 133, 382, 105, 511, 528, 367, 531, 573, 264, 329, 255, 532, 491, 382, 632, 557, 62, 147, 318, 490, 116, 218, 277, 230],[848, 135, 24, 66, 261, 205, 757, 478, 498, 740, 815, 424, 572, 323, 58, 886, 105, 327, 448, 835, 652, 130, 141, 56, 719, 425, 5, 374, 108, 85, 793, 234, 861, 549, 31, 607, 842, 673, 595, -1, 31, 434, 80, 189, 408, 789, 489, 21, 769, 368, 314, 420, 743, 538, 68, 406, 100, 685, 237, 623, 392, 365, 697, 543, 728, 213, 490, 84, 67, 228, 64, 22, 331, 266, 340, 63, 104, 213, 37, 38, 657, 448, 277, 105, 479, 813, 318, 365],[879, 166, 7, 35, 292, 236, 788, 509, 529, 771, 846, 455, 603, 354, 89, 917, 74, 358, 479, 866, 683, 161, 172, 87, 750, 456, 36, 405, 77, 116, 824, 265, 892, 580, 62, 638, 873, 704, 626, 31, -1, 465, 111, 220, 439, 820, 520, 52, 800, 399, 345, 451, 774, 569, 37, 437, 69, 716, 268, 654, 423, 396, 728, 574, 759, 244, 521, 115, 98, 259, 95, 53, 362, 297, 371, 94, 135, 244, 6, 69, 688, 479, 308, 136, 510, 844, 349, 396],[414, 299, 458, 500, 173, 229, 323, 44, 64, 306, 381, 10, 138, 111, 376, 452, 539, 107, 14, 401, 218, 304, 293, 378, 285, 9, 429, 60, 542, 349, 359, 200, 427, 115, 403, 173, 408, 239, 161, 434, 465, -1, 354, 245, 26, 355, 55, 413, 335, 66, 120, 14, 309, 104, 502, 28, 534, 251, 197, 189, 42, 69, 263, 109, 294, 221, 56, 350, 367, 206, 370, 412, 103, 168, 94, 371, 330, 221, 471, 396, 223, 14, 157, 329, 45, 379, 116, 69],[768, 55, 104, 146, 181, 125, 677, 398, 418, 660, 735, 344, 492, 243, 22, 806, 185, 247, 368, 755, 572, 50, 61, 24, 639, 345, 75, 294, 188, 5, 713, 154, 781, 469, 49, 527, 762, 593, 515, 80, 111, 354, -1, 109, 328, 709, 409, 59, 689, 288, 234, 340, 663, 458, 148, 326, 180, 605, 157, 543, 312, 285, 617, 463, 648, 133, 410, 4, 13, 148, 16, 58, 251, 186, 260, 17, 24, 133, 117, 42, 577, 368, 197, 25, 399, 733, 238, 285],[659, 54, 213, 255, 72, 16, 568, 289, 309, 551, 626, 235, 383, 134, 131, 697, 294, 138, 259, 646, 463, 59, 48, 133, 530, 236, 184, 185, 297, 104, 604, 45, 672, 360, 158, 418, 653, 484, 406, 189, 220, 245, 109, -1, 219, 600, 300, 168, 580, 179, 125, 231, 554, 349, 257, 217, 289, 496, 48, 434, 203, 176, 508, 354, 539, 24, 301, 105, 122, 39, 125, 167, 142, 77, 151, 126, 85, 24, 226, 151, 468, 259, 88, 84, 290, 624, 129, 176],[440, 273, 432, 474, 147, 203, 349, 70, 90, 332, 407, 16, 164, 85, 350, 478, 513, 81, 40, 427, 244, 278, 267, 352, 311, 17, 403, 34, 516, 323, 385, 174, 453, 141, 377, 199, 434, 265, 187, 408, 439, 26, 328, 219, -1, 381, 81, 387, 361, 40, 94, 12, 335, 130, 476, 2, 508, 277, 171, 215, 16, 43, 289, 135, 320, 195, 82, 324, 341, 180, 344, 386, 77, 142, 68, 345, 304, 195, 445, 370, 249, 40, 131, 303, 71, 405, 90, 43],[59, 654, 813, 855, 528, 584, 32, 311, 291, 49, 26, 365, 217, 466, 731, 97, 894, 462, 341, 46, 137, 659, 648, 733, 70, 364, 784, 415, 897, 704, 4, 555, 72, 240, 758, 182, 53, 116, 194, 789, 820, 355, 709, 600, 381, -1, 300, 768, 20, 421, 475, 369, 46, 251, 857, 383, 889, 104, 552, 166, 397, 424, 92, 246, 61, 576, 299, 705, 722, 561, 725, 767, 458, 523, 449, 726, 685, 576, 826, 751, 132, 341, 512, 684, 310, 24, 471, 424],[359, 354, 513, 555, 228, 284, 268, 11, 9, 251, 326, 65, 83, 166, 431, 397, 594, 162, 41, 346, 163, 359, 348, 433, 230, 64, 484, 115, 597, 404, 304, 255, 372, 60, 458, 118, 353, 184, 106, 489, 520, 55, 409, 300, 81, 300, -1, 468, 280, 121, 175, 69, 254, 49, 557, 83, 589, 196, 252, 134, 97, 124, 208, 54, 239, 276, 1, 405, 422, 261, 425, 467, 158, 223, 149, 426, 385, 276, 526, 451, 168, 41, 212, 384, 10, 324, 171, 124],[827, 114, 45, 87, 240, 184, 736, 457, 477, 719, 794, 403, 551, 302, 37, 865, 126, 306, 427, 814, 631, 109, 120, 35, 698, 404, 16, 353, 129, 64, 772, 213, 840, 528, 10, 586, 821, 652, 574, 21, 52, 413, 59, 168, 387, 768, 468, -1, 748, 347, 293, 399, 722, 517, 89, 385, 121, 664, 216, 602, 371, 344, 676, 522, 707, 192, 469, 63, 46, 207, 43, 1, 310, 245, 319, 42, 83, 192, 58, 17, 636, 427, 256, 84, 458, 792, 297, 344],[79, 634, 793, 835, 508, 564, 12, 291, 271, 29, 46, 345, 197, 446, 711, 117, 874, 442, 321, 66, 117, 639, 628, 713, 50, 344, 764, 395, 877, 684, 24, 535, 92, 220, 738, 162, 73, 96, 174, 769, 800, 335, 689, 580, 361, 20, 280, 748, -1, 401, 455, 349, 26, 231, 837, 363, 869, 84, 532, 146, 377, 404, 72, 226, 41, 556, 279, 685, 702, 541, 705, 747, 438, 503, 429, 706, 665, 556, 806, 731, 112, 321, 492, 664, 290, 44, 451, 404],[480, 233, 392, 434, 107, 163, 389, 110, 130, 372, 447, 56, 204, 45, 310, 518, 473, 41, 80, 467, 284, 238, 227, 312, 351, 57, 363, 6, 476, 283, 425, 134, 493, 181, 337, 239, 474, 305, 227, 368, 399, 66, 288, 179, 40, 421, 121, 347, 401, -1, 54, 52, 375, 170, 436, 38, 468, 317, 131, 255, 24, 3, 329, 175, 360, 155, 122, 284, 301, 140, 304, 346, 37, 102, 28, 305, 264, 155, 405, 330, 289, 80, 91, 263, 111, 445, 50, 3],[534, 179, 338, 380, 53, 109, 443, 164, 184, 426, 501, 110, 258, 9, 256, 572, 419, 13, 134, 521, 338, 184, 173, 258, 405, 111, 309, 60, 422, 229, 479, 80, 547, 235, 283, 293, 528, 359, 281, 314, 345, 120, 234, 125, 94, 475, 175, 293, 455, 54, -1, 106, 429, 224, 382, 92, 414, 371, 77, 309, 78, 51, 383, 229, 414, 101, 176, 230, 247, 86, 250, 292, 17, 48, 26, 251, 210, 101, 351, 276, 343, 134, 37, 209, 165, 499, 4, 51],[428, 285, 444, 486, 159, 215, 337, 58, 78, 320, 395, 4, 152, 97, 362, 466, 525, 93, 28, 415, 232, 290, 279, 364, 299, 5, 415, 46, 528, 335, 373, 186, 441, 129, 389, 187, 422, 253, 175, 420, 451, 14, 340, 231, 12, 369, 69, 399, 349, 52, 106, -1, 323, 118, 488, 14, 520, 265, 183, 203, 28, 55, 277, 123, 308, 207, 70, 336, 353, 192, 356, 398, 89, 154, 80, 357, 316, 207, 457, 382, 237, 28, 143, 315, 59, 393, 102, 55],[105, 608, 767, 809, 482, 538, 14, 265, 245, 3, 72, 319, 171, 420, 685, 143, 848, 416, 295, 92, 91, 613, 602, 687, 24, 318, 738, 369, 851, 658, 50, 509, 118, 194, 712, 136, 99, 70, 148, 743, 774, 309, 663, 554, 335, 46, 254, 722, 26, 375, 429, 323, -1, 205, 811, 337, 843, 58, 506, 120, 351, 378, 46, 200, 15, 530, 253, 659, 676, 515, 679, 721, 412, 477, 403, 680, 639, 530, 780, 705, 86, 295, 466, 638, 264, 70, 425, 378],[310, 403, 562, 604, 277, 333, 219, 60, 40, 202, 277, 114, 34, 215, 480, 348, 643, 211, 90, 297, 114, 408, 397, 482, 181, 113, 533, 164, 646, 453, 255, 304, 323, 11, 507, 69, 304, 135, 57, 538, 569, 104, 458, 349, 130, 251, 49, 517, 231, 170, 224, 118, 205, -1, 606, 132, 638, 147, 301, 85, 146, 173, 159, 5, 190, 325, 48, 454, 471, 310, 474, 516, 207, 272, 198, 475, 434, 325, 575, 500, 119, 90, 261, 433, 59, 275, 220, 173],[916, 203, 44, 2, 329, 273, 825, 546, 566, 808, 883, 492, 640, 391, 126, 954, 37, 395, 516, 903, 720, 198, 209, 124, 787, 493, 73, 442, 40, 153, 861, 302, 929, 617, 99, 675, 910, 741, 663, 68, 37, 502, 148, 257, 476, 857, 557, 89, 837, 436, 382, 488, 811, 606, -1, 474, 32, 753, 305, 691, 460, 433, 765, 611, 796, 281, 558, 152, 135, 296, 132, 90, 399, 334, 408, 131, 172, 281, 31, 106, 725, 516, 345, 173, 547, 881, 386, 433],[442, 271, 430, 472, 145, 201, 351, 72, 92, 334, 409, 18, 166, 83, 348, 480, 511, 79, 42, 429, 246, 276, 265, 350, 313, 19, 401, 32, 514, 321, 387, 172, 455, 143, 375, 201, 436, 267, 189, 406, 437, 28, 326, 217, 2, 383, 83, 385, 363, 38, 92, 14, 337, 132, 474, -1, 506, 279, 169, 217, 14, 41, 291, 137, 322, 193, 84, 322, 339, 178, 342, 384, 75, 140, 66, 343, 302, 193, 443, 368, 251, 42, 129, 301, 73, 407, 88, 41],[948, 235, 76, 34, 361, 305, 857, 578, 598, 840, 915, 524, 672, 423, 158, 986, 5, 427, 548, 935, 752, 230, 241, 156, 819, 525, 105, 474, 8, 185, 893, 334, 961, 649, 131, 707, 942, 773, 695, 100, 69, 534, 180, 289, 508, 889, 589, 121, 869, 468, 414, 520, 843, 638, 32, 506, -1, 785, 337, 723, 492, 465, 797, 643, 828, 313, 590, 184, 167, 328, 164, 122, 431, 366, 440, 163, 204, 313, 63, 138, 757, 548, 377, 205, 579, 913, 418, 465],[163, 550, 709, 751, 424, 480, 72, 207, 187, 55, 130, 261, 113, 362, 627, 201, 790, 358, 237, 150, 33, 555, 544, 629, 34, 260, 680, 311, 793, 600, 108, 451, 176, 136, 654, 78, 157, 12, 90, 685, 716, 251, 605, 496, 277, 104, 196, 664, 84, 317, 371, 265, 58, 147, 753, 279, 785, -1, 448, 62, 293, 320, 12, 142, 43, 472, 195, 601, 618, 457, 621, 663, 354, 419, 345, 622, 581, 472, 722, 647, 28, 237, 408, 580, 206, 128, 367, 320],[611, 102, 261, 303, 24, 32, 520, 241, 261, 503, 578, 187, 335, 86, 179, 649, 342, 90, 211, 598, 415, 107, 96, 181, 482, 188, 232, 137, 345, 152, 556, 3, 624, 312, 206, 370, 605, 436, 358, 237, 268, 197, 157, 48, 171, 552, 252, 216, 532, 131, 77, 183, 506, 301, 305, 169, 337, 448, -1, 386, 155, 128, 460, 306, 491, 24, 253, 153, 170, 9, 173, 215, 94, 29, 103, 174, 133, 24, 274, 199, 420, 211, 40, 132, 242, 576, 81, 128],[225, 488, 647, 689, 362, 418, 134, 145, 125, 117, 192, 199, 51, 300, 565, 263, 728, 296, 175, 212, 29, 493, 482, 567, 96, 198, 618, 249, 731, 538, 170, 389, 238, 74, 592, 16, 219, 50, 28, 623, 654, 189, 543, 434, 215, 166, 134, 602, 146, 255, 309, 203, 120, 85, 691, 217, 723, 62, 386, -1, 231, 258, 74, 80, 105, 410, 133, 539, 556, 395, 559, 601, 292, 357, 283, 560, 519, 410, 660, 585, 34, 175, 346, 518, 144, 190, 305, 258],[456, 257, 416, 458, 131, 187, 365, 86, 106, 348, 423, 32, 180, 69, 334, 494, 497, 65, 56, 443, 260, 262, 251, 336, 327, 33, 387, 18, 500, 307, 401, 158, 469, 157, 361, 215, 450, 281, 203, 392, 423, 42, 312, 203, 16, 397, 97, 371, 377, 24, 78, 28, 351, 146, 460, 14, 492, 293, 155, 231, -1, 27, 305, 151, 336, 179, 98, 308, 325, 164, 328, 370, 61, 126, 52, 329, 288, 179, 429, 354, 265, 56, 115, 287, 87, 421, 74, 27],[483, 230, 389, 431, 104, 160, 392, 113, 133, 375, 450, 59, 207, 42, 307, 521, 470, 38, 83, 470, 287, 235, 224, 309, 354, 60, 360, 9, 473, 280, 428, 131, 496, 184, 334, 242, 477, 308, 230, 365, 396, 69, 285, 176, 43, 424, 124, 344, 404, 3, 51, 55, 378, 173, 433, 41, 465, 320, 128, 258, 27, -1, 332, 178, 363, 152, 125, 281, 298, 137, 301, 343, 34, 99, 25, 302, 261, 152, 402, 327, 292, 83, 88, 260, 114, 448, 47, 0],[151, 562, 721, 763, 436, 492, 60, 219, 199, 43, 118, 273, 125, 374, 639, 189, 802, 370, 249, 138, 45, 567, 556, 641, 22, 272, 692, 323, 805, 612, 96, 463, 164, 148, 666, 90, 145, 24, 102, 697, 728, 263, 617, 508, 289, 92, 208, 676, 72, 329, 383, 277, 46, 159, 765, 291, 797, 12, 460, 74, 305, 332, -1, 154, 31, 484, 207, 613, 630, 469, 633, 675, 366, 431, 357, 634, 593, 484, 734, 659, 40, 249, 420, 592, 218, 116, 379, 332],[305, 408, 567, 609, 282, 338, 214, 65, 45, 197, 272, 119, 29, 220, 485, 343, 648, 216, 95, 292, 109, 413, 402, 487, 176, 118, 538, 169, 651, 458, 250, 309, 318, 6, 512, 64, 299, 130, 52, 543, 574, 109, 463, 354, 135, 246, 54, 522, 226, 175, 229, 123, 200, 5, 611, 137, 643, 142, 306, 80, 151, 178, 154, -1, 185, 330, 53, 459, 476, 315, 479, 521, 212, 277, 203, 480, 439, 330, 580, 505, 114, 95, 266, 438, 64, 270, 225, 178],[120, 593, 752, 794, 467, 523, 29, 250, 230, 12, 87, 304, 156, 405, 670, 158, 833, 401, 280, 107, 76, 598, 587, 672, 9, 303, 723, 354, 836, 643, 65, 494, 133, 179, 697, 121, 114, 55, 133, 728, 759, 294, 648, 539, 320, 61, 239, 707, 41, 360, 414, 308, 15, 190, 796, 322, 828, 43, 491, 105, 336, 363, 31, 185, -1, 515, 238, 644, 661, 500, 664, 706, 397, 462, 388, 665, 624, 515, 765, 690, 71, 280, 451, 623, 249, 85, 410, 363],[635, 78, 237, 279, 48, 8, 544, 265, 285, 527, 602, 211, 359, 110, 155, 673, 318, 114, 235, 622, 439, 83, 72, 157, 506, 212, 208, 161, 321, 128, 580, 21, 648, 336, 182, 394, 629, 460, 382, 213, 244, 221, 133, 24, 195, 576, 276, 192, 556, 155, 101, 207, 530, 325, 281, 193, 313, 472, 24, 410, 179, 152, 484, 330, 515, -1, 277, 129, 146, 15, 149, 191, 118, 53, 127, 150, 109, 0, 250, 175, 444, 235, 64, 108, 266, 600, 105, 152],[358, 355, 514, 556, 229, 285, 267, 12, 8, 250, 325, 66, 82, 167, 432, 396, 595, 163, 42, 345, 162, 360, 349, 434, 229, 65, 485, 116, 598, 405, 303, 256, 371, 59, 459, 117, 352, 183, 105, 490, 521, 56, 410, 301, 82, 299, 1, 469, 279, 122, 176, 70, 253, 48, 558, 84, 590, 195, 253, 133, 98, 125, 207, 53, 238, 277, -1, 406, 423, 262, 426, 468, 159, 224, 150, 427, 386, 277, 527, 452, 167, 42, 213, 385, 11, 323, 172, 125],[764, 51, 108, 150, 177, 121, 673, 394, 414, 656, 731, 340, 488, 239, 26, 802, 189, 243, 364, 751, 568, 46, 57, 28, 635, 341, 79, 290, 192, 1, 709, 150, 777, 465, 53, 523, 758, 589, 511, 84, 115, 350, 4, 105, 324, 705, 405, 63, 685, 284, 230, 336, 659, 454, 152, 322, 184, 601, 153, 539, 308, 281, 613, 459, 644, 129, 406, -1, 17, 144, 20, 62, 247, 182, 256, 21, 20, 129, 121, 46, 573, 364, 193, 21, 395, 729, 234, 281],[781, 68, 91, 133, 194, 138, 690, 411, 431, 673, 748, 357, 505, 256, 9, 819, 172, 260, 381, 768, 585, 63, 74, 11, 652, 358, 62, 307, 175, 18, 726, 167, 794, 482, 36, 540, 775, 606, 528, 67, 98, 367, 13, 122, 341, 722, 422, 46, 702, 301, 247, 353, 676, 471, 135, 339, 167, 618, 170, 556, 325, 298, 630, 476, 661, 146, 423, 17, -1, 161, 3, 45, 264, 199, 273, 4, 37, 146, 104, 29, 590, 381, 210, 38, 412, 746, 251, 298],[620, 93, 252, 294, 33, 23, 529, 250, 270, 512, 587, 196, 344, 95, 170, 658, 333, 99, 220, 607, 424, 98, 87, 172, 491, 197, 223, 146, 336, 143, 565, 6, 633, 321, 197, 379, 614, 445, 367, 228, 259, 206, 148, 39, 180, 561, 261, 207, 541, 140, 86, 192, 515, 310, 296, 178, 328, 457, 9, 395, 164, 137, 469, 315, 500, 15, 262, 144, 161, -1, 164, 206, 103, 38, 112, 165, 124, 15, 265, 190, 429, 220, 49, 123, 251, 585, 90, 137],[784, 71, 88, 130, 197, 141, 693, 414, 434, 676, 751, 360, 508, 259, 6, 822, 169, 263, 384, 771, 588, 66, 77, 8, 655, 361, 59, 310, 172, 21, 729, 170, 797, 485, 33, 543, 778, 609, 531, 64, 95, 370, 16, 125, 344, 725, 425, 43, 705, 304, 250, 356, 679, 474, 132, 342, 164, 621, 173, 559, 328, 301, 633, 479, 664, 149, 426, 20, 3, 164, -1, 42, 267, 202, 276, 1, 40, 149, 101, 26, 593, 384, 213, 41, 415, 749, 254, 301],[826, 113, 46, 88, 239, 183, 735, 456, 476, 718, 793, 402, 550, 301, 36, 864, 127, 305, 426, 813, 630, 108, 119, 34, 697, 403, 17, 352, 130, 63, 771, 212, 839, 527, 9, 585, 820, 651, 573, 22, 53, 412, 58, 167, 386, 767, 467, 1, 747, 346, 292, 398, 721, 516, 90, 384, 122, 663, 215, 601, 370, 343, 675, 521, 706, 191, 468, 62, 45, 206, 42, -1, 309, 244, 318, 41, 82, 191, 59, 16, 635, 426, 255, 83, 457, 791, 296, 343],[517, 196, 355, 397, 70, 126, 426, 147, 167, 409, 484, 93, 241, 8, 273, 555, 436, 4, 117, 504, 321, 201, 190, 275, 388, 94, 326, 43, 439, 246, 462, 97, 530, 218, 300, 276, 511, 342, 264, 331, 362, 103, 251, 142, 77, 458, 158, 310, 438, 37, 17, 89, 412, 207, 399, 75, 431, 354, 94, 292, 61, 34, 366, 212, 397, 118, 159, 247, 264, 103, 267, 309, -1, 65, 9, 268, 227, 118, 368, 293, 326, 117, 54, 226, 148, 482, 13, 34],[582, 131, 290, 332, 5, 61, 491, 212, 232, 474, 549, 158, 306, 57, 208, 620, 371, 61, 182, 569, 386, 136, 125, 210, 453, 159, 261, 108, 374, 181, 527, 32, 595, 283, 235, 341, 576, 407, 329, 266, 297, 168, 186, 77, 142, 523, 223, 245, 503, 102, 48, 154, 477, 272, 334, 140, 366, 419, 29, 357, 126, 99, 431, 277, 462, 53, 224, 182, 199, 38, 202, 244, 65, -1, 74, 203, 162, 53, 303, 228, 391, 182, 11, 161, 213, 547, 52, 99],[508, 205, 364, 406, 79, 135, 417, 138, 158, 400, 475, 84, 232, 17, 282, 546, 445, 13, 108, 495, 312, 210, 199, 284, 379, 85, 335, 34, 448, 255, 453, 106, 521, 209, 309, 267, 502, 333, 255, 340, 371, 94, 260, 151, 68, 449, 149, 319, 429, 28, 26, 80, 403, 198, 408, 66, 440, 345, 103, 283, 52, 25, 357, 203, 388, 127, 150, 256, 273, 112, 276, 318, 9, 74, -1, 277, 236, 127, 377, 302, 317, 108, 63, 235, 139, 473, 22, 25],[785, 72, 87, 129, 198, 142, 694, 415, 435, 677, 752, 361, 509, 260, 5, 823, 168, 264, 385, 772, 589, 67, 78, 7, 656, 362, 58, 311, 171, 22, 730, 171, 798, 486, 32, 544, 779, 610, 532, 63, 94, 371, 17, 126, 345, 726, 426, 42, 706, 305, 251, 357, 680, 475, 131, 343, 163, 622, 174, 560, 329, 302, 634, 480, 665, 150, 427, 21, 4, 165, 1, 41, 268, 203, 277, -1, 41, 150, 100, 25, 594, 385, 214, 42, 416, 750, 255, 302],[744, 31, 128, 170, 157, 101, 653, 374, 394, 636, 711, 320, 468, 219, 46, 782, 209, 223, 344, 731, 548, 26, 37, 48, 615, 321, 99, 270, 212, 19, 689, 130, 757, 445, 73, 503, 738, 569, 491, 104, 135, 330, 24, 85, 304, 685, 385, 83, 665, 264, 210, 316, 639, 434, 172, 302, 204, 581, 133, 519, 288, 261, 593, 439, 624, 109, 386, 20, 37, 124, 40, 82, 227, 162, 236, 41, -1, 109, 141, 66, 553, 344, 173, 1, 375, 709, 214, 261],[635, 78, 237, 279, 48, 8, 544, 265, 285, 527, 602, 211, 359, 110, 155, 673, 318, 114, 235, 622, 439, 83, 72, 157, 506, 212, 208, 161, 321, 128, 580, 21, 648, 336, 182, 394, 629, 460, 382, 213, 244, 221, 133, 24, 195, 576, 276, 192, 556, 155, 101, 207, 530, 325, 281, 193, 313, 472, 24, 410, 179, 152, 484, 330, 515, 0, 277, 129, 146, 15, 149, 191, 118, 53, 127, 150, 109, -1, 250, 175, 444, 235, 64, 108, 266, 600, 105, 152],[885, 172, 13, 29, 298, 242, 794, 515, 535, 777, 852, 461, 609, 360, 95, 923, 68, 364, 485, 872, 689, 167, 178, 93, 756, 462, 42, 411, 71, 122, 830, 271, 898, 586, 68, 644, 879, 710, 632, 37, 6, 471, 117, 226, 445, 826, 526, 58, 806, 405, 351, 457, 780, 575, 31, 443, 63, 722, 274, 660, 429, 402, 734, 580, 765, 250, 527, 121, 104, 265, 101, 59, 368, 303, 377, 100, 141, 250, -1, 75, 694, 485, 314, 142, 516, 850, 355, 402],[810, 97, 62, 104, 223, 167, 719, 440, 460, 702, 777, 386, 534, 285, 20, 848, 143, 289, 410, 797, 614, 92, 103, 18, 681, 387, 33, 336, 146, 47, 755, 196, 823, 511, 7, 569, 804, 635, 557, 38, 69, 396, 42, 151, 370, 751, 451, 17, 731, 330, 276, 382, 705, 500, 106, 368, 138, 647, 199, 585, 354, 327, 659, 505, 690, 175, 452, 46, 29, 190, 26, 16, 293, 228, 302, 25, 66, 175, 75, -1, 619, 410, 239, 67, 441, 775, 280, 327],[191, 522, 681, 723, 396, 452, 100, 179, 159, 83, 158, 233, 85, 334, 599, 229, 762, 330, 209, 178, 5, 527, 516, 601, 62, 232, 652, 283, 765, 572, 136, 423, 204, 108, 626, 50, 185, 16, 62, 657, 688, 223, 577, 468, 249, 132, 168, 636, 112, 289, 343, 237, 86, 119, 725, 251, 757, 28, 420, 34, 265, 292, 40, 114, 71, 444, 167, 573, 590, 429, 593, 635, 326, 391, 317, 594, 553, 444, 694, 619, -1, 209, 380, 552, 178, 156, 339, 292],[400, 313, 472, 514, 187, 243, 309, 30, 50, 292, 367, 24, 124, 125, 390, 438, 553, 121, 0, 387, 204, 318, 307, 392, 271, 23, 443, 74, 556, 363, 345, 214, 413, 101, 417, 159, 394, 225, 147, 448, 479, 14, 368, 259, 40, 341, 41, 427, 321, 80, 134, 28, 295, 90, 516, 42, 548, 237, 211, 175, 56, 83, 249, 95, 280, 235, 42, 364, 381, 220, 384, 426, 117, 182, 108, 385, 344, 235, 485, 410, 209, -1, 171, 343, 31, 365, 130, 83],[571, 142, 301, 343, 16, 72, 480, 201, 221, 463, 538, 147, 295, 46, 219, 609, 382, 50, 171, 558, 375, 147, 136, 221, 442, 148, 272, 97, 385, 192, 516, 43, 584, 272, 246, 330, 565, 396, 318, 277, 308, 157, 197, 88, 131, 512, 212, 256, 492, 91, 37, 143, 466, 261, 345, 129, 377, 408, 40, 346, 115, 88, 420, 266, 451, 64, 213, 193, 210, 49, 213, 255, 54, 11, 63, 214, 173, 64, 314, 239, 380, 171, -1, 172, 202, 536, 41, 88],[743, 30, 129, 171, 156, 100, 652, 373, 393, 635, 710, 319, 467, 218, 47, 781, 210, 222, 343, 730, 547, 25, 36, 49, 614, 320, 100, 269, 213, 20, 688, 129, 756, 444, 74, 502, 737, 568, 490, 105, 136, 329, 25, 84, 303, 684, 384, 84, 664, 263, 209, 315, 638, 433, 173, 301, 205, 580, 132, 518, 287, 260, 592, 438, 623, 108, 385, 21, 38, 123, 41, 83, 226, 161, 235, 42, 1, 108, 142, 67, 552, 343, 172, -1, 374, 708, 213, 260],[369, 344, 503, 545, 218, 274, 278, 1, 19, 261, 336, 55, 93, 156, 421, 407, 584, 152, 31, 356, 173, 349, 338, 423, 240, 54, 474, 105, 587, 394, 314, 245, 382, 70, 448, 128, 363, 194, 116, 479, 510, 45, 399, 290, 71, 310, 10, 458, 290, 111, 165, 59, 264, 59, 547, 73, 579, 206, 242, 144, 87, 114, 218, 64, 249, 266, 11, 395, 412, 251, 415, 457, 148, 213, 139, 416, 375, 266, 516, 441, 178, 31, 202, 374, -1, 334, 161, 114],[35, 678, 837, 879, 552, 608, 56, 335, 315, 73, 2, 389, 241, 490, 755, 73, 918, 486, 365, 22, 161, 683, 672, 757, 94, 388, 808, 439, 921, 728, 20, 579, 48, 264, 782, 206, 29, 140, 218, 813, 844, 379, 733, 624, 405, 24, 324, 792, 44, 445, 499, 393, 70, 275, 881, 407, 913, 128, 576, 190, 421, 448, 116, 270, 85, 600, 323, 729, 746, 585, 749, 791, 482, 547, 473, 750, 709, 600, 850, 775, 156, 365, 536, 708, 334, -1, 495, 448],[530, 183, 342, 384, 57, 113, 439, 160, 180, 422, 497, 106, 254, 5, 260, 568, 423, 9, 130, 517, 334, 188, 177, 262, 401, 107, 313, 56, 426, 233, 475, 84, 543, 231, 287, 289, 524, 355, 277, 318, 349, 116, 238, 129, 90, 471, 171, 297, 451, 50, 4, 102, 425, 220, 386, 88, 418, 367, 81, 305, 74, 47, 379, 225, 410, 105, 172, 234, 251, 90, 254, 296, 13, 52, 22, 255, 214, 105, 355, 280, 339, 130, 41, 213, 161, 495, -1, 47],[483, 230, 389, 431, 104, 160, 392, 113, 133, 375, 450, 59, 207, 42, 307, 521, 470, 38, 83, 470, 287, 235, 224, 309, 354, 60, 360, 9, 473, 280, 428, 131, 496, 184, 334, 242, 477, 308, 230, 365, 396, 69, 285, 176, 43, 424, 124, 344, 404, 3, 51, 55, 378, 173, 433, 41, 465, 320, 128, 258, 27, 0, 332, 178, 363, 152, 125, 281, 298, 137, 301, 343, 34, 99, 25, 302, 261, 152, 402, 327, 292, 83, 88, 260, 114, 448, 47, -1]]