6
[[-1, 198, 342, 254, 215, 117],[198, -1, 540, 452, 413, 81],[342, 540, -1, 88, 127, 459],[254, 452, 88, -1, 39, 371],[215, 413, 127, 39, -1, 332],[117, 81, 459, 371, 332, -1]]