50
[[-1, 16581, 26919, 21761, 38792, 37588, 26381, 45441, 35434, 30538, 40019, 31688, 26413, 43650, 26976, 33805, 38743, 38028, 42990, 16181, 27850, 40970, 12440, 8816, 29035, 32585, 37319, 18793, 43330, 43577, 41116, 38455, 45829, 39960, 11821, 16675, 13153, 37559, 37328, 45873, 45610, 43897, 24024, 36446, 28605, 45828, 41082, 14028, 17524, 29541],[16581, -1, 25853, 41459, 34904, 43504, 35982, 38313, 29125, 25312, 26518, 18671, 45163, 40041, 28894, 9430, 33186, 24869, 37814, 33517, 45239, 26899, 29821, 36381, 17371, 8659, 37357, 21633, 22738, 43197, 42641, 21601, 44432, 37673, 11319, 30742, 16638, 12522, 35959, 31685, 33408, 43266, 34889, 44581, 21989, 31739, 22348, 19988, 20561, 33422],[26919, 25853, -1, 30417, 45927, 15938, 38152, 19681, 32597, 36836, 38058, 45708, 43629, 3613, 7532, 34358, 45444, 1983, 35038, 29092, 42914, 42129, 41111, 45743, 30732, 44267, 45709, 37777, 36457, 20181, 15438, 42903, 32551, 36869, 42025, 21568, 37624, 38493, 44212, 30628, 39268, 38088, 41504, 31118, 32340, 42785, 39079, 28613, 26660, 35311],[21761, 41459, 30417, -1, 8280, 34219, 30937, 36734, 41262, 44319, 37011, 40997, 22033, 34521, 20352, 31611, 34118, 34013, 25274, 43207, 8683, 37908, 26113, 19944, 38678, 16039, 42479, 26154, 45129, 16452, 20744, 32165, 31208, 40737, 24516, 29126, 25210, 22257, 16303, 45840, 34246, 38440, 41314, 36890, 41362, 27798, 20693, 25094, 20140, 42514],[38792, 34904, 45927, 8280, -1, 18155, 30628, 43310, 20475, 46004, 37755, 4967, 43304, 11653, 29760, 33705, 38389, 33266, 35670, 34300, 37091, 37012, 37362, 13390, 44410, 24643, 16747, 29095, 32306, 18326, 24530, 40641, 40394, 44097, 44644, 15286, 4981, 42575, 41382, 2279, 29664, 45669, 44477, 23012, 31199, 45376, 17292, 41181, 14913, 25239],[37588, 43504, 15938, 34219, 18155, -1, 11239, 29969, 40174, 20293, 27997, 25327, 45836, 19826, 30746, 34014, 34113, 10364, 37154, 33111, 19504, 35375, 14399, 6472, 45491, 18385, 40443, 40399, 14535, 40629, 23457, 46197, 44379, 24753, 32889, 40250, 39843, 35921, 26993, 27921, 28600, 42863, 9552, 20241, 37547, 32808, 44443, 21156, 24168, 28675],[26381, 35982, 38152, 30937, 30628, 11239, -1, 36923, 44587, 18203, 23486, 36182, 43856, 32057, 32310, 33940, 23687, 21958, 23468, 41366, 21176, 18587, 40916, 44108, 10507, 39839, 20776, 35941, 31622, 23831, 44946, 23891, 42049, 36095, 21012, 41209, 26784, 32135, 39441, 18832, 22949, 31287, 42236, 44044, 7710, 35821, 35121, 36413, 41023, 43410],[45441, 38313, 19681, 36734, 43310, 29969, 36923, -1, 43026, 40928, 41444, 25253, 32629, 32095, 27097, 35711, 15020, 21864, 41797, 30929, 24798, 44884, 27198, 22043, 28568, 18368, 37767, 30275, 34738, 38924, 4877, 27988, 33539, 44838, 37716, 43860, 29115, 43089, 29826, 25471, 32335, 19919, 35763, 5460, 32008, 34858, 46057, 4995, 31415, 37240],[35434, 29125, 32597, 41262, 20475, 40174, 44587, 43026, -1, 30806, 33202, 42796, 41141, 18842, 33057, 14633, 40341, 21144, 27196, 45581, 24580, 20091, 24879, 8558, 26154, 36663, 9378, 14406, 37154, 43764, 23410, 43178, 38077, 39695, 34346, 31003, 42467, 34962, 9083, 30812, 38457, 38789, 23795, 10221, 32105, 31064, 41276, 31729, 40531, 26208],[30538, 25312, 36836, 44319, 46004, 20293, 18203, 40928, 30806, -1, 36391, 23127, 21809, 40592, 9884, 43729, 40873, 25239, 40744, 45223, 28232, 43239, 23729, 30222, 34589, 16323, 39496, 23484, 15780, 30353, 35904, 8021, 22790, 44788, 44603, 21362, 44834, 43239, 11651, 25919, 38097, 27716, 33319, 21005, 41773, 26331, 42101, 26302, 42129, 10666],[40019, 26518, 38058, 37011, 37755, 27997, 23486, 41444, 33202, 36391, -1, 32473, 44530, 45358, 7509, 32366, 27813, 32615, 41447, 40907, 42744, 20988, 35033, 33300, 19841, 33942, 36118, 40697, 27256, 44381, 29136, 33740, 37921, 33926, 13000, 44365, 45564, 15788, 35041, 36210, 23407, 24310, 24936, 38714, 36758, 36740, 39543, 2772, 7691, 8568],[31688, 18671, 45708, 40997, 4967, 25327, 36182, 25253, 42796, 23127, 32473, -1, 32979, 20109, 29294, 32980, 45967, 11553, 30724, 30695, 43406, 40620, 34728, 18912, 36164, 45892, 40410, 46209, 42359, 45435, 35810, 29566, 27698, 42733, 40226, 29820, 43639, 1949, 43725, 32604, 32131, 13321, 39162, 21629, 35532, 21364, 45227, 12442, 37484, 45580],[26413, 45163, 43629, 22033, 43304, 45836, 43856, 32629, 41141, 21809, 44530, 32979, -1, 8412, 45157, 22360, 23524, 25456, 46204, 24591, 42120, 4015, 40987, 29836, 39937, 37762, 41851, 42311, 46275, 27646, 40426, 34946, 39478, 8449, 32741, 16691, 17290, 33140, 44923, 42279, 18285, 40973, 30735, 44511, 20286, 7241, 40992, 36451, 39494, 35774],[43650, 40041, 3613, 34521, 11653, 19826, 32057, 32095, 18842, 40592, 45358, 20109, 8412, -1, 39367, 43115, 17902, 26786, 44227, 25670, 22363, 34542, 20847, 42950, 12762, 42266, 46097, 34863, 44032, 39759, 30217, 45687, 44748, 19854, 44565, 23442, 29326, 32135, 26265, 35519, 21888, 19463, 32893, 11081, 35486, 42306, 43113, 21889, 40861, 18867],[26976, 28894, 7532, 20352, 29760, 30746, 32310, 27097, 33057, 9884, 7509, 29294, 45157, 39367, -1, 37325, 43481, 35016, 20261, 23751, 45852, 40364, 19945, 21155, 8302, 24341, 42789, 41069, 31006, 23054, 34111, 37136, 37826, 35095, 38524, 15092, 28535, 39884, 25243, 45976, 42660, 44190, 45864, 37901, 20222, 29888, 32279, 37463, 23079, 28332],[33805, 9430, 34358, 31611, 33705, 34014, 33940, 35711, 14633, 43729, 32366, 32980, 22360, 43115, 37325, -1, 44303, 29120, 4579, 29107, 45468, 20710, 46220, 40964, 34123, 35080, 44546, 13015, 6227, 22983, 17444, 43019, 38095, 43570, 26265, 43145, 41750, 16287, 24289, 20819, 44784, 3435, 24177, 29742, 19463, 34445, 34263, 24379, 38522, 36768],[38743, 33186, 45444, 34118, 38389, 34113, 23687, 15020, 40341, 40873, 27813, 45967, 23524, 17902, 43481, 44303, -1, 4012, 31464, 37961, 22589, 30534, 45882, 15080, 25245, 23446, 34808, 10242, 13081, 43661, 24969, 39060, 31264, 22100, 21519, 38499, 3329, 39347, 27633, 34456, 11345, 26229, 28761, 31064, 26688, 45811, 34376, 44671, 16274, 32535],[38028, 24869, 1983, 34013, 33266, 10364, 21958, 21864, 21144, 25239, 32615, 11553, 25456, 26786, 35016, 29120, 4012, -1, 31342, 36674, 44223, 24964, 10439, 37465, 28414, 17383, 27762, 34420, 32614, 31709, 46179, 45850, 15975, 24548, 11799, 39415, 44449, 40831, 46029, 45563, 30343, 3749, 10755, 21180, 34168, 33348, 19022, 43238, 36584, 42523],[42990, 37814, 35038, 25274, 35670, 37154, 23468, 41797, 27196, 40744, 41447, 30724, 46204, 44227, 20261, 4579, 31464, 31342, -1, 41679, 9356, 39241, 39982, 40085, 29683, 44696, 17066, 12254, 29830, 27022, 25173, 27432, 41085, 18183, 30676, 36301, 41699, 41047, 45798, 10929, 23353, 26738, 21372, 41172, 25358, 13542, 45453, 33335, 31189, 40976],[16181, 33517, 29092, 43207, 34300, 33111, 41366, 30929, 45581, 45223, 40907, 30695, 24591, 25670, 23751, 29107, 37961, 36674, 41679, -1, 35583, 30956, 30822, 20174, 33387, 30268, 28998, 36161, 40247, 35545, 45740, 29470, 26426, 42365, 29931, 14487, 43832, 26279, 40060, 36685, 24871, 35928, 41274, 45117, 41018, 29268, 45956, 20921, 21164, 15823],[27850, 45239, 42914, 8683, 37091, 19504, 21176, 24798, 24580, 28232, 42744, 43406, 42120, 22363, 45852, 45468, 22589, 44223, 9356, 35583, -1, 38472, 31477, 41172, 41744, 25286, 42027, 23478, 40367, 34344, 32337, 33315, 44097, 19577, 43532, 29456, 24674, 38837, 43137, 37655, 34479, 25818, 29290, 45484, 4769, 27944, 43001, 27781, 19773, 22058],[40970, 26899, 42129, 37908, 37012, 35375, 18587, 44884, 20091, 43239, 20988, 40620, 4015, 34542, 40364, 20710, 30534, 24964, 39241, 30956, 38472, -1, 26691, 40663, 14192, 38742, 5750, 34054, 40479, 37845, 38155, 15386, 38134, 20312, 23405, 37197, 33863, 33524, 32095, 31476, 23096, 46233, 21882, 44466, 18394, 23119, 43571, 27608, 33959, 23112],[12440, 29821, 41111, 26113, 37362, 14399, 40916, 27198, 24879, 23729, 35033, 34728, 40987, 20847, 19945, 46220, 45882, 10439, 39982, 30822, 31477, 26691, -1, 15522, 35560, 39345, 20212, 35693, 34781, 27439, 23238, 26918, 41156, 42495, 28789, 40291, 21839, 32989, 35142, 29384, 37524, 24012, 42900, 24365, 42813, 32484, 6599, 27431, 32568, 40780],[8816, 36381, 45743, 19944, 13390, 6472, 44108, 22043, 8558, 30222, 33300, 18912, 29836, 42950, 21155, 40964, 15080, 37465, 40085, 20174, 41172, 40663, 15522, -1, 42625, 25289, 19398, 42116, 42691, 23789, 30414, 44848, 25625, 42425, 5024, 3466, 25037, 25484, 45027, 39057, 36095, 39956, 38031, 36171, 13909, 45680, 32957, 16293, 43630, 45124],[29035, 17371, 30732, 38678, 44410, 45491, 10507, 28568, 26154, 34589, 19841, 36164, 39937, 12762, 8302, 34123, 25245, 28414, 29683, 33387, 41744, 14192, 35560, 42625, -1, 42153, 38552, 44260, 16619, 18537, 28289, 34906, 28937, 43653, 39363, 24389, 32964, 37795, 33460, 36910, 45147, 19287, 31443, 35529, 45190, 32830, 32924, 42712, 39720, 18164],[32585, 8659, 44267, 16039, 24643, 18385, 39839, 18368, 36663, 16323, 33942, 45892, 37762, 42266, 24341, 35080, 23446, 17383, 44696, 30268, 25286, 38742, 39345, 25289, 42153, -1, 38114, 42550, 40893, 16768, 38459, 43668, 8804, 35862, 14445, 30231, 45186, 24595, 34908, 29009, 34239, 15343, 38487, 26731, 38820, 4428, 42855, 26126, 39145, 45304],[37319, 37357, 45709, 42479, 16747, 40443, 20776, 37767, 9378, 39496, 36118, 40410, 41851, 46097, 42789, 44546, 34808, 27762, 17066, 28998, 42027, 5750, 20212, 19398, 38552, 38114, -1, 41289, 40404, 39987, 29903, 45855, 41492, 43559, 7714, 44945, 43809, 31217, 33469, 42511, 44240, 39441, 24395, 28777, 45993, 25667, 34603, 41194, 27130, 44488],[18793, 21633, 37777, 26154, 29095, 40399, 35941, 30275, 14406, 23484, 40697, 46209, 42311, 34863, 41069, 13015, 10242, 34420, 12254, 36161, 23478, 34054, 35693, 42116, 44260, 42550, 41289, -1, 23233, 38287, 37400, 28906, 43027, 39015, 11976, 31066, 33272, 27807, 29521, 7684, 29889, 40917, 24073, 6373, 40493, 45822, 32255, 10126, 38183, 19741],[43330, 22738, 36457, 45129, 32306, 14535, 31622, 34738, 37154, 15780, 27256, 42359, 46275, 44032, 31006, 6227, 13081, 32614, 29830, 40247, 40367, 40479, 34781, 42691, 16619, 40893, 40404, 23233, -1, 26887, 26914, 10582, 4549, 34690, 20994, 43238, 15130, 25259, 17596, 35668, 36107, 16899, 26926, 33909, 30319, 30054, 45500, 20784, 38538, 44451],[43577, 43197, 20181, 16452, 18326, 40629, 23831, 38924, 43764, 30353, 44381, 45435, 27646, 39759, 23054, 22983, 43661, 31709, 27022, 35545, 34344, 37845, 27439, 23789, 18537, 16768, 39987, 38287, 26887, -1, 32474, 39929, 37859, 43235, 23383, 31819, 28000, 30594, 26025, 35374, 43958, 21394, 41919, 22733, 45871, 42278, 29940, 39038, 41978, 17544],[41116, 42641, 15438, 20744, 24530, 23457, 44946, 4877, 23410, 35904, 29136, 35810, 40426, 30217, 34111, 17444, 24969, 46179, 25173, 45740, 32337, 38155, 23238, 30414, 28289, 38459, 29903, 37400, 26914, 32474, -1, 43003, 19153, 5898, 38426, 24495, 45814, 13110, 33453, 36739, 20473, 16103, 24802, 28800, 19410, 37123, 38847, 39257, 37011, 34882],[38455, 21601, 42903, 32165, 40641, 46197, 23891, 27988, 43178, 8021, 33740, 29566, 34946, 45687, 37136, 43019, 39060, 45850, 27432, 29470, 33315, 15386, 26918, 44848, 34906, 43668, 45855, 28906, 10582, 39929, 43003, -1, 10797, 20477, 40918, 34076, 40221, 38095, 32109, 42467, 29484, 18406, 25666, 31457, 36482, 37536, 28264, 36222, 35647, 37750],[45829, 44432, 32551, 31208, 40394, 44379, 42049, 33539, 38077, 22790, 37921, 27698, 39478, 44748, 37826, 38095, 31264, 15975, 41085, 26426, 44097, 38134, 41156, 25625, 28937, 8804, 41492, 43027, 4549, 37859, 19153, 10797, -1, 43152, 38557, 18935, 41290, 36448, 34301, 32780, 31612, 6431, 45466, 43359, 13213, 43208, 21642, 45802, 15543, 43774],[39960, 37673, 36869, 40737, 44097, 24753, 36095, 44838, 39695, 44788, 33926, 42733, 8449, 19854, 35095, 43570, 22100, 24548, 18183, 42365, 19577, 20312, 42495, 42425, 43653, 35862, 43559, 39015, 34690, 43235, 5898, 20477, 43152, -1, 38728, 41702, 37498, 36421, 41857, 38485, 17860, 42131, 39422, 42615, 33421, 30018, 39246, 42992, 10455, 16937],[11821, 11319, 42025, 24516, 44644, 32889, 21012, 37716, 34346, 44603, 13000, 40226, 32741, 44565, 38524, 26265, 21519, 11799, 30676, 29931, 43532, 23405, 28789, 5024, 39363, 14445, 7714, 11976, 20994, 23383, 38426, 40918, 38557, 38728, -1, 38743, 45844, 33030, 25152, 39871, 22060, 27663, 26065, 40811, 24253, 27476, 42618, 44881, 34341, 30822],[16675, 30742, 21568, 29126, 15286, 40250, 41209, 43860, 31003, 21362, 44365, 29820, 16691, 23442, 15092, 43145, 38499, 39415, 36301, 14487, 29456, 37197, 40291, 3466, 24389, 30231, 44945, 31066, 43238, 31819, 24495, 34076, 18935, 41702, 38743, -1, 38220, 36492, 16707, 35564, 39945, 45127, 42224, 22628, 35368, 15072, 45322, 44886, 18545, 41716],[13153, 16638, 37624, 25210, 4981, 39843, 26784, 29115, 42467, 44834, 45564, 43639, 17290, 29326, 28535, 41750, 3329, 44449, 41699, 43832, 24674, 33863, 21839, 25037, 32964, 45186, 43809, 33272, 15130, 28000, 45814, 40221, 41290, 37498, 45844, 38220, -1, 23614, 12238, 42642, 44805, 24906, 35415, 27848, 42432, 37438, 39566, 8931, 42717, 28169],[37559, 12522, 38493, 22257, 42575, 35921, 32135, 43089, 34962, 43239, 15788, 1949, 33140, 32135, 39884, 16287, 39347, 40831, 41047, 26279, 38837, 33524, 32989, 25484, 37795, 24595, 31217, 27807, 25259, 30594, 13110, 38095, 36448, 36421, 33030, 36492, 23614, -1, 25094, 41587, 25513, 34143, 21722, 18499, 9002, 19097, 22567, 28994, 37446, 26990],[37328, 35959, 44212, 16303, 41382, 26993, 39441, 29826, 9083, 11651, 35041, 43725, 44923, 26265, 25243, 24289, 27633, 46029, 45798, 40060, 43137, 32095, 35142, 45027, 33460, 34908, 33469, 29521, 17596, 26025, 33453, 32109, 34301, 41857, 25152, 16707, 12238, 25094, -1, 19756, 20376, 42709, 45824, 41772, 37779, 4781, 45503, 20892, 35962, 19457],[45873, 31685, 30628, 45840, 2279, 27921, 18832, 25471, 30812, 25919, 36210, 32604, 42279, 35519, 45976, 20819, 34456, 45563, 10929, 36685, 37655, 31476, 29384, 39057, 36910, 29009, 42511, 7684, 35668, 35374, 36739, 42467, 32780, 38485, 39871, 35564, 42642, 41587, 19756, -1, 37334, 40458, 28049, 41613, 17490, 44067, 25019, 35493, 37080, 16091],[45610, 33408, 39268, 34246, 29664, 28600, 22949, 32335, 38457, 38097, 23407, 32131, 18285, 21888, 42660, 44784, 11345, 30343, 23353, 24871, 34479, 23096, 37524, 36095, 45147, 34239, 44240, 29889, 36107, 43958, 20473, 29484, 31612, 17860, 22060, 39945, 44805, 25513, 20376, 37334, -1, 30401, 44136, 28344, 16704, 36726, 38255, 41420, 39365, 28563],[43897, 43266, 38088, 38440, 45669, 42863, 31287, 19919, 38789, 27716, 24310, 13321, 40973, 19463, 44190, 3435, 26229, 3749, 26738, 35928, 25818, 46233, 24012, 39956, 19287, 15343, 39441, 40917, 16899, 21394, 16103, 18406, 6431, 42131, 27663, 45127, 24906, 34143, 42709, 40458, 30401, -1, 35092, 25416, 30837, 46290, 44766, 981, 18636, 40857],[24024, 34889, 41504, 41314, 44477, 9552, 42236, 35763, 23795, 33319, 24936, 39162, 30735, 32893, 45864, 24177, 28761, 10755, 21372, 41274, 29290, 21882, 42900, 38031, 31443, 38487, 24395, 24073, 26926, 41919, 24802, 25666, 45466, 39422, 26065, 42224, 35415, 21722, 45824, 28049, 44136, 35092, -1, 29812, 23909, 36661, 15194, 25939, 21498, 1819],[36446, 44581, 31118, 36890, 23012, 20241, 44044, 5460, 10221, 21005, 38714, 21629, 44511, 11081, 37901, 29742, 31064, 21180, 41172, 45117, 45484, 44466, 24365, 36171, 35529, 26731, 28777, 6373, 33909, 22733, 28800, 31457, 43359, 42615, 40811, 22628, 27848, 18499, 41772, 41613, 28344, 25416, 29812, -1, 31279, 26393, 20613, 17544, 44074, 17443],[28605, 21989, 32340, 41362, 31199, 37547, 7710, 32008, 32105, 41773, 36758, 35532, 20286, 35486, 20222, 19463, 26688, 34168, 25358, 41018, 4769, 18394, 42813, 13909, 45190, 38820, 45993, 40493, 30319, 45871, 19410, 36482, 13213, 33421, 24253, 35368, 42432, 9002, 37779, 17490, 16704, 30837, 23909, 31279, -1, 29082, 43703, 29519, 11435, 43575],[45828, 31739, 42785, 27798, 45376, 32808, 35821, 34858, 31064, 26331, 36740, 21364, 7241, 42306, 29888, 34445, 45811, 33348, 13542, 29268, 27944, 23119, 32484, 45680, 32830, 4428, 25667, 45822, 30054, 42278, 37123, 37536, 43208, 30018, 27476, 15072, 37438, 19097, 4781, 44067, 36726, 46290, 36661, 26393, 29082, -1, 46212, 36963, 33814, 10199],[41082, 22348, 39079, 20693, 17292, 44443, 35121, 46057, 41276, 42101, 39543, 45227, 40992, 43113, 32279, 34263, 34376, 19022, 45453, 45956, 43001, 43571, 6599, 32957, 32924, 42855, 34603, 32255, 45500, 29940, 38847, 28264, 21642, 39246, 42618, 45322, 39566, 22567, 45503, 25019, 38255, 44766, 15194, 20613, 43703, 46212, -1, 11680, 41751, 12702],[14028, 19988, 28613, 25094, 41181, 21156, 36413, 4995, 31729, 26302, 2772, 12442, 36451, 21889, 37463, 24379, 44671, 43238, 33335, 20921, 27781, 27608, 27431, 16293, 42712, 26126, 41194, 10126, 20784, 39038, 39257, 36222, 45802, 42992, 44881, 44886, 8931, 28994, 20892, 35493, 41420, 981, 25939, 17544, 29519, 36963, 11680, -1, 28866, 5253],[17524, 20561, 26660, 20140, 14913, 24168, 41023, 31415, 40531, 42129, 7691, 37484, 39494, 40861, 23079, 38522, 16274, 36584, 31189, 21164, 19773, 33959, 32568, 43630, 39720, 39145, 27130, 38183, 38538, 41978, 37011, 35647, 15543, 10455, 34341, 18545, 42717, 37446, 35962, 37080, 39365, 18636, 21498, 44074, 11435, 33814, 41751, 28866, -1, 45626],[29541, 33422, 35311, 42514, 25239, 28675, 43410, 37240, 26208, 10666, 8568, 45580, 35774, 18867, 28332, 36768, 32535, 42523, 40976, 15823, 22058, 23112, 40780, 45124, 18164, 45304, 44488, 19741, 44451, 17544, 34882, 37750, 43774, 16937, 30822, 41716, 28169, 26990, 19457, 16091, 28563, 40857, 1819, 17443, 43575, 10199, 12702, 5253, 45626, -1]]