69
[[-1, 595, 793, 492, 729, 528, 747, 1200, 201, 856, 882, 734, 921, 944, 817, 721, 585, 251, 544, 758, 1156, 882, 825, 907, 905, 767, 239, 1059, 1039, 393, 942, 653, 921, 690, 815, 651, 1094, 732, 1102, 1008, 854, 725, 828, 818, 367, 385, 449, 451, 695, 1055, 654, 696, 629, 853, 331, 1277, 687, 292, 134, 676, 536, 663, 555, 599, 703, 559, 820, 894, 107],[595, -1, 893, 583, 704, 660, 325, 679, 546, 609, 496, 736, 796, 352, 319, 355, 703, 584, 511, 599, 603, 742, 830, 380, 590, 766, 597, 721, 480, 657, 896, 411, 483, 352, 655, 551, 626, 571, 539, 431, 842, 548, 548, 270, 690, 272, 704, 734, 326, 470, 748, 429, 521, 761, 399, 729, 371, 484, 595, 184, 533, 288, 569, 284, 827, 506, 408, 350, 678],[793, 893, -1, 790, 287, 482, 868, 1081, 769, 476, 1180, 862, 491, 1130, 1056, 1009, 773, 569, 486, 396, 1067, 812, 136, 963, 575, 160, 572, 859, 1105, 614, 319, 945, 898, 974, 432, 882, 880, 882, 1209, 1040, 217, 496, 531, 920, 762, 701, 659, 478, 1107, 1109, 237, 1224, 716, 276, 935, 1137, 660, 593, 911, 782, 367, 1121, 658, 656, 114, 908, 818, 960, 840],[492, 583, 790, -1, 798, 315, 846, 950, 292, 756, 588, 244, 1016, 830, 601, 448, 137, 381, 704, 757, 1022, 431, 798, 687, 766, 722, 403, 699, 822, 239, 761, 890, 983, 876, 856, 200, 892, 282, 881, 883, 726, 801, 672, 657, 218, 378, 216, 387, 854, 959, 766, 611, 228, 751, 373, 1113, 752, 562, 482, 601, 512, 786, 168, 643, 758, 170, 888, 703, 594],[729, 704, 287, 798, -1, 551, 606, 938, 734, 327, 1075, 912, 251, 929, 912, 903, 828, 552, 252, 171, 862, 853, 214, 810, 431, 212, 554, 826, 940, 660, 459, 691, 626, 719, 171, 866, 730, 866, 1044, 834, 359, 218, 410, 747, 797, 575, 723, 568, 875, 889, 142, 1089, 705, 277, 838, 947, 403, 458, 843, 591, 286, 908, 676, 430, 226, 874, 549, 793, 776],[528, 660, 482, 315, 551, -1, 817, 955, 395, 568, 807, 406, 792, 923, 750, 642, 293, 289, 542, 547, 1006, 459, 507, 746, 612, 435, 310, 670, 897, 182, 484, 881, 920, 886, 645, 435, 830, 459, 982, 909, 434, 625, 517, 711, 327, 413, 206, 165, 934, 990, 505, 853, 303, 487, 565, 1091, 656, 473, 594, 607, 295, 900, 202, 575, 465, 455, 822, 756, 615],[747, 325, 868, 846, 606, 817, -1, 722, 762, 551, 788, 997, 596, 461, 581, 661, 951, 724, 427, 506, 534, 957, 782, 528, 547, 743, 729, 852, 598, 849, 915, 248, 193, 194, 507, 836, 610, 842, 669, 433, 850, 396, 551, 422, 917, 480, 911, 873, 345, 436, 684, 729, 757, 732, 670, 664, 211, 530, 789, 303, 579, 410, 792, 245, 795, 806, 126, 482, 803],[1200, 679, 1081, 950, 938, 955, 722, -1, 1087, 627, 651, 920, 952, 468, 522, 637, 997, 1074, 919, 768, 276, 732, 965, 318, 521, 922, 1094, 415, 268, 1060, 891, 958, 669, 881, 818, 805, 226, 733, 326, 329, 915, 804, 552, 411, 1136, 815, 1080, 1103, 904, 389, 1048, 911, 742, 817, 997, 250, 706, 1030, 1216, 550, 849, 891, 851, 701, 1082, 869, 674, 334, 1296],[201, 546, 769, 292, 734, 395, 762, 1087, -1, 796, 737, 535, 946, 872, 700, 578, 391, 209, 580, 734, 1087, 697, 793, 796, 831, 724, 217, 907, 932, 245, 853, 727, 927, 741, 812, 458, 999, 542, 994, 937, 781, 732, 743, 725, 199, 307, 287, 361, 728, 997, 675, 612, 451, 792, 246, 1199, 686, 361, 208, 610, 483, 676, 375, 581, 700, 370, 825, 793, 303],[856, 609, 476, 756, 327, 568, 551, 627, 796, -1, 885, 807, 397, 728, 718, 738, 785, 668, 421, 171, 594, 672, 351, 560, 106, 319, 681, 536, 678, 710, 397, 736, 527, 720, 240, 746, 414, 712, 785, 595, 365, 286, 119, 532, 843, 558, 757, 668, 847, 664, 445, 995, 583, 228, 838, 661, 362, 608, 937, 439, 347, 865, 610, 384, 475, 788, 469, 551, 933],[882, 496, 1180, 588, 1075, 807, 788, 651, 737, 885, -1, 602, 1199, 457, 216, 182, 675, 850, 943, 950, 749, 608, 1123, 405, 827, 1050, 871, 635, 435, 798, 1069, 896, 891, 826, 1034, 422, 736, 409, 424, 588, 1059, 960, 776, 428, 783, 592, 798, 925, 725, 641, 1115, 364, 519, 1014, 570, 822, 812, 881, 829, 541, 839, 636, 617, 723, 1148, 426, 841, 429, 981],[734, 736, 862, 244, 912, 406, 997, 920, 535, 807, 602, -1, 1126, 905, 657, 508, 171, 589, 870, 852, 1055, 257, 863, 714, 799, 790, 613, 598, 837, 411, 745, 1084, 1106, 1059, 959, 204, 887, 213, 890, 938, 746, 928, 709, 724, 416, 572, 361, 520, 1037, 1023, 896, 745, 248, 789, 597, 1122, 891, 774, 725, 715, 638, 966, 248, 791, 861, 290, 1019, 745, 835],[921, 796, 491, 1016, 251, 792, 596, 952, 946, 397, 1199, 1126, -1, 961, 1010, 1040, 1058, 778, 383, 279, 821, 1039, 397, 877, 480, 423, 779, 933, 981, 900, 621, 698, 546, 725, 175, 1060, 734, 1052, 1083, 835, 545, 251, 508, 814, 1031, 743, 964, 817, 910, 870, 365, 1215, 903, 430, 1010, 896, 431, 631, 1030, 673, 511, 968, 894, 512, 451, 1069, 506, 851, 959],[944, 352, 1130, 830, 929, 923, 461, 468, 872, 728, 457, 905, 961, -1, 269, 432, 933, 915, 787, 782, 388, 839, 1037, 261, 660, 980, 931, 692, 225, 953, 1055, 627, 509, 534, 827, 718, 520, 698, 241, 205, 1030, 745, 656, 227, 987, 600, 986, 1032, 482, 211, 1011, 540, 708, 929, 702, 495, 562, 823, 931, 356, 798, 456, 799, 528, 1084, 712, 500, 227, 1028],[817, 319, 1056, 601, 912, 750, 581, 522, 700, 718, 216, 657, 1010, 269, -1, 169, 700, 774, 776, 778, 562, 624, 984, 226, 658, 915, 793, 574, 283, 765, 963, 716, 675, 640, 851, 465, 571, 448, 309, 389, 944, 773, 619, 219, 781, 477, 783, 868, 569, 445, 968, 391, 493, 875, 537, 654, 613, 754, 789, 343, 709, 500, 591, 535, 1017, 465, 628, 234, 914],[721, 355, 1009, 448, 903, 642, 661, 637, 578, 738, 182, 508, 1040, 432, 169, -1, 548, 674, 768, 787, 705, 524, 956, 343, 694, 882, 695, 576, 433, 636, 922, 765, 778, 705, 873, 309, 664, 310, 463, 538, 902, 797, 633, 332, 637, 413, 645, 756, 631, 602, 936, 347, 373, 857, 431, 795, 659, 703, 684, 396, 661, 549, 464, 561, 972, 301, 713, 360, 823],[585, 703, 773, 137, 828, 293, 951, 997, 391, 785, 675, 171, 1058, 933, 700, 548, -1, 439, 773, 796, 1093, 379, 792, 763, 798, 719, 461, 695, 899, 250, 720, 1007, 1075, 996, 898, 254, 934, 308, 961, 969, 697, 860, 702, 748, 251, 491, 194, 372, 984, 1050, 790, 738, 257, 747, 508, 1174, 837, 648, 587, 697, 549, 919, 180, 734, 759, 278, 980, 785, 681],[251, 584, 569, 381, 552, 289, 724, 1074, 209, 668, 850, 589, 778, 915, 774, 674, 439, -1, 436, 583, 1060, 699, 604, 813, 725, 541, 25, 878, 960, 204, 696, 707, 867, 734, 656, 545, 946, 606, 1039, 936, 611, 593, 640, 741, 280, 317, 279, 218, 778, 999, 476, 770, 466, 628, 415, 1168, 600, 248, 349, 596, 326, 752, 374, 513, 495, 495, 762, 808, 331],[544, 511, 486, 704, 252, 542, 427, 919, 580, 421, 943, 870, 383, 787, 776, 768, 773, 436, -1, 271, 814, 858, 441, 722, 495, 405, 434, 857, 851, 591, 642, 459, 513, 496, 288, 778, 742, 799, 945, 738, 544, 193, 460, 632, 698, 398, 664, 547, 643, 783, 273, 890, 650, 465, 642, 925, 260, 253, 648, 451, 267, 677, 623, 259, 391, 755, 418, 696, 590],[758, 599, 396, 757, 171, 547, 506, 768, 734, 171, 950, 852, 279, 782, 778, 787, 796, 583, 271, -1, 695, 763, 285, 653, 268, 258, 590, 686, 779, 669, 444, 645, 508, 651, 107, 787, 560, 774, 883, 673, 370, 147, 256, 597, 802, 516, 727, 609, 798, 732, 297, 999, 626, 243, 796, 779, 297, 487, 854, 458, 271, 827, 625, 329, 360, 806, 435, 636, 822],[1156, 603, 1067, 1022, 862, 1006, 534, 276, 1087, 594, 749, 1055, 821, 388, 562, 705, 1093, 1060, 814, 695, -1, 902, 944, 369, 504, 908, 1075, 622, 325, 1098, 947, 775, 438, 697, 715, 913, 269, 863, 387, 191, 944, 684, 557, 390, 1179, 785, 1135, 1130, 749, 202, 983, 909, 837, 818, 984, 133, 566, 953, 1182, 481, 827, 766, 929, 594, 1047, 946, 475, 345, 1239],[882, 742, 812, 431, 853, 459, 957, 732, 697, 672, 608, 257, 1039, 839, 624, 524, 379, 699, 858, 763, 902, -1, 780, 602, 644, 713, 724, 360, 717, 553, 612, 1098, 1024, 1062, 869, 324, 699, 246, 781, 824, 644, 861, 566, 642, 614, 625, 525, 615, 1066, 916, 872, 841, 264, 671, 739, 947, 836, 838, 895, 662, 617, 1009, 330, 756, 833, 444, 950, 640, 987],[825, 830, 136, 798, 214, 507, 782, 965, 793, 351, 1123, 863, 397, 1037, 984, 956, 792, 604, 441, 285, 944, 780, -1, 870, 451, 77, 610, 774, 1005, 653, 272, 888, 792, 908, 322, 863, 757, 852, 1111, 931, 172, 403, 420, 831, 803, 671, 700, 538, 1048, 999, 240, 1186, 690, 158, 928, 1010, 572, 595, 937, 700, 335, 1067, 654, 581, 181, 895, 719, 864, 880],[907, 380, 963, 687, 810, 746, 528, 318, 796, 560, 405, 714, 877, 261, 226, 343, 763, 813, 722, 653, 369, 602, 870, -1, 480, 810, 833, 432, 152, 811, 837, 727, 562, 651, 721, 556, 345, 510, 248, 235, 830, 666, 464, 116, 867, 526, 836, 880, 644, 321, 893, 609, 515, 743, 683, 454, 526, 773, 910, 287, 654, 610, 620, 478, 939, 591, 528, 50, 1004],[905, 590, 575, 766, 431, 612, 547, 521, 831, 106, 827, 799, 480, 660, 658, 694, 798, 725, 495, 268, 504, 644, 451, 480, -1, 416, 740, 460, 589, 753, 453, 755, 510, 726, 329, 728, 308, 684, 696, 515, 441, 358, 97, 467, 878, 575, 794, 729, 838, 588, 548, 966, 574, 314, 848, 564, 385, 669, 975, 409, 417, 851, 621, 402, 577, 777, 463, 474, 988],[767, 766, 160, 722, 212, 435, 743, 922, 724, 319, 1050, 790, 423, 980, 915, 882, 719, 541, 405, 258, 908, 713, 77, 810, 416, -1, 549, 721, 949, 584, 258, 849, 765, 866, 318, 786, 721, 776, 1053, 884, 150, 381, 371, 770, 734, 600, 631, 478, 996, 954, 234, 1114, 614, 135, 857, 979, 532, 543, 874, 640, 265, 1009, 578, 528, 182, 818, 687, 806, 827],[239, 597, 572, 403, 554, 310, 729, 1094, 217, 681, 871, 613, 779, 931, 793, 695, 461, 25, 434, 590, 1075, 724, 610, 833, 740, 549, -1, 901, 980, 223, 710, 705, 873, 735, 660, 569, 964, 631, 1058, 952, 623, 597, 656, 759, 294, 332, 297, 228, 781, 1014, 473, 783, 491, 639, 425, 1185, 606, 240, 343, 611, 337, 757, 400, 522, 494, 517, 768, 827, 313],[1059, 721, 859, 699, 826, 670, 852, 415, 907, 536, 635, 598, 933, 692, 574, 576, 695, 878, 857, 686, 622, 360, 774, 432, 460, 721, 901, -1, 510, 799, 610, 1055, 854, 1002, 773, 565, 393, 474, 585, 606, 660, 782, 432, 511, 887, 712, 799, 834, 1031, 696, 901, 921, 474, 622, 896, 633, 746, 927, 1085, 583, 673, 997, 572, 704, 886, 669, 810, 472, 1163],[1039, 480, 1105, 822, 940, 897, 598, 268, 932, 678, 435, 837, 981, 225, 283, 433, 899, 960, 851, 779, 325, 717, 1005, 152, 589, 949, 980, 510, -1, 959, 968, 800, 607, 714, 836, 677, 381, 627, 107, 208, 967, 782, 590, 231, 1007, 664, 982, 1032, 690, 268, 1031, 657, 655, 873, 796, 389, 633, 909, 1033, 411, 802, 658, 764, 600, 1082, 710, 597, 159, 1133],[393, 657, 614, 239, 660, 182, 849, 1060, 245, 710, 798, 411, 900, 953, 765, 636, 250, 204, 591, 669, 1098, 553, 653, 811, 753, 584, 223, 799, 959, -1, 664, 868, 982, 879, 759, 421, 953, 482, 1034, 976, 604, 715, 658, 763, 151, 393, 76, 159, 900, 1050, 594, 779, 357, 651, 454, 1194, 719, 441, 443, 655, 398, 856, 240, 624, 573, 397, 880, 818, 480],[942, 896, 319, 761, 459, 484, 915, 891, 853, 397, 1069, 745, 621, 1055, 963, 922, 720, 696, 642, 444, 947, 612, 272, 837, 453, 258, 710, 610, 968, 664, -1, 1058, 919, 1058, 513, 788, 708, 753, 1070, 945, 113, 590, 411, 833, 811, 740, 685, 572, 1169, 1026, 490, 1207, 616, 203, 983, 989, 712, 757, 1033, 751, 442, 1167, 597, 699, 405, 855, 851, 847, 1016],[653, 411, 945, 890, 691, 881, 248, 958, 727, 736, 896, 1084, 698, 627, 716, 765, 1007, 707, 459, 645, 775, 1098, 888, 727, 755, 849, 705, 1055, 800, 868, 1058, -1, 405, 97, 639, 921, 853, 953, 858, 656, 975, 515, 742, 612, 911, 517, 936, 895, 264, 650, 728, 732, 862, 875, 633, 906, 374, 481, 690, 477, 661, 353, 872, 380, 850, 860, 353, 683, 680],[921, 483, 898, 983, 626, 920, 193, 669, 927, 527, 891, 1106, 546, 509, 675, 778, 1075, 867, 513, 508, 438, 1024, 792, 562, 510, 765, 873, 854, 607, 982, 919, 405, -1, 360, 485, 955, 540, 945, 682, 409, 866, 408, 548, 481, 1067, 634, 1043, 989, 510, 399, 733, 887, 859, 730, 849, 554, 275, 678, 971, 403, 662, 580, 904, 359, 839, 945, 104, 516, 976],[690, 352, 974, 876, 719, 886, 194, 881, 741, 720, 826, 1059, 725, 534, 640, 705, 996, 734, 496, 651, 697, 1062, 908, 651, 726, 866, 735, 1002, 714, 879, 1058, 97, 360, -1, 652, 887, 792, 913, 768, 571, 982, 530, 716, 537, 921, 506, 943, 916, 201, 561, 768, 678, 835, 878, 623, 829, 361, 524, 716, 422, 672, 294, 857, 362, 886, 831, 314, 606, 729],[815, 655, 432, 856, 171, 645, 507, 818, 812, 240, 1034, 959, 175, 827, 851, 873, 898, 656, 288, 107, 715, 869, 322, 721, 329, 318, 660, 773, 836, 759, 513, 639, 485, 652, -1, 889, 604, 877, 940, 709, 438, 126, 342, 661, 891, 593, 821, 692, 818, 757, 311, 1068, 731, 309, 870, 798, 311, 531, 915, 520, 362, 860, 729, 374, 392, 903, 424, 699, 869],[651, 551, 882, 200, 866, 435, 836, 805, 458, 746, 422, 204, 1060, 718, 465, 309, 254, 545, 778, 787, 913, 324, 863, 556, 728, 786, 569, 565, 677, 421, 788, 921, 955, 887, 889, -1, 787, 99, 726, 775, 775, 836, 641, 554, 418, 430, 401, 552, 847, 854, 865, 550, 176, 781, 443, 993, 761, 679, 628, 554, 587, 771, 233, 655, 862, 123, 872, 582, 757],[1094, 626, 880, 892, 730, 830, 610, 226, 999, 414, 736, 887, 734, 520, 571, 664, 934, 946, 742, 560, 269, 699, 757, 345, 308, 721, 964, 393, 381, 953, 708, 853, 540, 792, 604, 787, -1, 722, 475, 340, 724, 606, 359, 392, 1052, 718, 983, 969, 861, 411, 848, 946, 680, 612, 949, 288, 545, 888, 1134, 458, 681, 864, 769, 558, 883, 847, 535, 347, 1185],[732, 571, 882, 282, 866, 459, 842, 733, 542, 712, 409, 213, 1052, 698, 448, 310, 308, 606, 799, 774, 863, 246, 852, 510, 684, 776, 631, 474, 627, 482, 753, 953, 945, 913, 877, 99, 722, -1, 678, 738, 752, 834, 602, 526, 500, 474, 462, 596, 881, 821, 879, 600, 169, 755, 525, 933, 762, 730, 717, 547, 598, 809, 261, 663, 871, 218, 867, 542, 839],[1102, 539, 1209, 881, 1044, 982, 669, 326, 994, 785, 424, 890, 1083, 241, 309, 463, 961, 1039, 945, 883, 387, 781, 1111, 248, 696, 1053, 1058, 585, 107, 1034, 1070, 858, 682, 768, 940, 726, 475, 678, -1, 278, 1071, 882, 697, 317, 1071, 738, 1053, 1116, 720, 311, 1132, 652, 726, 979, 840, 436, 725, 990, 1086, 498, 900, 682, 838, 690, 1184, 755, 679, 255, 1196],[1008, 431, 1040, 883, 834, 909, 433, 329, 937, 595, 588, 938, 835, 205, 389, 538, 969, 936, 738, 673, 191, 824, 931, 235, 515, 884, 952, 606, 208, 976, 945, 656, 409, 571, 709, 775, 340, 738, 278, -1, 929, 649, 537, 227, 1040, 640, 1013, 1028, 590, 93, 937, 719, 721, 813, 810, 310, 492, 835, 1020, 341, 749, 591, 813, 490, 1007, 793, 417, 196, 1093],[854, 842, 217, 726, 359, 434, 850, 915, 781, 365, 1059, 746, 545, 1030, 944, 902, 697, 611, 544, 370, 944, 644, 172, 830, 441, 150, 623, 660, 967, 604, 113, 975, 866, 982, 438, 775, 724, 752, 1071, 929, -1, 509, 393, 810, 756, 673, 636, 501, 1100, 1007, 378, 1164, 600, 146, 920, 999, 642, 659, 952, 706, 354, 1103, 569, 630, 294, 827, 791, 835, 922],[725, 548, 496, 801, 218, 625, 396, 804, 732, 286, 960, 928, 251, 745, 773, 797, 860, 593, 193, 147, 684, 861, 403, 666, 358, 381, 597, 782, 782, 715, 590, 515, 408, 530, 126, 836, 606, 834, 882, 649, 509, -1, 357, 590, 834, 500, 781, 667, 695, 693, 329, 964, 692, 389, 770, 783, 199, 438, 819, 432, 331, 738, 692, 263, 433, 836, 331, 639, 779],[828, 548, 531, 672, 410, 517, 551, 552, 743, 119, 776, 709, 508, 656, 619, 633, 702, 640, 460, 256, 557, 566, 420, 464, 97, 371, 656, 432, 590, 658, 411, 742, 548, 716, 342, 641, 359, 602, 697, 537, 393, 357, -1, 447, 783, 501, 698, 639, 818, 616, 509, 910, 483, 283, 772, 625, 379, 606, 896, 375, 339, 821, 525, 370, 530, 691, 485, 462, 914],[818, 270, 920, 657, 747, 711, 422, 411, 725, 532, 428, 724, 814, 227, 219, 332, 748, 741, 632, 597, 390, 642, 831, 116, 467, 770, 759, 511, 231, 763, 833, 612, 481, 537, 661, 554, 392, 526, 317, 227, 810, 590, 447, -1, 819, 441, 797, 831, 535, 303, 825, 558, 507, 718, 606, 498, 433, 677, 824, 183, 593, 507, 598, 380, 884, 567, 437, 81, 911],[367, 690, 762, 218, 797, 327, 917, 1136, 199, 843, 783, 416, 1031, 987, 781, 637, 251, 280, 698, 802, 1179, 614, 803, 867, 878, 734, 294, 887, 1007, 151, 811, 911, 1067, 921, 891, 418, 1052, 500, 1071, 1040, 756, 834, 783, 819, -1, 441, 137, 293, 911, 1110, 728, 726, 417, 799, 401, 1278, 814, 509, 374, 723, 533, 853, 315, 710, 716, 362, 965, 875, 450],[385, 272, 701, 378, 575, 413, 480, 815, 307, 558, 592, 572, 743, 600, 477, 413, 491, 317, 398, 516, 785, 625, 671, 526, 575, 600, 332, 712, 664, 393, 740, 517, 634, 506, 593, 430, 718, 474, 738, 640, 673, 500, 501, 441, 441, -1, 448, 467, 523, 699, 575, 529, 367, 630, 282, 901, 407, 290, 415, 305, 337, 486, 361, 294, 632, 378, 535, 515, 482],[449, 704, 659, 216, 723, 206, 911, 1080, 287, 757, 798, 361, 964, 986, 783, 645, 194, 279, 664, 727, 1135, 525, 700, 836, 794, 631, 297, 799, 982, 76, 685, 936, 1043, 943, 821, 401, 983, 462, 1053, 1013, 636, 781, 698, 797, 137, 448, -1, 200, 955, 1090, 658, 795, 353, 692, 486, 1227, 783, 517, 484, 702, 459, 904, 235, 686, 628, 385, 942, 847, 534],[451, 734, 478, 387, 568, 165, 873, 1103, 361, 668, 925, 520, 817, 1032, 868, 756, 372, 218, 547, 609, 1130, 615, 538, 880, 729, 478, 228, 834, 1032, 159, 572, 895, 989, 916, 692, 552, 969, 596, 1116, 1028, 501, 667, 639, 831, 293, 467, 200, -1, 970, 1103, 483, 915, 448, 565, 582, 1223, 715, 435, 535, 705, 348, 941, 335, 637, 442, 543, 887, 885, 519],[695, 326, 1107, 854, 875, 934, 345, 904, 728, 847, 725, 1037, 910, 482, 569, 631, 984, 778, 643, 798, 749, 1066, 1048, 644, 838, 996, 781, 1031, 690, 900, 1169, 264, 510, 201, 818, 847, 861, 881, 720, 590, 1100, 695, 818, 535, 911, 523, 955, 970, -1, 575, 914, 523, 836, 1006, 553, 880, 512, 606, 682, 465, 772, 111, 868, 477, 1021, 777, 471, 603, 738],[1055, 470, 1109, 959, 889, 990, 436, 389, 997, 664, 641, 1023, 870, 211, 445, 602, 1050, 999, 783, 732, 202, 916, 999, 321, 588, 954, 1014, 696, 268, 1050, 1026, 650, 399, 561, 757, 854, 411, 821, 311, 93, 1007, 693, 616, 303, 1110, 699, 1090, 1103, 575, -1, 994, 745, 806, 886, 857, 318, 529, 881, 1065, 404, 819, 586, 896, 537, 1071, 864, 425, 281, 1135],[654, 748, 237, 766, 142, 505, 684, 1048, 675, 445, 1115, 896, 365, 1011, 968, 936, 790, 476, 273, 297, 983, 872, 240, 893, 548, 234, 473, 901, 1031, 594, 490, 728, 733, 768, 311, 865, 848, 879, 1132, 937, 378, 329, 509, 825, 728, 575, 658, 483, 914, 994, -1, 1102, 711, 349, 813, 1073, 490, 409, 777, 660, 283, 940, 658, 495, 133, 864, 649, 877, 691],[696, 429, 1224, 611, 1089, 853, 729, 911, 612, 995, 364, 745, 1215, 540, 391, 347, 738, 770, 890, 999, 909, 841, 1186, 609, 966, 1114, 783, 921, 657, 779, 1207, 732, 887, 678, 1068, 550, 946, 600, 652, 719, 1164, 964, 910, 558, 726, 529, 795, 915, 523, 745, 1102, -1, 650, 1117, 374, 1016, 799, 762, 610, 582, 859, 412, 698, 703, 1161, 466, 827, 605, 772],[629, 521, 716, 228, 705, 303, 757, 742, 451, 583, 519, 248, 903, 708, 493, 373, 257, 466, 650, 626, 837, 264, 690, 515, 574, 614, 491, 474, 655, 357, 616, 862, 859, 835, 731, 176, 680, 169, 726, 721, 600, 692, 483, 507, 417, 367, 353, 448, 836, 806, 711, 650, -1, 605, 487, 916, 645, 591, 642, 475, 433, 780, 120, 548, 702, 250, 772, 537, 735],[853, 761, 276, 751, 277, 487, 732, 817, 792, 228, 1014, 789, 430, 929, 875, 857, 747, 628, 465, 243, 818, 671, 158, 743, 314, 135, 639, 622, 873, 651, 203, 875, 730, 878, 309, 781, 612, 755, 979, 813, 146, 389, 283, 718, 799, 630, 692, 565, 1006, 886, 349, 1117, 605, -1, 898, 876, 525, 624, 950, 611, 321, 1018, 594, 529, 316, 828, 662, 741, 923],[331, 399, 935, 373, 838, 565, 670, 997, 246, 838, 570, 597, 1010, 702, 537, 431, 508, 415, 642, 796, 984, 739, 928, 683, 848, 857, 425, 896, 796, 454, 983, 633, 849, 623, 870, 443, 949, 525, 840, 810, 920, 770, 772, 606, 401, 282, 486, 582, 553, 857, 813, 374, 487, 898, -1, 1101, 660, 449, 261, 523, 594, 476, 471, 550, 863, 329, 758, 676, 420],[1277, 729, 1137, 1113, 947, 1091, 664, 250, 1199, 661, 822, 1122, 896, 495, 654, 795, 1174, 1168, 925, 779, 133, 947, 1010, 454, 564, 979, 1185, 633, 389, 1194, 989, 906, 554, 829, 798, 993, 288, 933, 436, 310, 999, 783, 625, 498, 1278, 901, 1227, 1223, 880, 318, 1073, 1016, 916, 876, 1101, -1, 683, 1073, 1303, 602, 922, 895, 1013, 714, 1129, 1038, 597, 441, 1362],[687, 371, 660, 752, 403, 656, 211, 706, 686, 362, 812, 891, 431, 562, 613, 659, 837, 600, 260, 297, 566, 836, 572, 526, 385, 532, 606, 746, 633, 719, 712, 374, 275, 361, 311, 761, 545, 762, 725, 492, 642, 199, 379, 433, 814, 407, 783, 715, 512, 529, 490, 799, 645, 525, 660, 683, -1, 427, 755, 271, 392, 554, 667, 114, 593, 748, 175, 491, 749],[292, 484, 593, 562, 458, 473, 530, 1030, 361, 608, 881, 774, 631, 823, 754, 703, 648, 248, 253, 487, 953, 838, 595, 773, 669, 543, 240, 927, 909, 441, 757, 481, 678, 524, 531, 679, 888, 730, 990, 835, 659, 438, 606, 677, 509, 290, 517, 435, 606, 881, 409, 762, 591, 624, 449, 1073, 427, -1, 400, 503, 323, 611, 538, 362, 492, 623, 576, 753, 341],[134, 595, 911, 482, 843, 594, 789, 1216, 208, 937, 829, 725, 1030, 931, 789, 684, 587, 349, 648, 854, 1182, 895, 937, 910, 975, 874, 343, 1085, 1033, 443, 1033, 690, 971, 716, 915, 628, 1134, 717, 1086, 1020, 952, 819, 896, 824, 374, 415, 484, 535, 682, 1065, 777, 610, 642, 950, 261, 1303, 755, 400, -1, 703, 630, 632, 579, 659, 825, 520, 874, 899, 184],[676, 184, 782, 601, 591, 607, 303, 550, 610, 439, 541, 715, 673, 356, 343, 396, 697, 596, 451, 458, 481, 662, 700, 287, 409, 640, 611, 583, 411, 655, 751, 477, 403, 422, 520, 554, 458, 547, 498, 341, 706, 432, 375, 183, 723, 305, 702, 705, 465, 404, 660, 582, 475, 611, 523, 602, 271, 503, 703, -1, 444, 454, 535, 199, 731, 548, 326, 257, 763],[536, 533, 367, 512, 286, 295, 579, 849, 483, 347, 839, 638, 511, 798, 709, 661, 549, 326, 267, 271, 827, 617, 335, 654, 417, 265, 337, 673, 802, 398, 442, 661, 662, 672, 362, 587, 681, 598, 900, 749, 354, 331, 339, 593, 533, 337, 459, 348, 772, 819, 283, 859, 433, 321, 594, 922, 392, 323, 630, 444, -1, 771, 395, 338, 312, 592, 565, 647, 612],[663, 288, 1121, 786, 908, 900, 410, 891, 676, 865, 636, 966, 968, 456, 500, 549, 919, 752, 677, 827, 766, 1009, 1067, 610, 851, 1009, 757, 997, 658, 856, 1167, 353, 580, 294, 860, 771, 864, 809, 682, 591, 1103, 738, 821, 507, 853, 486, 904, 941, 111, 586, 940, 412, 780, 1018, 476, 895, 554, 611, 632, 454, 771, -1, 814, 498, 1038, 696, 532, 575, 715],[555, 569, 658, 168, 676, 202, 792, 851, 375, 610, 617, 248, 894, 799, 591, 464, 180, 374, 623, 625, 929, 330, 654, 620, 621, 578, 400, 572, 764, 240, 597, 872, 904, 857, 729, 233, 769, 261, 838, 813, 569, 692, 525, 598, 315, 361, 235, 335, 868, 896, 658, 698, 120, 594, 471, 1013, 667, 538, 579, 535, 395, 814, -1, 569, 640, 271, 811, 637, 658],[599, 284, 656, 643, 430, 575, 245, 701, 581, 384, 723, 791, 512, 528, 535, 561, 734, 513, 259, 329, 594, 756, 581, 478, 402, 528, 522, 704, 600, 624, 699, 380, 359, 362, 374, 655, 558, 663, 690, 490, 630, 263, 370, 380, 710, 294, 686, 637, 477, 537, 495, 703, 548, 529, 550, 714, 114, 362, 659, 199, 338, 498, 569, -1, 587, 637, 256, 447, 671],[703, 827, 114, 758, 226, 465, 795, 1082, 700, 475, 1148, 861, 451, 1084, 1017, 972, 759, 495, 391, 360, 1047, 833, 181, 939, 577, 182, 494, 886, 1082, 573, 405, 850, 839, 886, 392, 862, 883, 871, 1184, 1007, 294, 433, 530, 884, 716, 632, 628, 442, 1021, 1071, 133, 1161, 702, 316, 863, 1129, 593, 492, 825, 731, 312, 1038, 640, 587, -1, 873, 755, 931, 743],[559, 506, 908, 170, 874, 455, 806, 869, 370, 788, 426, 290, 1069, 712, 465, 301, 278, 495, 755, 806, 946, 444, 895, 591, 777, 818, 517, 669, 710, 397, 855, 860, 945, 831, 903, 123, 847, 218, 755, 793, 827, 836, 691, 567, 362, 378, 385, 543, 777, 864, 864, 466, 250, 828, 329, 1038, 748, 623, 520, 548, 592, 696, 271, 637, 873, -1, 858, 608, 663],[820, 408, 818, 888, 549, 822, 126, 674, 825, 469, 841, 1019, 506, 500, 628, 713, 980, 762, 418, 435, 475, 950, 719, 528, 463, 687, 768, 810, 597, 880, 851, 353, 104, 314, 424, 872, 535, 867, 679, 417, 791, 331, 485, 437, 965, 535, 942, 887, 471, 425, 649, 827, 772, 662, 758, 597, 175, 576, 874, 326, 565, 532, 811, 256, 755, 858, -1, 483, 878],[894, 350, 960, 703, 793, 756, 482, 334, 793, 551, 429, 745, 851, 227, 234, 360, 785, 808, 696, 636, 345, 640, 864, 50, 474, 806, 827, 472, 159, 818, 847, 683, 516, 606, 699, 582, 347, 542, 255, 196, 835, 639, 462, 81, 875, 515, 847, 885, 603, 281, 877, 605, 537, 741, 676, 441, 491, 753, 899, 257, 647, 575, 637, 447, 931, 608, 483, -1, 989],[107, 678, 840, 594, 776, 615, 803, 1296, 303, 933, 981, 835, 959, 1028, 914, 823, 681, 331, 590, 822, 1239, 987, 880, 1004, 988, 827, 313, 1163, 1133, 480, 1016, 680, 976, 729, 869, 757, 1185, 839, 1196, 1093, 922, 779, 914, 911, 450, 482, 534, 519, 738, 1135, 691, 772, 735, 923, 420, 1362, 749, 341, 184, 763, 612, 715, 658, 671, 743, 663, 878, 989, -1]]