89
[[-1, 34379, 43835, 25865, 44949, 4840, 44739, 31430, 7603, 25645, 18875, 42384, 31922, 32674, 45654, 45013, 42885, 40603, 40162, 38097, 25137, 26432, 45504, 44890, 18701, 30673, 21834, 35974, 28416, 19932, 12902, 14808, 28639, 40318, 44573, 20027, 24361, 33948, 27105, 40291, 37045, 5406, 15562, 22857, 46096, 30748, 16673, 10104, 24919, 41177, 45547, 17620, 9964, 34042, 7256, 33412, 34529, 39604, 14337, 17009, 24427, 25997, 18139, 44442, 38742, 17936, 8619, 31935, 34275, 33143, 29897, 40848, 32419, 34712, 43317, 20493, 41394, 26950, 33374, 33181, 44351, 23717, 30285, 31489, 43552, 43506, 7069, 39761, 23435],[34379, -1, 11394, 38866, 24051, 11459, 6688, 8664, 40885, 34026, 42018, 33068, 19544, 39161, 7356, 46280, 35640, 44741, 35735, 36920, 31890, 45488, 45016, 44138, 44507, 33528, 35703, 15785, 15305, 44805, 21134, 35489, 35267, 22543, 38866, 21926, 34034, 40723, 29849, 13362, 21443, 24108, 20715, 43876, 42863, 19513, 41305, 45005, 27243, 46045, 37798, 36850, 25692, 6278, 43865, 36223, 11539, 20239, 39634, 30940, 37462, 21336, 23890, 30618, 44256, 21781, 29427, 35651, 40222, 45555, 39025, 16367, 23834, 42277, 23440, 29521, 36068, 32091, 17832, 15662, 43207, 27244, 45212, 35669, 42043, 35124, 37138, 6698, 44212],[43835, 11394, -1, 21509, 2699, 19295, 34309, 40046, 9213, 20867, 18309, 38643, 44294, 23918, 33394, 39903, 34140, 23915, 36593, 4883, 22846, 44394, 45182, 30909, 35157, 36306, 8218, 26532, 31729, 45912, 44019, 33542, 42679, 13137, 36820, 41123, 28460, 25355, 44258, 41673, 44699, 42648, 28406, 19613, 20802, 39707, 29738, 16522, 14201, 29721, 27102, 26739, 23631, 33564, 43035, 14059, 40414, 14400, 38983, 34310, 23020, 46207, 37488, 28495, 41252, 25352, 31877, 27115, 30986, 21283, 35849, 39330, 44062, 34156, 29865, 33038, 42606, 44516, 44950, 45405, 30400, 44084, 26950, 31971, 33198, 40565, 31089, 39052, 25991],[25865, 38866, 21509, -1, 44481, 42563, 42373, 25813, 44970, 34728, 18037, 43893, 40686, 20474, 40547, 34239, 36790, 35293, 38745, 21054, 31607, 19116, 43665, 6441, 5678, 41385, 25836, 29209, 31471, 44336, 32992, 35119, 38801, 44813, 37236, 40033, 28509, 14680, 12345, 33870, 20245, 36262, 38800, 18061, 27493, 23091, 13237, 13513, 18976, 38176, 39276, 24442, 12342, 35099, 31221, 13355, 34260, 36485, 23395, 39993, 34358, 35540, 21456, 40214, 44961, 21047, 21422, 1337, 27485, 14766, 28225, 46011, 25519, 21691, 30302, 41588, 30448, 46153, 44913, 14718, 38728, 37158, 42850, 33839, 38526, 31825, 37127, 26535, 36713],[44949, 24051, 2699, 44481, -1, 40356, 38051, 30368, 33035, 44044, 10427, 41382, 44316, 7391, 15569, 34666, 43106, 42001, 42975, 36787, 40661, 13943, 7296, 18807, 12417, 23743, 36927, 38162, 6003, 38215, 23218, 41425, 41752, 29963, 45762, 33400, 29030, 19666, 27800, 46229, 46056, 31223, 42241, 37030, 34099, 36968, 32540, 25596, 24203, 27226, 43811, 31067, 25250, 26683, 36869, 22256, 41461, 42887, 33942, 20508, 14737, 33345, 36109, 24153, 37037, 42408, 40509, 22320, 45074, 22715, 37619, 25733, 45685, 20789, 40542, 44101, 45776, 45402, 40195, 37962, 3779, 14923, 36504, 36178, 40665, 43115, 31475, 43719, 35421],[4840, 11459, 19295, 42563, 40356, -1, 24772, 42143, 45096, 44488, 36418, 16079, 28803, 42120, 31058, 40205, 39398, 30987, 20636, 41170, 7521, 41999, 18231, 39429, 35017, 28659, 37858, 27331, 23543, 6535, 43054, 21624, 13547, 44008, 9727, 17157, 34834, 13758, 27430, 33887, 36564, 43792, 6787, 44956, 45108, 21918, 43212, 29726, 39455, 26958, 42986, 45416, 42054, 20432, 17757, 23372, 35336, 31896, 21941, 38465, 31826, 45152, 31960, 36958, 14564, 39612, 36906, 24816, 40194, 36742, 16386, 36150, 17419, 19723, 21687, 41313, 26187, 24603, 17533, 16723, 28397, 36653, 33286, 40109, 4317, 27256, 39961, 16345, 30586],[44739, 6688, 34309, 42373, 38051, 24772, -1, 41180, 37144, 45639, 41181, 38003, 31131, 33784, 27906, 39832, 28382, 8166, 36889, 8777, 45685, 40076, 16089, 38858, 27527, 25037, 32988, 36309, 35441, 28705, 43167, 3518, 2615, 35963, 18732, 20853, 37034, 30694, 17609, 14469, 34817, 26464, 20506, 31318, 39217, 42829, 43464, 35770, 25752, 45395, 45921, 36758, 5100, 15245, 37944, 39256, 44445, 23560, 36834, 37439, 42924, 35455, 36226, 20263, 16593, 25793, 26189, 40353, 39264, 37664, 40001, 23443, 26829, 14708, 42104, 39832, 37112, 39654, 26483, 39223, 24034, 45504, 44534, 31840, 23316, 34549, 11151, 30131, 15576],[31430, 8664, 40046, 25813, 30368, 42143, 41180, -1, 26884, 21691, 43188, 32016, 46318, 18535, 33534, 17490, 16998, 25700, 45328, 40901, 28690, 8337, 34992, 11336, 29827, 17642, 36061, 30257, 28855, 36186, 43957, 45919, 37873, 42081, 15120, 40438, 44804, 16180, 33647, 27430, 29948, 30021, 38679, 31054, 5653, 46248, 22869, 42842, 20030, 33193, 29176, 29233, 20854, 27684, 39933, 32073, 45591, 33164, 34506, 22112, 27186, 45741, 39163, 37192, 39398, 37098, 7744, 7665, 33645, 31230, 6183, 25294, 40019, 26884, 24484, 20121, 11130, 21179, 42920, 40193, 11725, 19189, 29632, 34335, 31091, 38181, 39974, 12648, 41192],[7603, 40885, 9213, 44970, 33035, 45096, 37144, 26884, -1, 39378, 27846, 40542, 26762, 34923, 3505, 20988, 41726, 32329, 44606, 44664, 27193, 24859, 17004, 28838, 41035, 35886, 16569, 27478, 41222, 43282, 10943, 25587, 2785, 46132, 28955, 22472, 39880, 41996, 937, 15032, 39007, 41262, 46324, 37477, 28954, 41835, 21056, 36967, 42358, 42212, 35615, 38638, 36032, 43484, 41934, 38394, 8939, 27886, 41208, 15986, 25141, 19371, 45012, 32811, 42186, 26199, 31558, 22001, 43815, 12431, 41693, 40435, 27048, 44268, 31043, 35869, 18217, 40905, 43677, 12491, 35565, 38782, 8635, 33423, 21104, 24307, 20910, 42251, 40440],[25645, 34026, 20867, 34728, 44044, 44488, 45639, 21691, 39378, -1, 5368, 39031, 45248, 41955, 35835, 5881, 42340, 32892, 32793, 40937, 43972, 42626, 7666, 31311, 28145, 21633, 25872, 44393, 28991, 16814, 34014, 41673, 15061, 16695, 10825, 22981, 28336, 33872, 45030, 12126, 34896, 31925, 18348, 46011, 44964, 34588, 14725, 16679, 27654, 32989, 23015, 33242, 31668, 43924, 29005, 30898, 7736, 34713, 19961, 22539, 30559, 41825, 40469, 22133, 35965, 26362, 36712, 25032, 25851, 42292, 37958, 40048, 34752, 24766, 39137, 16256, 27065, 46230, 11584, 15617, 19924, 36595, 35493, 26599, 18236, 27308, 31120, 24487, 36306],[18875, 42018, 18309, 18037, 10427, 36418, 41181, 43188, 27846, 5368, -1, 13429, 45151, 36671, 33825, 45494, 28581, 38609, 4229, 36764, 24268, 22043, 31648, 19516, 45920, 39211, 17367, 38937, 36548, 31757, 40623, 39648, 27749, 36757, 42283, 21190, 44444, 13034, 34842, 10351, 36607, 44404, 2619, 40278, 35789, 39240, 9962, 36367, 26276, 18003, 37443, 21294, 30744, 26882, 19813, 35897, 34645, 43656, 2548, 20161, 20395, 41738, 35567, 21612, 43126, 44690, 15957, 7069, 41158, 13375, 42362, 19741, 36434, 16129, 41424, 36472, 44797, 44427, 43493, 22931, 44857, 29676, 32221, 7610, 27068, 41740, 10852, 41045, 34110],[42384, 33068, 38643, 43893, 41382, 16079, 38003, 32016, 40542, 39031, 13429, -1, 37620, 4986, 30743, 28765, 24694, 34976, 20421, 36994, 44898, 36503, 42514, 9164, 36689, 41186, 36578, 44648, 27499, 35780, 32144, 9266, 44105, 44854, 39255, 34721, 20415, 41183, 40897, 42766, 9158, 30744, 15937, 31298, 15454, 36213, 44433, 45159, 32325, 44628, 31378, 40757, 14432, 23628, 43033, 14708, 20928, 35900, 36421, 33815, 26028, 15365, 33294, 42703, 27525, 43388, 28715, 34427, 35148, 42934, 33369, 24060, 13651, 35800, 43547, 33849, 28450, 42442, 15378, 36864, 24077, 42447, 11967, 45756, 42908, 31866, 42806, 36841, 24067],[31922, 19544, 44294, 40686, 44316, 28803, 31131, 46318, 26762, 45248, 45151, 37620, -1, 25371, 46063, 41282, 9734, 20295, 42564, 40093, 32378, 39019, 37231, 24042, 30347, 30721, 26487, 32530, 45219, 45341, 37904, 44211, 38030, 40548, 35870, 39170, 38169, 39700, 14886, 24584, 29784, 43129, 40824, 40456, 45410, 14403, 45496, 39683, 35591, 44432, 25806, 34111, 35730, 21835, 38328, 32357, 38492, 38556, 39367, 23689, 28015, 35659, 24532, 39525, 27038, 18054, 35787, 38552, 25485, 32361, 3095, 45450, 39995, 8766, 36486, 23496, 28741, 25593, 30084, 43212, 17772, 45570, 28459, 36392, 44243, 19573, 45425, 22896, 30084],[32674, 39161, 23918, 20474, 7391, 42120, 33784, 18535, 34923, 41955, 36671, 4986, 25371, -1, 40588, 38851, 30775, 19443, 21647, 37819, 19145, 37693, 40792, 45412, 32327, 46313, 23574, 12923, 37581, 36368, 30466, 27470, 32565, 38738, 40776, 35675, 19928, 43369, 38156, 23617, 41880, 20756, 24529, 21921, 39567, 40670, 39559, 40964, 18139, 29368, 21635, 4469, 32724, 43399, 31177, 26649, 37304, 45105, 19315, 19963, 34129, 12485, 25165, 41655, 13185, 29601, 41214, 40615, 25356, 40495, 25104, 27467, 10773, 33160, 37511, 44654, 22863, 45797, 41262, 35258, 14199, 32043, 36252, 22840, 33353, 35325, 43621, 27610, 34618],[45654, 7356, 33394, 40547, 15569, 31058, 27906, 33534, 3505, 35835, 33825, 30743, 46063, 40588, -1, 39992, 37693, 40059, 45900, 7669, 19051, 39409, 46305, 24285, 46181, 42759, 7392, 35284, 16275, 33620, 30698, 44262, 42585, 44333, 14311, 19721, 45879, 44015, 31652, 30281, 18709, 44832, 29440, 37743, 28033, 14647, 32978, 44180, 32828, 45505, 28356, 43830, 30402, 4967, 15652, 19471, 40922, 45641, 30030, 44313, 30485, 24192, 45833, 25216, 45437, 40052, 31195, 6963, 13057, 16269, 25050, 45798, 40710, 45181, 11015, 45964, 21111, 24869, 38084, 15840, 33815, 34519, 45530, 44235, 25126, 39202, 12145, 42634, 19334],[45013, 46280, 39903, 34239, 34666, 40205, 39832, 17490, 20988, 5881, 45494, 28765, 41282, 38851, 39992, -1, 24820, 12820, 27539, 45263, 28280, 14206, 32420, 44774, 41339, 17067, 43426, 24690, 39513, 39757, 24989, 26242, 44098, 9878, 42801, 31363, 32111, 45383, 46104, 43112, 41943, 42464, 34225, 43611, 33190, 33417, 45244, 36347, 13874, 31853, 34659, 45290, 43020, 38980, 40764, 37874, 43547, 35718, 6375, 45491, 46068, 30534, 25551, 37636, 27451, 14822, 20023, 18324, 18953, 34901, 18701, 10750, 36629, 34876, 19542, 40629, 37547, 22907, 30206, 39928, 27864, 35404, 46113, 28288, 44638, 15383, 45370, 38401, 41640],[42885, 35640, 34140, 36790, 43106, 39398, 28382, 16998, 41726, 42340, 28581, 24694, 9734, 30775, 37693, 24820, -1, 40028, 15846, 20191, 13220, 29047, 39544, 38050, 21282, 11806, 36425, 30752, 40592, 40135, 25276, 8923, 33645, 43683, 34094, 41228, 37475, 8099, 32828, 37063, 10349, 28458, 27738, 9749, 45996, 10341, 45044, 38631, 45631, 15847, 32841, 38211, 26452, 24067, 15361, 2849, 42524, 45039, 34954, 41896, 39633, 26859, 37656, 43272, 32463, 23982, 17769, 7660, 44411, 27642, 45263, 13281, 35598, 38363, 15288, 40655, 43796, 26379, 28524, 24341, 31777, 43920, 27222, 39696, 22791, 29329, 19842, 22934, 34139],[40603, 44741, 23915, 35293, 42001, 30987, 8166, 25700, 32329, 32892, 38609, 34976, 20295, 19443, 40059, 12820, 40028, -1, 23047, 43755, 20336, 45366, 44207, 45265, 38681, 43169, 40844, 28299, 42758, 9366, 40162, 46058, 8552, 29622, 26929, 21821, 36985, 43650, 40459, 29002, 30031, 38530, 29648, 39908, 21115, 42005, 33580, 12258, 42374, 46307, 39352, 22177, 7294, 17182, 43090, 26505, 22024, 21608, 37472, 43466, 23609, 36294, 32221, 3289, 22722, 44279, 34730, 12180, 39183, 8631, 27015, 20266, 35000, 10770, 26105, 38636, 40713, 24995, 34689, 12592, 23698, 46188, 39106, 41168, 43911, 19381, 26591, 37231, 40285],[40162, 35735, 36593, 38745, 42975, 20636, 36889, 45328, 44606, 32793, 4229, 20421, 42564, 21647, 45900, 27539, 15846, 23047, -1, 46253, 31093, 34609, 33356, 14992, 44734, 21331, 37769, 45294, 31953, 33097, 16283, 44281, 46307, 5765, 32316, 41052, 15049, 45529, 24149, 19273, 41499, 23005, 23933, 42496, 33100, 33113, 45653, 11659, 28677, 27663, 45300, 41639, 39714, 27766, 16952, 36970, 13927, 22840, 24987, 18208, 43586, 26000, 12955, 23225, 28239, 42037, 41439, 40214, 29905, 46085, 34502, 38198, 37774, 39509, 22840, 24331, 22914, 30538, 38250, 36391, 42640, 44273, 26459, 35404, 42486, 43644, 45457, 22656, 41367],[38097, 36920, 4883, 21054, 36787, 41170, 8777, 40901, 44664, 40937, 36764, 36994, 40093, 37819, 7669, 45263, 20191, 43755, 46253, -1, 5386, 39305, 45376, 41864, 43874, 13722, 39217, 41418, 44754, 34051, 41736, 41637, 45272, 28072, 9819, 29174, 26205, 25705, 34198, 28867, 26031, 44837, 32839, 40359, 18492, 29645, 31729, 12106, 42262, 28099, 35663, 38174, 39560, 4589, 26437, 25820, 42349, 34920, 42159, 11727, 11411, 34102, 44160, 43745, 40157, 26992, 43226, 37914, 38466, 27766, 39855, 38546, 17120, 37399, 18523, 12067, 26722, 25157, 26557, 22757, 24698, 26569, 21251, 14486, 32905, 10554, 25029, 32058, 38633],[25137, 31890, 22846, 31607, 40661, 7521, 45685, 28690, 27193, 43972, 24268, 44898, 32378, 19145, 19051, 28280, 13220, 20336, 31093, 5386, -1, 7902, 27257, 36369, 2319, 43305, 31512, 24808, 14639, 17856, 43249, 40665, 36170, 23554, 16432, 10384, 40252, 28696, 43162, 28002, 32902, 29968, 37103, 40718, 39032, 37221, 29798, 45547, 41790, 44211, 36522, 30809, 41397, 25102, 36688, 36400, 41190, 23269, 18148, 29333, 32535, 32644, 21649, 39467, 32607, 12254, 45421, 36559, 38873, 27281, 23092, 16830, 9939, 43908, 10218, 35974, 42694, 43124, 29522, 37697, 26518, 28578, 9266, 43383, 35329, 33673, 36078, 38507, 36116],[26432, 45488, 44394, 19116, 13943, 41999, 40076, 8337, 24859, 42626, 22043, 36503, 39019, 37693, 39409, 14206, 29047, 45366, 34609, 39305, 7902, -1, 35164, 38589, 14996, 37607, 19412, 41703, 41916, 43939, 38417, 14193, 34787, 32041, 30955, 35648, 42500, 40538, 13065, 34365, 42041, 37762, 39955, 6759, 31011, 13827, 19135, 36255, 31083, 25680, 32106, 42273, 6237, 39666, 43193, 19067, 30574, 17467, 36093, 44490, 37877, 32282, 20559, 11288, 13677, 32549, 19534, 40329, 38317, 44061, 45497, 39441, 35474, 36380, 36734, 13558, 14874, 42207, 31573, 34554, 37423, 9657, 23133, 27952, 45566, 12589, 30451, 30802, 30932],[45504, 45016, 45182, 43665, 7296, 18231, 16089, 34992, 17004, 7666, 31648, 42514, 37231, 40792, 46305, 32420, 39544, 44207, 33356, 45376, 27257, 35164, -1, 31305, 30685, 37053, 28132, 45593, 6889, 40731, 16980, 33624, 20789, 42278, 22917, 20522, 35919, 31660, 38994, 32553, 45176, 36854, 14115, 27981, 44061, 9877, 45323, 24539, 44099, 37156, 36618, 38930, 41770, 27364, 36259, 24184, 25034, 44336, 38106, 41997, 42445, 10537, 29095, 28971, 25095, 39129, 36933, 16565, 44056, 45075, 37154, 44293, 33254, 35739, 30191, 29144, 39450, 29609, 39810, 41429, 24154, 36969, 46276, 16062, 25719, 18143, 24277, 11281, 28778],[44890, 44138, 30909, 6441, 18807, 39429, 38858, 11336, 28838, 31311, 19516, 9164, 24042, 45412, 24285, 44774, 38050, 45265, 14992, 41864, 36369, 38589, 31305, -1, 44434, 34001, 35274, 40357, 35064, 31511, 35950, 33242, 18597, 45013, 40716, 44673, 22841, 36367, 44618, 42932, 7966, 25102, 39803, 38409, 25294, 6386, 12532, 41098, 36090, 34423, 34566, 33188, 38450, 20804, 2873, 29780, 22720, 10694, 45116, 42165, 39969, 9038, 33942, 13357, 42939, 35201, 44801, 38634, 34367, 42851, 36354, 36318, 31162, 26815, 40521, 24487, 45817, 38093, 7204, 29228, 22304, 32540, 9300, 26867, 36633, 9297, 17653, 44792, 20697],[18701, 44507, 35157, 5678, 12417, 35017, 27527, 29827, 41035, 28145, 45920, 36689, 30347, 32327, 46181, 41339, 21282, 38681, 44734, 43874, 2319, 14996, 30685, 44434, -1, 26713, 21881, 33869, 38680, 45148, 34989, 39325, 26710, 40350, 23941, 4371, 40025, 20244, 28468, 22625, 43924, 34920, 4750, 27354, 29885, 6629, 34989, 39267, 46151, 41579, 16334, 5168, 17877, 28272, 32076, 9503, 43743, 46025, 33808, 43913, 23827, 37478, 7796, 38061, 17057, 46315, 40464, 44061, 28712, 32975, 30300, 45296, 26953, 40712, 38677, 44044, 10828, 37299, 45544, 38060, 38410, 46168, 41938, 29073, 42660, 14930, 37003, 19950, 18577],[30673, 33528, 36306, 41385, 23743, 28659, 25037, 17642, 35886, 21633, 39211, 41186, 30721, 46313, 42759, 17067, 11806, 43169, 21331, 13722, 43305, 37607, 37053, 34001, 26713, -1, 33670, 44811, 43361, 38067, 26329, 21198, 8028, 29250, 38626, 16975, 39973, 41734, 42540, 41596, 33390, 20082, 40925, 34001, 12714, 44063, 29689, 28762, 11867, 35914, 40259, 43564, 40279, 45017, 38265, 35847, 22777, 36229, 43475, 29875, 28209, 35498, 39613, 26461, 43933, 18462, 40021, 38128, 26261, 44546, 35623, 10875, 6426, 45731, 18627, 32975, 40033, 37646, 12826, 28136, 13762, 13512, 8116, 27277, 36684, 22791, 11159, 20496, 38704],[21834, 35703, 8218, 25836, 36927, 37858, 32988, 36061, 16569, 25872, 17367, 36578, 26487, 23574, 7392, 43426, 36425, 40844, 37769, 39217, 31512, 19412, 28132, 35274, 21881, 33670, -1, 32670, 39710, 10256, 17379, 32979, 42132, 11622, 45089, 17804, 42994, 30194, 9907, 28583, 9869, 35123, 37095, 44588, 1538, 25065, 24305, 25276, 19958, 27293, 19644, 43831, 42662, 20274, 42404, 32454, 28824, 46008, 41930, 41455, 19437, 39369, 45864, 18317, 43896, 42455, 20852, 42876, 36016, 9271, 20250, 37069, 19315, 41510, 23640, 43685, 18706, 11408, 28329, 39631, 27827, 29176, 28551, 35995, 45147, 20858, 15609, 45536, 31576],[35974, 15785, 26532, 29209, 38162, 27331, 36309, 30257, 27478, 44393, 38937, 44648, 32530, 12923, 35284, 24690, 30752, 28299, 45294, 41418, 24808, 41703, 45593, 40357, 33869, 44811, 32670, -1, 28302, 42762, 35713, 29350, 12724, 19454, 20267, 40786, 41424, 11449, 20677, 23819, 43246, 23051, 32716, 36844, 22014, 31751, 45662, 44577, 38974, 45205, 44317, 20655, 22391, 28554, 33189, 43298, 34462, 26591, 29549, 17164, 36245, 19924, 41838, 26546, 36080, 33869, 17734, 33158, 36319, 30994, 25206, 26796, 34564, 28960, 20833, 41965, 28178, 22099, 44524, 46232, 33401, 38186, 25142, 27658, 13454, 42793, 29510, 40737, 41628],[28416, 15305, 31729, 31471, 6003, 23543, 35441, 28855, 41222, 28991, 36548, 27499, 45219, 37581, 16275, 39513, 40592, 42758, 31953, 44754, 14639, 41916, 6889, 35064, 38680, 43361, 39710, 28302, -1, 39161, 23022, 23478, 24708, 22340, 31988, 24906, 16299, 41819, 44639, 37728, 11453, 44366, 41274, 11976, 38475, 20872, 35729, 30723, 15565, 36204, 22462, 18176, 42764, 21664, 7240, 40192, 45150, 34172, 39547, 42045, 28053, 8252, 2261, 20176, 21365, 30650, 33067, 29366, 41256, 6339, 37405, 19599, 17507, 16739, 38146, 12208, 40644, 46310, 19740, 40666, 8591, 35358, 36485, 1867, 42978, 35425, 45294, 19678, 26895],[19932, 44805, 45912, 44336, 38215, 6535, 28705, 36186, 43282, 16814, 31757, 35780, 45341, 36368, 33620, 39757, 40135, 9366, 33097, 34051, 17856, 43939, 40731, 31511, 45148, 38067, 10256, 42762, 39161, -1, 33088, 20576, 21026, 16699, 12399, 35746, 43258, 15492, 37750, 34422, 34904, 30512, 16786, 37997, 23904, 40522, 12048, 36996, 44738, 44163, 16196, 45359, 30509, 32772, 20652, 44820, 29270, 37841, 35843, 11124, 11758, 25108, 22876, 43518, 21388, 22538, 26097, 30726, 35059, 30675, 41635, 40600, 37147, 28146, 34592, 10391, 20540, 41951, 42817, 37522, 36605, 42898, 29261, 23768, 30659, 42786, 44808, 27890, 35681],[12902, 21134, 44019, 32992, 23218, 43054, 43167, 43957, 10943, 34014, 40623, 32144, 37904, 30466, 30698, 24989, 25276, 40162, 16283, 41736, 43249, 38417, 16980, 35950, 34989, 26329, 17379, 35713, 23022, 33088, -1, 42902, 23399, 38688, 32917, 32187, 25226, 46290, 24704, 35928, 43801, 21097, 39015, 39565, 9896, 35115, 12841, 40609, 40292, 39565, 21337, 26370, 45367, 30649, 29312, 39682, 36297, 35810, 29150, 31273, 42958, 45374, 29715, 39188, 42788, 40665, 21513, 33740, 16011, 45871, 15143, 28347, 20907, 21674, 38081, 35100, 30407, 13657, 42415, 43506, 34634, 2776, 25250, 40332, 43306, 31730, 24313, 32901, 15843],[14808, 35489, 33542, 35119, 41425, 21624, 3518, 45919, 25587, 41673, 39648, 9266, 44211, 27470, 44262, 26242, 8923, 46058, 44281, 41637, 40665, 14193, 33624, 33242, 39325, 21198, 32979, 29350, 23478, 20576, 42902, -1, 29157, 45483, 18425, 42278, 32555, 29250, 32950, 43514, 44205, 23235, 42338, 44739, 45627, 27585, 37199, 36681, 21772, 26759, 41273, 26013, 36607, 22976, 32759, 20441, 25884, 38490, 29136, 25636, 20344, 39809, 28228, 44996, 35029, 20941, 18178, 36585, 32887, 18958, 33965, 25707, 29727, 37315, 37375, 23904, 13972, 32303, 34591, 39072, 16080, 34924, 18493, 38489, 41197, 30052, 22372, 44465, 35621],[28639, 35267, 42679, 38801, 41752, 13547, 2615, 37873, 2785, 15061, 27749, 44105, 38030, 32565, 42585, 44098, 33645, 8552, 46307, 45272, 36170, 34787, 20789, 18597, 26710, 8028, 42132, 12724, 24708, 21026, 23399, 29157, -1, 33689, 35120, 32955, 20534, 40805, 39669, 31138, 28059, 6067, 24652, 27490, 13976, 8850, 18917, 32186, 17618, 25982, 35522, 34899, 34071, 40431, 25421, 17039, 7882, 19350, 8923, 40062, 25218, 5546, 37668, 35385, 30319, 37931, 39527, 27324, 42094, 16252, 28749, 29111, 15369, 26230, 43108, 44916, 46154, 20902, 32016, 39022, 30364, 34465, 24474, 36515, 19963, 30557, 10828, 26334, 28907],[40318, 22543, 13137, 44813, 29963, 44008, 35963, 42081, 46132, 16695, 36757, 44854, 40548, 38738, 44333, 9878, 43683, 29622, 5765, 28072, 23554, 32041, 42278, 45013, 40350, 29250, 11622, 19454, 22340, 16699, 38688, 45483, 33689, -1, 27291, 10144, 28655, 44838, 32290, 43655, 17947, 18984, 32028, 39542, 40315, 46266, 22427, 38485, 20660, 36017, 36390, 36311, 45527, 36639, 43714, 14955, 37855, 18948, 38845, 23905, 45904, 28109, 45926, 44273, 24638, 37207, 36421, 19738, 36971, 16714, 24327, 21855, 9191, 40324, 46280, 42550, 16652, 18133, 39001, 28964, 32458, 36111, 33382, 29033, 31551, 44482, 13778, 39107, 19698],[44573, 38866, 36820, 37236, 45762, 9727, 18732, 15120, 28955, 10825, 42283, 39255, 35870, 40776, 14311, 42801, 34094, 26929, 32316, 9819, 16432, 30955, 22917, 40716, 23941, 38626, 45089, 20267, 31988, 12399, 32917, 18425, 35120, 27291, -1, 34236, 42032, 17310, 27189, 39157, 14053, 44216, 9332, 42671, 29250, 33673, 29853, 42762, 34878, 6281, 25519, 9246, 42233, 28596, 17092, 19783, 8583, 20078, 23590, 39232, 28841, 40733, 38868, 41739, 29504, 20958, 24239, 34565, 24995, 41848, 27955, 19205, 42815, 38497, 26662, 27874, 11382, 17072, 32320, 45601, 31462, 15628, 39268, 3064, 27756, 26962, 34031, 34345, 40757],[20027, 21926, 41123, 40033, 33400, 17157, 20853, 40438, 22472, 22981, 21190, 34721, 39170, 35675, 19721, 31363, 41228, 21821, 41052, 29174, 10384, 35648, 20522, 44673, 4371, 16975, 17804, 40786, 24906, 35746, 32187, 42278, 32955, 10144, 34236, -1, 34150, 19175, 45314, 36400, 14738, 22504, 45877, 29847, 38034, 34906, 42750, 40616, 30170, 25547, 15830, 36332, 43787, 38991, 43647, 44543, 42514, 43154, 18404, 20747, 43082, 1996, 11730, 37491, 13922, 35404, 28227, 32663, 33296, 16329, 34882, 40917, 21729, 40988, 40547, 25612, 40358, 26879, 44425, 18620, 35734, 25639, 39460, 41350, 36470, 2145, 23373, 36943, 34088],[24361, 34034, 28460, 28509, 29030, 34834, 37034, 44804, 39880, 28336, 44444, 20415, 38169, 19928, 45879, 32111, 37475, 36985, 15049, 26205, 40252, 42500, 35919, 22841, 40025, 39973, 42994, 41424, 16299, 43258, 25226, 32555, 20534, 28655, 42032, 34150, -1, 21647, 17762, 23299, 18308, 37253, 22117, 43186, 43713, 20857, 43423, 21185, 41305, 18560, 33152, 31227, 38325, 31623, 15436, 41563, 26416, 45580, 9192, 10960, 11631, 44717, 28611, 13892, 35693, 27681, 31904, 25808, 17911, 18969, 39266, 44234, 43717, 6630, 41289, 39398, 29392, 24310, 13109, 3379, 32484, 30508, 10744, 25022, 38916, 21572, 34769, 29127, 34188],[33948, 40723, 25355, 14680, 19666, 13758, 30694, 16180, 41996, 33872, 13034, 41183, 39700, 43369, 44015, 45383, 8099, 43650, 45529, 25705, 28696, 40538, 31660, 36367, 20244, 41734, 30194, 11449, 41819, 15492, 46290, 29250, 40805, 44838, 17310, 19175, 21647, -1, 17804, 22875, 27147, 25241, 28534, 45173, 45116, 43931, 39235, 2158, 36587, 31695, 40987, 24602, 33167, 21549, 12402, 21304, 39031, 32537, 20009, 32533, 7961, 9047, 41026, 32143, 7478, 44234, 36808, 39989, 27449, 8983, 24803, 17058, 34457, 39329, 17810, 30490, 27991, 28031, 42924, 37121, 28142, 24131, 45041, 31618, 20608, 25495, 40002, 13022, 25268],[27105, 29849, 44258, 12345, 27800, 27430, 17609, 33647, 937, 45030, 34842, 40897, 14886, 38156, 31652, 46104, 32828, 40459, 24149, 34198, 43162, 13065, 38994, 44618, 28468, 42540, 9907, 20677, 44639, 37750, 24704, 32950, 39669, 32290, 27189, 45314, 17762, 17804, -1, 45304, 44611, 9881, 31571, 25896, 44469, 34296, 42148, 7911, 44836, 38742, 36496, 37087, 19737, 12601, 26912, 26295, 39889, 41154, 44310, 37148, 18874, 10967, 17676, 30995, 43330, 35484, 42422, 40409, 15944, 39557, 38234, 20205, 42202, 43856, 30368, 45748, 41634, 39581, 42968, 34063, 41401, 28970, 40713, 22979, 38277, 46203, 44700, 27253, 31654],[40291, 13362, 41673, 33870, 46229, 33887, 14469, 27430, 15032, 12126, 10351, 42766, 24584, 23617, 30281, 43112, 37063, 29002, 19273, 28867, 28002, 34365, 32553, 42932, 22625, 41596, 28583, 23819, 37728, 34422, 35928, 43514, 31138, 43655, 39157, 36400, 23299, 22875, 45304, -1, 35330, 41929, 30642, 42732, 45035, 14400, 25074, 43790, 12808, 43245, 31874, 5873, 17071, 41938, 5983, 35285, 36919, 10398, 34725, 25813, 32905, 34192, 32348, 35794, 35513, 28671, 40804, 9362, 38673, 44321, 35234, 29273, 17207, 33569, 11338, 39367, 42508, 36364, 34274, 32031, 31366, 40155, 44977, 27161, 15657, 16279, 33603, 29415, 9658],[37045, 21443, 44699, 20245, 46056, 36564, 34817, 29948, 39007, 34896, 36607, 9158, 29784, 41880, 18709, 41943, 10349, 30031, 41499, 26031, 32902, 42041, 45176, 7966, 43924, 33390, 9869, 43246, 11453, 34904, 43801, 44205, 28059, 17947, 14053, 14738, 18308, 27147, 44611, 35330, -1, 44382, 25252, 9606, 42643, 18233, 11761, 40663, 35097, 15508, 23931, 45394, 24453, 18251, 36680, 45170, 28843, 37691, 29164, 41205, 37782, 13639, 18551, 44183, 16221, 42172, 42239, 36223, 27673, 27321, 17073, 44833, 31396, 46321, 44502, 28337, 36157, 25653, 35261, 42861, 16935, 45554, 44368, 9247, 43923, 40521, 37632, 37863, 43388],[5406, 24108, 42648, 36262, 31223, 43792, 26464, 30021, 41262, 31925, 44404, 30744, 43129, 20756, 44832, 42464, 28458, 38530, 23005, 44837, 29968, 37762, 36854, 25102, 34920, 20082, 35123, 23051, 44366, 30512, 21097, 23235, 6067, 18984, 44216, 22504, 37253, 25241, 9881, 41929, 44382, -1, 17287, 27405, 25664, 28829, 22565, 26648, 10383, 36457, 20992, 33623, 13987, 32657, 44594, 21635, 42618, 36039, 33021, 45053, 31488, 27671, 38246, 16293, 39477, 31346, 10253, 35986, 43176, 42199, 13225, 38226, 4256, 33397, 22529, 25740, 25623, 29026, 7352, 42366, 9858, 16555, 43608, 21765, 24925, 20290, 35554, 45385, 37480],[15562, 20715, 28406, 38800, 42241, 6787, 20506, 38679, 46324, 18348, 2619, 15937, 40824, 24529, 29440, 34225, 27738, 29648, 23933, 32839, 37103, 39955, 14115, 39803, 4750, 40925, 37095, 32716, 41274, 16786, 39015, 42338, 24652, 32028, 9332, 45877, 22117, 28534, 31571, 30642, 25252, 17287, -1, 19306, 25550, 39654, 19949, 27830, 44381, 35233, 35410, 40156, 22182, 26491, 24043, 15095, 45964, 21746, 18461, 30161, 45377, 39693, 26458, 35888, 44519, 45945, 29579, 38989, 40636, 33046, 20875, 12632, 36628, 22820, 44098, 38883, 15253, 39227, 43799, 8154, 39913, 41279, 41980, 19537, 24062, 46039, 40890, 9071, 29773],[22857, 43876, 19613, 18061, 37030, 44956, 31318, 31054, 37477, 46011, 40278, 31298, 40456, 21921, 37743, 43611, 9749, 39908, 42496, 40359, 40718, 6759, 27981, 38409, 27354, 34001, 44588, 36844, 11976, 37997, 39565, 44739, 27490, 39542, 42671, 29847, 43186, 45173, 25896, 42732, 9606, 27405, 19306, -1, 40206, 21396, 31034, 35557, 40540, 34000, 27771, 36584, 42837, 15605, 9061, 29444, 32980, 27303, 39762, 42294, 35161, 16814, 38925, 31691, 41863, 10632, 30728, 10346, 16271, 38656, 36442, 27527, 17966, 28948, 5278, 43001, 21790, 34412, 28605, 16833, 32867, 30215, 42962, 43832, 31862, 18489, 39622, 42505, 26717],[46096, 42863, 20802, 27493, 34099, 45108, 39217, 5653, 28954, 44964, 35789, 15454, 45410, 39567, 28033, 33190, 45996, 21115, 33100, 18492, 39032, 31011, 44061, 25294, 29885, 12714, 1538, 22014, 38475, 23904, 9896, 45627, 13976, 40315, 29250, 38034, 43713, 45116, 44469, 45035, 42643, 25664, 25550, 40206, -1, 28865, 38078, 27758, 10951, 24982, 11442, 18067, 29545, 28000, 37969, 30414, 14151, 20609, 28430, 9811, 35446, 39150, 28314, 22752, 34387, 26531, 24402, 44559, 39029, 32727, 29274, 34990, 40397, 28821, 25904, 37020, 29733, 41688, 30228, 12008, 20243, 37170, 45089, 29474, 22340, 38226, 39617, 44825, 37011],[30748, 19513, 39707, 23091, 36968, 21918, 42829, 46248, 41835, 34588, 39240, 36213, 14403, 40670, 14647, 33417, 10341, 42005, 33113, 29645, 37221, 13827, 9877, 6386, 6629, 44063, 25065, 31751, 20872, 40522, 35115, 27585, 8850, 46266, 33673, 34906, 20857, 43931, 34296, 14400, 18233, 28829, 39654, 21396, 28865, -1, 32435, 45502, 30496, 42689, 17497, 22123, 40961, 31556, 28029, 28858, 27826, 13699, 18212, 27414, 43283, 28544, 38215, 21095, 46217, 35393, 38565, 26926, 34033, 36066, 28697, 11495, 30785, 41021, 42945, 25645, 20160, 40583, 37314, 16415, 33557, 46241, 40504, 43053, 8339, 28166, 40170, 35992, 23721],[16673, 41305, 29738, 13237, 32540, 43212, 43464, 22869, 21056, 14725, 9962, 44433, 45496, 39559, 32978, 45244, 45044, 33580, 45653, 31729, 29798, 19135, 45323, 12532, 34989, 29689, 24305, 45662, 35729, 12048, 12841, 37199, 18917, 22427, 29853, 42750, 43423, 39235, 42148, 25074, 11761, 22565, 19949, 31034, 38078, 32435, -1, 32779, 35302, 34202, 41899, 36696, 26966, 38463, 33884, 11141, 28344, 5722, 4530, 22006, 35575, 10782, 28636, 39595, 29949, 46180, 25431, 39700, 44195, 40709, 46082, 15881, 34704, 29591, 14111, 42687, 37677, 31541, 41451, 27984, 45127, 24630, 28416, 34340, 37716, 31492, 29940, 15569, 32806],[10104, 45005, 16522, 13513, 25596, 29726, 35770, 42842, 36967, 16679, 36367, 45159, 39683, 40964, 44180, 36347, 38631, 12258, 11659, 12106, 45547, 36255, 24539, 41098, 39267, 28762, 25276, 44577, 30723, 36996, 40609, 36681, 32186, 38485, 42762, 40616, 21185, 2158, 7911, 43790, 40663, 26648, 27830, 35557, 27758, 45502, 32779, -1, 39701, 38539, 46127, 23491, 39184, 35140, 39573, 35394, 32319, 44165, 35486, 24984, 28472, 31983, 27579, 22551, 45477, 28593, 43359, 18132, 43586, 41382, 38428, 38205, 29824, 24921, 44697, 42662, 43992, 15132, 37190, 33931, 32249, 35410, 44307, 39203, 40342, 43317, 38906, 44529, 44075],[24919, 27243, 14201, 18976, 24203, 39455, 25752, 20030, 42358, 27654, 26276, 32325, 35591, 18139, 32828, 13874, 45631, 42374, 28677, 42262, 41790, 31083, 44099, 36090, 46151, 11867, 19958, 38974, 15565, 44738, 40292, 21772, 17618, 20660, 34878, 30170, 41305, 36587, 44836, 12808, 35097, 10383, 44381, 40540, 10951, 30496, 35302, 39701, -1, 43643, 39756, 43152, 34076, 21047, 43816, 5576, 38915, 45031, 19307, 43846, 10861, 35419, 32519, 23617, 43837, 27968, 43993, 45014, 22826, 27210, 21303, 19478, 25752, 41691, 39603, 32568, 35557, 41410, 44046, 43588, 29537, 16517, 16694, 29481, 25580, 32592, 36592, 18500, 29103],[41177, 46045, 29721, 38176, 27226, 26958, 45395, 33193, 42212, 32989, 18003, 44628, 44432, 29368, 45505, 31853, 15847, 46307, 27663, 28099, 44211, 25680, 37156, 34423, 41579, 35914, 27293, 45205, 36204, 44163, 39565, 26759, 25982, 36017, 6281, 25547, 18560, 31695, 38742, 43245, 15508, 36457, 35233, 34000, 24982, 42689, 34202, 38539, 43643, -1, 40960, 33871, 40950, 45357, 35823, 41164, 14153, 25599, 29829, 40999, 25625, 36491, 44863, 29868, 10388, 19570, 18782, 38458, 28242, 44139, 31659, 14433, 46219, 44321, 38980, 45901, 24027, 44966, 22958, 45337, 44703, 8802, 23280, 36819, 30737, 31368, 38118, 33942, 40246],[45547, 37798, 27102, 39276, 43811, 42986, 45921, 29176, 35615, 23015, 37443, 31378, 25806, 21635, 28356, 34659, 32841, 39352, 45300, 35663, 36522, 32106, 36618, 34566, 16334, 40259, 19644, 44317, 22462, 16196, 21337, 41273, 35522, 36390, 25519, 15830, 33152, 40987, 36496, 31874, 23931, 20992, 35410, 27771, 11442, 17497, 41899, 46127, 39756, 40960, -1, 44694, 367, 42091, 35357, 30288, 32455, 25355, 44795, 36219, 40133, 24632, 31572, 41398, 14305, 7709, 24034, 42397, 39406, 21208, 34901, 42366, 33491, 37124, 21852, 32010, 34049, 17838, 35325, 43912, 41116, 26339, 26220, 24258, 18435, 27803, 10692, 45725, 40594],[17620, 36850, 26739, 24442, 31067, 45416, 36758, 29233, 38638, 33242, 21294, 40757, 34111, 4469, 43830, 45290, 38211, 22177, 41639, 38174, 30809, 42273, 38930, 33188, 5168, 43564, 43831, 20655, 18176, 45359, 26370, 26013, 34899, 36311, 9246, 36332, 31227, 24602, 37087, 5873, 45394, 33623, 40156, 36584, 18067, 22123, 36696, 23491, 43152, 33871, 44694, -1, 24989, 46177, 32506, 28962, 32515, 36078, 39315, 33457, 42704, 23256, 36054, 42921, 33926, 30780, 43634, 10625, 8213, 20348, 17471, 4920, 8743, 34679, 29868, 38756, 42073, 38965, 39379, 19199, 27788, 43463, 11748, 32740, 18394, 40422, 42791, 16238, 37030],[9964, 25692, 23631, 12342, 25250, 42054, 5100, 20854, 36032, 31668, 30744, 14432, 35730, 32724, 30402, 43020, 26452, 7294, 39714, 39560, 41397, 6237, 41770, 38450, 17877, 40279, 42662, 22391, 42764, 30509, 45367, 36607, 34071, 45527, 42233, 43787, 38325, 33167, 19737, 17071, 24453, 13987, 22182, 42837, 29545, 40961, 26966, 39184, 34076, 40950, 367, 24989, -1, 33072, 43889, 39750, 41360, 41866, 43656, 28657, 39023, 16422, 37840, 29365, 21235, 15161, 33957, 26370, 40563, 43423, 44481, 41702, 42083, 39106, 41349, 33461, 13527, 29720, 45580, 45424, 26249, 42893, 20428, 39304, 30733, 42852, 38018, 40296, 36637],[34042, 6278, 33564, 35099, 26683, 20432, 15245, 27684, 43484, 43924, 26882, 23628, 21835, 43399, 4967, 38980, 24067, 17182, 27766, 4589, 25102, 39666, 27364, 20804, 28272, 45017, 20274, 28554, 21664, 32772, 30649, 22976, 40431, 36639, 28596, 38991, 31623, 21549, 12601, 41938, 18251, 32657, 26491, 15605, 28000, 31556, 38463, 35140, 21047, 45357, 42091, 46177, 33072, -1, 35964, 21187, 25386, 30372, 41998, 26465, 23318, 45921, 33638, 44442, 34481, 34956, 22577, 4894, 21836, 21095, 46178, 32715, 42586, 36569, 44957, 43888, 43287, 36920, 15531, 38313, 44112, 24040, 11510, 28241, 21810, 40034, 25612, 29726, 42409],[7256, 43865, 43035, 31221, 36869, 17757, 37944, 39933, 41934, 29005, 19813, 43033, 38328, 31177, 15652, 40764, 15361, 43090, 16952, 26437, 36688, 43193, 36259, 2873, 32076, 38265, 42404, 33189, 7240, 20652, 29312, 32759, 25421, 43714, 17092, 43647, 15436, 12402, 26912, 5983, 36680, 44594, 24043, 9061, 37969, 28029, 33884, 39573, 43816, 35823, 35357, 32506, 43889, 35964, -1, 44453, 41992, 19401, 21827, 28629, 38011, 5144, 37700, 39401, 40534, 44732, 30989, 20114, 30547, 33301, 19421, 45481, 30687, 17068, 29120, 33354, 31437, 39633, 23334, 35074, 32038, 15371, 18991, 38470, 8523, 41448, 32750, 43390, 22579],[33412, 36223, 14059, 13355, 22256, 23372, 39256, 32073, 38394, 30898, 35897, 14708, 32357, 26649, 19471, 37874, 2849, 26505, 36970, 25820, 36400, 19067, 24184, 29780, 9503, 35847, 32454, 43298, 40192, 44820, 39682, 20441, 17039, 14955, 19783, 44543, 41563, 21304, 26295, 35285, 45170, 21635, 15095, 29444, 30414, 28858, 11141, 35394, 5576, 41164, 30288, 28962, 39750, 21187, 44453, -1, 12006, 38615, 21804, 45932, 12696, 44481, 32399, 38957, 6499, 33040, 32020, 41464, 42956, 31235, 25009, 31375, 24927, 41148, 12871, 36022, 43112, 31472, 40470, 6591, 12779, 38475, 38705, 43185, 30089, 13687, 15276, 32748, 45596],[34529, 11539, 40414, 34260, 41461, 35336, 44445, 45591, 8939, 7736, 34645, 20928, 38492, 37304, 40922, 43547, 42524, 22024, 13927, 42349, 41190, 30574, 25034, 22720, 43743, 22777, 28824, 34462, 45150, 29270, 36297, 25884, 7882, 37855, 8583, 42514, 26416, 39031, 39889, 36919, 28843, 42618, 45964, 32980, 14151, 27826, 28344, 32319, 38915, 14153, 32455, 32515, 41360, 25386, 41992, 12006, -1, 32417, 46160, 39590, 36118, 42890, 27290, 19098, 45205, 22366, 41592, 37469, 11791, 34818, 43941, 17317, 43197, 12422, 34596, 38611, 40432, 40891, 32702, 28590, 44448, 23293, 2438, 16725, 34819, 39199, 44952, 25029, 38857],[39604, 20239, 14400, 36485, 42887, 31896, 23560, 33164, 27886, 34713, 43656, 35900, 38556, 45105, 45641, 35718, 45039, 21608, 22840, 34920, 23269, 17467, 44336, 10694, 46025, 36229, 46008, 26591, 34172, 37841, 35810, 38490, 19350, 18948, 20078, 43154, 45580, 32537, 41154, 10398, 37691, 36039, 21746, 27303, 20609, 13699, 5722, 44165, 45031, 25599, 25355, 36078, 41866, 30372, 19401, 38615, 32417, -1, 39131, 21448, 34182, 35178, 40086, 34367, 28313, 15751, 6140, 42610, 22959, 30221, 22775, 16263, 29079, 19430, 30659, 31288, 34082, 33778, 43103, 9242, 38523, 26061, 34962, 13015, 35119, 45985, 12666, 30485, 40525],[14337, 39634, 38983, 23395, 33942, 21941, 36834, 34506, 41208, 19961, 2548, 36421, 39367, 19315, 30030, 6375, 34954, 37472, 24987, 42159, 18148, 36093, 38106, 45116, 33808, 43475, 41930, 29549, 39547, 35843, 29150, 29136, 8923, 38845, 23590, 18404, 9192, 20009, 44310, 34725, 29164, 33021, 18461, 39762, 28430, 18212, 4530, 35486, 19307, 29829, 44795, 39315, 43656, 41998, 21827, 21804, 46160, 39131, -1, 36450, 23214, 35727, 38052, 28209, 32207, 23544, 38325, 38648, 17947, 41829, 37774, 17061, 7108, 36326, 41746, 44181, 24503, 10595, 29179, 37714, 33594, 28317, 31899, 28356, 14449, 33856, 43916, 44200, 31217],[17009, 30940, 34310, 39993, 20508, 38465, 37439, 22112, 15986, 22539, 20161, 33815, 23689, 19963, 44313, 45491, 41896, 43466, 18208, 11727, 29333, 44490, 41997, 42165, 43913, 29875, 41455, 17164, 42045, 11124, 31273, 25636, 40062, 23905, 39232, 20747, 10960, 32533, 37148, 25813, 41205, 45053, 30161, 42294, 9811, 27414, 22006, 24984, 43846, 40999, 36219, 33457, 28657, 26465, 28629, 45932, 39590, 21448, 36450, -1, 11940, 41219, 26918, 40487, 42821, 19522, 45414, 22949, 34043, 36225, 43491, 5185, 23612, 44956, 41874, 26010, 32833, 26022, 41035, 13446, 19382, 37062, 30263, 41562, 26768, 16126, 40466, 42256, 27775],[24427, 37462, 23020, 34358, 14737, 31826, 42924, 27186, 25141, 30559, 20395, 26028, 28015, 34129, 30485, 46068, 39633, 23609, 43586, 11411, 32535, 37877, 42445, 39969, 23827, 28209, 19437, 36245, 28053, 11758, 42958, 20344, 25218, 45904, 28841, 43082, 11631, 7961, 18874, 32905, 37782, 31488, 45377, 35161, 35446, 43283, 35575, 28472, 10861, 25625, 40133, 42704, 39023, 23318, 38011, 12696, 36118, 34182, 23214, 11940, -1, 35570, 43801, 37402, 12039, 16628, 39013, 22459, 14932, 32972, 33309, 27948, 37950, 14446, 23336, 29417, 37992, 25953, 38552, 26799, 30438, 36997, 29105, 36569, 41995, 27962, 27627, 34455, 932],[25997, 21336, 46207, 35540, 33345, 45152, 35455, 45741, 19371, 41825, 41738, 15365, 35659, 12485, 24192, 30534, 26859, 36294, 26000, 34102, 32644, 32282, 10537, 9038, 37478, 35498, 39369, 19924, 8252, 25108, 45374, 39809, 5546, 28109, 40733, 1996, 44717, 9047, 10967, 34192, 13639, 27671, 39693, 16814, 39150, 28544, 10782, 31983, 35419, 36491, 24632, 23256, 16422, 45921, 5144, 44481, 42890, 35178, 35727, 41219, 35570, -1, 42807, 34179, 29254, 35666, 32586, 36466, 28363, 43110, 25391, 44488, 32050, 44830, 28477, 37967, 44727, 30332, 40489, 18524, 32399, 34765, 37720, 40502, 38693, 19882, 46087, 39411, 16088],[18139, 23890, 37488, 21456, 36109, 31960, 36226, 39163, 45012, 40469, 35567, 33294, 24532, 25165, 45833, 25551, 37656, 32221, 12955, 44160, 21649, 20559, 29095, 33942, 7796, 39613, 45864, 41838, 2261, 22876, 29715, 28228, 37668, 45926, 38868, 11730, 28611, 41026, 17676, 32348, 18551, 38246, 26458, 38925, 28314, 38215, 28636, 27579, 32519, 44863, 31572, 36054, 37840, 33638, 37700, 32399, 27290, 40086, 38052, 26918, 43801, 42807, -1, 44107, 7403, 42315, 36926, 32369, 34027, 36302, 17558, 29942, 9540, 30864, 44283, 35817, 40026, 34787, 40927, 30522, 35771, 14250, 29701, 24785, 14225, 30224, 40498, 41464, 3226],[44442, 30618, 28495, 40214, 24153, 36958, 20263, 37192, 32811, 22133, 21612, 42703, 39525, 41655, 25216, 37636, 43272, 3289, 23225, 43745, 39467, 11288, 28971, 13357, 38061, 26461, 18317, 26546, 20176, 43518, 39188, 44996, 35385, 44273, 41739, 37491, 13892, 32143, 30995, 35794, 44183, 16293, 35888, 31691, 22752, 21095, 39595, 22551, 23617, 29868, 41398, 42921, 29365, 44442, 39401, 38957, 19098, 34367, 28209, 40487, 37402, 34179, 44107, -1, 26115, 32084, 41779, 37404, 7821, 45198, 31717, 36133, 33198, 21240, 34790, 24558, 44258, 31155, 34264, 6899, 46339, 24491, 39810, 34149, 39224, 30297, 29769, 40432, 17520],[38742, 44256, 41252, 44961, 37037, 14564, 16593, 39398, 42186, 35965, 43126, 27525, 27038, 13185, 45437, 27451, 32463, 22722, 28239, 40157, 32607, 13677, 25095, 42939, 17057, 43933, 43896, 36080, 21365, 21388, 42788, 35029, 30319, 24638, 29504, 13922, 35693, 7478, 43330, 35513, 16221, 39477, 44519, 41863, 34387, 46217, 29949, 45477, 43837, 10388, 14305, 33926, 21235, 34481, 40534, 6499, 45205, 28313, 32207, 42821, 12039, 29254, 7403, 26115, -1, 42534, 19950, 39636, 18034, 10175, 40042, 29198, 39293, 43265, 41256, 28793, 35794, 29004, 41012, 150