77
[[-1, 398, 340, 238, 152, 447, 217, 246, 390, 217, 355, 386, 355, 456, 452, 55, 337, 589, 632, 601, 221, 486, 183, 588, 471, 370, 448, 533, 129, 70, 361, 569, 518, 484, 409, 276, 505, 544, 332, 532, 235, 690, 523, 279, 137, 289, 299, 447, 314, 532, 251, 320, 525, 456, 584, 427, 225, 408, 358, 658, 241, 587, 460, 463, 263, 484, 631, 101, 474, 233, 437, 356, 448, 487, 77, 457, 394],[398, -1, 58, 165, 269, 713, 614, 392, 89, 218, 250, 783, 78, 579, 754, 419, 623, 191, 284, 980, 594, 684, 535, 948, 870, 274, 535, 213, 328, 340, 648, 650, 576, 372, 770, 662, 812, 794, 249, 788, 504, 683, 780, 273, 471, 653, 698, 846, 240, 540, 650, 311, 667, 853, 748, 678, 321, 559, 278, 290, 163, 956, 535, 66, 275, 218, 534, 299, 618, 211, 322, 372, 644, 883, 339, 855, 79],[340, 58, -1, 108, 214, 667, 556, 348, 95, 165, 227, 725, 64, 546, 705, 361, 574, 249, 327, 924, 537, 642, 478, 894, 812, 255, 506, 244, 273, 282, 597, 625, 552, 363, 714, 604, 762, 749, 223, 742, 452, 671, 733, 234, 415, 598, 640, 788, 211, 522, 591, 280, 632, 795, 712, 631, 276, 520, 256, 338, 108, 901, 505, 123, 234, 233, 532, 241, 583, 160, 309, 340, 602, 825, 281, 797, 92],[238, 165, 108, -1, 139, 610, 450, 305, 154, 66, 193, 619, 147, 525, 638, 254, 509, 356, 400, 833, 429, 552, 370, 810, 707, 280, 492, 305, 198, 175, 494, 617, 549, 342, 606, 497, 695, 652, 240, 644, 348, 689, 636, 162, 331, 511, 537, 685, 222, 532, 487, 278, 553, 690, 630, 533, 237, 436, 276, 422, 66, 814, 436, 231, 156, 269, 572, 137, 558, 70, 286, 277, 512, 726, 190, 693, 186],[152, 269, 214, 139, -1, 470, 366, 175, 287, 164, 319, 532, 212, 401, 499, 193, 370, 455, 534, 710, 372, 588, 327, 680, 614, 228, 376, 441, 60, 127, 491, 502, 439, 466, 559, 428, 557, 667, 187, 657, 349, 596, 647, 265, 201, 384, 438, 587, 168, 435, 397, 192, 609, 601, 678, 546, 116, 488, 217, 550, 106, 687, 514, 328, 252, 408, 508, 89, 430, 179, 412, 373, 548, 617, 77, 599, 249],[447, 713, 667, 610, 470, -1, 443, 321, 753, 626, 781, 496, 638, 233, 77, 489, 110, 870, 995, 398, 531, 888, 550, 316, 511, 492, 282, 908, 412, 507, 728, 308, 324, 922, 658, 516, 117, 903, 490, 889, 650, 472, 881, 714, 310, 234, 402, 475, 490, 388, 431, 426, 947, 527, 990, 806, 392, 838, 480, 1003, 565, 349, 902, 758, 699, 878, 544, 510, 204, 642, 870, 802, 857, 434, 439, 499, 661],[217, 614, 556, 450, 366, 443, -1, 400, 596, 416, 526, 169, 572, 553, 411, 198, 347, 805, 830, 436, 94, 457, 141, 454, 257, 567, 565, 729, 328, 275, 289, 667, 636, 626, 232, 80, 449, 460, 533, 446, 253, 814, 438, 445, 227, 212, 101, 237, 518, 669, 39, 506, 527, 239, 559, 368, 411, 436, 553, 860, 458, 438, 520, 679, 430, 671, 794, 314, 556, 430, 589, 480, 431, 291, 288, 243, 611],[246, 392, 348, 305, 175, 321, 400, -1, 437, 339, 493, 544, 317, 226, 367, 301, 239, 552, 675, 633, 445, 730, 422, 582, 608, 196, 207, 592, 135, 268, 606, 332, 275, 641, 626, 477, 424, 789, 179, 778, 480, 444, 769, 440, 173, 318, 436, 575, 174, 286, 418, 125, 763, 605, 826, 673, 72, 643, 181, 682, 252, 599, 680, 436, 427, 569, 396, 248, 255, 354, 586, 546, 691, 581, 188, 593, 341],[390, 89, 95, 154, 287, 753, 596, 437, -1, 181, 166, 763, 152, 640, 786, 398, 656, 233, 247, 987, 563, 611, 500, 964, 854, 349, 600, 155, 348, 323, 592, 720, 647, 282, 730, 635, 843, 727, 318, 722, 452, 763, 714, 204, 485, 665, 687, 833, 306, 616, 634, 375, 588, 834, 670, 615, 365, 485, 351, 268, 187, 968, 453, 133, 211, 138, 620, 289, 677, 169, 232, 291, 572, 877, 344, 840, 166],[217, 218, 165, 66, 164, 626, 416, 339, 181, -1, 155, 582, 212, 564, 647, 218, 521, 403, 417, 818, 383, 486, 320, 803, 673, 341, 536, 316, 216, 147, 432, 662, 597, 302, 553, 454, 703, 587, 300, 579, 286, 744, 570, 104, 331, 503, 508, 653, 281, 585, 454, 331, 486, 653, 563, 468, 276, 369, 336, 445, 128, 803, 373, 283, 95, 267, 634, 121, 595, 16, 248, 218, 445, 699, 189, 659, 250],[355, 250, 227, 193, 319, 781, 526, 493, 166, 155, -1, 682, 291, 716, 799, 340, 674, 389, 321, 949, 470, 450, 404, 943, 776, 466, 685, 222, 371, 285, 454, 810, 742, 149, 613, 545, 854, 571, 427, 567, 328, 880, 560, 80, 480, 645, 625, 761, 410, 724, 565, 470, 422, 751, 504, 464, 427, 323, 463, 362, 258, 939, 286, 300, 95, 154, 754, 271, 748, 140, 93, 125, 412, 817, 342, 763, 317],[386, 783, 725, 619, 532, 496, 169, 544, 763, 582, 682, -1, 741, 659, 441, 365, 427, 974, 993, 337, 213, 515, 279, 389, 94, 724, 682, 892, 491, 443, 348, 767, 750, 768, 190, 138, 461, 473, 692, 460, 377, 925, 453, 602, 372, 272, 109, 87, 678, 793, 135, 660, 600, 70, 609, 419, 567, 534, 710, 1025, 627, 358, 628, 848, 588, 832, 929, 483, 653, 596, 737, 621, 501, 166, 455, 82, 780],[355, 78, 64, 147, 212, 638, 572, 317, 152, 212, 291, 741, -1, 500, 682, 384, 551, 244, 363, 918, 564, 696, 509, 882, 825, 197, 457, 291, 267, 305, 641, 572, 499, 426, 746, 628, 739, 799, 170, 791, 494, 611, 783, 292, 410, 592, 650, 799, 161, 465, 606, 232, 690, 811, 769, 680, 246, 576, 201, 366, 114, 892, 565, 121, 290, 289, 469, 261, 539, 211, 373, 401, 656, 830, 287, 810, 40],[456, 579, 546, 525, 401, 233, 553, 226, 640, 564, 716, 659, 500, -1, 308, 510, 239, 704, 862, 628, 621, 941, 615, 549, 697, 316, 54, 790, 360, 491, 803, 115, 94, 865, 785, 634, 349, 987, 331, 974, 690, 265, 965, 666, 342, 389, 552, 662, 339, 155, 557, 268, 981, 706, 1040, 875, 289, 863, 307, 861, 465, 581, 905, 608, 654, 777, 311, 474, 41, 578, 810, 773, 904, 639, 410, 684, 511],[452, 754, 705, 638, 499, 77, 411, 367, 786, 647, 799, 441, 682, 308, -1, 488, 130, 919, 1031, 321, 503, 865, 530, 240, 446, 550, 356, 941, 439, 517, 700, 385, 400, 935, 612, 478, 57, 869, 543, 856, 636, 549, 847, 728, 318, 198, 355, 411, 540, 464, 393, 481, 929, 465, 968, 779, 435, 826, 536, 1043, 600, 272, 896, 802, 712, 907, 620, 527, 280, 663, 885, 808, 836, 364, 457, 435, 708],[55, 419, 361, 254, 193, 489, 198, 301, 398, 218, 340, 365, 384, 510, 488, -1, 379, 610, 634, 609, 181, 431, 133, 605, 455, 419, 503, 533, 180, 79, 307, 623, 573, 458, 366, 244, 539, 489, 379, 478, 180, 745, 468, 260, 182, 312, 291, 434, 361, 587, 236, 372, 472, 436, 529, 372, 278, 356, 407, 663, 270, 600, 413, 484, 244, 478, 684, 122, 527, 232, 414, 323, 394, 482, 125, 441, 423],[337, 623, 574, 509, 370, 110, 347, 239, 656, 521, 674, 427, 551, 239, 130, 379, -1, 790, 901, 409, 431, 783, 444, 347, 459, 427, 273, 811, 310, 397, 626, 342, 333, 814, 572, 424, 188, 804, 417, 791, 542, 502, 782, 606, 200, 154, 323, 423, 413, 387, 341, 357, 839, 469, 885, 703, 305, 729, 413, 913, 469, 369, 792, 672, 591, 778, 538, 403, 227, 537, 763, 692, 750, 400, 332, 445, 578],[589, 191, 249, 356, 455, 870, 805, 552, 233, 403, 389, 974, 244, 704, 919, 610, 790, -1, 216, 1163, 784, 839, 724, 1125, 1061, 388, 654, 222, 511, 531, 825, 752, 678, 464, 957, 853, 976, 958, 381, 953, 684, 745, 946, 437, 654, 836, 888, 1037, 380, 628, 841, 446, 809, 1044, 892, 847, 485, 712, 398, 186, 351, 1136, 670, 127, 444, 278, 573, 490, 745, 394, 428, 515, 801, 1072, 527, 1046, 212],[632, 284, 327, 400, 534, 995, 830, 675, 247, 417, 321, 993, 363, 862, 1031, 634, 901, 216, -1, 1233, 785, 743, 720, 1211, 1086, 551, 817, 101, 594, 563, 773, 928, 854, 323, 934, 860, 1089, 872, 531, 870, 650, 942, 864, 396, 732, 912, 925, 1068, 523, 811, 869, 594, 693, 1063, 774, 775, 603, 619, 557, 51, 431, 1215, 553, 258, 409, 167, 776, 533, 902, 401, 310, 427, 710, 1116, 591, 1072, 352],[601, 980, 924, 833, 710, 398, 436, 633, 987, 818, 949, 337, 918, 628, 321, 609, 409, 1163, 1233, -1, 520, 853, 577, 98, 273, 828, 672, 1134, 652, 671, 683, 705, 721, 1060, 524, 456, 293, 808, 811, 795, 687, 869, 789, 869, 509, 326, 336, 256, 804, 783, 398, 758, 936, 307, 947, 756, 687, 861, 814, 1255, 816, 54, 951, 1038, 854, 1085, 938, 699, 601, 834, 1020, 916, 837, 173, 644, 273, 951],[221, 594, 537, 429, 372, 531, 94, 445, 563, 383, 470, 213, 564, 621, 503, 181, 431, 784, 785, 520, -1, 363, 66, 544, 307, 591, 627, 684, 348, 259, 197, 737, 699, 555, 187, 75, 543, 373, 553, 360, 168, 876, 351, 391, 281, 304, 185, 296, 536, 726, 125, 537, 433, 281, 465, 276, 441, 344, 578, 820, 450, 526, 431, 660, 377, 622, 840, 302, 629, 394, 524, 408, 336, 363, 298, 295, 604],[486, 684, 642, 552, 588, 888, 457, 730, 611, 486, 450, 515, 696, 941, 865, 431, 783, 839, 743, 853, 363, -1, 338, 894, 594, 811, 934, 657, 600, 466, 171, 1055, 1004, 426, 342, 405, 906, 131, 769, 132, 251, 1174, 128, 410, 603, 666, 537, 601, 749, 1014, 483, 781, 91, 559, 102, 96, 696, 127, 802, 791, 609, 869, 197, 742, 408, 586, 1097, 499, 957, 485, 433, 325, 40, 682, 544, 589, 732],[183, 535, 478, 370, 327, 550, 141, 422, 500, 320, 404, 279, 509, 615, 530, 133, 444, 724, 720, 577, 66, 338, -1, 594, 373, 552, 615, 618, 312, 206, 188, 730, 687, 491, 237, 141, 574, 371, 512, 359, 112, 862, 350, 325, 272, 334, 241, 361, 495, 708, 178, 503, 398, 347, 440, 261, 408, 299, 540, 755, 397, 579, 379, 601, 311, 556, 813, 250, 627, 332, 458, 344, 306, 425, 258, 361, 549],[588, 948, 894, 810, 680, 316, 454, 582, 964, 803, 943, 389, 882, 549, 240, 605, 347, 1125, 1211, 98, 544, 894, 594, -1, 342, 774, 596, 1115, 620, 659, 723, 618, 640, 1063, 579, 489, 204, 862, 761, 848, 707, 781, 842, 865, 479, 300, 359, 317, 756, 704, 419, 704, 973, 373, 992, 799, 642, 889, 760, 1230, 786, 45, 974, 1003, 849, 1070, 860, 682, 519, 819, 1020, 923, 874, 238, 620, 338, 912],[471, 870, 812, 707, 614, 511, 257, 608, 854, 673, 776, 94, 825, 697, 446, 455, 459, 1061, 1086, 273, 307, 594, 373, 342, -1, 794, 726, 984, 568, 532, 431, 800, 790, 862, 255, 232, 454, 538, 765, 525, 470, 962, 519, 696, 440, 309, 176, 35, 752, 839, 220, 728, 681, 35, 684, 497, 638, 622, 780, 1117, 712, 305, 717, 934, 681, 925, 982, 571, 685, 687, 831, 715, 583, 103, 537, 15, 863],[370, 274, 255, 280, 228, 492, 567, 196, 349, 341, 466, 724, 197, 316, 550, 419, 427, 388, 551, 828, 591, 811, 552, 774, 794, -1, 268, 487, 243, 355, 719, 377, 303, 611, 779, 638, 604, 894, 42, 884, 577, 416, 875, 443, 353, 513, 619, 763, 61, 267, 592, 70, 824, 788, 897, 774, 157, 704, 14, 546, 214, 793, 714, 293, 436, 486, 292, 316, 357, 349, 555, 557, 771, 775, 294, 779, 199],[448, 535, 506, 492, 376, 282, 565, 207, 600, 536, 685, 682, 457, 54, 356, 503, 273, 654, 817, 672, 627, 934, 615, 596, 726, 268, -1, 747, 342, 476, 803, 126, 71, 834, 798, 646, 399, 987, 286, 975, 683, 248, 965, 640, 346, 417, 574, 691, 296, 113, 573, 225, 970, 732, 1031, 873, 260, 850, 260, 814, 430, 627, 887, 561, 628, 738, 266, 455, 95, 549, 779, 749, 896, 673, 395, 712, 465],[533, 213, 244, 305, 441, 908, 729, 592, 155, 316, 222, 892, 291, 790, 941, 533, 811, 222, 101, 1134, 684, 657, 618, 1115, 984, 487, 747, -1, 502, 463, 676, 863, 789, 251, 834, 758, 998, 783, 462, 780, 550, 892, 773, 295, 636, 815, 824, 966, 451, 753, 768, 522, 613, 962, 695, 682, 519, 531, 491, 139, 342, 1117, 472, 208, 307, 71, 736, 434, 828, 301, 225, 334, 622, 1016, 494, 971, 289],[129, 328, 273, 198, 60, 412, 328, 135, 348, 216, 371, 491, 267, 360, 439, 180, 310, 511, 594, 652, 348, 600, 312, 620, 568, 243, 342, 502, -1, 135, 487, 467, 409, 517, 535, 396, 496, 668, 206, 657, 353, 574, 648, 311, 143, 325, 392, 540, 190, 414, 356, 191, 629, 558, 695, 549, 97, 509, 230, 611, 165, 628, 545, 385, 298, 467, 504, 113, 386, 231, 463, 413, 561, 565, 56, 553, 301],[70, 340, 282, 175, 127, 507, 275, 268, 323, 147, 285, 443, 305, 491, 517, 79, 397, 531, 563, 671, 259, 466, 206, 659, 532, 355, 476, 463, 135, -1, 364, 600, 544, 417, 443, 323, 572, 540, 314, 530, 223, 709, 521, 211, 198, 360, 363, 510, 295, 549, 311, 316, 494, 514, 560, 420, 229, 374, 344, 590, 191, 657, 414, 405, 195, 413, 632, 44, 514, 162, 368, 296, 427, 553, 80, 518, 345],[361, 648, 597, 494, 491, 728, 289, 606, 592, 432, 454, 348, 641, 803, 700, 307, 626, 825, 773, 683, 197, 171, 188, 723, 431, 719, 803, 676, 487, 364, -1, 918, 874, 485, 191, 234, 739, 183, 678, 171, 146, 1049, 162, 390, 461, 501, 366, 434, 659, 893, 313, 677, 252, 397, 271, 78, 585, 198, 708, 815, 538, 699, 296, 712, 382, 606, 992, 404, 814, 437, 472, 349, 153, 514, 431, 424, 680],[569, 650, 625, 617, 502, 308, 667, 332, 720, 662, 810, 767, 572, 115, 385, 623, 342, 752, 928, 705, 737, 1055, 730, 618, 800, 377, 126, 863, 467, 600, 918, -1, 74, 959, 899, 748, 414, 1102, 402, 1089, 803, 164, 1080, 766, 457, 495, 661, 764, 414, 131, 670, 345, 1093, 811, 1153, 990, 387, 974, 372, 921, 554, 655, 1012, 670, 755, 858, 268, 580, 114, 675, 904, 875, 1017, 735, 519, 787, 577],[518, 576, 552, 549, 439, 324, 636, 275, 647, 597, 742, 750, 499, 94, 400, 573, 333, 678, 854, 721, 699, 1004, 687, 640, 790, 303, 71, 789, 409, 544, 874, 74, -1, 891, 869, 717, 438, 1058, 329, 1046, 753, 177, 1037, 701, 417, 482, 641, 755, 341, 69, 643, 274, 1038, 798, 1101, 944, 323, 918, 298, 846, 485, 673, 953, 595, 690, 785, 223, 521, 120, 609, 835, 812, 966, 733, 463, 776, 502],[484, 372, 363, 342, 466, 922, 626, 641, 282, 302, 149, 768, 426, 865, 935, 458, 814, 464, 323, 1060, 555, 426, 491, 1063, 862, 611, 834, 251, 517, 417, 485, 959, 891, -1, 666, 629, 989, 557, 574, 556, 393, 1026, 550, 208, 616, 770, 727, 852, 557, 872, 665, 619, 370, 834, 450, 470, 576, 307, 609, 374, 406, 1055, 230, 407, 222, 186, 895, 411, 896, 287, 55, 146, 396, 916, 482, 851, 447],[409, 770, 714, 606, 559, 658, 232, 626, 730, 553, 613, 190, 746, 785, 612, 366, 572, 957, 934, 524, 187, 342, 237, 579, 255, 779, 798, 834, 535, 443, 191, 899, 869, 666, -1, 152, 639, 284, 741, 271, 284, 1047, 265, 540, 457, 423, 257, 268, 724, 901, 230, 724, 431, 220, 429, 247, 628, 389, 766, 973, 634, 548, 487, 836, 528, 768, 1022, 487, 787, 563, 647, 524, 336, 351, 486, 252, 786],[276, 662, 604, 497, 428, 516, 80, 477, 635, 454, 545, 138, 628, 634, 478, 244, 424, 853, 860, 456, 75, 405, 141, 489, 232, 638, 646, 758, 396, 323, 234, 748, 717, 629, 152, -1, 512, 391, 602, 378, 239, 895, 370, 466, 306, 282, 132, 223, 586, 750, 85, 580, 483, 206, 505, 311, 484, 404, 625, 893, 513, 467, 495, 728, 452, 696, 873, 366, 636, 466, 598, 482, 384, 294, 352, 221, 667],[505, 812, 762, 695, 557, 117, 449, 424, 843, 703, 854, 461, 739, 349, 57, 539, 188, 976, 1089, 293, 543, 906, 574, 204, 454, 604, 399, 998, 496, 572, 739, 414, 438, 989, 639, 512, -1, 904, 598, 890, 682, 577, 882, 782, 374, 240, 384, 420, 597, 504, 427, 537, 973, 476, 1008, 818, 492, 872, 591, 1101, 657, 241, 945, 860, 767, 964, 660, 583, 317, 720, 940, 861, 878, 364, 514, 444, 764],[544, 794, 749, 652, 667, 903, 460, 789, 727, 587, 571, 473, 799, 987, 869, 489, 804, 958, 872, 808, 373, 131, 371, 862, 538, 894, 987, 783, 668, 540, 183, 1102, 1058, 557, 284, 391, 904, -1, 852, 13, 317, 1232, 21, 523, 644, 671, 521, 552, 833, 1076, 476, 856, 209, 503, 166, 120, 766, 253, 884, 920, 703, 832, 329, 856, 519, 712, 1172, 578, 997, 589, 562, 450, 162, 635, 612, 536, 837],[332, 249, 223, 240, 187, 490, 533, 179, 318, 300, 427, 692, 170, 331, 543, 379, 417, 381, 531, 811, 553, 769, 512, 761, 765, 42, 286, 462, 206, 314, 678, 402, 329, 574, 741, 602, 598, 852, -1, 842, 535, 452, 833, 402, 325, 492, 589, 735, 19, 299, 559, 64, 781, 758, 854, 732, 128, 661, 36, 530, 173, 778, 673, 277, 394, 456, 334, 274, 370, 308, 518, 516, 728, 750, 255, 750, 180],[532, 788, 742, 644, 657, 889, 446, 778, 722, 579, 567, 460, 791, 974, 856, 478, 791, 953, 870, 795, 360, 132, 359, 848, 525, 884, 975, 780, 657, 530, 171, 1089, 1046, 556, 271, 378, 890, 13, 842, -1, 307, 1221, 9, 517, 632, 658, 507, 539, 824, 1064, 463, 846, 214, 490, 175, 111, 755, 250, 874, 917, 694, 819, 330, 849, 513, 709, 1161, 568, 985, 581, 560, 446, 160, 622, 601, 523, 829],[235, 504, 452, 348, 349, 650, 253, 480, 452, 286, 328, 377, 494, 690, 636, 180, 542, 684, 650, 687, 168, 251, 112, 707, 470, 577, 683, 550, 353, 223, 146, 803, 753, 393, 284, 239, 682, 317, 535, 307, -1, 924, 298, 256, 355, 443, 351, 462, 516, 765, 289, 539, 297, 441, 350, 197, 450, 189, 567, 689, 391, 691, 267, 569, 245, 483, 855, 260, 706, 293, 367, 246, 214, 531, 296, 459, 534],[690, 683, 671, 689, 596, 472, 814, 444, 763, 744, 880, 925, 611, 265, 549, 745, 502, 745, 942, 869, 876, 1174, 862, 781, 962, 416, 248, 892, 574, 709, 1049, 164, 177, 1026, 1047, 895, 577, 1232, 452, 1221, 924, -1, 1211, 848, 594, 654, 817, 926, 469, 160, 821, 412, 1203, 971, 1269, 1117, 481, 1083, 417, 926, 623, 818, 1110, 687, 839, 900, 180, 682, 276, 754, 971, 962, 1135, 899, 630, 948, 604],[523, 780, 733, 636, 647, 881, 438, 769, 714, 570, 560, 453, 783, 965, 847, 468, 782, 946, 864, 789, 351, 128, 350, 842, 519, 875, 965, 773, 648, 521, 162, 1080, 1037, 550, 265, 370, 882, 21, 833, 9, 298, 1211, -1, 509, 622, 650, 500, 533, 815, 1055, 454, 837, 212, 484, 177, 102, 746, 244, 865, 910, 685, 812, 325, 841, 505, 702, 1152, 559, 976, 573, 553, 439, 154, 616, 591, 517, 821],[279, 273, 234, 162, 265, 714, 445, 440, 204, 104, 80, 602, 292, 666, 728, 260, 606, 437, 396, 869, 391, 410, 325, 865, 696, 443, 640, 295, 311, 211, 390, 766, 701, 208, 540, 466, 782, 523, 402, 517, 256, 848, 509, -1, 409, 568, 544, 680, 383, 689, 485, 436, 398, 671, 478, 410, 379, 287, 438, 434, 228, 860, 275, 332, 15, 230, 735, 203, 695, 94, 157, 114, 371, 736, 275, 683, 325],[137, 471, 415, 331, 201, 310, 227, 173, 485, 331, 480, 372, 410, 342, 318, 182, 200, 654, 732, 509, 281, 603, 272, 479, 440, 353, 346, 636, 143, 198, 461, 457, 417, 616, 457, 306, 374, 644, 325, 632, 355, 594, 622, 409, -1, 182, 266, 410, 313, 445, 244, 288, 652, 435, 704, 534, 197, 538, 339, 751, 307, 485, 595, 529, 393, 595, 567, 210, 354, 347, 567, 492, 568, 427, 142, 425, 444],[289, 653, 598, 511, 384, 234, 212, 318, 665, 503, 645, 272, 592, 389, 198, 312, 154, 836, 912, 326, 304, 666, 334, 300, 309, 513, 417, 815, 325, 360, 501, 495, 482, 770, 423, 282, 240, 671, 492, 658, 443, 654, 650, 568, 182, -1, 170, 273, 483, 530, 197, 443, 733, 316, 769, 580, 365, 632, 499, 932, 490, 303, 707, 711, 552, 770, 674, 382, 381, 519, 725, 635, 638, 265, 321, 295, 625],[299, 698, 640, 537, 438, 402, 101, 436, 687, 508, 625, 109, 650, 552, 355, 291, 323, 888, 925, 336, 185, 537, 241, 359, 176, 619, 574, 824, 392, 363, 366, 661, 641, 727, 257, 132, 384, 521, 589, 507, 351, 817, 500, 544, 266, 170, -1, 149, 576, 684, 62, 554, 614, 169, 637, 444, 462, 529, 605, 954, 538, 340, 617, 761, 529, 768, 820, 400, 547, 523, 690, 582, 516, 192, 362, 161, 688],[447, 846, 788, 685, 587, 475, 237, 575, 833, 653, 761, 87, 799, 662, 411, 434, 423, 1037, 1068, 256, 296, 601, 361, 317, 35, 763, 691, 966, 540, 510, 434, 764, 755, 852, 268, 223, 420, 552, 735, 539, 462, 926, 533, 680, 410, 273, 149, -1, 722, 804, 198, 696, 686, 57, 693, 504, 607, 621, 749, 1098, 687, 283, 715, 910, 666, 908, 947, 548, 650, 667, 819, 705, 588, 83, 511, 24, 837],[314, 240, 211, 222, 168, 490, 518, 174, 306, 281, 410, 678, 161, 339, 540, 361, 413, 380, 523, 804, 536, 749, 495, 756, 752, 61, 296, 451, 190, 295, 659, 414, 341, 557, 724, 586, 597, 833, 19, 824, 516, 469, 815, 383, 313, 483, 576, 722, -1, 314, 544, 70, 762, 744, 835, 713, 117, 642, 54, 524, 155, 772, 654, 272, 376, 444, 353, 255, 378, 289, 502, 498, 709, 739, 237, 737, 174],[532, 540, 522, 532, 435, 388, 669, 286, 616, 585, 724, 793, 465, 155, 464, 587, 387, 628, 811, 783, 726, 1014, 708, 704, 839, 267, 113, 753, 414, 549, 893, 131, 69, 872, 901, 750, 504, 1076, 299, 1064, 765, 160, 1055, 689, 445, 530, 684, 804, 314, -1, 680, 254, 1043, 844, 1109, 959, 321, 922, 265, 801, 466, 736, 949, 553, 679, 754, 156, 521, 186, 596, 816, 802, 975, 787, 470, 825, 464],[251, 650, 591, 487, 397, 431, 39, 418, 634, 454, 565, 135, 606, 557, 393, 236, 341, 841, 869, 398, 125, 483, 178, 419, 220, 592, 573, 768, 356, 311, 313, 670, 643, 665, 230, 85, 427, 476, 559, 463, 289, 821, 454, 485, 244, 197, 62, 198, 544, 680, -1, 529, 557, 204, 584, 392, 435, 469, 578, 899, 492, 402, 555, 714, 470, 711, 810, 350, 557, 468, 629, 519, 459, 252, 320, 206, 645],[320, 311, 280, 278, 192, 426, 506, 125, 375, 331, 470, 660, 232, 268, 481, 372, 357, 446, 594, 758, 537, 781, 503, 704, 728, 70, 225, 522, 191, 316, 677, 345, 274, 619, 724, 580, 537, 856, 64, 846, 539, 412, 837, 436, 288, 443, 554, 696, 70, 254, 529, -1, 800, 723, 871, 736, 96, 680, 56, 594, 212, 723, 700, 342, 426, 513, 316, 281, 307, 342, 563, 549, 741, 706, 246, 713, 244],[525, 667, 632, 553, 609, 947, 527, 763, 588, 486, 422, 600, 690, 981, 929, 472, 839, 809, 693, 936, 433, 91, 398, 973, 681, 824, 970, 613, 629, 494, 252, 1093, 1038, 370, 431, 483, 973, 209, 781, 214, 297, 1203, 212, 398, 652, 733, 614, 686, 762, 1043, 557, 800, -1, 647, 82, 184, 722, 120, 816, 743, 614, 950, 141, 721, 399, 543, 1114, 521, 1000, 483, 387, 296, 98, 766, 575, 675, 724],[456, 853, 795, 690, 601, 527, 239, 605, 834, 653, 751, 70, 811, 706, 465, 436, 469, 1044, 1063, 307, 281, 559, 347, 373, 35, 788, 732, 962, 558, 514, 397, 811, 798, 834, 220, 206, 476, 503, 758, 490, 441, 971, 484, 671, 435, 316, 169, 57, 744, 844, 204, 723, 647, -1, 649, 463, 631, 589, 774, 1096, 697, 337, 685, 918, 657, 901, 985, 554, 696, 666, 804, 687, 549, 136, 524, 35, 849],[584, 748, 712, 630, 678, 990, 559, 826, 670, 563, 504, 609, 769, 1040, 968, 529, 885, 892, 774, 947, 465, 102, 440, 992, 684, 897, 1031, 695, 695, 560, 271, 1153, 1101, 450, 429, 505, 1008, 166, 854, 175, 350, 1269, 177, 478, 704, 769, 637, 693, 835, 1109, 584, 871, 82, 649, -1, 193, 789, 194, 889, 824, 689, 966, 223, 803, 479, 625, 1186, 590, 1057, 561, 470, 379, 136, 775, 639, 679, 803],[427, 678, 631, 533, 546, 806, 368, 673, 615, 468, 464, 419, 680, 875, 779, 372, 703, 847, 775, 756, 276, 96, 261, 799, 497, 774, 873, 682, 549, 420, 78, 990, 944, 470, 247, 311, 818, 120, 732, 111, 197, 1117, 102, 410, 534, 580, 444, 504, 713, 959, 392, 736, 184, 463, 193, -1, 647, 165, 764, 820, 582, 773, 258, 741, 404, 611, 1052, 458, 888, 471, 467, 348, 91, 585, 493, 492, 718],[225, 321, 276, 237, 116, 392, 411, 72, 365, 276, 427, 567, 246, 289, 435, 278, 305, 485, 603, 687, 441, 696, 408, 642, 638, 157, 260, 519, 97, 229, 585, 387, 323, 576, 628, 484, 492, 766, 128, 755, 450, 481, 746, 379, 197, 365, 462, 607, 117, 321, 435, 96, 722, 631, 789, 647, -1, 601, 143, 611, 180, 657, 630, 367, 367, 497, 406, 200, 321, 289, 521, 489, 657, 622, 154, 623, 272],[408, 559, 520, 436, 488, 838, 436, 643, 485, 369, 323, 534, 576, 863, 826, 356, 729, 712, 619, 861, 344, 127, 299, 889, 622, 704, 850, 531, 509, 374, 198, 974, 918, 307, 389, 404, 872, 253, 661, 250, 189, 1083, 244, 287, 538, 632, 529, 621, 642, 922, 469, 680, 120, 589, 194, 165, 601, -1, 696, 667, 495, 870, 97, 617, 286, 460, 994, 401, 883, 367, 309, 198, 91, 697, 455, 614, 611],[358, 278, 256, 276, 217, 480, 553, 181, 351, 336, 463, 710, 201, 307, 536, 407, 413, 398, 557, 814, 578, 802, 540, 760, 780, 14, 260, 491, 230, 344, 708, 372, 298, 609, 766, 625, 591, 884, 36, 874, 567, 417, 865, 438, 339, 499, 605, 749, 54, 265, 578, 56, 816, 774, 889, 764, 143, 696, -1, 554, 209, 779, 709, 301, 430, 489, 298, 306, 348, 344, 554, 553, 762, 760, 282, 765, 205],[658, 290, 338, 422, 550, 1003, 860, 682, 268, 445, 362, 1025, 366, 861, 1043, 663, 913, 186, 51, 1255, 820, 791, 755, 1230, 1117, 546, 814, 139, 611, 590, 815, 921, 846, 374, 973, 893, 1101, 920, 530, 917, 689, 926, 910, 434, 751, 932, 954, 1098, 524, 801, 899, 594, 743, 1096, 824, 820, 611, 667, 554, -1, 445, 1236, 602, 253, 445, 209, 756, 557, 901, 430, 358, 472, 758, 1144, 611, 1104, 349],[241, 163, 108, 66, 106, 565, 458, 252, 187, 128, 258, 627, 114, 465, 600, 270, 469, 351, 431, 816, 450, 609, 397, 786, 712, 214, 430, 342, 165, 191, 538, 554, 485, 406, 634, 513, 657, 703, 173, 694, 391, 623, 685, 228, 307, 490, 538, 687, 155, 466, 492, 212, 614, 697, 689, 582, 180, 495, 209, 445, -1, 793, 500, 224, 221, 316, 507, 147, 499, 134, 350, 343, 568, 720, 176, 697, 154],[587, 956, 901, 814, 687, 349, 438, 599, 968, 803, 939, 358, 892, 581, 272, 600, 369, 1136, 1215, 54, 526, 869, 579, 45, 305, 793, 627, 1117, 628, 657, 699, 655, 673, 1055, 548, 467, 241, 832, 778, 819, 691, 818, 812, 860, 485, 303, 340, 283, 772, 736, 402, 723, 950, 337, 966, 773, 657, 870, 779, 1236, 793, -1, 957, 1012, 844, 1071, 892, 683, 553, 819, 1013, 913, 851, 201, 624, 302, 924],[460, 535, 505, 436, 514, 902, 520, 680, 453, 373, 286, 628, 565, 905, 896, 413, 792, 670, 553, 951, 431, 197, 379, 974, 717, 714, 887, 472, 545, 414, 296, 1012, 953, 230, 487, 495, 945, 329, 673, 330, 267, 1110, 325, 275, 595, 707, 617, 715, 654, 949, 555, 700, 141, 685, 223, 258, 630, 97, 709, 602, 500, 957, -1, 587, 280, 402, 1007, 432, 928, 366, 246, 164, 173, 790, 494, 708, 597],[463, 66, 123, 231, 328, 758, 679, 436, 133, 283, 300, 848, 121, 608, 802, 484, 672, 127, 258, 1038, 660, 742, 601, 1003, 934, 293, 561, 208, 385, 405, 712, 670, 595, 407, 836, 728, 860, 856, 277, 849, 569, 687, 841, 332, 529, 711, 761, 910, 272, 553, 714, 342, 721, 918, 803, 741, 367, 617, 301, 253, 224, 1012, 587, -1, 336, 234, 527, 364, 648, 276, 361, 425, 703, 945, 400, 920, 97],[263, 275, 234, 156, 252, 699, 430, 427, 211, 95, 95, 588, 290, 654, 712, 244, 591, 444, 409, 854, 377, 408, 311, 849, 681, 436, 628, 307, 298, 195, 382, 755, 690, 222, 528, 452, 767, 519, 394, 513, 245, 839, 505, 15, 393, 552, 529, 666, 376, 679, 470, 426, 399, 657, 479, 404, 367, 286, 430, 445, 221, 844, 280, 336, -1, 244, 728, 189, 683, 86, 173, 123, 368, 721, 260, 669, 325],[484, 218, 233, 269, 408, 878, 671, 569, 138, 267, 154, 832, 289, 777, 907, 478, 778, 278, 167, 1085, 622, 586, 556, 1070, 925, 486, 738, 71, 467, 413, 606, 858, 785, 186, 768, 696, 964, 712, 456, 709, 483, 900, 702, 230, 595, 770, 768, 908, 444, 754, 711, 513, 543, 901, 625, 611, 497, 460, 489, 209, 316, 1071, 402, 234, 244, -1, 752, 388, 813, 251, 155, 263, 551, 961, 453, 912, 297],[631, 534, 532, 572, 508, 544, 794, 396, 620, 634, 754, 929, 469, 311, 620, 684, 538, 573, 776, 938, 840, 1097, 813, 860, 982, 292, 266, 736, 504, 632, 992, 268, 223, 895, 1022, 873, 660, 1172, 334, 1161, 855, 180, 1152, 735, 567, 674, 820, 947, 353, 156, 810, 316, 1114, 985, 1186, 1052, 406, 994, 298, 756, 507, 892, 1007, 527, 728, 752, -1, 598, 343, 641, 841, 850, 1057, 936, 560, 967, 454],[101, 299, 241, 137, 89, 510, 314, 248, 289, 121, 271, 483, 261, 474, 527, 122, 403, 490, 533, 699, 302, 499, 250, 682, 571, 316, 455, 434, 113, 44, 404, 580, 521, 411, 487, 366, 583, 578, 274, 568, 260, 682, 559, 203, 210, 382, 400, 548, 255, 521, 350, 281, 521, 554, 590, 458, 200, 401, 306, 557, 147, 683, 432, 364, 189, 388, 598, -1, 500, 138, 360, 301, 459, 588, 71, 556, 301],[474, 618, 583, 558, 430, 204, 556, 255, 677, 595, 748, 653, 539, 41, 280, 527, 227, 745, 902, 601, 629, 957, 627, 519, 685, 357, 95, 828, 386, 514, 814, 114, 120, 896, 787, 636, 317, 997, 370, 985, 706, 276, 976, 695, 354, 381, 547, 650, 378, 186, 557, 307, 1000, 696, 1057, 888, 321, 883, 348, 901, 499, 553, 928, 648, 683, 813, 343, 500, -1, 609, 841, 800, 921, 622, 434, 672, 551],[233, 211, 160, 70, 179, 642, 430, 354, 169, 16, 140, 596, 211, 578, 663, 232, 537, 394, 401, 834, 394, 485, 332, 819, 687, 349, 549, 301, 231, 162, 437, 675, 609, 287, 563, 466, 720, 589, 308, 581, 293, 754, 573, 94, 347, 519, 523, 667, 289, 596, 468, 342, 483, 666, 561, 471, 289, 367, 344, 430, 134, 819, 366, 276, 86, 251, 641, 138, 609, -1, 233, 208, 445, 715, 205, 673, 247],[437, 322, 309, 286, 412, 870, 589, 586, 232, 248, 93, 737, 373, 810, 885, 414, 763, 428, 310, 1020, 524, 433, 458, 1020, 831, 555, 779, 225, 463, 368, 472, 904, 835, 55, 647, 598, 940, 562, 518, 560, 367, 971, 553, 157, 567, 725, 690, 819, 502, 816, 629, 563, 387, 804, 470, 467, 521, 309, 554, 358, 350, 1013, 246, 361, 173, 155, 841, 360, 841, 233, -1, 123, 400, 881, 431, 819, 395],[356, 372, 340, 277, 373, 802, 480, 546, 291, 218, 125, 621, 401, 773, 808, 323, 692, 515, 427, 916, 408, 325, 344, 923, 715, 557, 749, 334, 413, 296, 349, 875, 812, 146, 524, 482, 861, 450, 516, 446, 246, 962, 439, 114, 492, 635, 582, 705, 498, 802, 519, 549, 296, 687, 379, 348, 489, 198, 553, 472, 343, 913, 164, 425, 123, 263, 850, 301, 800, 208, 123, -1, 289, 770, 370, 704, 432],[448, 644, 602, 512, 548, 857, 431, 691, 572, 445, 412, 501, 656, 904, 836, 394, 750, 801, 710, 837, 336, 40, 306, 874, 583, 771, 896, 622, 561, 427, 153, 1017, 966, 396, 336, 384, 878, 162, 728, 160, 214, 1135, 154, 371, 568, 638, 516, 588, 709, 975, 459, 741, 98, 549, 136, 91, 657, 91, 762, 758, 568, 851, 173, 703, 368, 551, 1057, 459, 921, 445, 400, 289, -1, 668, 505, 577, 692],[487, 883, 825, 726, 617, 434, 291, 581, 877, 699, 817, 166, 830, 639, 364, 482, 400, 1072, 1116, 173, 363, 682, 425, 238, 103, 775, 673, 1016, 565, 553, 514, 735, 733, 916, 351, 294, 364, 635, 750, 622, 531, 899, 616, 736, 427, 265, 192, 83, 739, 787, 252, 706, 766, 136, 775, 585, 622, 697, 760, 1144, 720, 201, 790, 945, 721, 961, 936, 588, 622, 715, 881, 770, 668, -1, 544, 101, 866],[77, 339, 281, 190, 77, 439, 288, 188, 344, 189, 342, 455, 287, 410, 457, 125, 332, 527, 591, 644, 298, 544, 258, 620, 537, 294, 395, 494, 56, 80, 431, 519, 463, 482, 486, 352, 514, 612, 255, 601, 296, 630, 591, 275, 142, 321, 362, 511, 237, 470, 320, 246, 575, 524, 639, 493, 154, 455, 282, 611, 176, 624, 494, 400, 260, 453, 560, 71, 434, 205, 431, 370, 505, 544, -1, 523, 325],[457, 855, 797, 693, 599, 499, 243, 593, 840, 659, 763, 82, 810, 684, 435, 441, 445, 1046, 1072, 273, 295, 589, 361, 338, 15, 779, 712, 971, 553, 518, 424, 787, 776, 851, 252, 221, 444, 536, 750, 523, 459, 948, 517, 683, 425, 295, 161, 24, 737, 825, 206, 713, 675, 35, 679, 492, 623, 614, 765, 1104, 697, 302, 708, 920, 669, 912, 967, 556, 672, 673, 819, 704, 577, 101, 523, -1, 848],[394, 79, 92, 186, 249, 661, 611, 341, 166, 250, 317, 780, 40, 511, 708, 423, 578, 212, 352, 951, 604, 732, 549, 912, 863, 199, 465, 289, 301, 345, 680, 577, 502, 447, 786, 667, 764, 837, 180, 829, 534, 604, 821, 325, 444, 625, 688, 837, 174, 464, 645, 244, 724, 849, 803, 718, 272, 611, 205, 349, 154, 924, 597, 97, 325, 297, 454, 301, 551, 247, 395, 432, 692, 866, 325, 848, -1]]