23
[[-1, 106, 274, 323, 323, 305, 359, 378, 85, 244, 168, 358, 313, 330, 328, 251, 162, 346, 279, 335, 358, 402, 285],[106, -1, 203, 333, 225, 200, 295, 371, 149, 207, 151, 266, 225, 346, 368, 296, 164, 280, 173, 311, 267, 335, 303],[274, 203, -1, 306, 245, 199, 377, 514, 342, 265, 346, 139, 98, 503, 416, 365, 175, 94, 156, 331, 284, 296, 503],[323, 333, 306, -1, 401, 452, 415, 457, 365, 227, 421, 348, 312, 422, 151, 155, 303, 281, 385, 195, 403, 300, 548],[323, 225, 245, 401, -1, 148, 166, 355, 333, 207, 261, 168, 172, 383, 456, 407, 347, 274, 109, 287, 56, 204, 400],[305, 200, 199, 452, 148, -1, 301, 462, 337, 301, 277, 183, 178, 474, 523, 463, 290, 263, 71, 394, 203, 325, 417],[359, 295, 377, 415, 166, 301, -1, 209, 334, 191, 256, 309, 306, 261, 419, 381, 439, 395, 264, 244, 132, 216, 354],[378, 371, 514, 457, 355, 462, 209, -1, 316, 272, 269, 486, 469, 87, 388, 357, 510, 542, 427, 302, 335, 373, 282],[85, 149, 342, 365, 333, 337, 334, 316, -1, 252, 117, 404, 363, 264, 338, 263, 247, 410, 314, 342, 363, 419, 207],[244, 207, 265, 227, 207, 301, 191, 272, 252, -1, 245, 253, 225, 265, 251, 208, 299, 277, 237, 108, 204, 176, 379],[168, 151, 346, 421, 261, 277, 256, 269, 117, 245, -1, 373, 343, 248, 406, 336, 304, 415, 265, 346, 289, 387, 158],[358, 266, 139, 348, 168, 183, 309, 486, 404, 253, 373, -1, 49, 499, 454, 414, 304, 125, 129, 304, 190, 203, 529],[313, 225, 98, 312, 172, 178, 306, 469, 363, 225, 343, 49, -1, 473, 417, 373, 256, 102, 117, 284, 200, 210, 500],[330, 346, 503, 422, 383, 474, 261, 87, 264, 265, 248, 499, 473, -1, 336, 300, 472, 536, 436, 299, 373, 399, 254],[328, 368, 416, 151, 456, 523, 419, 388, 338, 251, 406, 454, 417, 336, -1, 76, 373, 412, 460, 213, 453, 368, 497],[251, 296, 365, 155, 407, 463, 381, 357, 263, 208, 336, 414, 373, 300, 76, -1, 308, 377, 404, 205, 411, 352, 432],[162, 164, 175, 303, 347, 290, 439, 510, 247, 299, 304, 304, 256, 472, 373, 308, -1, 247, 263, 375, 389, 409, 438],[346, 280, 94, 281, 274, 263, 395, 542, 410, 277, 415, 125, 102, 536, 412, 377, 247, -1, 210, 314, 297, 261, 573],[279, 173, 156, 385, 109, 71, 264, 427, 314, 237, 265, 129, 117, 436, 460, 404, 263, 210, -1, 326, 162, 261, 417],[335, 311, 331, 195, 287, 394, 244, 302, 342, 108, 346, 304, 284, 299, 213, 205, 375, 314, 326, -1, 266, 163, 466],[358, 267, 284, 403, 56, 203, 132, 335, 363, 204, 289, 190, 200, 373, 453, 411, 389, 297, 162, 266, -1, 170, 421],[402, 335, 296, 300, 204, 325, 216, 373, 419, 176, 387, 203, 210, 399, 368, 352, 409, 261, 261, 163, 170, -1, 523],[285, 303, 503, 548, 400, 417, 354, 282, 207, 379, 158, 529, 500, 254, 497, 432, 438, 573, 417, 466, 421, 523, -1]]