36
[[-1, 285, 287, 377, 351, 254, 455, 231, 469, 446, 468, 291, 402, 303, 474, 221, 506, 625, 531, 459, 561, 464, 293, 380, 319, 182, 461, 438, 525, 328, 260, 201, 324, 571, 542, 325],[285, -1, 542, 534, 413, 524, 464, 160, 401, 494, 658, 399, 500, 276, 402, 179, 635, 574, 458, 410, 638, 422, 351, 569, 394, 206, 524, 652, 712, 429, 441, 433, 218, 502, 471, 401],[287, 542, -1, 427, 541, 154, 504, 447, 670, 587, 351, 435, 538, 498, 706, 414, 510, 737, 720, 559, 631, 688, 424, 395, 363, 455, 533, 376, 499, 355, 314, 173, 522, 633, 631, 534],[377, 534, 427, -1, 292, 481, 580, 434, 378, 226, 298, 366, 343, 367, 443, 424, 335, 475, 438, 410, 481, 498, 221, 260, 345, 423, 513, 225, 255, 440, 386, 348, 584, 574, 512, 281],[351, 413, 541, 292, -1, 540, 689, 409, 351, 181, 566, 450, 445, 389, 369, 407, 573, 581, 449, 482, 647, 468, 287, 471, 388, 349, 647, 490, 520, 415, 505, 468, 558, 667, 601, 205],[254, 524, 154, 481, 540, -1, 545, 454, 690, 625, 461, 419, 525, 512, 695, 436, 564, 803, 740, 639, 644, 655, 481, 417, 455, 410, 543, 435, 546, 425, 306, 215, 502, 720, 710, 511],[455, 464, 504, 580, 689, 545, -1, 328, 538, 678, 482, 349, 471, 334, 581, 336, 430, 488, 522, 394, 424, 522, 443, 466, 490, 441, 241, 553, 612, 604, 320, 370, 294, 332, 347, 593],[231, 160, 447, 434, 409, 454, 328, -1, 348, 449, 513, 278, 394, 155, 377, 61, 487, 470, 391, 307, 505, 378, 248, 438, 319, 178, 385, 522, 585, 402, 310, 310, 172, 394, 362, 359],[469, 401, 670, 378, 351, 690, 538, 348, -1, 290, 569, 370, 339, 231, 147, 376, 453, 289, 106, 327, 458, 279, 275, 457, 466, 365, 481, 531, 522, 589, 487, 524, 466, 479, 388, 276],[446, 494, 587, 226, 181, 625, 678, 449, 290, -1, 503, 472, 440, 388, 367, 443, 502, 460, 383, 403, 603, 491, 245, 451, 376, 442, 634, 449, 455, 459, 535, 502, 613, 596, 521, 268],[468, 658, 351, 298, 566, 461, 482, 513, 569, 503, -1, 417, 443, 466, 644, 492, 259, 530, 592, 453, 456, 646, 368, 261, 404, 555, 450, 179, 262, 513, 353, 304, 620, 529, 505, 522],[291, 399, 435, 366, 450, 419, 349, 278, 370, 472, 417, -1, 156, 199, 355, 312, 300, 480, 375, 440, 279, 277, 319, 224, 466, 232, 216, 360, 397, 561, 147, 268, 324, 526, 475, 291],[402, 500, 538, 343, 445, 525, 471, 394, 339, 440, 443, 156, -1, 272, 309, 429, 267, 461, 330, 493, 227, 240, 362, 208, 545, 328, 289, 344, 330, 649, 275, 383, 459, 601, 532, 255],[303, 276, 498, 367, 389, 512, 334, 155, 231, 388, 466, 199, 272, -1, 266, 194, 376, 355, 255, 280, 378, 269, 212, 354, 372, 212, 309, 453, 488, 490, 290, 337, 263, 389, 326, 286],[474, 402, 706, 443, 369, 695, 581, 377, 147, 367, 644, 355, 309, 266, -1, 420, 501, 409, 166, 453, 458, 169, 367, 476, 558, 331, 486, 575, 561, 659, 492, 555, 460, 590, 504, 241],[221, 179, 414, 424, 407, 436, 336, 61, 376, 443, 492, 312, 429, 194, 420, -1, 497, 481, 426, 287, 537, 433, 230, 446, 265, 217, 416, 515, 587, 347, 321, 292, 210, 377, 352, 383],[506, 635, 510, 335, 573, 564, 430, 487, 453, 502, 259, 300, 267, 376, 501, 497, -1, 408, 434, 452, 209, 472, 384, 182, 524, 505, 290, 239, 221, 658, 317, 381, 566, 521, 468, 448],[625, 574, 737, 475, 581, 803, 488, 470, 289, 460, 530, 480, 461, 355, 409, 481, 408, -1, 248, 267, 440, 474, 375, 516, 520, 562, 471, 565, 546, 685, 560, 595, 566, 334, 243, 516],[531, 458, 720, 438, 449, 740, 522, 391, 106, 383, 592, 375, 330, 255, 166, 426, 434, 248, -1, 360, 403, 255, 346, 469, 539, 413, 444, 558, 535, 673, 501, 563, 480, 478, 385, 341],[459, 410, 559, 410, 482, 639, 394, 307, 327, 403, 453, 440, 493, 280, 453, 287, 452, 267, 360, -1, 534, 520, 224, 494, 282, 450, 476, 524, 563, 444, 471, 445, 435, 195, 133, 479],[561, 638, 631, 481, 647, 644, 424, 505, 458, 603, 456, 279, 227, 378, 458, 537, 209, 440, 403, 534, -1, 372, 486, 292, 652, 498, 204, 411, 380, 782, 349, 475, 532, 578, 521, 474],[464, 422, 688, 498, 468, 655, 522, 378, 279, 491, 646, 277, 240, 269, 169, 433, 472, 474, 255, 520, 372, -1, 433, 439, 619, 304, 386, 569, 558, 716, 422, 525, 406, 621, 546, 289],[293, 351, 424, 221, 287, 481, 443, 248, 275, 245, 368, 319, 362, 212, 367, 230, 384, 375, 346, 224, 486, 433, -1, 346, 208, 311, 449, 374, 424, 343, 351, 310, 414, 397, 338, 288],[380, 569, 395, 260, 471, 417, 466, 438, 457, 451, 261, 224, 208, 354, 476, 446, 182, 516, 469, 494, 292, 439, 346, -1, 477, 404, 325, 149, 185, 575, 219, 274, 524, 596, 545, 344],[319, 394, 363, 345, 388, 455, 490, 319, 466, 376, 404, 466, 545, 372, 558, 265, 524, 520, 539, 282, 652, 619, 208, 477, -1, 416, 574, 465, 550, 170, 437, 327, 470, 412, 396, 459],[182, 206, 455, 423, 349, 410, 441, 178, 365, 442, 555, 232, 328, 212, 331, 217, 505, 562, 413, 450, 498, 304, 311, 404, 416, -1, 410, 505, 559, 463, 291, 322, 244, 561, 515, 256],[461, 524, 533, 513, 647, 543, 241, 385, 481, 634, 450, 216, 289, 309, 486, 416, 290, 471, 444, 476, 204, 386, 449, 325, 574, 410, -1, 450, 475, 692, 242, 373, 371, 484, 452, 493],[438, 652, 376, 225, 490, 435, 553, 522, 531, 449, 179, 360, 344, 453, 575, 515, 239, 565, 558, 524, 411, 569, 374, 149, 465, 505, 450, -1, 124, 554, 325, 313, 631, 635, 590, 418],[525, 712, 499, 255, 520, 546, 612, 585, 522, 455, 262, 397, 330, 488, 561, 587, 221, 546, 535, 563, 380, 558, 424, 185, 550, 559, 475, 124, -1, 651, 400, 419, 693, 679, 622, 427],[328, 429, 355, 440, 415, 425, 604, 402, 589, 459, 513, 561, 649, 490, 659, 347, 658, 685, 673, 444, 782, 716, 343, 575, 170, 463, 692, 554, 651, -1, 515, 382, 535, 561, 556, 524],[260, 441, 314, 386, 505, 306, 320, 310, 487, 535, 353, 147, 275, 290, 492, 321, 317, 560, 501, 471, 349, 422, 351, 219, 437, 291, 242, 325, 400, 515, -1, 155, 346, 536, 507, 385],[201, 433, 173, 348, 468, 215, 370, 310, 524, 502, 304, 268, 383, 337, 555, 292, 381, 595, 563, 445, 475, 525, 310, 274, 327, 322, 373, 313, 419, 382, 155, -1, 388, 523, 507, 413],[324, 218, 522, 584, 558, 502, 294, 172, 466, 613, 620, 324, 459, 263, 460, 210, 566, 566, 480, 435, 532, 406, 414, 524, 470, 244, 371, 631, 693, 535, 346, 388, -1, 458, 445, 477],[571, 502, 633, 574, 667, 720, 332, 394, 479, 596, 529, 526, 601, 389, 590, 377, 521, 334, 478, 195, 578, 621, 397, 596, 412, 561, 484, 635, 679, 561, 536, 523, 458, -1, 97, 642],[542, 471, 631, 512, 601, 710, 347, 362, 388, 521, 505, 475, 532, 326, 504, 352, 468, 243, 385, 133, 521, 546, 338, 545, 396, 515, 452, 590, 622, 556, 507, 507, 445, 97, -1, 568],[325, 401, 534, 281, 205, 511, 593, 359, 276, 268, 522, 291, 255, 286, 241, 383, 448, 516, 341, 479, 474, 289, 288, 344, 459, 256, 493, 418, 427, 524, 385, 413, 477, 642, 568, -1]]