18
[[-1, 512, 530, 526, 298, 260, 227, 431, 548, 112, 321, 354, 593, 614, 481, 289, 383, 475],[512, -1, 309, 350, 273, 460, 359, 481, 413, 555, 328, 427, 116, 104, 213, 472, 288, 410],[530, 309, -1, 549, 427, 618, 317, 706, 612, 588, 297, 368, 403, 353, 496, 635, 150, 668],[526, 350, 549, -1, 420, 369, 432, 331, 622, 494, 357, 388, 399, 369, 247, 346, 470, 328],[298, 273, 427, 420, -1, 269, 273, 351, 289, 364, 326, 424, 320, 373, 249, 301, 320, 311],[260, 460, 618, 369, 269, -1, 352, 171, 481, 237, 384, 429, 510, 544, 324, 43, 482, 239],[227, 359, 317, 432, 273, 352, -1, 486, 553, 271, 118, 188, 464, 452, 409, 371, 167, 497],[431, 481, 706, 331, 351, 171, 486, -1, 491, 403, 490, 538, 499, 541, 286, 151, 587, 121],[548, 413, 612, 622, 289, 481, 553, 491, -1, 622, 605, 708, 371, 474, 381, 513, 556, 402],[112, 555, 588, 494, 364, 237, 271, 403, 622, -1, 333, 338, 638, 650, 498, 252, 437, 472],[321, 328, 297, 357, 326, 384, 118, 490, 605, 333, -1, 109, 440, 404, 386, 391, 169, 499],[354, 427, 368, 388, 424, 429, 188, 538, 708, 338, 109, -1, 540, 495, 470, 429, 255, 567],[593, 116, 403, 399, 320, 510, 464, 499, 371, 638, 440, 540, -1, 108, 217, 521, 398, 405],[614, 104, 353, 369, 373, 544, 452, 541, 474, 650, 404, 495, 108, -1, 258, 551, 367, 461],[481, 213, 496, 247, 249, 324, 409, 286, 381, 498, 386, 470, 217, 258, -1, 326, 424, 204],[289, 472, 635, 346, 301, 43, 371, 151, 513, 252, 391, 429, 521, 551, 326, -1, 500, 235],[383, 288, 150, 470, 320, 482, 167, 587, 556, 437, 169, 255, 398, 367, 424, 500, -1, 568],[475, 410, 668, 328, 311, 239, 497, 121, 402, 472, 499, 567, 405, 461, 204, 235, 568, -1]]