39
[[-1, 705, 442, 398, 550, 707, 222, 304, 376, 454, 344, 491, 460, 506, 410, 571, 578, 402, 582, 256, 369, 449, 641, 289, 575, 455, 197, 346, 373, 319, 243, 200, 317, 467, 274, 555, 457, 369, 443],[705, -1, 745, 491, 447, 142, 615, 440, 453, 538, 659, 450, 519, 244, 554, 459, 450, 572, 290, 590, 461, 368, 216, 573, 195, 339, 686, 364, 399, 519, 501, 647, 630, 331, 576, 536, 469, 393, 348],[442, 745, -1, 635, 824, 776, 391, 506, 352, 703, 594, 433, 685, 580, 222, 818, 748, 665, 591, 339, 306, 600, 633, 603, 650, 613, 282, 506, 389, 527, 370, 551, 184, 631, 559, 690, 766, 388, 521],[398, 491, 635, -1, 243, 489, 354, 306, 450, 282, 202, 564, 82, 416, 467, 211, 189, 317, 325, 314, 392, 412, 397, 138, 333, 173, 414, 244, 391, 257, 317, 442, 512, 277, 233, 204, 232, 322, 438],[550, 447, 824, 243, -1, 412, 511, 403, 573, 279, 424, 626, 246, 437, 642, 93, 245, 414, 419, 518, 543, 438, 453, 314, 334, 241, 618, 344, 509, 418, 480, 505, 674, 268, 397, 370, 130, 467, 463],[707, 142, 776, 489, 412, -1, 592, 481, 508, 462, 676, 444, 505, 314, 573, 427, 434, 628, 325, 594, 479, 433, 282, 579, 177, 323, 707, 388, 449, 571, 534, 635, 641, 272, 610, 546, 454, 430, 332],[222, 615, 391, 354, 511, 592, -1, 344, 362, 334, 369, 388, 394, 471, 281, 512, 486, 502, 463, 142, 247, 480, 533, 320, 456, 354, 224, 306, 337, 382, 245, 303, 238, 348, 361, 476, 462, 291, 355],[304, 440, 506, 306, 403, 481, 344, -1, 212, 438, 364, 388, 386, 226, 390, 434, 448, 242, 389, 317, 293, 158, 413, 263, 364, 292, 334, 120, 178, 160, 149, 286, 375, 323, 200, 462, 310, 207, 283],[376, 453, 352, 450, 573, 508, 362, 212, -1, 551, 490, 268, 520, 242, 262, 590, 562, 419, 395, 317, 191, 254, 405, 430, 403, 391, 315, 230, 70, 303, 169, 386, 255, 404, 365, 555, 504, 161, 266],[454, 538, 703, 282, 279, 462, 334, 438, 551, -1, 426, 528, 274, 499, 526, 282, 323, 541, 444, 396, 450, 527, 507, 330, 364, 257, 519, 357, 492, 479, 442, 429, 542, 215, 444, 409, 305, 433, 404],[344, 659, 594, 202, 424, 676, 369, 364, 490, 426, -1, 656, 234, 539, 483, 394, 354, 308, 457, 296, 442, 502, 535, 152, 509, 357, 337, 354, 452, 248, 330, 467, 509, 454, 195, 277, 381, 390, 562],[491, 450, 433, 564, 626, 444, 388, 388, 268, 528, 656, -1, 616, 321, 321, 652, 638, 629, 464, 420, 259, 398, 465, 570, 405, 445, 467, 351, 265, 519, 357, 435, 298, 381, 558, 673, 583, 303, 170],[460, 519, 685, 82, 246, 505, 394, 386, 520, 274, 234, 616, -1, 478, 508, 186, 138, 388, 338, 357, 441, 486, 415, 204, 352, 200, 470, 314, 459, 335, 389, 509, 566, 302, 309, 162, 273, 381, 491],[506, 244, 580, 416, 437, 314, 471, 226, 242, 499, 539, 321, 478, -1, 429, 469, 475, 407, 324, 448, 324, 145, 295, 441, 259, 305, 501, 199, 197, 343, 305, 447, 457, 302, 405, 525, 391, 241, 214],[410, 554, 222, 467, 642, 573, 281, 390, 262, 526, 483, 321, 508, 429, -1, 628, 550, 570, 381, 212, 114, 484, 430, 474, 439, 413, 267, 343, 258, 422, 261, 492, 164, 434, 460, 511, 607, 213, 368],[571, 459, 818, 211, 93, 427, 512, 434, 590, 282, 394, 652, 186, 469, 628, -1, 161, 434, 382, 503, 539, 483, 427, 313, 327, 225, 614, 361, 523, 425, 489, 555, 679, 284, 406, 293, 200, 465, 498],[578, 450, 748, 189, 245, 434, 486, 448, 562, 323, 354, 638, 138, 475, 550, 161, -1, 461, 279, 443, 480, 513, 346, 327, 295, 198, 569, 357, 494, 412, 463, 607, 634, 302, 411, 154, 320, 414, 510],[402, 572, 665, 317, 414, 628, 502, 242, 419, 541, 308, 629, 388, 407, 570, 434, 461, -1, 495, 448, 492, 306, 524, 251, 505, 400, 442, 309, 393, 148, 325, 427, 569, 478, 152, 447, 317, 395, 515],[582, 290, 591, 325, 419, 325, 463, 389, 395, 444, 457, 464, 338, 324, 381, 382, 279, 495, -1, 392, 317, 420, 97, 429, 171, 211, 511, 285, 333, 396, 376, 608, 503, 292, 448, 298, 447, 257, 385],[256, 590, 339, 314, 518, 594, 142, 317, 317, 396, 296, 420, 357, 448, 212, 503, 443, 448, 392, -1, 196, 459, 467, 293, 435, 332, 155, 278, 291, 309, 188, 380, 232, 374, 308, 396, 474, 224, 390],[369, 461, 306, 392, 543, 479, 247, 293, 191, 450, 442, 259, 441, 324, 114, 539, 480, 492, 317, 196, -1, 381, 361, 403, 345, 320, 273, 236, 165, 351, 186, 418, 187, 333, 392, 465, 505, 115, 265],[449, 368, 600, 412, 438, 433, 480, 158, 254, 527, 502, 398, 486, 145, 484, 483, 513, 306, 420, 459, 381, -1, 407, 396, 368, 356, 477, 211, 228, 277, 285, 382, 477, 367, 332, 552, 354, 289, 288],[641, 216, 633, 397, 453, 282, 533, 413, 405, 507, 535, 465, 415, 295, 430, 427, 346, 524, 97, 467, 361, 407, -1, 495, 172, 269, 574, 319, 347, 438, 421, 648, 548, 329, 499, 380, 480, 295, 388],[289, 573, 603, 138, 314, 579, 320, 263, 430, 330, 152, 570, 204, 441, 474, 313, 327, 251, 429, 293, 403, 396, 495, -1, 430, 274, 346, 255, 386, 202, 275, 350, 478, 346, 134, 317, 245, 339, 453],[575, 195, 650, 333, 334, 177, 456, 364, 403, 364, 509, 405, 352, 259, 439, 327, 295, 505, 171, 435, 345, 368, 172, 430, -1, 164, 555, 253, 335, 426, 393, 546, 521, 170, 465, 383, 367, 287, 285],[455, 339, 613, 173, 241, 323, 354, 292, 391, 257, 357, 445, 200, 305, 413, 225, 198, 400, 211, 332, 320, 356, 269, 274, 164, -1, 455, 181, 321, 320, 312, 453, 477, 133, 334, 275, 258, 253, 313],[197, 686, 282, 414, 618, 707, 224, 334, 315, 519, 337, 467, 470, 501, 267, 614, 569, 442, 511, 155, 273, 477, 574, 346, 555, 455, -1, 350, 321, 314, 199, 364, 215, 495, 311, 509, 547, 297, 460],[346, 364, 506, 244, 344, 388, 306, 120, 230, 357, 354, 351, 314, 199, 343, 361, 357, 309, 285, 278, 236, 211, 319, 255, 253, 181, 350, -1, 167, 208, 163, 335, 366, 217, 245, 386, 285, 144, 230],[373, 399, 389, 391, 509, 449, 337, 178, 70, 492, 452, 265, 459, 197, 258, 523, 494, 393, 333, 291, 165, 228, 347, 386, 335, 321, 321, 167, -1, 273, 147, 378, 275, 339, 335, 496, 447, 103, 227],[319, 519, 527, 257, 418, 571, 382, 160, 303, 479, 248, 519, 335, 343, 422, 425, 412, 148, 396, 309, 351, 277, 438, 202, 426, 320, 314, 208, 273, -1, 189, 379, 432, 402, 93, 382, 335, 260, 425],[243, 501, 370, 317, 480, 534, 245, 149, 169, 442, 330, 357, 389, 305, 261, 489, 463, 325, 376, 188, 186, 285, 421, 275, 393, 312, 199, 163, 147, 189, -1, 305, 248, 350, 224, 442, 406, 140, 304],[200, 647, 551, 442, 505, 635, 303, 286, 386, 429, 467, 435, 509, 447, 492, 555, 607, 427, 608, 380, 418, 382, 648, 350, 546, 453, 364, 335, 378, 379, 305, -1, 390, 419, 345, 633, 400, 404, 360],[317, 630, 184, 512, 674, 641, 238, 375, 255, 542, 509, 298, 566, 457, 164, 679, 634, 569, 503, 232, 187, 477, 548, 478, 521, 477, 215, 366, 275, 432, 248, 390, -1, 472, 454, 606, 614, 275, 360],[467, 331, 631, 277, 268, 272, 348, 323, 404, 215, 454, 381, 302, 302, 434, 284, 302, 478, 292, 374, 333, 367, 329, 346, 170, 133, 495, 217, 339, 402, 350, 419, 472, -1, 410, 398, 281, 293, 237],[274, 576, 559, 233, 397, 610, 361, 200, 365, 444, 195, 558, 309, 405, 460, 406, 411, 152, 448, 308, 392, 332, 499, 134, 465, 334, 311, 245, 335, 93, 224, 345, 454, 410, -1, 382, 306, 315, 456],[555, 536, 690, 204, 370, 546, 476, 462, 555, 409, 277, 673, 162, 525, 511, 293, 154, 447, 298, 396, 465, 552, 380, 317, 383, 275, 509, 386, 496, 382, 442, 633, 606, 398, 382, -1, 409, 406, 570],[457, 469, 766, 232, 130, 454, 462, 310, 504, 305, 381, 583, 273, 391, 607, 200, 320, 317, 447, 474, 505, 354, 480, 245, 367, 258, 547, 285, 447, 335, 406, 400, 614, 281, 306, 409, -1, 424, 421],[369, 393, 388, 322, 467, 430, 291, 207, 161, 433, 390, 303, 381, 241, 213, 465, 414, 395, 257, 224, 115, 289, 295, 339, 287, 253, 297, 144, 103, 260, 140, 404, 275, 293, 315, 406, 424, -1, 253],[443, 348, 521, 438, 463, 332, 355, 283, 266, 404, 562, 170, 491, 214, 368, 498, 510, 515, 385, 390, 265, 288, 388, 453, 285, 313, 460, 230, 227, 425, 304, 360, 360, 237, 456, 570, 421, 253, -1]]