38
[[-1, 515, 399, 314, 562, 331, 366, 306, 484, 236, 345, 583, 386, 281, 517, 598, 525, 572, 462, 125, 468, 397, 564, 390, 476, 329, 402, 665, 699, 330, 515, 622, 543, 461, 601, 494, 468, 474],[515, -1, 233, 532, 484, 577, 282, 519, 525, 413, 223, 588, 367, 339, 445, 197, 265, 206, 263, 598, 386, 516, 439, 377, 438, 549, 461, 470, 548, 486, 267, 471, 107, 498, 521, 208, 367, 197],[399, 233, -1, 517, 474, 524, 370, 325, 515, 217, 80, 498, 436, 260, 522, 363, 335, 376, 180, 449, 438, 491, 432, 251, 426, 513, 426, 492, 589, 440, 383, 568, 292, 371, 582, 348, 345, 312],[314, 532, 517, -1, 456, 137, 336, 439, 257, 458, 472, 510, 229, 302, 276, 520, 515, 520, 502, 349, 364, 295, 488, 415, 308, 102, 300, 540, 496, 161, 384, 379, 503, 445, 347, 419, 359, 454],[562, 484, 474, 456, -1, 489, 511, 487, 366, 506, 492, 249, 488, 463, 458, 369, 306, 391, 501, 572, 233, 618, 72, 457, 337, 483, 537, 537, 303, 427, 442, 388, 471, 439, 444, 352, 327, 564],[331, 577, 524, 137, 489, -1, 424, 380, 220, 456, 490, 473, 306, 284, 313, 574, 585, 598, 481, 325, 454, 240, 525, 363, 276, 49, 236, 493, 493, 102, 417, 418, 542, 363, 348, 496, 334, 487],[366, 282, 370, 336, 511, 424, -1, 519, 452, 412, 304, 636, 167, 290, 332, 344, 357, 302, 397, 475, 327, 390, 497, 425, 419, 383, 388, 548, 581, 368, 270, 423, 285, 539, 456, 229, 400, 225],[306, 519, 325, 439, 487, 380, 519, -1, 438, 209, 334, 389, 505, 271, 558, 582, 533, 606, 346, 251, 523, 439, 485, 226, 393, 401, 378, 536, 598, 339, 521, 622, 536, 231, 584, 539, 359, 516],[484, 525, 515, 257, 366, 220, 452, 438, -1, 525, 505, 355, 321, 322, 220, 458, 516, 517, 440, 487, 393, 323, 408, 343, 110, 216, 256, 348, 277, 167, 321, 248, 463, 314, 177, 423, 203, 465],[236, 413, 217, 458, 506, 456, 412, 209, 525, -1, 199, 504, 466, 269, 575, 520, 433, 507, 333, 262, 466, 485, 483, 298, 470, 457, 442, 611, 668, 407, 500, 645, 466, 383, 640, 456, 419, 442],[345, 223, 80, 472, 492, 490, 304, 334, 505, 199, -1, 534, 383, 225, 492, 368, 338, 364, 205, 412, 419, 451, 455, 265, 426, 475, 401, 509, 606, 412, 362, 555, 284, 396, 568, 326, 355, 272],[583, 588, 498, 510, 249, 473, 636, 389, 355, 504, 534, -1, 582, 463, 532, 516, 491, 573, 483, 547, 446, 599, 277, 389, 321, 489, 504, 485, 333, 417, 524, 489, 567, 297, 482, 521, 311, 635],[386, 367, 436, 229, 488, 306, 167, 505, 321, 466, 383, 582, -1, 259, 182, 374, 433, 378, 403, 468, 344, 273, 495, 390, 312, 259, 275, 456, 488, 254, 210, 309, 324, 476, 312, 281, 326, 256],[281, 339, 260, 302, 463, 284, 290, 271, 322, 269, 225, 463, 259, -1, 336, 409, 433, 439, 217, 326, 410, 241, 459, 156, 264, 271, 185, 390, 503, 204, 282, 435, 326, 271, 403, 354, 230, 266],[517, 445, 522, 276, 458, 313, 332, 558, 220, 575, 492, 532, 182, 336, -1, 382, 490, 430, 443, 568, 380, 299, 480, 413, 230, 274, 271, 360, 355, 256, 194, 160, 366, 455, 135, 337, 279, 345],[598, 197, 363, 520, 369, 574, 344, 582, 458, 520, 368, 516, 374, 409, 382, -1, 214, 126, 360, 667, 297, 559, 329, 432, 381, 544, 490, 434, 401, 481, 231, 341, 160, 510, 426, 139, 326, 307],[525, 265, 335, 515, 306, 585, 357, 533, 516, 433, 338, 491, 433, 433, 490, 214, -1, 151, 426, 592, 208, 630, 250, 468, 453, 561, 567, 587, 493, 507, 380, 463, 307, 540, 545, 178, 400, 415],[572, 206, 376, 520, 391, 598, 302, 606, 517, 507, 364, 573, 378, 439, 430, 126, 151, -1, 422, 654, 255, 600, 347, 491, 453, 565, 546, 546, 489, 516, 301, 406, 220, 580, 498, 103, 406, 335],[462, 263, 180, 502, 501, 481, 397, 346, 440, 333, 205, 483, 403, 217, 443, 360, 426, 422, -1, 499, 491, 396, 473, 157, 340, 471, 316, 329, 516, 387, 302, 496, 255, 286, 484, 377, 257, 257],[125, 598, 449, 349, 572, 325, 475, 251, 487, 262, 412, 547, 468, 326, 568, 667, 592, 654, 499, -1, 526, 427, 582, 395, 486, 342, 423, 682, 708, 339, 581, 665, 620, 429, 629, 574, 485, 560],[468, 386, 438, 364, 233, 454, 327, 523, 393, 466, 419, 446, 344, 410, 380, 297, 208, 255, 491, 526, -1, 556, 229, 477, 373, 429, 505, 580, 416, 398, 361, 354, 386, 521, 433, 201, 365, 451],[397, 516, 491, 295, 618, 240, 390, 439, 323, 485, 451, 599, 273, 241, 299, 559, 630, 600, 396, 427, 556, -1, 634, 326, 322, 224, 110, 403, 561, 216, 349, 445, 467, 385, 362, 504, 348, 361],[564, 439, 432, 488, 72, 525, 497, 485, 408, 483, 455, 277, 495, 459, 480, 329, 250, 347, 473, 582, 229, 634, -1, 449, 362, 517, 551, 540, 337, 455, 434, 413, 437, 447, 477, 323, 333, 541],[390, 377, 251, 415, 457, 363, 425, 226, 343, 298, 265, 389, 390, 156, 413, 432, 468, 491, 157, 395, 477, 326, 449, -1, 258, 365, 235, 326, 474, 277, 338, 475, 360, 147, 436, 422, 197, 344],[476, 438, 426, 308, 337, 276, 419, 393, 110, 470, 426, 321, 312, 264, 230, 381, 453, 453, 340, 486, 373, 322, 362, 258, -1, 269, 229, 270, 255, 188, 256, 250, 377, 246, 202, 367, 94, 394],[329, 549, 513, 102, 483, 49, 383, 401, 216, 457, 475, 489, 259, 271, 274, 544, 561, 565, 471, 342, 429, 224, 517, 365, 269, -1, 225, 484, 484, 95, 382, 387, 511, 381, 324, 462, 326, 453],[402, 461, 426, 300, 537, 236, 388, 378, 256, 442, 401, 504, 275, 185, 271, 490, 567, 546, 316, 423, 505, 110, 551, 235, 229, 225, -1, 313, 474, 172, 293, 392, 408, 286, 311, 453, 246, 333],[665, 470, 492, 540, 537, 493, 548, 536, 348, 611, 509, 485, 456, 390, 360, 434, 587, 546, 329, 682, 580, 403, 540, 326, 270, 484, 313, -1, 355, 407, 302, 367, 384, 333, 313, 488, 248, 404],[699, 548, 589, 496, 303, 493, 581, 598, 277, 668, 606, 333, 488, 503, 355, 401, 493, 489, 516, 708, 416, 561, 337, 474, 255, 484, 474, 355, -1, 425, 378, 234, 476, 433, 261, 437, 283, 558],[330, 486, 440, 161, 427, 102, 368, 339, 167, 407, 412, 417, 254, 204, 256, 481, 507, 516, 387, 339, 398, 216, 455, 277, 188, 95, 172, 407, 425, -1, 327, 355, 447, 293, 294, 415, 235, 404],[515, 267, 383, 384, 442, 417, 270, 521, 321, 500, 362, 524, 210, 282, 194, 231, 380, 301, 302, 581, 361, 349, 434, 338, 256, 382, 293, 302, 378, 327, -1, 241, 175, 422, 266, 225, 232, 192],[622, 471, 568, 379, 388, 418, 423, 622, 248, 645, 555, 489, 309, 435, 160, 341, 463, 406, 496, 665, 354, 445, 413, 475, 250, 387, 392, 367, 234, 355, 241, -1, 387, 493, 130, 333, 293, 429],[543, 107, 292, 503, 471, 542, 285, 536, 463, 466, 284, 567, 324, 326, 366, 160, 307, 220, 255, 620, 386, 467, 437, 360, 377, 511, 408, 384, 476, 447, 175, 387, -1, 471, 433, 198, 313, 161],[461, 498, 371, 445, 439, 363, 539, 231, 314, 383, 396, 297, 476, 271, 455, 510, 540, 580, 286, 429, 521, 385, 447, 147, 246, 381, 286, 333, 433, 293, 422, 493, 471, -1, 437, 509, 213, 475],[601, 521, 582, 347, 444, 348, 456, 584, 177, 640, 568, 482, 312, 403, 135, 426, 545, 498, 484, 629, 433, 362, 477, 436, 202, 324, 311, 313, 261, 294, 266, 130, 433, 437, -1, 414, 271, 441],[494, 208, 348, 419, 352, 496, 229, 539, 423, 456, 326, 521, 281, 354, 337, 139, 178, 103, 377, 574, 201, 504, 323, 422, 367, 462, 453, 488, 437, 415, 225, 333, 198, 509, 414, -1, 329, 283],[468, 367, 345, 359, 327, 334, 400, 359, 203, 419, 355, 311, 326, 230, 279, 326, 400, 406, 257, 485, 365, 348, 333, 197, 94, 326, 246, 248, 283, 235, 232, 293, 313, 213, 271, 329, -1, 347],[474, 197, 312, 454, 564, 487, 225, 516, 465, 442, 272, 635, 256, 266, 345, 307, 415, 335, 257, 560, 451, 361, 541, 344, 394, 453, 333, 404, 558, 404, 192, 429, 161, 475, 441, 283, 347, -1]]