35
[[-1, 481, 375, 295, 500, 191, 338, 413, 408, 612, 546, 318, 209, 388, 508, 463, 426, 256, 409, 435, 345, 410, 302, 171, 183, 381, 379, 565, 745, 425, 381, 578, 404, 358, 378],[481, -1, 717, 236, 682, 431, 268, 372, 400, 497, 510, 420, 567, 413, 643, 76, 429, 537, 489, 644, 487, 390, 562, 495, 437, 439, 578, 496, 512, 353, 524, 302, 436, 324, 288],[375, 717, -1, 518, 261, 315, 582, 597, 542, 617, 500, 368, 252, 567, 339, 691, 488, 304, 448, 363, 315, 598, 296, 287, 339, 504, 356, 534, 734, 512, 302, 675, 514, 442, 518],[295, 236, 518, -1, 543, 219, 189, 228, 386, 439, 423, 312, 350, 273, 531, 250, 295, 397, 301, 427, 335, 239, 341, 325, 295, 253, 355, 417, 502, 222, 409, 324, 268, 245, 218],[500, 682, 261, 543, -1, 381, 635, 676, 442, 491, 349, 354, 436, 583, 102, 646, 440, 308, 469, 458, 244, 686, 393, 345, 374, 542, 489, 395, 647, 477, 209, 577, 529, 393, 523],[191, 431, 315, 219, 381, -1, 341, 360, 363, 437, 368, 265, 206, 287, 389, 421, 259, 239, 241, 295, 188, 363, 165, 154, 189, 245, 272, 384, 589, 258, 295, 430, 259, 266, 320],[338, 268, 582, 189, 635, 341, -1, 218, 480, 609, 581, 319, 377, 455, 634, 267, 480, 480, 468, 557, 473, 233, 477, 410, 343, 425, 422, 578, 553, 397, 463, 460, 448, 280, 161],[413, 372, 597, 228, 676, 360, 218, -1, 609, 578, 576, 443, 385, 412, 692, 406, 448, 575, 379, 452, 504, 26, 427, 489, 461, 335, 312, 561, 495, 352, 556, 453, 369, 392, 287],[408, 400, 542, 386, 442, 363, 480, 609, -1, 461, 390, 330, 523, 442, 368, 350, 387, 264, 501, 615, 299, 621, 487, 303, 276, 496, 621, 418, 685, 413, 320, 433, 477, 308, 428],[612, 497, 617, 439, 491, 437, 609, 578, 461, -1, 143, 537, 619, 352, 449, 509, 200, 533, 307, 454, 336, 590, 436, 519, 542, 350, 539, 98, 451, 233, 504, 226, 306, 455, 539],[546, 510, 500, 423, 349, 368, 581, 576, 390, 143, -1, 439, 538, 380, 307, 504, 199, 426, 302, 415, 225, 589, 376, 425, 450, 365, 491, 52, 467, 245, 378, 287, 327, 377, 489],[318, 420, 368, 312, 354, 265, 319, 443, 330, 537, 439, -1, 308, 505, 353, 373, 432, 265, 456, 508, 286, 458, 405, 247, 168, 472, 419, 462, 557, 398, 155, 475, 477, 118, 211],[209, 567, 252, 350, 436, 206, 377, 385, 523, 619, 538, 308, -1, 463, 483, 554, 449, 328, 381, 337, 347, 382, 252, 246, 263, 392, 227, 556, 675, 432, 355, 604, 421, 363, 370],[388, 413, 567, 273, 583, 287, 455, 412, 442, 352, 380, 505, 463, -1, 561, 441, 184, 449, 209, 363, 344, 411, 295, 388, 427, 136, 426, 369, 620, 212, 532, 356, 121, 449, 481],[508, 643, 339, 531, 102, 389, 634, 692, 368, 449, 307, 353, 483, 561, -1, 604, 415, 288, 477, 502, 224, 703, 422, 342, 365, 541, 541, 357, 647, 460, 206, 536, 522, 377, 522],[463, 76, 691, 250, 646, 421, 267, 406, 350, 509, 504, 373, 554, 441, 604, -1, 441, 496, 510, 658, 465, 425, 564, 464, 397, 468, 588, 497, 530, 374, 477, 327, 465, 283, 265],[426, 429, 488, 295, 440, 259, 480, 448, 387, 200, 199, 432, 449, 184, 415, 441, -1, 396, 152, 316, 219, 455, 260, 357, 394, 179, 396, 190, 510, 117, 421, 270, 137, 369, 441],[256, 537, 304, 397, 308, 239, 480, 575, 264, 533, 426, 265, 328, 449, 288, 496, 396, -1, 441, 475, 214, 581, 335, 98, 142, 457, 478, 464, 735, 434, 218, 554, 455, 321, 433],[409, 489, 448, 301, 469, 241, 468, 379, 501, 307, 302, 456, 381, 209, 477, 510, 152, 441, -1, 186, 276, 380, 180, 377, 422, 101, 272, 291, 511, 159, 461, 358, 96, 409, 446],[435, 644, 363, 427, 458, 295, 557, 452, 615, 454, 415, 508, 337, 363, 502, 658, 316, 475, 186, -1, 341, 447, 149, 409, 472, 253, 204, 417, 608, 334, 494, 531, 269, 499, 533],[345, 487, 315, 335, 244, 188, 473, 504, 299, 336, 225, 286, 347, 344, 224, 465, 219, 214, 276, 341, -1, 513, 236, 206, 249, 324, 384, 261, 568, 265, 223, 396, 308, 277, 398],[410, 390, 598, 239, 686, 363, 233, 26, 621, 590, 589, 458, 382, 411, 703, 425, 455, 581, 380, 447, 513, -1, 424, 492, 469, 333, 307, 573, 516, 362, 569, 471, 370, 411, 308],[302, 562, 296, 341, 393, 165, 477, 427, 487, 436, 376, 405, 252, 295, 422, 564, 260, 335, 180, 149, 236, 424, -1, 265, 336, 221, 229, 389, 628, 291, 394, 493, 235, 406, 458],[171, 495, 287, 325, 345, 154, 410, 489, 303, 519, 425, 247, 246, 388, 342, 464, 357, 98, 377, 409, 206, 492, 265, -1, 103, 384, 397, 456, 698, 382, 244, 525, 390, 295, 382],[183, 437, 339, 295, 374, 189, 343, 461, 276, 542, 450, 168, 263, 427, 365, 397, 394, 142, 422, 472, 249, 469, 336, 103, -1, 422, 421, 478, 667, 394, 216, 508, 429, 226, 307],[381, 439, 504, 253, 542, 245, 425, 335, 496, 350, 365, 472, 392, 136, 541, 468, 179, 457, 101, 253, 324, 333, 221, 384, 422, -1, 304, 351, 545, 167, 502, 357, 48, 419, 436],[379, 578, 356, 355, 489, 272, 422, 312, 621, 539, 491, 419, 227, 426, 541, 588, 396, 478, 272, 204, 384, 307, 229, 397, 421, 304, -1, 491, 548, 355, 456, 535, 337, 418, 404],[565, 496, 534, 417, 395, 384, 578, 561, 418, 98, 52, 462, 556, 369, 357, 497, 190, 464, 291, 417, 261, 573, 389, 456, 478, 351, 491, -1, 436, 224, 415, 251, 311, 391, 490],[745, 512, 734, 502, 647, 589, 553, 495, 685, 451, 467, 557, 675, 620, 647, 530, 510, 735, 511, 608, 568, 516, 628, 698, 667, 545, 548, 436, -1, 418, 594, 349, 536, 464, 450],[425, 353, 512, 222, 477, 258, 397, 352, 413, 233, 245, 398, 432, 212, 460, 374, 117, 434, 159, 334, 265, 362, 291, 382, 394, 167, 355, 224, 418, -1, 423, 206, 142, 317, 358],[381, 524, 302, 409, 209, 295, 463, 556, 320, 504, 378, 155, 355, 532, 206, 477, 421, 218, 461, 494, 223, 569, 394, 244, 216, 502, 456, 415, 594, 423, -1, 505, 497, 217, 350],[578, 302, 675, 324, 577, 430, 460, 453, 433, 226, 287, 475, 604, 356, 536, 327, 270, 554, 358, 531, 396, 471, 493, 525, 508, 357, 535, 251, 349, 206, 505, -1, 328, 363, 401],[404, 436, 514, 268, 529, 259, 448, 369, 477, 306, 327, 477, 421, 121, 522, 465, 137, 455, 96, 269, 308, 370, 235, 390, 429, 48, 337, 311, 536, 142, 497, 328, -1, 419, 449],[358, 324, 442, 245, 393, 266, 280, 392, 308, 455, 377, 118, 363, 449, 377, 283, 369, 321, 409, 499, 277, 411, 406, 295, 226, 419, 418, 391, 464, 317, 217, 363, 419, -1, 153],[378, 288, 518, 218, 523, 320, 161, 287, 428, 539, 489, 211, 370, 481, 522, 265, 441, 433, 446, 533, 398, 308, 458, 382, 307, 436, 404, 490, 450, 358, 350, 401, 449, 153, -1]]