28
[-1, 299, 206, 38, 1, 82, 210, 3, 181, 88, 391, 84, 26, 392, 93, 317, 130, 239, 10, 227, 184, 79, 287, 229, 80, 167, 259, 84, 
299, -1, 93, 261, 298, 217, 89, 302, 118, 387, 92, 215, 273, 93, 206, 18, 169, 60, 309, 72, 115, 220, 12, 70, 379, 132, 40, 215, 
206, 93, -1, 168, 205, 124, 4, 209, 25, 294, 185, 122, 180, 186, 113, 111, 76, 33, 216, 21, 22, 127, 81, 23, 286, 39, 53, 122, 
38, 261, 168, -1, 37, 44, 172, 41, 143, 126, 353, 46, 12, 354, 55, 279, 92, 201, 48, 189, 146, 41, 249, 191, 118, 129, 221, 46, 
1, 298, 205, 37, -1, 81, 209, 4, 180, 89, 390, 83, 25, 391, 92, 316, 129, 238, 11, 226, 183, 78, 286, 228, 81, 166, 258, 83, 
82, 217, 124, 44, 81, -1, 128, 85, 99, 170, 309, 2, 56, 310, 11, 235, 48, 157, 92, 145, 102, 3, 205, 147, 162, 85, 177, 2, 
210, 89, 4, 172, 209, 128, -1, 213, 29, 298, 181, 126, 184, 182, 117, 107, 80, 29, 220, 17, 26, 131, 77, 19, 290, 43, 49, 126, 
3, 302, 209, 41, 4, 85, 213, -1, 184, 85, 394, 87, 29, 395, 96, 320, 133, 242, 7, 230, 187, 82, 290, 232, 77, 170, 262, 87, 
181, 118, 25, 143, 180, 99, 29, 184, -1, 269, 210, 97, 155, 211, 88, 136, 51, 58, 191, 46, 3, 102, 106, 48, 261, 14, 78, 97, 
88, 387, 294, 126, 89, 170, 298, 85, 269, -1, 479, 172, 114, 480, 181, 405, 218, 327, 78, 315, 272, 167, 375, 317, 8, 255, 347, 172, 
391, 92, 185, 353, 390, 309, 181, 394, 210, 479, -1, 307, 365, 1, 298, 74, 261, 152, 401, 164, 207, 312, 104, 162, 471, 224, 132, 307, 
84, 215, 122, 46, 83, 2, 126, 87, 97, 172, 307, -1, 58, 308, 9, 233, 46, 155, 94, 143, 100, 5, 203, 145, 164, 83, 175, 0, 
26, 273, 180, 12, 25, 56, 184, 29, 155, 114, 365, 58, -1, 366, 67, 291, 104, 213, 36, 201, 158, 53, 261, 203, 106, 141, 233, 58, 
392, 93, 186, 354, 391, 310, 182, 395, 211, 480, 1, 308, 366, -1, 299, 75, 262, 153, 402, 165, 208, 313, 105, 163, 472, 225, 133, 308, 
93, 206, 113, 55, 92, 11, 117, 96, 88, 181, 298, 9, 67, 299, -1, 224, 37, 146, 103, 134, 91, 14, 194, 136, 173, 74, 166, 9, 
317, 18, 111, 279, 316, 235, 107, 320, 136, 405, 74, 233, 291, 75, 224, -1, 187, 78, 327, 90, 133, 238, 30, 88, 397, 150, 58, 233, 
130, 169, 76, 92, 129, 48, 80, 133, 51, 218, 261, 46, 104, 262, 37, 187, -1, 109, 140, 97, 54, 51, 157, 99, 210, 37, 129, 46, 
239, 60, 33, 201, 238, 157, 29, 242, 58, 327, 152, 155, 213, 153, 146, 78, 109, -1, 249, 12, 55, 160, 48, 10, 319, 72, 20, 155, 
10, 309, 216, 48, 11, 92, 220, 7, 191, 78, 401, 94, 36, 402, 103, 327, 140, 249, -1, 237, 194, 89, 297, 239, 70, 177, 269, 94, 
227, 72, 21, 189, 226, 145, 17, 230, 46, 315, 164, 143, 201, 165, 134, 90, 97, 12, 237, -1, 43, 148, 60, 2, 307, 60, 32, 143, 
184, 115, 22, 146, 183, 102, 26, 187, 3, 272, 207, 100, 158, 208, 91, 133, 54, 55, 194, 43, -1, 105, 103, 45, 264, 17, 75, 100, 
79, 220, 127, 41, 78, 3, 131, 82, 102, 167, 312, 5, 53, 313, 14, 238, 51, 160, 89, 148, 105, -1, 208, 150, 159, 88, 180, 5, 
287, 12, 81, 249, 286, 205, 77, 290, 106, 375, 104, 203, 261, 105, 194, 30, 157, 48, 297, 60, 103, 208, -1, 58, 367, 120, 28, 203, 
229, 70, 23, 191, 228, 147, 19, 232, 48, 317, 162, 145, 203, 163, 136, 88, 99, 10, 239, 2, 45, 150, 58, -1, 309, 62, 30, 145, 
80, 379, 286, 118, 81, 162, 290, 77, 261, 8, 471, 164, 106, 472, 173, 397, 210, 319, 70, 307, 264, 159, 367, 309, -1, 247, 339, 164, 
167, 132, 39, 129, 166, 85, 43, 170, 14, 255, 224, 83, 141, 225, 74, 150, 37, 72, 177, 60, 17, 88, 120, 62, 247, -1, 92, 83, 
259, 40, 53, 221, 258, 177, 49, 262, 78, 347, 132, 175, 233, 133, 166, 58, 129, 20, 269, 32, 75, 180, 28, 30, 339, 92, -1, 175, 
84, 215, 122, 46, 83, 2, 126, 87, 97, 172, 307, 0, 58, 308, 9, 233, 46, 155, 94, 143, 100, 5, 203, 145, 164, 83, 175, -1]