6
[-1, 542, 426, 330, 440, 249, 
542, -1, 299, 350, 279, 406, 
426, 299, -1, 102, 449, 432, 
330, 350, 102, -1, 434, 371, 
440, 279, 449, 434, -1, 209, 
249, 406, 432, 371, 209, -1]