16
[-1, 366, 273, 109, 401, 302, 467, 229, 126, 274, 114, 500, 257, 322, 418, 411, 
366, -1, 225, 370, 406, 371, 503, 203, 400, 247, 443, 513, 591, 461, 546, 634, 
273, 225, -1, 307, 471, 362, 610, 189, 294, 273, 363, 560, 520, 409, 535, 619, 
109, 370, 307, -1, 317, 207, 444, 195, 227, 272, 142, 399, 268, 276, 348, 380, 
401, 406, 471, 317, -1, 174, 356, 302, 476, 284, 385, 155, 468, 262, 219, 379, 
302, 371, 362, 207, 174, -1, 467, 197, 399, 276, 312, 214, 420, 228, 256, 419, 
467, 503, 610, 444, 356, 467, -1, 485, 486, 381, 430, 489, 452, 464, 434, 356, 
229, 203, 189, 195, 302, 197, 485, -1, 311, 210, 302, 387, 450, 320, 408, 513, 
126, 400, 294, 227, 476, 399, 486, 311, -1, 283, 150, 591, 271, 353, 466, 423, 
274, 247, 273, 272, 284, 276, 381, 210, 283, -1, 288, 420, 425, 246, 342, 416, 
114, 443, 363, 142, 385, 312, 430, 302, 150, 288, -1, 486, 159, 271, 353, 306, 
500, 513, 560, 399, 155, 214, 489, 387, 591, 420, 486, -1, 553, 339, 265, 465, 
257, 591, 520, 268, 468, 420, 452, 450, 271, 425, 159, 553, -1, 358, 394, 252, 
322, 461, 409, 276, 262, 228, 464, 320, 353, 246, 271, 339, 358, -1, 149, 299, 
418, 546, 535, 348, 219, 256, 434, 408, 466, 342, 353, 265, 394, 149, -1, 255, 
411, 634, 619, 380, 379, 419, 356, 513, 423, 416, 306, 465, 252, 299, 255, -1]