29
[-1, 321, 265, 556, 511, 129, 102, 362, 369, 344, 372, 417, 334, 492, 484, 322, 431, 281, 305, 374, 513, 210, 360, 423, 471, 425, 366, 308, 419, 
321, -1, 141, 444, 471, 303, 412, 182, 260, 350, 245, 556, 508, 440, 418, 259, 480, 361, 324, 279, 530, 161, 315, 473, 438, 420, 417, 233, 218, 
265, 141, -1, 512, 473, 257, 351, 139, 184, 333, 176, 560, 425, 530, 486, 331, 485, 308, 324, 279, 486, 131, 241, 493, 429, 507, 379, 244, 327, 
556, 444, 512, -1, 288, 603, 630, 464, 460, 653, 477, 599, 557, 610, 204, 573, 404, 486, 679, 476, 425, 464, 640, 318, 349, 514, 651, 461, 259, 
511, 471, 473, 288, -1, 547, 562, 389, 354, 558, 364, 499, 361, 671, 271, 620, 245, 314, 643, 357, 163, 477, 510, 237, 95, 600, 504, 377, 364, 
129, 303, 257, 603, 547, -1, 149, 347, 385, 227, 366, 388, 392, 423, 503, 256, 438, 278, 182, 320, 560, 252, 283, 457, 489, 396, 275, 253, 422, 
102, 412, 351, 630, 562, 149, -1, 441, 446, 351, 445, 383, 335, 514, 537, 372, 447, 304, 319, 420, 552, 311, 394, 450, 515, 452, 358, 357, 501, 
362, 182, 139, 464, 389, 347, 441, -1, 108, 350, 68, 564, 422, 562, 443, 405, 439, 284, 395, 210, 412, 239, 227, 462, 341, 546, 370, 215, 297, 
369, 260, 184, 460, 354, 385, 446, 108, -1, 421, 65, 591, 364, 645, 463, 484, 442, 279, 471, 273, 342, 257, 282, 457, 316, 610, 417, 282, 350, 
344, 350, 333, 653, 558, 227, 351, 350, 421, -1, 371, 376, 477, 391, 519, 306, 429, 294, 162, 227, 587, 396, 196, 496, 477, 434, 126, 199, 445, 
372, 245, 176, 477, 364, 366, 445, 68, 65, 371, -1, 567, 380, 611, 458, 458, 428, 261, 432, 221, 363, 272, 229, 457, 312, 590, 370, 239, 341, 
417, 556, 560, 599, 499, 388, 383, 564, 591, 376, 567, -1, 431, 430, 414, 475, 259, 331, 440, 400, 546, 548, 502, 311, 445, 386, 324, 367, 513, 
334, 508, 425, 557, 361, 392, 335, 422, 364, 477, 380, 431, -1, 709, 496, 600, 331, 210, 547, 403, 273, 426, 425, 356, 322, 637, 403, 394, 533, 
492, 440, 530, 610, 671, 423, 514, 562, 645, 391, 611, 430, 709, -1, 464, 237, 524, 537, 337, 455, 774, 510, 547, 525, 630, 156, 469, 397, 412, 
484, 418, 486, 204, 271, 503, 537, 443, 463, 519, 458, 414, 496, 464, -1, 477, 248, 382, 561, 367, 418, 453, 554, 180, 288, 376, 507, 347, 231, 
322, 259, 331, 573, 620, 256, 372, 405, 484, 306, 458, 475, 600, 237, 477, -1, 523, 443, 194, 377, 692, 306, 407, 518, 577, 250, 408, 304, 341, 
431, 480, 485, 404, 245, 438, 447, 439, 442, 429, 428, 259, 331, 524, 248, 523, -1, 232, 521, 303, 317, 483, 464, 124, 201, 459, 361, 301, 387, 
281, 361, 308, 486, 314, 278, 304, 284, 279, 294, 261, 331, 210, 537, 382, 443, 232, -1, 387, 198, 307, 339, 267, 292, 239, 495, 229, 191, 386, 
305, 324, 324, 679, 643, 182, 319, 395, 471, 162, 432, 440, 547, 337, 561, 194, 521, 387, -1, 336, 680, 353, 290, 556, 576, 380, 277, 278, 451, 
374, 279, 279, 476, 357, 320, 420, 210, 273, 227, 221, 400, 403, 455, 367, 377, 303, 198, 336, -1, 407, 350, 204, 368, 278, 458, 215, 82, 304, 
513, 530, 486, 425, 163, 560, 552, 412, 342, 587, 363, 546, 273, 774, 418, 692, 317, 307, 680, 407, -1, 502, 505, 332, 170, 704, 515, 432, 482, 
210, 161, 131, 464, 477, 252, 311, 239, 257, 396, 272, 548, 426, 510, 453, 306, 483, 339, 353, 350, 502, -1, 352, 460, 451, 453, 443, 294, 303, 
360, 315, 241, 640, 510, 283, 394, 227, 282, 196, 229, 502, 425, 547, 554, 407, 464, 267, 290, 204, 505, 352, -1, 530, 430, 568, 209, 216, 450, 
423, 473, 493, 318, 237, 457, 450, 462, 457, 496, 457, 311, 356, 525, 180, 518, 124, 292, 556, 368, 332, 460, 530, -1, 238, 429, 450, 347, 351, 
471, 438, 429, 349, 95, 489, 515, 341, 316, 477, 312, 445, 322, 630, 288, 577, 201, 239, 576, 278, 170, 451, 430, 238, -1, 574, 416, 307, 359, 
425, 420, 507, 514, 600, 396, 452, 546, 610, 434, 590, 386, 637, 156, 376, 250, 459, 495, 380, 458, 704, 453, 568, 429, 574, -1, 492, 390, 359, 
366, 417, 379, 651, 504, 275, 358, 370, 417, 126, 370, 324, 403, 469, 507, 408, 361, 229, 277, 215, 515, 443, 209, 450, 416, 492, -1, 213, 481, 
308, 233, 244, 461, 377, 253, 357, 215, 282, 199, 239, 367, 394, 397, 347, 304, 301, 191, 278, 82, 432, 294, 216, 347, 307, 390, 213, -1, 271, 
419, 218, 327, 259, 364, 422, 501, 297, 350, 445, 341, 513, 533, 412, 231, 341, 387, 386, 451, 304, 482, 303, 450, 351, 359, 359, 481, 271, -1]