37
[-1, 551, 589, 596, 340, 258, 334, 429, 354, 481, 276, 322, 405, 207, 301, 475, 414, 530, 610, 588, 213, 378, 394, 524, 374, 317, 324, 517, 313, 429, 403, 141, 482, 425, 189, 177, 425, 
551, -1, 632, 401, 704, 346, 476, 509, 653, 587, 572, 637, 512, 475, 414, 451, 290, 390, 534, 466, 455, 271, 194, 664, 335, 585, 562, 82, 492, 422, 185, 460, 496, 178, 524, 512, 488, 
589, 632, -1, 317, 537, 482, 473, 486, 294, 364, 552, 467, 694, 644, 509, 207, 488, 520, 178, 483, 623, 438, 531, 115, 404, 512, 369, 561, 593, 327, 617, 500, 438, 586, 545, 591, 435, 
596, 401, 317, -1, 655, 384, 465, 359, 469, 482, 536, 559, 604, 558, 472, 216, 419, 364, 184, 349, 528, 300, 371, 380, 369, 471, 394, 326, 580, 365, 430, 487, 351, 391, 567, 555, 439, 
340, 704, 537, 655, -1, 405, 558, 571, 323, 289, 296, 498, 419, 523, 302, 535, 531, 518, 577, 537, 456, 558, 589, 487, 467, 481, 467, 657, 270, 412, 571, 401, 447, 566, 212, 317, 302, 
258, 346, 482, 384, 405, -1, 349, 293, 373, 395, 240, 425, 298, 254, 177, 342, 304, 294, 433, 361, 181, 224, 238, 466, 262, 291, 301, 292, 267, 312, 203, 207, 285, 199, 234, 190, 281, 
334, 476, 473, 465, 558, 349, -1, 448, 371, 544, 513, 182, 634, 323, 452, 306, 303, 604, 517, 647, 404, 227, 285, 424, 269, 412, 283, 443, 520, 370, 437, 204, 572, 450, 427, 445, 538, 
429, 509, 486, 359, 571, 293, 448, -1, 419, 568, 335, 492, 468, 346, 441, 387, 534, 399, 422, 415, 303, 358, 421, 462, 477, 163, 245, 439, 528, 509, 411, 377, 305, 396, 471, 368, 469, 
354, 653, 294, 469, 323, 373, 371, 419, -1, 338, 367, 286, 565, 466, 395, 306, 469, 532, 389, 530, 451, 417, 500, 202, 378, 346, 223, 589, 450, 340, 563, 316, 421, 552, 348, 393, 384, 
481, 587, 364, 482, 289, 395, 544, 568, 338, -1, 412, 542, 478, 609, 285, 388, 418, 400, 377, 393, 542, 474, 513, 378, 351, 553, 482, 534, 319, 227, 520, 456, 369, 495, 332, 440, 176, 
276, 572, 552, 536, 296, 240, 513, 335, 367, 412, -1, 507, 237, 348, 248, 491, 515, 361, 523, 398, 233, 450, 478, 512, 458, 265, 354, 516, 276, 454, 408, 329, 273, 402, 226, 131, 296, 
322, 637, 467, 559, 498, 425, 182, 492, 286, 542, 507, -1, 678, 382, 500, 370, 433, 681, 559, 710, 454, 376, 445, 381, 375, 406, 262, 595, 550, 429, 567, 245, 610, 577, 428, 459, 567, 
405, 512, 694, 604, 419, 298, 634, 468, 565, 478, 237, 678, -1, 438, 246, 608, 533, 303, 621, 375, 304, 511, 492, 684, 509, 455, 546, 479, 240, 514, 346, 452, 328, 341, 303, 236, 315, 
207, 475, 644, 558, 523, 254, 323, 346, 466, 609, 348, 382, 438, -1, 387, 488, 436, 529, 630, 597, 140, 327, 331, 593, 415, 276, 326, 446, 432, 508, 336, 194, 499, 365, 347, 253, 518, 
301, 414, 509, 472, 302, 177, 452, 441, 395, 285, 248, 500, 246, 387, -1, 414, 320, 287, 470, 350, 299, 345, 342, 501, 283, 420, 420, 373, 108, 276, 282, 297, 303, 273, 153, 213, 163, 
475, 451, 207, 216, 535, 342, 306, 387, 306, 388, 491, 370, 608, 488, 414, -1, 321, 447, 217, 448, 487, 236, 333, 227, 245, 426, 280, 385, 512, 239, 447, 356, 403, 424, 462, 490, 402, 
414, 290, 488, 419, 531, 304, 303, 534, 469, 418, 515, 433, 533, 436, 320, 321, -1, 459, 472, 516, 443, 203, 180, 497, 93, 545, 455, 277, 386, 210, 299, 310, 505, 302, 378, 445, 397, 
530, 390, 520, 364, 518, 294, 604, 399, 532, 400, 361, 681, 303, 529, 287, 447, 459, -1, 389, 101, 421, 414, 419, 557, 426, 475, 505, 331, 365, 400, 316, 494, 167, 269, 424, 397, 245, 
610, 534, 178, 184, 577, 433, 517, 422, 389, 377, 523, 559, 621, 630, 470, 217, 472, 389, -1, 342, 586, 400, 481, 266, 400, 498, 401, 458, 567, 332, 532, 519, 332, 491, 550, 569, 385, 
588, 466, 483, 349, 537, 361, 647, 415, 530, 393, 398, 710, 375, 597, 350, 448, 516, 101, 342, -1, 490, 465, 488, 531, 472, 499, 519, 400, 428, 422, 407, 549, 147, 359, 479, 458, 264, 
213, 455, 623, 528, 456, 181, 404, 303, 451, 542, 233, 454, 304, 140, 299, 487, 443, 421, 586, 490, -1, 345, 346, 583, 414, 247, 340, 417, 343, 480, 285, 233, 391, 305, 283, 148, 423, 
378, 271, 438, 300, 558, 224, 227, 358, 417, 474, 450, 376, 511, 327, 345, 236, 203, 414, 400, 465, 345, -1, 107, 436, 179, 395, 314, 222, 439, 287, 254, 249, 424, 252, 399, 396, 419, 
394, 194, 531, 371, 589, 238, 285, 421, 500, 513, 478, 445, 492, 331, 342, 333, 180, 419, 481, 488, 346, 107, -1, 534, 203, 456, 404, 172, 424, 326, 187, 281, 465, 199, 407, 404, 440, 
524, 664, 115, 380, 487, 466, 424, 462, 202, 378, 512, 381, 684, 593, 501, 227, 497, 557, 266, 531, 583, 436, 534, -1, 407, 454, 299, 594, 577, 346, 624, 445, 456, 601, 505, 548, 449, 
374, 335, 404, 369, 467, 262, 269, 477, 378, 351, 458, 375, 509, 415, 283, 245, 93, 426, 400, 472, 414, 179, 203, 407, -1, 481, 378, 300, 360, 140, 317, 264, 444, 311, 334, 403, 342, 
317, 585, 512, 471, 481, 291, 412, 163, 346, 553, 265, 406, 455, 276, 420, 426, 545, 475, 498, 499, 247, 395, 456, 454, 481, -1, 188, 522, 486, 515, 455, 304, 364, 452, 396, 289, 471, 
324, 562, 369, 394, 467, 301, 283, 245, 223, 482, 354, 262, 546, 326, 420, 280, 455, 505, 401, 519, 340, 314, 404, 299, 378, 188, -1, 497, 498, 407, 473, 250, 401, 467, 395, 360, 455, 
517, 82, 561, 326, 657, 292, 443, 439, 589, 534, 516, 595, 479, 446, 373, 385, 277, 331, 458, 400, 417, 222, 172, 594, 300, 522, 497, -1, 462, 375, 168, 421, 423, 144, 487, 470, 434, 
313, 492, 593, 580, 270, 267, 520, 528, 450, 319, 276, 550, 240, 432, 108, 512, 386, 365, 567, 428, 343, 439, 424, 577, 360, 486, 498, 462, -1, 349, 352, 349, 383, 353, 139, 230, 218, 
429, 422, 327, 365, 412, 312, 370, 509, 340, 227, 454, 429, 514, 508, 276, 239, 210, 400, 332, 422, 480, 287, 326, 346, 140, 515, 407, 375, 349, -1, 398, 344, 405, 379, 339, 433, 266, 
403, 185, 617, 430, 571, 203, 437, 411, 563, 520, 408, 567, 346, 336, 282, 447, 299, 316, 532, 407, 285, 254, 187, 624, 317, 455, 473, 168, 352, 398, -1, 346, 397, 52, 378, 339, 392, 
141, 460, 500, 487, 401, 207, 204, 377, 316, 456, 329, 245, 452, 194, 297, 356, 310, 494, 519, 549, 233, 249, 281, 445, 264, 304, 250, 421, 349, 344, 346, -1, 456, 363, 243, 245, 411, 
482, 496, 438, 351, 447, 285, 572, 305, 421, 369, 273, 610, 328, 499, 303, 403, 505, 167, 332, 147, 391, 424, 465, 456, 444, 364, 401, 423, 383, 405, 397, 456, -1, 358, 395, 353, 238, 
425, 178, 586, 391, 566, 199, 450, 396, 552, 495, 402, 577, 341, 365, 273, 424, 302, 269, 491, 359, 305, 252, 199, 601, 311, 452, 467, 144, 353, 379, 52, 363, 358, -1, 384, 348, 364, 
189, 524, 545, 567, 212, 234, 427, 471, 348, 332, 226, 428, 303, 347, 153, 462, 378, 424, 550, 479, 283, 399, 407, 505, 334, 396, 395, 487, 139, 339, 378, 243, 395, 384, -1, 161, 267, 
177, 512, 591, 555, 317, 190, 445, 368, 393, 440, 131, 459, 236, 253, 213, 490, 445, 397, 569, 458, 148, 396, 404, 548, 403, 289, 360, 470, 230, 433, 339, 245, 353, 348, 161, -1, 329, 
425, 488, 435, 439, 302, 281, 538, 469, 384, 176, 296, 567, 315, 518, 163, 402, 397, 245, 385, 264, 423, 419, 440, 449, 342, 471, 455, 434, 218, 266, 392, 411, 238, 364, 267, 329, -1]