19
[-1, 445, 263, 302, 469, 173, 142, 211, 148, 13, 13, 68, 19, 161, 465, 194, 226, 118, 47, 
445, -1, 182, 143, 24, 272, 303, 234, 297, 458, 432, 377, 426, 284, 20, 251, 219, 327, 398, 
263, 182, -1, 39, 206, 90, 121, 52, 115, 276, 250, 195, 244, 102, 202, 69, 37, 145, 216, 
302, 143, 39, -1, 167, 129, 160, 91, 154, 315, 289, 234, 283, 141, 163, 108, 76, 184, 255, 
469, 24, 206, 167, -1, 296, 327, 258, 321, 482, 456, 401, 450, 308, 4, 275, 243, 351, 422, 
173, 272, 90, 129, 296, -1, 31, 38, 25, 186, 160, 105, 154, 12, 292, 21, 53, 55, 126, 
142, 303, 121, 160, 327, 31, -1, 69, 6, 155, 129, 74, 123, 19, 323, 52, 84, 24, 95, 
211, 234, 52, 91, 258, 38, 69, -1, 63, 224, 198, 143, 192, 50, 254, 17, 15, 93, 164, 
148, 297, 115, 154, 321, 25, 6, 63, -1, 161, 135, 80, 129, 13, 317, 46, 78, 30, 101, 
13, 458, 276, 315, 482, 186, 155, 224, 161, -1, 26, 81, 32, 174, 478, 207, 239, 131, 60, 
13, 432, 250, 289, 456, 160, 129, 198, 135, 26, -1, 55, 6, 148, 452, 181, 213, 105, 34, 
68, 377, 195, 234, 401, 105, 74, 143, 80, 81, 55, -1, 49, 93, 397, 126, 158, 50, 21, 
19, 426, 244, 283, 450, 154, 123, 192, 129, 32, 6, 49, -1, 142, 446, 175, 207, 99, 28, 
161, 284, 102, 141, 308, 12, 19, 50, 13, 174, 148, 93, 142, -1, 304, 33, 65, 43, 114, 
465, 20, 202, 163, 4, 292, 323, 254, 317, 478, 452, 397, 446, 304, -1, 271, 239, 347, 418, 
194, 251, 69, 108, 275, 21, 52, 17, 46, 207, 181, 126, 175, 33, 271, -1, 32, 76, 147, 
226, 219, 37, 76, 243, 53, 84, 15, 78, 239, 213, 158, 207, 65, 239, 32, -1, 108, 179, 
118, 327, 145, 184, 351, 55, 24, 93, 30, 131, 105, 50, 99, 43, 347, 76, 108, -1, 71, 
47, 398, 216, 255, 422, 126, 95, 164, 101, 60, 34, 21, 28, 114, 418, 147, 179, 71, -1]