35
[-1, 305, 306, 263, 415, 531, 293, 544, 265, 596, 306, 443, 692, 537, 450, 363, 161, 414, 517, 309, 272, 594, 616, 468, 683, 423, 520, 601, 355, 363, 297, 478, 488, 456, 578, 
305, -1, 279, 324, 339, 472, 316, 476, 376, 362, 250, 298, 597, 511, 435, 385, 332, 448, 444, 322, 336, 509, 396, 423, 418, 325, 472, 447, 329, 235, 366, 380, 314, 500, 342, 
306, 279, -1, 256, 397, 365, 270, 244, 325, 473, 106, 397, 492, 405, 403, 213, 287, 350, 362, 313, 155, 468, 577, 284, 474, 399, 334, 403, 275, 265, 154, 210, 323, 351, 377, 
263, 324, 256, -1, 426, 286, 286, 462, 135, 436, 296, 544, 515, 341, 504, 157, 177, 225, 271, 127, 130, 341, 551, 271, 550, 254, 276, 418, 240, 426, 165, 371, 303, 301, 540, 
415, 339, 397, 426, -1, 492, 579, 548, 370, 499, 303, 302, 459, 400, 187, 505, 341, 372, 479, 344, 442, 616, 345, 599, 563, 354, 520, 403, 578, 255, 458, 366, 500, 383, 584, 
531, 472, 365, 286, 492, -1, 490, 432, 330, 367, 397, 654, 302, 186, 574, 244, 413, 216, 44, 271, 303, 194, 542, 274, 453, 284, 68, 227, 393, 530, 307, 316, 266, 260, 566, 
293, 316, 270, 286, 579, 490, -1, 448, 400, 521, 345, 539, 713, 588, 622, 275, 361, 497, 473, 391, 251, 492, 681, 286, 561, 468, 452, 586, 126, 443, 271, 465, 358, 543, 417, 
544, 476, 244, 462, 548, 432, 448, -1, 531, 571, 286, 517, 476, 480, 509, 350, 513, 489, 445, 512, 349, 550, 708, 355, 479, 573, 388, 433, 434, 401, 325, 208, 423, 448, 389, 
265, 376, 325, 135, 370, 330, 400, 531, -1, 499, 329, 548, 504, 310, 450, 267, 117, 171, 321, 106, 219, 418, 540, 395, 628, 256, 340, 440, 372, 438, 242, 406, 404, 249, 635, 
596, 362, 473, 436, 499, 367, 521, 571, 499, -1, 473, 576, 493, 462, 641, 453, 542, 472, 328, 394, 483, 321, 326, 421, 231, 276, 392, 302, 436, 508, 508, 449, 199, 544, 426, 
306, 250, 106, 296, 303, 397, 345, 286, 329, 473, -1, 307, 468, 397, 302, 295, 278, 349, 392, 314, 226, 516, 515, 374, 474, 387, 382, 386, 358, 171, 230, 191, 362, 344, 391, 
443, 298, 397, 544, 302, 654, 539, 517, 548, 576, 307, -1, 650, 625, 294, 586, 473, 589, 639, 523, 514, 751, 474, 645, 553, 539, 656, 557, 583, 137, 527, 424, 555, 593, 442, 
692, 597, 492, 515, 459, 302, 713, 476, 504, 493, 468, 650, -1, 213, 502, 486, 561, 348, 322, 456, 504, 466, 536, 528, 506, 443, 339, 193, 643, 548, 497, 314, 473, 309, 658, 
537, 511, 405, 341, 400, 186, 588, 480, 310, 462, 397, 625, 213, -1, 469, 347, 389, 142, 205, 277, 359, 363, 519, 428, 547, 306, 231, 236, 519, 508, 359, 314, 404, 140, 658, 
450, 435, 403, 504, 187, 574, 622, 509, 450, 641, 302, 294, 502, 469, -1, 552, 395, 446, 573, 456, 475, 726, 517, 654, 656, 508, 587, 494, 643, 250, 478, 364, 604, 410, 624, 
363, 385, 213, 157, 505, 244, 275, 350, 267, 453, 295, 586, 486, 347, 552, -1, 298, 276, 243, 253, 101, 311, 628, 144, 513, 350, 198, 399, 204, 455, 104, 316, 274, 312, 491, 
161, 332, 287, 177, 341, 413, 361, 513, 117, 542, 278, 473, 561, 389, 395, 298, -1, 261, 404, 185, 215, 505, 557, 428, 648, 323, 413, 494, 372, 370, 239, 405, 442, 307, 607, 
414, 448, 350, 225, 372, 216, 497, 489, 171, 472, 349, 589, 348, 142, 446, 276, 261, -1, 223, 165, 267, 363, 526, 390, 584, 256, 245, 323, 441, 470, 275, 338, 390, 114, 648, 
517, 444, 362, 271, 479, 44, 473, 445, 321, 328, 392, 639, 322, 205, 573, 243, 404, 223, -1, 250, 301, 169, 510, 268, 428, 248, 92, 221, 374, 518, 310, 324, 232, 281, 547, 
309, 322, 313, 127, 344, 271, 391, 512, 106, 394, 314, 523, 456, 277, 456, 253, 185, 165, 250, -1, 228, 344, 454, 357, 535, 154, 291, 360, 342, 414, 258, 371, 317, 263, 573, 
272, 336, 155, 130, 442, 303, 251, 349, 219, 483, 226, 514, 504, 359, 475, 101, 215, 267, 301, 228, -1, 391, 608, 231, 541, 349, 271, 423, 226, 384, 40, 300, 319, 295, 489, 
594, 509, 468, 341, 616, 194, 492, 550, 418, 321, 516, 751, 466, 363, 726, 311, 505, 363, 169, 344, 391, -1, 576, 273, 449, 311, 203, 346, 371, 637, 406, 467, 236, 437, 583, 
616, 396, 577, 551, 345, 542, 681, 708, 540, 326, 515, 474, 536, 519, 517, 628, 557, 526, 510, 454, 608, 576, -1, 661, 441, 335, 586, 403, 641, 463, 635, 528, 464, 585, 582, 
468, 423, 284, 271, 599, 274, 286, 355, 395, 421, 374, 645, 528, 428, 654, 144, 428, 390, 268, 357, 231, 273, 661, -1, 452, 407, 217, 416, 181, 520, 233, 363, 224, 428, 439, 
683, 418, 474, 550, 563, 453, 561, 479, 628, 231, 474, 553, 506, 547, 656, 513, 648, 584, 428, 535, 541, 449, 441, 452, -1, 458, 456, 333, 494, 493, 555, 409, 274, 619, 292, 
423, 325, 399, 254, 354, 284, 468, 573, 256, 276, 387, 539, 443, 306, 508, 350, 323, 256, 248, 154, 349, 311, 335, 407, 458, -1, 324, 309, 401, 450, 380, 412, 279, 356, 560, 
520, 472, 334, 276, 520, 68, 452, 388, 340, 392, 382, 656, 339, 231, 587, 198, 413, 245, 92, 291, 271, 203, 586, 217, 456, 324, -1, 266, 354, 527, 269, 303, 257, 276, 542, 
601, 447, 403, 418, 403, 227, 586, 433, 440, 302, 386, 557, 193, 236, 494, 399, 494, 323, 221, 360, 423, 346, 403, 416, 333, 309, 266, -1, 508, 458, 428, 262, 300, 339, 507, 
355, 329, 275, 240, 578, 393, 126, 434, 372, 436, 358, 583, 643, 519, 643, 204, 372, 441, 374, 342, 226, 371, 641, 181, 494, 401, 354, 508, -1, 476, 248, 433, 260, 497, 412, 
363, 235, 265, 426, 255, 530, 443, 401, 438, 508, 171, 137, 548, 508, 250, 455, 370, 470, 518, 414, 384, 637, 463, 520, 493, 450, 527, 458, 476, -1, 395, 300, 453, 470, 392, 
297, 366, 154, 165, 458, 307, 271, 325, 242, 508, 230, 527, 497, 359, 478, 104, 239, 275, 310, 258, 40, 406, 635, 233, 555, 380, 269, 428, 248, 395, -1, 290, 340, 288, 499, 
478, 380, 210, 371, 366, 316, 465, 208, 406, 449, 191, 424, 314, 314, 364, 316, 405, 338, 324, 371, 300, 467, 528, 363, 409, 412, 303, 262, 433, 300, 290, -1, 347, 304, 413, 
488, 314, 323, 303, 500, 266, 358, 423, 404, 199, 362, 555, 473, 404, 604, 274, 442, 390, 232, 317, 319, 236, 464, 224, 274, 279, 257, 300, 260, 453, 340, 347, -1, 453, 355, 
456, 500, 351, 301, 383, 260, 543, 448, 249, 544, 344, 593, 309, 140, 410, 312, 307, 114, 281, 263, 295, 437, 585, 428, 619, 356, 276, 339, 497, 470, 288, 304, 453, -1, 670, 
578, 342, 377, 540, 584, 566, 417, 389, 635, 426, 391, 442, 658, 658, 624, 491, 607, 648, 547, 573, 489, 583, 582, 439, 292, 560, 542, 507, 412, 392, 499, 413, 355, 670, -1]