49
[-1, 351, 145326, 248, 0, 0, 51, 456, 0, 0, 569, 0, 351, 187, 0, 0, 722, 327, 0, 0, 111, 815, 0, 0, 0, 0, 0, 812, 161, 672, 0, 532, 459, 780, 681, 0, 551, 447, 0, 389, 297, 0, 146, 0, 80, 118, 715, 0, 171, 
351, -1, 144933, 0, 273, 453, 541, 960, 177, 446, 0, 476, 0, 664, 367, 52, 0, 1488, 0, 348, 0, 1963, 0, 281, 378, 0, 87, 1477, 0, 0, 0, 1554, 1416, 1482, 1818, 0, 0, 0, 63, 0, 1214, 0, 0, 304, 1113, 0, 0, 0, 741, 
145326, 144933, -1, 0, 143433, 0, 775, 268, 143669, 143903, 143343, 146268, 145775, 537, 0, 0, 0, 0, 667, 145351, 142654, 91, 649, 145399, 0, 35, 0, 88, 0, 143433, 0, 0, 0, 0, 0, 0, 143323, 0, 0, 144557, 427, 0, 145922, 140387, 0, 144628, 0, 0, 0, 
248, 0, 0, -1, 0, 556, 556, 208, 74, 343, 0, 373, 0, 0, 0, 0, 1452, 0, 191, 0, 137, 0, 0, 384, 275, 0, 0, 0, 792, 0, 316, 0, 211, 532, 0, 0, 0, 0, 0, 141, 49, 146, 0, 0, 0, 0, 0, 32, 0, 
0, 273, 143433, 0, -1, 1128, 129, 0, 96, 0, 0, 0, 273, 109, 0, 658, 644, 0, 144745, 621, 0, 0, 0, 0, 1529, 143658, 0, 0, 83, 0, 486, 0, 381, 702, 603, 0, 473, 369, 718, 0, 0, 316, 0, 577, 0, 0, 0, 202, 0, 
0, 453, 0, 556, 1128, -1, 0, 348, 630, 899, 235, 0, 0, 617, 1684, 401, 82, 477, 0, 105, 693, 0, 729, 172, 831, 0, 0, 8, 643, 132, 1678, 272, 345, 0, 0, 0, 0, 0, 0, 0, 0, 0, 658, 0, 0, 922, 89, 0, 975, 
51, 541, 775, 556, 129, 0, -1, 0, 0, 44, 620, 74, 402, 0, 0, 0, 0, 0, 108, 750, 162, 866, 0, 683, 24, 0, 1490, 863, 212, 0, 615, 583, 0, 0, 0, 552, 602, 0, 339, 440, 348, 1572, 197, 0, 0, 0, 0, 0, 120, 
456, 960, 268, 208, 0, 348, 0, -1, 282, 551, 0, 581, 0, 0, 0, 0, 266, 0, 399, 243, 345, 0, 0, 176, 0, 0, 18, 356, 295, 216, 108, 76, 3, 0, 0, 0, 95, 1260, 0, 0, 159, 62, 0, 0, 0, 0, 1899, 925, 0, 
0, 177, 143669, 74, 96, 630, 0, 282, -1, 0, 0, 0, 0, 13, 190, 0, 548, 0, 117, 525, 63, 641, 0, 0, 0, 515, 264, 0, 13, 0, 0, 0, 0, 606, 507, 0, 0, 273, 0, 215, 0, 220, 28, 0, 0, 292, 0, 106, 345, 
0, 446, 143903, 343, 0, 899, 44, 551, 0, -1, 0, 30, 0, 282, 0, 498, 817, 422, 152, 794, 206, 0, 145065, 727, 0, 784, 0, 907, 0, 767, 0, 0, 554, 875, 0, 948, 646, 542, 383, 0, 392, 0, 0, 0, 15, 0, 0, 375, 76, 
569, 0, 143343, 0, 0, 235, 620, 0, 0, 0, -1, 0, 0, 382, 585, 0, 0, 242, 0, 0, 0, 246, 0, 0, 596, 0, 131, 243, 0, 0, 5, 0, 110, 0, 112, 0, 18, 122, 281, 180, 0, 0, 0, 0, 0, 0, 146, 0, 740, 
0, 476, 146268, 373, 0, 0, 74, 581, 0, 30, 0, -1, 476, 0, 109, 528, 847, 452, 182, 0, 0, 940, 0, 0, 0, 0, 563, 937, 286, 797, 689, 0, 584, 905, 806, 626, 0, 572, 413, 0, 422, 0, 271, 0, 45, 7, 0, 0, 46, 
351, 0, 145775, 0, 273, 0, 402, 0, 0, 0, 0, 476, -1, 0, 367, 0, 371, 24, 294, 348, 240, 464, 0, 0, 378, 0, 87, 461, 190, 321, 213, 181, 0, 0, 0, 0, 200, 96, 63, 38, 0, 43, 0, 0, 431, 469, 0, 0, 0, 
187, 664, 537, 0, 109, 617, 0, 0, 13, 282, 382, 0, 0, -1, 0, 216, 535, 140, 0, 0, 0, 628, 0, 0, 214, 502, 251, 0, 26, 485, 0, 0, 272, 593, 494, 0, 364, 0, 0, 0, 110, 0, 0, 468, 0, 305, 0, 93, 0, 
0, 367, 0, 0, 0, 1684, 0, 0, 190, 0, 585, 109, 367, 0, -1, 419, 0, 343, 73, 715, 0, 831, 91, 648, 0, 705, 454, 0, 0, 0, 580, 0, 475, 0, 697, 517, 567, 463, 304, 0, 313, 410, 0, 0, 64, 0, 0, 0, 0, 
0, 52, 0, 0, 658, 401, 0, 0, 0, 498, 0, 528, 0, 216, 419, -1, 319, 76, 346, 296, 292, 412, 0, 229, 430, 286, 35, 409, 0, 0, 161, 0, 0, 377, 0, 98, 148, 44, 115, 0, 0, 9, 257, 0, 483, 521, 0, 123, 574, 
722, 0, 0, 1452, 644, 82, 0, 266, 548, 817, 0, 847, 371, 535, 0, 319, -1, 0, 0, 23, 611, 93, 0, 0, 749, 0, 0, 90, 0, 0, 0, 190, 0, 58, 41, 221, 0, 275, 0, 333, 425, 0, 576, 67, 802, 840, 7, 0, 0, 
327, 1488, 0, 0, 0, 477, 0, 0, 0, 422, 242, 452, 24, 140, 343, 76, 0, -1, 0, 0, 216, 488, 252, 305, 354, 362, 0, 485, 166, 0, 0, 205, 0, 453, 354, 174, 224, 0, 0, 0, 30, 67, 181, 328, 407, 0, 388, 47, 0, 
0, 0, 667, 191, 144745, 0, 108, 399, 117, 152, 0, 182, 294, 0, 73, 346, 0, 0, -1, 642, 0, 0, 18, 575, 0, 632, 381, 755, 0, 0, 0, 475, 402, 723, 624, 0, 494, 390, 231, 0, 0, 337, 89, 598, 137, 0, 658, 0, 0, 
0, 348, 145351, 0, 621, 105, 750, 243, 525, 794, 0, 0, 348, 0, 715, 296, 23, 0, 642, -1, 0, 116, 0, 67, 726, 0, 261, 0, 0, 0, 135, 0, 240, 81, 18, 198, 148, 0, 0, 0, 402, 0, 0, 44, 779, 817, 0, 419, 0, 
111, 0, 142654, 137, 0, 693, 162, 345, 63, 206, 0, 0, 240, 0, 0, 292, 611, 216, 0, 0, -1, 0, 36, 0, 0, 0, 327, 701, 0, 561, 453, 0, 348, 669, 570, 390, 0, 336, 0, 278, 0, 283, 0, 0, 0, 229, 0, 169, 282, 
815, 1963, 91, 0, 0, 0, 866, 0, 641, 0, 246, 940, 464, 628, 831, 412, 93, 488, 0, 116, 0, -1, 740, 183, 0, 0, 0, 0, 0, 143, 251, 0, 0, 0, 0, 314, 264, 0, 527, 426, 0, 421, 669, 0, 895, 0, 100, 535, 986, 
0, 0, 649, 0, 0, 729, 0, 0, 0, 145065, 0, 0, 0, 0, 91, 0, 0, 252, 18, 0, 36, 740, -1, 0, 0, 0, 363, 737, 86, 0, 0, 0, 0, 705, 0, 0, 0, 0, 213, 0, 222, 319, 71, 0, 155, 0, 640, 205, 0, 
0, 281, 145399, 384, 0, 172, 683, 176, 0, 727, 0, 0, 0, 0, 648, 229, 0, 305, 575, 67, 0, 183, 0, -1, 659, 0, 0, 0, 0, 40, 68, 100, 173, 0, 49, 0, 81, 185, 0, 243, 0, 238, 486, 23, 0, 0, 83, 0, 803, 
0, 378, 0, 275, 1529, 831, 24, 0, 0, 0, 596, 0, 378, 214, 0, 430, 749, 354, 0, 726, 0, 0, 0, 659, -1, 0, 465, 0, 0, 699, 0, 559, 486, 807, 0, 528, 578, 474, 0, 0, 0, 0, 173, 682, 53, 91, 742, 307, 0, 
0, 0, 35, 0, 143658, 0, 0, 0, 515, 784, 0, 0, 0, 502, 705, 286, 0, 362, 632, 0, 0, 0, 0, 0, 0, -1, 0, 0, 0, 0, 0, 0, 230, 0, 8, 188, 0, 0, 0, 300, 392, 0, 543, 34, 0, 0, 26, 409, 0, 
0, 87, 0, 0, 0, 0, 1490, 18, 264, 0, 131, 563, 87, 251, 454, 35, 0, 0, 381, 261, 327, 0, 363, 0, 465, 0, -1, 374, 0, 234, 126, 0, 0, 342, 0, 63, 0, 0, 150, 0, 141, 44, 292, 0, 518, 556, 277, 0, 0, 
812, 1477, 88, 0, 0, 8, 863, 356, 0, 907, 243, 937, 461, 0, 0, 409, 90, 485, 755, 0, 701, 0, 737, 0, 0, 0, 374, -1, 651, 140, 248, 0, 0, 0, 0, 0, 261, 0, 0, 423, 0, 418, 0, 157, 892, 930, 97, 0, 0, 
161, 0, 0, 792, 83, 643, 212, 295, 13, 0, 0, 286, 190, 26, 0, 0, 0, 166, 0, 0, 0, 0, 86, 0, 0, 0, 0, 651, -1, 0, 403, 371, 0, 0, 0, 0, 0, 0, 127, 228, 136, 233, 0, 0, 241, 279, 554, 119, 0, 
672, 0, 143433, 0, 0, 132, 0, 216, 0, 767, 0, 797, 321, 485, 0, 0, 0, 0, 0, 0, 561, 143, 0, 40, 699, 0, 234, 140, 0, -1, 0, 140, 213, 0, 9, 0, 121, 0, 0, 283, 375, 278, 526, 17, 752, 0, 0, 392, 843, 
0, 0, 0, 316, 486, 1678, 615, 108, 0, 0, 5, 689, 213, 0, 580, 161, 0, 0, 0, 135, 453, 251, 0, 68, 0, 0, 126, 248, 403, 0, -1, 32, 0, 0, 117, 0, 13, 117, 0, 175, 267, 0, 418, 0, 0, 682, 151, 284, 0, 
532, 1554, 0, 0, 0, 272, 583, 76, 0, 0, 0, 0, 181, 0, 0, 0, 190, 205, 475, 0, 0, 0, 0, 100, 559, 0, 0, 0, 371, 140, 32, -1, 0, 248, 149, 31, 19, 85, 244, 143, 235, 138, 386, 123, 0, 650, 0, 0, 703, 
459, 1416, 0, 211, 381, 345, 0, 3, 0, 554, 110, 584, 0, 272, 475, 0, 0, 0, 402, 240, 348, 0, 0, 173, 486, 230, 0, 0, 0, 213, 0, 0, -1, 0, 0, 42, 92, 12, 171, 0, 162, 65, 313, 0, 0, 577, 0, 179, 0, 
780, 1482, 0, 532, 702, 0, 0, 0, 606, 875, 0, 905, 0, 593, 0, 377, 58, 453, 723, 81, 669, 0, 705, 0, 807, 0, 342, 0, 0, 0, 0, 248, 0, -1, 0, 279, 0, 0, 492, 391, 483, 0, 634, 0, 0, 898, 0, 0, 0, 
681, 1818, 0, 0, 603, 0, 0, 0, 507, 0, 112, 806, 0, 494, 697, 0, 41, 354, 624, 18, 570, 0, 0, 49, 0, 8, 0, 0, 0, 9, 117, 149, 0, 0, -1, 180, 130, 234, 393, 292, 0, 287, 535, 26, 761, 0, 34, 401, 852, 
0, 0, 0, 0, 0, 0, 552, 0, 0, 948, 0, 626, 0, 0, 517, 98, 221, 174, 0, 198, 390, 314, 0, 0, 528, 188, 63, 0, 0, 0, 0, 31, 42, 279, 180, -1, 50, 0, 213, 112, 204, 107, 0, 154, 0, 0, 0, 0, 672, 
551, 0, 143323, 0, 473, 0, 602, 95, 0, 646, 18, 0, 200, 364, 567, 148, 0, 224, 494, 148, 0, 264, 0, 81, 578, 0, 0, 261, 0, 121, 13, 19, 92, 0, 130, 50, -1, 104, 0, 0, 0, 157, 0, 104, 631, 669, 0, 271, 722, 
447, 0, 0, 0, 369, 0, 0, 1260, 273, 542, 122, 572, 96, 0, 463, 44, 275, 0, 390, 0, 336, 0, 0, 185, 474, 0, 0, 0, 0, 0, 117, 85, 12, 0, 234, 0, 104, -1, 0, 58, 0, 53, 0, 208, 527, 565, 268, 167, 618, 
0, 63, 0, 0, 718, 0, 339, 0, 0, 383, 281, 413, 63, 0, 304, 115, 0, 0, 231, 0, 0, 527, 213, 0, 0, 0, 150, 0, 127, 0, 0, 244, 171, 492, 393, 213, 0, 0, -1, 101, 0, 0, 142, 0, 0, 406, 427, 8, 459, 
389, 0, 144557, 141, 0, 0, 440, 0, 215, 0, 180, 0, 38, 0, 0, 0, 333, 0, 0, 0, 278, 426, 0, 243, 0, 300, 0, 423, 228, 283, 175, 143, 0, 391, 292, 112, 0, 58, 101, -1, 0, 5, 243, 0, 0, 507, 0, 0, 560, 
297, 1214, 427, 49, 0, 0, 348, 159, 0, 392, 0, 422, 0, 110, 313, 0, 425, 30, 0, 402, 0, 0, 222, 0, 0, 392, 141, 0, 136, 375, 267, 235, 162, 483, 0, 204, 0, 0, 0, 0, -1, 97, 151, 0, 377, 415, 418, 17, 0, 
0, 0, 0, 146, 316, 0, 1572, 62, 220, 0, 0, 0, 43, 0, 410, 9, 0, 67, 337, 0, 283, 421, 319, 238, 0, 0, 44, 418, 233, 278, 0, 138, 65, 0, 287, 107, 157, 53, 0, 5, 97, -1, 248, 261, 474, 512, 0, 0, 565, 
146, 0, 145922, 0, 0, 658, 197, 0, 28, 0, 0, 271, 0, 0, 0, 257, 576, 181, 89, 0, 0, 669, 71, 486, 173, 543, 292, 0, 0, 526, 418, 386, 313, 634, 535, 0, 0, 0, 142, 243, 151, 248, -1, 509, 226, 0, 0, 0, 317, 
0, 304, 140387, 0, 577, 0, 0, 0, 0, 0, 0, 0, 0, 468, 0, 0, 67, 328, 598, 44, 0, 0, 0, 23, 682, 34, 0, 157, 0, 17, 0, 123, 0, 0, 26, 154, 104, 208, 0, 0, 0, 261, 509, -1, 0, 0, 0, 375, 826, 
80, 1113, 0, 0, 0, 0, 0, 0, 0, 15, 0, 45, 431, 0, 64, 483, 802, 407, 137, 779, 0, 895, 155, 0, 53, 0, 518, 892, 241, 752, 0, 0, 0, 0, 761, 0, 631, 527, 0, 0, 377, 474, 226, 0, -1, 38, 795, 0, 0, 
118, 0, 144628, 0, 0, 922, 0, 0, 292, 0, 0, 7, 469, 305, 0, 521, 840, 0, 0, 817, 229, 0, 0, 0, 91, 0, 556, 930, 279, 0, 682, 650, 577, 898, 0, 0, 669, 565, 406, 507, 415, 512, 0, 0, 38, -1, 0, 0, 53, 
715, 0, 0, 0, 0, 89, 0, 1899, 0, 0, 146, 0, 0, 0, 0, 0, 7, 388, 658, 0, 0, 100, 640, 83, 742, 26, 277, 97, 554, 0, 151, 0, 0, 0, 34, 0, 0, 268, 427, 0, 418, 0, 0, 0, 795, 0, -1, 0, 886, 
0, 0, 0, 32, 202, 0, 0, 925, 106, 375, 0, 0, 0, 93, 0, 123, 0, 47, 0, 419, 169, 535, 205, 0, 307, 409, 0, 0, 119, 392, 284, 0, 179, 0, 401, 0, 271, 167, 8, 0, 17, 0, 0, 375, 0, 0, 0, -1, 451, 
171, 741, 0, 0, 0, 975, 120, 0, 345, 76, 740, 46, 0, 0, 0, 574, 0, 0, 0, 0, 282, 986, 0, 803, 0, 0, 0, 0, 0, 843, 0, 703, 0, 0, 852, 672, 722, 618, 459, 560, 0, 565, 317, 826, 0, 53, 886, 451, -1]