99
[[-1, 36226, 2033180434, 0, 0, -1899937800, -1525727063, -1708840181, 0, 0, -2058369150, 0, 1836266904, 24544, 18469, -1678098862, 0, 0, -1742967395, -1930546679, 27291, 1792777932, 19199, 0, -1698360129, 21922, 0, -1277659584, 39274, 35808, 1306372729, 0, 0, 1309870105, 1200401382, 383463988, 0, 0, 0, 1553732628, 0, -1979841653, -1982019126, -408373239, 1813205995, -1928668147, 0, 0, -1195691612, 34587, -621466811, 1820294711, 31579, 1331725740, 33128, 0, 38448, 0, 19060, 18396, 16280, 36453, 0, 0, 0, 40864, 7955, 0, 22338, 22830, 0, 17145, 0, 0, 26103, 32721, 0, 35346, 0, 26791, 21953, 42839, 45772, 0, 25087, 0, 33230, 17127, 31619, 30920, 33081, 30719, 32695, 36050, 0, 23631, 31248, 40196, 28227],[36226, -1, -120489497, 0, 27518, 1830609186, 1504433879, 633811377, 46059, 18848, 344139257, 0, -1035045126, 0, 0, 1595159069, 36898, 0, 1973899351, 252974417, 0, -1778499006, 0, 0, 1641514166, 0, 41075, 1121146371, 0, 0, -1951682930, 33517, 32690, -1786461266, -1790582729, -2011172837, 37715, 42608, 38875, -658485948, 39597, 264301260, 1066029008, 2012694166, -2080903694, 967346973, 20436, 0, 1018549474, 0, 1959502140, -1038614478, 0, -1147044204, 0, 32981, 2127833087, 24144, 181235409, 0, 36074665, 881164432, 46310, 28498, 23737, 1203884936, 0, 25501, 718800935, 276439986, 35239, 1508084232, 17333, 0, 429617320, 0, 43886, 1079437799, 37869, 0, 375163032, 834985763, 0, 42645, 533135147, 0, 1044749069, 1702015483, 2003029957, 1928250728, 1909112042, 0, 613719221, 1357865419, 20996, 1818401702, 0, 1135440408, 1996895268],[2033180434, -120489497, -1, 21929, 0, -969831141, 0, -978559122, 2135562265, 0, -1759993961, 37149, 0, 0, -699670989, -929849036, 0, 0, -709962764, 0, -1399200415, -570769820, -1924829967, 35215, -1409325730, -1520186339, 0, -222212498, 0, 0, -1071666344, 1912867298, 914345135, -2034538825, -1939421492, -990086372, 24718, 45486, 0, -1489432605, 178738738, -1425712673, -349531961, -1338416447, -1477511791, 0, 44516, 41624, 0, 0, -1358464333, 0, 0, 0, -1078699125, 1794823404, -811434754, 1151807401, 0, -308220155, -1473993145, -612078243, 0, 1652214290, 0, -2109742257, 0, 13084, 0, -386710342, 749824794, -473445754, 0, 0, -2115858136, -447946908, 403491405, -1906823295, 0, -1625227142, -360109474, -2092390242, -444102324, 1800429626, 0, 28374, 0, -392779185, -1446997677, -1380522780, -491875926, -1974536182, -1582967554, -135471721, 1081911886, -843623380, 0, 0, -388028116],[0, 0, 21929, -1, 13866, 1575425874, 0, 20046, -1015780131, 35112, 0, 839405531, 0, 0, 19733, 16106, 26512, 20196, 0, 0, 42720, 13309, 0, 0, 27156, 0, 13161, 31646, 30553, 36101, 32287, 39110, 0, 44825, 26933, 39333, 0, 0, 4490, 0, 0, 18227, 41042, 33442, 44329, 0, 0, 1724698178, 39604, 25649, 28618, 0, 17573, 31545, 0, 0, 0, 44601, 10785, 0, 32973, 42404, 0, 36418, 0, 33724, 0, 23690, 0, 27992, 0, 34044, 14672, 26602, 38761, 28879, 0, 12853, 43347, 0, 27480, 43342, 0, 41621, 25935, 1574732847, 0, 22867, 18702, 35495, 24446, 19577, 43305, 0, 42096, 0, 0, 0, 26934],[0, 27518, 0, 13866, -1, -602025145, -1793860943, 0, 910513045, 0, 0, 39549, 30726, 11927, 40664, 0, 0, 190979318, -1346777757, -2025868951, 28288, 0, 0, 12867, 0, 45806, 306547984, -1897288263, 45255, 43393, 29944, 0, 1346923361, 25669, 40462, 30237, 1326939068, 733768640, 561618164, 0, 0, 0, -1347437431, -1883410295, 0, -1443045098, 1219803595, 36242, -1176092181, 0, -1405075847, 0, 31351, 40203, 0, 217380075, 27567, 0, 44356, 38508, 45865, 46164, 1002082134, 458193250, 1228766969, 44450, 31993, 95314571, 32823, 32137, 1778383118, 0, 748413342, 804800014, 9888, 37098, 2020920396, 44458, 1823862618, 34225, 0, 30524, 43047, 2025506987, 14467, 34025, 31737, 0, 0, 31478, 36989, 0, 33076, 45698, 149494955, 31864, 23268, 0, 0],[-1899937800, 1830609186, -969831141, 1575425874, -602025145, -1, 0, -850971111, 0, -1351795408, 0, 32939, 0, -1329452193, 0, 0, -1499913836, 39605, -301204221, -612516888, 350010683, -1113760036, 0, 1444374492, -1163968955, 0, -1481363477, -1162969344, 527013966, 46056, 0, 0, -1670335176, 0, -625686276, -117414394, -1263062522, 0, -1492759344, -1758533264, -477376822, -1494225407, -560810706, -254178153, 0, -752793703, 0, 42525, -1028706823, 0, 721677936, 0, 0, 26380, 0, 0, 23400, -1318137611, 7288, 139989881, 35813, 23974, 0, 40014, 45692, 33239, 1068391857, 23962, 0, 9138, 36357, 43001, 21333, 37666, 44670, -1507631659, 44586, 0, 36456, 26786, 43424, 31130, 38728, 0, 30078, 23064, 14545, 23026, 0, 42049, 0, 0, 42513, 0, 33199, 29668, 2133678492, 24282, 34702],[-1525727063, 1504433879, 0, 0, -1793860943, 0, -1, -626857659, -1178524925, 0, -582844872, 29794, 40494, 0, 132907044, 0, 0, 36419, 0, -2086057565, 1674919987, -728898931, 181645689, 23909, -415059393, 780542417, -823506145, -79188184, 789453146, 606868912, -1321099060, -860233454, 0, 0, -78518981, 0, -1978832049, -1721527515, 0, -412786374, -1124675946, -761632998, 0, 0, -121037072, -371134307, 0, 27500, -1993844143, 0, -2010343289, -528480464, 1214575493, 0, 811111295, -1586915143, -2111029088, -1087610910, 0, 963901050, -1101898336, -1514323861, -1469479659, -1524471461, -722453418, 39110, 28611, 0, 42028, 26175, 0, 27309, 0, 42371, 45234, 516928067, 0, 10893, 0, 0, 27559, 33065, 409444194, 27412, 0, 0, 41818, 21704, 26035, 32505, 0, 918749005, 0, 28745, 0, 23359, 1776081551, 0, 0],[-1708840181, 633811377, -978559122, 20046, 0, -850971111, -626857659, -1, 0, -478970017, -1451839968, 42980, 1589344150, 0, 966747544, -418843880, -938128658, 0, -196966426, 0, 0, -109075162, 0, 43022, -2044815170, 1203335830, -2047533364, 0, 674642976, 1808745790, -670519299, -2035924026, 0, 0, -1923796703, -1800480270, 0, -1574378276, -1652067739, -2138811075, -2069139335, 0, 0, -1609021939, 0, 0, -1705110262, 0, -736557391, 0, -1905595698, -1610174836, 733317532, -1728712918, 20380, -1827243767, 0, -2107828800, 0, 401236572, 972052051, 19856, 37362, 46033, 44090, 20975, 1038492102, 45867, 7911, 0, 34610, 37980, 0, 35176, 0, 1250763200, 26990, 32210, 22421, 0, 41428, 30814, 1144365062, 28617, 23993, 42411, 42004, 42587, 0, 43541, 0, 144003795, 44240, 0, 39161, 33969, 966146255, 27060, 39543],[0, 46059, 2135562265, -1015780131, 910513045, 0, -1178524925, 0, -1, 334134379, -1831702419, 0, 33983, 33255, 36167, -711271950, 0, 41094, -351414159, -2078028142, 0, 29436, 0, -1949848905, -1010531667, 36080, 0, -1908982349, 23492, 9453, 38314, 1749777189, 38242, 0, 33992, 0, 44384, 28184, 32284, 32837, 0, -2065986081, 0, -350113421, 0, -1466373939, 40934, 23783, 0, 25266, 0, 22890, 44668, 0, 0, 27487, 31321, 927612632, 22639, 25236, 42148, 31762, 42192, 32672, 0, 0, 31085, 0, 23361, 37010, 32779, 36968, 0, 21581, 0, 13163, 12202, 0, 0, 43834, 31325, 36699, 23466, 41105, 11743, 24343, 45731, 38985, 35461, 42077, 0, 41222, 38153, 27068, 14166, 13542, 0, 0, 0],[0, 18848, 0, 35112, 0, -1351795408, 0, -478970017, 334134379, -1, 0, 0, 0, 0, 0, -1832965832, 1697973115, 45005, -1734588953, -2056629557, 32396, 0, 0, 9810, 0, 9060, 44165, -1623697342, 4397, 0, 39989, 37327, 44279, 7594, 14623, 30388, 11896, 0, 40132, 0, 277912888, 1961580392, 0, 2023743374, 9748, -1851096653, 38895, 0, 0, 42813, 0, 35792, 0, 23681, 14760, 44969, 0, 0, 0, 25591, 0, 34154, 0, 44618, 25295, 46326, 24833, 0, 24481, 44657, 0, 11004, 39922, 0, 24194, 28384, 25213, 21603, 30068, 0, 0, 0, 0, 24799, 0, 43371, 0, 32846, 38762, 36751, 0, 36360, 28640, 34414, 0, 0, 35146, 21620, 46153],[-2058369150, 344139257, -1759993961, 0, 0, 0, -582844872, -1451839968, -1831702419, 0, -1, 42617, 39805, 9505371, 0, -1725278079, -1992046356, 0, 0, -1605611028, 107311997, 0, 0, 17093, 0, 5443, 0, 0, 29834, 21070, 13510, 1205202463, 0, 0, 0, 40383, 40639, 0, 0, 29289, 19968, 30387, 0, 37414, 26700, 0, 27128, 0, 0, 1135677525, 0, 0, 41046, 32903, 30946, 34543, 20303, 24058, 22683, 39710, 45452, 37622, 33934, 0, 0, 0, 40232, 0, 0, 13752, 41263, 0, 29601, 37298, 0, 39498, 42026, 37518, 13045, 1739066803, 28548, 0, 0, 32430, 11018, 44901, 32433, 44010, 38247, 41527, 0, 44371, 11648, 0, 31364, 43526, 0, 40479, 0],[0, 0, 37149, 839405531, 39549, 32939, 29794, 42980, 0, 0, 42617, -1, 23201, 6516, 31877, 28905, 7822, 0, 36003, 0, 0, 29121, 45258, 1521634284, 39064, 0, 40454, 24849, 30895, 23932, 39187, 0, 19122, 18005, 26434, 44754, 36295, 39044, 25355, 37848, 30969, 39216, 0, 31645, 0, 35536, 26972, 21194, 10468, 0, 0, 16796, 16636, 30567, 19120, 44473, 34861, 6711, 0, 20288, 43276, 0, 18706, 0, 44536, 0, 0, 0, 0, 30572, 17692, 42664, 0, 0, 0, 44958, 25888, 32133, 20878, 13410, 32474, 5695, 39485, 40654, 0, 36140, 24493, 24362, 40648, 46208, 25298, 35784, 0, 45665, 44945, 31436, 29900, 0, 21483],[1836266904, -1035045126, 0, 0, 30726, 0, 40494, 1589344150, 33983, 0, 39805, 23201, -1, -402086011, 0, 42710, 27418, 0, 37518, 0, -1526456923, -1364221767, 0, 26166, -1372235242, -1083484159, 0, 0, -974830160, -1601122475, 0, 40530, 0, -1328156307, -709655679, -357409860, 37622, 18395, 14517, 0, 24078, -1023486193, -1046901585, -1737550850, -1767991794, -578383806, 25788, 14069, -1032038168, -476854956, 0, -1529690628, 0, 0, 0, 34923, -1147507205, 24887, 0, -1003127697, -1063509872, 0, 0, 44087, 24934, 0, 0, 9953, -478692508, -1849005933, 40018, 0, 377, 20248, 0, 0, 33121, 0, 0, 0, 0, -528821110, -515879928, 26238, -869384527, 44589, -1142651351, -545181349, -577036486, -1929095741, -1717608557, -1248007686, -365618088, 0, 45765, -1562197600, -975981953, -2068921149, -1317153946],[24544, 0, 0, 0, 11927, -1329452193, 0, 0, 33255, 0, 9505371, 6516, -402086011, -1, 591866138, 0, 41560, 0, 0, 0, 651609307, 0, 0, 9359, 0, 0, 0, 0, 0, 1867503635, -1546773155, 37909, 35150, 0, 0, -2069715985, 45761, 28093, 24877, 0, 40485, 29005, 30063, 0, -2015545898, 0, 11798, 23974, 34246, 608804237, 0, 0, 2132677449, 0, 1882952015, 38638, 33671, 41378, 43992, 347220485, 0, 0, 0, 45218, 0, 39478, 0, 41842, 0, 37119, 33632, 0, 0, 46121, 15319, 1114854303, 22866, 16367, 20229, 0, 0, 0, 316386384, 0, 0, 25574, 29293, 0, 4592, 42172, 15127, 140336957, 29934, 32989, 28784, 0, 0, 30213, 35054],[18469, 0, -699670989, 19733, 40664, 0, 132907044, 966747544, 36167, 0, 0, 31877, 0, 591866138, -1, 0, 0, 0, 35960, 15170, 0, 0, 155391244, 46141, 17527, 820894643, 45260, 0, 0, 10875, -1033194229, 0, 45633, -968594916, -2069014308, 0, 16868, 0, 42045, 0, 0, 37612, 31550, 0, 0, 43343, 0, 31282, 36971, 39123, 0, -1665975434, 36418, -1304943728, 44512, 0, 30586, 35081, 0, 0, 0, 9781, 0, 37205, 0, 16847, 1589499215, 0, 40713, 0, 0, 0, 0, 0, 38824, 25062, 0, 13920, 40757, 0, 44119, 0, 28310, 0, 20014, 0, 0, 0, 27958, 43502, 27593, 32698, 16337, 42702, 30270, 34555, 419761114, 32094, 0],[-1678098862, 1595159069, -929849036, 16106, 0, 0, 0, -418843880, -711271950, -1832965832, -1725278079, 28905, 42710, 0, 0, -1, -1024604957, 32903, -17578366, -1729210896, 0, 34940, 0, 31916, -634111825, 27437, -1654053433, -1267284749, 2143622325, 33911, 30958, -1161095463, -644188014, -4630935, 0, -362777043, 0, -1002332909, -1670958556, 26574, -1380192162, 0, -840942571, 87531127, 16672, 387448475, 39090, 42747, -86815493, 9703, 11583, 22472, 16548, 42275, 29938, 16898, 43477, 35531, 0, 24414, 36071, 38535, 42621, 0, 37732, 29361, 0, 0, 37963, 42931, 0, 16101, 0, 0, 33197, 0, 33578, 0, 10781, 0, 0, 43265, 0, 34122, 0, 21371, 0, 30062, 17112, 35695, 17066, 22558, 0, 35948, 26749, 0, 25819, 28790, 42478],[0, 36898, 0, 26512, 0, -1499913836, 0, -938128658, 0, 1697973115, -1992046356, 7822, 27418, 41560, 0, -1024604957, -1, 0, 0, 1169465829, 0, 0, 43245, 31810, -1965637351, 39111, 14685, -2067153923, 0, 0, 0, 38053, 19078, 40155, 34952, 23029, 41684, 0, 42991, 0, 0, 43783, -1087470692, 0, 0, 44271, 43445, 23758, 0, 13644, 41349, 40460, 37161, 43188, 33586, 0, 37857, 0, 0, 12918, 15843, 0, 42814, 32350, 0, 40786, 32702, 965, 0, 44926, 38638, 36026, 12531, 10780, 43887, 36299, 0, 25814, 43683, 0, 15254, 18114, 0, 21076, 36302, 30520, 0, 12534, 0, 24868, 31140, 16499, 0, 33025, 21221, 21348, 0, 0, 33646],[0, 0, 0, 20196, 190979318, 39605, 36419, 0, 41094, 45005, 0, 0, 0, 0, 0, 32903, 0, -1, 0, 34515, 0, 21987, 37994, 16017, 39215, 21152, 25697, 45164, 20480, 42847, 40877, 0, 43765, 0, 44064, 32301, 26555, 30963, 0, 19884, 0, 29484, 39618, 0, 46275, 0, 6223, 17970, 0, 0, 45691, 15842, 18753, 0, 5598, 0, 23832, 23165, 0, 0, 15568, 0, 41397, 42385, 0, 34603, 26601, 0, 16258, 24835, 0, 0, 12487, 45883, 39987, 37526, 0, 33786, 26242, 28773, 39326, 28057, 7258, 39678, 42356, 0, 45548, 0, 23843, 15531, 0, 41656, 0, 0, 22136, 27003, 19371, 0, 17535],[-1742967395, 1973899351, -709962764, 0, -1346777757, -301204221, 0, -196966426, -351414159, -1734588953, 0, 36003, 37518, 0, 35960, -17578366, 0, 0, -1, 0, 21840, 31949, 42852, 41639, 0, 26221, -190914546, 0, 23633, 0, -382026236, -1981943149, -1445710931, -1065088713, 0, -304945680, -1556774877, -435864647, -1560358553, 0, 0, -929776469, 0, 0, 0, -1010950177, -501912855, 37120, -1091892860, 15055, -1150761853, -690653734, 40583, 18843, 0, -381177410, 27949, 38718, 0, 0, 43682, 0, 0, 17936, 34584, 0, 0, 0, 32927, 0, 25495, 0, 6416, 9855, 0, 0, 18417, 25433, 13025, 806345471, 17541, 0, 31955, 23554, 41691, 31559, 42571, 0, 0, 33035, 35584, 18966, 0, 45301, 40416, 44671, 30476, 39027, 0],[-1930546679, 252974417, 0, 0, -2025868951, -612516888, -2086057565, 0, -2078028142, -2056629557, -1605611028, 0, 0, 0, 15170, -1729210896, 1169465829, 34515, 0, -1, 12537, 22205, 0, 32611, -920370728, 4848, 17576, -2050303843, 0, 23833, 35892, 20854, 28798, 28080, 13440, 45988, 0, 39863, 30546, 20198, 0, 40138, 0, 34460, 23537, 0, 43488, 19449, 43267, 34509, 0, 0, 44956, 45843, 43055, 44901, 37297, 43217, 24777, 32059, 41952, 28204, 24430, 0, 0, 0, 45946, 0, 42958, 35404, 40942, 7155, 31462, 0, 24985, 43072, 43417, 30646, 0, 0, 0, 0, 0, 40564, 12537, 21199, 0, 22665, 38997, 44103, 0, 21816, 0, 19930, 0, 0, 39432, 0, 0],[27291, 0, -1399200415, 42720, 28288, 350010683, 1674919987, 0, 0, 32396, 107311997, 0, -1526456923, 651609307, 0, 0, 0, 0, 21840, 12537, -1, -1049521064, 0, 33552, 0, 0, 44466, 11098, 0, 0, 0, 0, 0, -1911216892, -1986652053, -1844474857, 0, 0, 0, -1051807566, 30289, 0, 0, 43569, -739728555, 0, 0, 0, 35079, 0, 42060, 0, 0, 24355, 25377, 32921, 0, 35972, 38979, 41831, 37846, 0, 9077, 38587, 40727, 0, 22471, 18549, 0, 41142, 26331, 43415, 22610, 0, 45281, 34088, 43160, 25000, 45325, 1677827249, 36439, 43765, 0, 41866, 6795, 30419, 38869, 43129, 0, 0, 0, 0, 39021, 45819, 28354, 35965, 33510, 41461, 0],[1792777932, -1778499006, -570769820, 13309, 0, -1113760036, -728898931, -109075162, 29436, 0, 0, 29121, -1364221767, 0, 0, 34940, 0, 21987, 31949, 22205, -1049521064, -1, -660106990, 18262, 39161, -540917942, 38914, 14767, -1454245852, -2143651305, -50525809, 30816, 0, -1873560126, -1135646784, -660270965, 24898, 28974, 44180, 0, 0, -581881616, -1416909856, 0, -445799135, -1248932854, 0, 0, -1532035363, 0, -607884496, -822971636, -768396663, -1878286233, 0, 34130, 0, 34278, 36249, 11171, 19143, 0, 0, 25655, 20764, 41055, 41202, 0, 32574, 44745, 16125, 0, 5914, 0, 31995, 0, 15341, 39531, 39619, 34306, 23242, 26387, 38652, 0, 0, 37203, 25625, 0, 0, 33996, 16633, 39893, 35161, 0, 44086, 42552, 41765, 20667, 40384],[19199, 0, -1924829967, 0, 0, 0, 181645689, 0, 0, 0, 0, 45258, 0, 0, 155391244, 0, 43245, 37994, 42852, 0, 0, -660106990, -1, 0, 0, 40225, 45923, 0, 958907021, 36655, -1339447698, 25338, 0, 0, 0, 454921968, 40151, 23948, 0, 0, 33969, 42930, 44367, 0, -1754751824, 0, 44674, 26047, 42731, 20321, 10503, 0, 41835, 0, 0, 28119, 24854, 0, 5626, 20853, 17257, 0, 25392, 44501, 40153, 38864, 9964, 38413, 0, 33414, 0, 30247, 0, 24147, 15255, 0, 25245, 0, 0, 16863, 34274, 0, 0, 45080, 29109, 10757, 0, 42942, 0, 34662, 40475, 15855, 0, 0, 42253, 44370, 45547, 42912, 8035],[0, 0, 35215, 0, 12867, 1444374492, 23909, 43022, -1949848905, 9810, 17093, 1521634284, 26166, 9359, 46141, 31916, 31810, 16017, 41639, 32611, 33552, 18262, 0, -1, 28603, 32454, 0, 23469, 26900, 38229, 37216, 20291, 0, 25318, 30245, 36835, 0, 35182, 39732, 17965, 0, 0, 44461, 8658, 29601, 19351, 31535, 22951, 31912, 35998, 39200, 33951, 21300, 17641, 42477, 9645, 0, 26649, 0, 42459, 15506, 0, 37945, 0, 0, 46044, 14477, 0, 23958, 20677, 0, 37908, 21654, 43531, 20461, 14779, 0, 0, 42071, 40064, 45136, 37431, 45505, 0, 0, 0, 3045, 24902, 25756, 14675, 0, 0, 44332, 43001, 0, 28602, 43702, 0, 38590],[-1698360129, 1641514166, -1409325730, 27156, 0, -1163968955, -415059393, -2044815170, -1010531667, 0, 0, 39064, -1372235242, 0, 17527, -634111825, -1965637351, 39215, 0, -920370728, 0, 39161, 0, 28603, -1, 46249, -1507264219, -164808630, 44764, 23669, 16027, -713744288, 0, -1552713074, -1062711351, -58405745, -1928936398, -797122970, -2104109831, 32719, 0, 0, -1313429050, -367357423, 0, 39876, 31832, 0, 0, 0, 0, 43503, 11160, 0, 33788, 0, 0, 18757, 0, 20875, 0, 26625, 45834, 45350, 0, 34042, 15366, 40372, 0, 41450, 22383, 42988, 37003, 33406, 0, 0, 0, 0, 0, 0, 35098, 18407, 43210, 0, 0, 14230, 46041, 35910, 0, 44194, 20443, 0, 0, 33025, 0, 0, 0, 27133, 38628],[21922, 0, -1520186339, 0, 45806, 0, 780542417, 1203335830, 36080, 9060, 5443, 0, -1083484159, 0, 820894643, 27437, 39111, 21152, 26221, 4848, 0, -540917942, 40225, 32454, 46249, -1, 40404, 44983, 15797, 40623, 0, 21807, 31031, 0, 0, 27444, 0, 0, 0, -1906161264, 23723, 0, 38483, 0, 0, 43439, 0, 0, 0, 30772, 0, 0, 28012, 40952, 0, 19565, 29740, 34180, 28335, 45058, 41117, 27527, 27045, 40560, 31390, 17105, 0, 0, 41645, 28344, 42828, 4312, 0, 28404, 39851, 0, 41389, 0, 19446, 28094, 39998, 41929, 0, 45688, 36738, 16728, 39090, 41499, 14225, 9188, 0, 0, 41228, 36556, 0, 2774, 0, 0, 40161],[0, 41075, 0, 13161, 306547984, -1481363477, -823506145, -2047533364, 0, 44165, 0, 40454, 0, 0, 45260, -1654053433, 14685, 25697, -190914546, 17576, 44466, 38914, 45923, 0, -1507264219, 40404, -1, -1604277179, 39722, 43427, 44927, 20686, 41012, 36529, 14303, 0, 0, 38645, 29319, 0, 0, 41663, -1263137699, 0, 30634, 0, 0, 0, 24170, 0, 35484, 0, 0, 0, 21795, 2816, 18522, 32421, 0, 0, 35505, 9933, 29657, 0, 15549, 0, 0, 0, 32744, 18965, 42154, 40664, 43639, 40308, 0, 33991, 0, 0, 45203, 35563, 9591, 0, 30245, 45749, 36387, 25868, 10439, 37029, 20322, 0, 0, 43300, 28337, 36485, 0, 46062, 46333, 0, 0],[-1277659584, 1121146371, -222212498, 31646, -1897288263, -1162969344, -79188184, 0, -1908982349, -1623697342, 0, 24849, 0, 0, 0, -1267284749, -2067153923, 45164, 0, -2050303843, 11098, 14767, 0, 23469, -164808630, 44983, -1604277179, -1, 0, 0, 44949, 0, -1543481884, 36488, 9885, 0, -2086377908, -1911179538, 0, 36864, 40304, 0, 24757, 39290, 44914, 44350, 40836, 39010, 16732, 28746, 36943, 35438, 13459, 0, 38656, 0, 0, 0, 0, 34894, 34591, 39745, 0, 31322, 21789, 18855, 17263, 46081, 31924, 34727, 0, 42366, 18869, 4858, 5956, 32083, 35745, 0, 6700, 33380, 46215, 26471, 0, 0, 17307, 26819, 20423, 43198, 0, 0, 6013, 0, 0, 35574, 0, 0, 19656, 0, 42020],[39274, 0, 0, 30553, 45255, 527013966, 789453146, 674642976, 23492, 4397, 29834, 30895, -974830160, 0, 0, 2143622325, 0, 20480, 23633, 0, 0, -1454245852, 958907021, 26900, 44764, 15797, 39722, 0, -1, 19384, -1637048618, 0, 33359, -1859889428, -1309226133, 40582, 46010, 0, 19590, -1644221571, 0, 24710, 44939, 41020, 0, 0, 0, 14538, 17364, 18850, 0, 44905, 16035, 5814, 20755, 16768, 41285, 25347, 0, 32376, 21431, 20256, 28997, 41599, 17640, 0, 0, 41284, 15279, 0, 0, 12992, 0, 40301, 18991, 41167, 5328, 0, 45531, 44207, 41899, 0, 29766, 9907, 35317, 38253, 5086, 44732, 0, 39475, 41488, 0, 35530, 44899, 29934, 0, 39357, 44370, 42580],[35808, 0, 0, 36101, 43393, 46056, 606868912, 1808745790, 9453, 0, 21070, 23932, -1601122475, 1867503635, 10875, 33911, 0, 42847, 0, 23833, 0, -2143651305, 36655, 38229, 23669, 40623, 43427, 0, 19384, -1, -1305215936, 40154, 34197, 2135011165, -1482683767, 0, 25549, 11657, 21997, -1798849658, 31096, 0, 43549, 41708, -1042728772, 29528, 19303, 25497, 27989, 11502, 36560, 45806, 38827, 0, 0, 25342, 27565, 38003, 0, 43415, 45358, 36607, 31750, 0, 42643, 0, 39253, 0, 40577, 40404, 21988, 22919, 19967, 31527, 44780, 0, 0, 28230, 23659, 0, 40635, 0, 39916, 27097, 26503, 0, 0, 0, 25138, 44230, 44296, 0, 14625, 0, 36782, 29552, 30750, 44214, 0],[1306372729, -1951682930, -1071666344, 32287, 29944, 0, -1321099060, -670519299, 38314, 39989, 13510, 39187, 0, -1546773155, -1033194229, 30958, 0, 40877, -382026236, 35892, 0, -50525809, -1339447698, 37216, 16027, 0, 44927, 44949, -1637048618, -1305215936, -1, 0, 0, -1461646637, -804991899, -1975395890, 0, 42104, 38218, -884356569, 0, 27013, 23249, 19007, 0, 0, 35307, 24880, 0, -884649419, 24109, -517990183, 0, 0, 0, 29491, -1188587502, 45336, 18027, 39916, 37418, 0, 0, 0, 0, 25622, 42665, 43776, 0, 23076, 0, 28069, 31035, 29844, 22129, 21553, 0, 0, 0, 37145, 45771, 31251, 13571, 0, 0, 38620, 41937, 30337, 23875, 20793, 32829, 0, 46022, 11952, 32345, 35620, 39736, 0, 35549],[0, 33517, 1912867298, 39110, 0, 0, -860233454, -2035924026, 1749777189, 37327, 1205202463, 0, 40530, 37909, 0, -1161095463, 38053, 0, -1981943149, 20854, 0, 30816, 25338, 20291, -713744288, 21807, 20686, 0, 0, 40154, 0, -1, 0, 36369, 36571, 40794, 0, 41064, 36736, 30908, 0, 39385, 42013, 0, 23190, 0, 29565, 0, 41602, 10895, 0, 15876, 36961, 0, 42729, 0, 32977, 0, 10176, 20679, 42097, 33466, 38682, 0, 19137, 0, 0, 0, 0, 8344, 13427, 41677, 29564, 0, 37401, 29170, 0, 0, 31885, 44139, 31218, 26348, 0, 0, 36213, 7604, 0, 40689, 29129, 43550, 8827, 0, 41835, 35222, 36009, 37437, 28207, 0, 27413],[0, 32690, 914345135, 0, 1346923361, -1670335176, 0, 0, 38242, 44279, 0, 19122, 0, 35150, 45633, -644188014, 19078, 43765, -1445710931, 28798, 0, 0, 0, 0, 0, 31031, 41012, -1543481884, 33359, 34197, 0, 0, -1, 37643, 0, 9906, 0, 12449, 0, 0, 15802, 31650, 0, 14423, 42389, 12427, 46295, 0, 29836, 0, 0, 35333, 0, 44881, 0, 0, 0, 35295, 19149, 0, 28264, 8928, 22559, 44775, 30965, 46331, 0, 0, 0, 32398, 0, 28592, 44487, 36140, 41794, 30240, 32530, 8587, 39675, 0, 12520, 41966, 46197, 40497, 11097, 42814, 19896, 25039, 38706, 20977, 26503, 0, 28524, 0, 0, 0, 35395, 41919, 43601],[1309870105, -1786461266, -2034538825, 44825, 25669, 0, 0, 0, 0, 7594, 0, 18005, -1328156307, 0, -968594916, -4630935, 40155, 0, -1065088713, 28080, -1911216892, -1873560126, 0, 25318, -1552713074, 0, 36529, 36488, -1859889428, 2135011165, -1461646637, 36369, 37643, -1, -1222688793, 31852, 0, 34874, 38880, -583786439, 46241, 15095, 41383, 20411, -315936834, 0, 42544, 45522, 0, 45941, 46034, 33382, 0, 0, 0, 0, 39956, 14530, 0, 19791, 30419, 0, 28317, 42418, 38829, 32984, 40018, 5798, 42611, 38182, 43463, 26968, 44735, 43204, 44126, 0, 0, 30606, 45762, 34812, 17141, 45120, 0, 0, 0, 6518, 0, 0, 35140, 28473, 29952, 40965, 18245, 39989, 44775, 38319, 0, 0, 0],[1200401382, -1790582729, -1939421492, 26933, 40462, -625686276, -78518981, -1923796703, 33992, 14623, 0, 26434, -709655679, 0, -2069014308, 0, 34952, 44064, 0, 13440, -1986652053, -1135646784, 0, 30245, -1062711351, 0, 14303, 9885, -1309226133, -1482683767, -804991899, 36571, 0, -1222688793, -1, 0, 26939, 35010, 43097, -705522493, 0, 30084, 38165, 0, -888339459, 0, 0, 0, 0, -1997981735, 29727, 0, 37673, 0, 43636, 42109, 20374, 43391, 0, 20499, 0, 0, 15040, 6795, 0, 0, 41266, 0, 41709, 44897, 32638, 33160, 0, 42065, 33298, 46141, 25109, 26764, 0, 36524, 20843, 0, 45594, 33216, 31644, 28322, 34472, 15114, 0, 38223, 0, 0, 45904, 30172, 0, 9683, 0, 30186, 0],[383463988, -2011172837, -990086372, 39333, 30237, -117414394, 0, -1800480270, 0, 30388, 40383, 44754, -357409860, -2069715985, 0, -362777043, 23029, 32301, -304945680, 45988, -1844474857, -660270965, 454921968, 36835, -58405745, 27444, 0, 0, 40582, 0, -1975395890, 40794, 9906, 31852, 0, -1, 0, 0, 0, -1434427228, 0, 34557, 23686, 39245, 0, 37616, 42676, 0, 0, 30014, 30034, 46323, 27783, 22449, 32071, 45894, 12677, 4613, 35572, 35756, 35684, 0, 39795, 0, 40953, 0, 22659, 0, 40368, 0, 44831, 0, 0, 43526, 0, 30395, 0, 38688, 0, 44871, 24543, 25754, 30481, 32052, 0, 37839, 19366, 0, 0, 24768, 38997, 22516, 0, 17954, 40715, 0, 33120, 40297, 38140],[0, 37715, 24718, 0, 1326939068, -1263062522, -1978832049, 0, 44384, 11896, 40639, 36295, 37622, 45761, 16868, 0, 41684, 26555, -1556774877, 0, 0, 24898, 40151, 0, -1928936398, 0, 0, -2086377908, 46010, 25549, 0, 0, 0, 0, 26939, 0, -1, 0, 31022, 0, 26895, 38938, 0, 0, 0, 39763, 33376, 0, 38579, 28334, 0, 0, 41136, 0, 44435, 0, 40595, 22896, 11127, 5806, 0, 0, 36281, 25904, 0, 42967, 0, 30852, 20330, 0, 42263, 0, 14720, 0, 0, 45836, 0, 0, 3779, 0, 29444, 14414, 30015, 37553, 12313, 23277, 0, 0, 33385, 30425, 23789, 20066, 38183, 37651, 40667, 34489, 0, 43563, 41834],[0, 42608, 45486, 0, 733768640, 0, -1721527515, -1574378276, 28184, 0, 0, 39044, 18395, 28093, 0, -1002332909, 0, 30963, -435864647, 39863, 0, 28974, 23948, 35182, -797122970, 0, 38645, -1911179538, 0, 11657, 42104, 41064, 12449, 34874, 35010, 0, 0, -1, 0, 22093, 26904, 29659, 0, 11293, 20990, 28622, 36710, 10849, 20847, 45185, 24808, 0, 36982, 42237, 46288, 34438, 31540, 45462, 43763, 0, 45781, 0, 0, 40270, 40184, 36696, 43299, 29988, 0, 1149, 42502, 0, 42625, 27147, 18155, 0, 25615, 0, 40685, 32117, 12909, 44007, 0, 45027, 16804, 0, 34934, 33229, 22342, 0, 0, 0, 25875, 43787, 24636, 39160, 33706, 35100, 28326],[0, 38875, 0, 4490, 561618164, -1492759344, 0, -1652067739, 32284, 40132, 0, 25355, 14517, 24877, 42045, -1670958556, 42991, 0, -1560358553, 30546, 0, 44180, 0, 39732, -2104109831, 0, 29319, 0, 19590, 21997, 38218, 36736, 0, 38880, 43097, 0, 31022, 0, -1, 36769, 38379, 0, 2877, 42935, 0, 0, 0, 0, 38029, 46151, 44821, 28952, 35423, 9519, 30894, 28222, 29150, 0, 0, 20837, 42005, 0, 25692, 40780, 19979, 0, 36236, 0, 39608, 30290, 0, 22662, 29586, 0, 34700, 0, 23245, 0, 39880, 25270, 44188, 45198, 39706, 27971, 0, 22210, 46309, 3627, 43459, 20869, 0, 0, 24410, 0, 4915, 0, 0, 31302, 40952],[1553732628, -658485948, -1489432605, 0, 0, -1758533264, -412786374, -2138811075, 32837, 0, 29289, 37848, 0, 0, 0, 26574, 0, 19884, 0, 20198, -1051807566, 0, 0, 17965, 32719, -1906161264, 0, 36864, -1644221571, -1798849658, -884356569, 30908, 0, -583786439, -705522493, -1434427228, 0, 22093, 36769, -1, 0, 38739, 3648, 44336, -763980817, 28826, 0, 0, 25971, 0, 37791, 0, 16036, 20082, 0, 36219, 0, 33580, 41500, 0, 36211, 0, 0, 41267, 0, 40031, 0, 0, 25621, 19459, 43272, 0, 22531, 0, 0, 35780, 37991, 25378, 0, 43394, 44529, 27195, 0, 15814, 25407, 0, 27524, 31760, 39208, 33357, 45108, 16383, 31611, 0, 35301, 28805, 4234, 17301, 44562],[0, 39597, 178738738, 0, 0, -477376822, -1124675946, -2069139335, 0, 277912888, 19968, 30969, 24078, 40485, 0, -1380192162, 0, 0, 0, 0, 30289, 0, 33969, 0, 0, 23723, 0, 40304, 0, 31096, 0, 0, 15802, 46241, 0, 0, 26895, 26904, 38379, 0, -1, 38979, 0, 22375, 0, 0, 0, 41558, 0, 0, 35247, 27915, 0, 41920, 0, 0, 31569, 27515, 0, 0, 0, 0, 0, 34155, 0, 0, 39075, 43611, 32217, 17664, 0, 16108, 0, 0, 10896, 0, 27214, 18845, 0, 0, 12232, 31632, 25503, 15417, 35609, 0, 38050, 45161, 25869, 0, 13600, 0, 42618, 33804, 0, 35574, 25967, 16973, 21710],[-1979841653, 264301260, -1425712673, 18227, 0, -1494225407, -761632998, 0, -2065986081, 1961580392, 30387, 39216, -1023486193, 29005, 37612, 0, 43783, 29484, -929776469, 40138, 0, -581881616, 42930, 0, 0, 0, 41663, 0, 24710, 0, 27013, 39385, 31650, 15095, 30084, 34557, 38938, 29659, 0, 38739, 38979, -1, 43044, 40980, 0, 0, 0, 26428, 0, 0, 13626, 18466, 31429, 19673, 0, 37681, 0, 37280, 39213, 36807, 0, 0, 0, 15440, 0, 0, 21915, 0, 37825, 35157, 0, 21825, 32812, 45561, 35704, 0, 0, 39953, 43195, 35862, 39703, 28528, 22940, 33204, 0, 0, 25294, 0, 6397, 15060, 0, 0, 34647, 37662, 28578, 11740, 36064, 27763, 14885],[-1982019126, 1066029008, -349531961, 41042, -1347437431, -560810706, 0, 0, 0, 0, 0, 0, -1046901585, 30063, 31550, -840942571, -1087470692, 39618, 0, 0, 0, -1416909856, 44367, 44461, -1313429050, 38483, -1263137699, 24757, 44939, 43549, 23249, 42013, 0, 41383, 38165, 23686, 0, 0, 2877, 3648, 0, 43044, -1, 45892, 38161, 45557, 11923, 0, 40706, 18006, 42276, 0, 33621, 0, 12742, 39075, 0, 0, 38538, 20413, 46096, 31497, 44165, 0, 21914, 25197, 30918, 36590, 10769, 15219, 0, 45802, 13238, 0, 0, 7009, 30674, 11306, 41923, 0, 31195, 3167, 0, 42969, 4844, 0, 44806, 26804, 27791, 26388, 0, 34821, 0, 16138, 0, 0, 44592, 42179, 23745],[-408373239, 2012694166, -1338416447, 33442, -1883410295, -254178153, 0, -1609021939, -350113421, 2023743374, 37414, 31645, -1737550850, 0, 0, 87531127, 0, 0, 0, 34460, 43569, 0, 0, 8658, -367357423, 0, 0, 39290, 41020, 41708, 19007, 0, 14423, 20411, 0, 39245, 0, 11293, 42935, 44336, 22375, 40980, 45892, -1, 39299, 24311, 0, 0, 39492, 0, 45009, 42529, 21484, 20865, 32722, 0, 30415, 0, 43606, 0, 29589, 0, 27870, 26485, 43913, 39230, 34715, 0, 24602, 0, 33565, 22953, 43743, 0, 33545, 32921, 40752, 22295, 0, 18683, 0, 28252, 23443, 0, 11702, 26285, 43799, 38123, 0, 37726, 6148, 32351, 42792, 43303, 39863, 6668, 40501, 14518, 0],[1813205995, -2080903694, -1477511791, 44329, 0, 0, -121037072, 0, 0, 9748, 26700, 0, -1767991794, -2015545898, 0, 16672, 0, 46275, 0, 23537, -739728555, -445799135, -1754751824, 29601, 0, 0, 30634, 44914, 0, -1042728772, 0, 23190, 42389, -315936834, -888339459, 0, 0, 20990, 0, -763980817, 0, 0, 38161, 39299, -1, 0, 21547, 29009, 41171, 37724, 27827, 42904, 0, 35381, 31331, 0, 42130, 0, 44237, 36030, 5225, 31331, 0, 14567, 0, 20657, 0, 0, 40718, 36731, 24784, 0, 27917, 0, 40483, 22249, 37059, 18771, 17836, 42123, 0, 37823, 34254, 46249, 28989, 24440, 0, 26393, 27670, 36847, 10037, 0, 27945, 40506, 29743, 41800, 0, 40013, 25652],[-1928668147, 967346973, 0, 0, -1443045098, -752793703, -371134307, 0, -1466373939, -1851096653, 0, 35536, -578383806, 0, 43343, 387448475, 44271, 0, -1010950177, 0, 0, -1248932854, 0, 19351, 39876, 43439, 0, 44350, 0, 29528, 0, 0, 12427, 0, 0, 37616, 39763, 28622, 0, 28826, 0, 0, 45557, 24311, 0, -1, 0, 0, 45417, 14119, 26637, 20902, 45335, 37052, 37037, 45634, 22172, 21467, 0, 0, 0, 31385, 0, 33643, 27143, 0, 26131, 40863, 33308, 14931, 30211, 19001, 0, 0, 0, 37738, 0, 24833, 43238, 19445, 0, 14042, 0, 0, 28728, 0, 34621, 32137, 39372, 0, 0, 0, 17987, 0, 33884, 29561, 34586, 21878, 0],[0, 20436, 44516, 0, 1219803595, 0, 0, -1705110262, 40934, 38895, 27128, 26972, 25788, 11798, 0, 39090, 43445, 6223, -501912855, 43488, 0, 0, 44674, 31535, 31832, 0, 0, 40836, 0, 19303, 35307, 29565, 46295, 42544, 0, 42676, 33376, 36710, 0, 0, 0, 0, 11923, 0, 21547, 0, -1, 22797, 35468, 0, 36351, 23458, 0, 34510, 35876, 24555, 45098, 32014, 0, 45562, 42699, 39015, 0, 35412, 28168, 35669, 0, 41357, 0, 39245, 34209, 0, 0, 0, 0, 0, 31353, 19313, 0, 26368, 36400, 45579, 40051, 39956, 33455, 0, 0, 39082, 38163, 26557, 7367, 44543, 34357, 18989, 0, 0, 25620, 5180, 17092],[0, 0, 41624, 1724698178, 36242, 42525, 27500, 0, 23783, 0, 0, 21194, 14069, 23974, 31282, 42747, 23758, 17970, 37120, 19449, 0, 0, 26047, 22951, 0, 0, 0, 39010, 14538, 25497, 24880, 0, 0, 45522, 0, 0, 0, 10849, 0, 0, 41558, 26428, 0, 0, 29009, 0, 22797, -1, 0, 40604, 46201, 0, 28874, 40673, 21833, 0, 16521, 30679, 44335, 0, 15681, 35162, 0, 0, 38182, 0, 24354, 2401, 0, 33358, 0, 0, 38790, 44529, 0, 0, 38293, 23835, 0, 0, 37760, 32602, 0, 41921, 0, 34405, 22184, 0, 26079, 31874, 0, 25150, 28204, 0, 22642, 35273, 29064, 33362, 45403],[-1195691612, 1018549474, 0, 39604, -1176092181, -1028706823, -1993844143, -736557391, 0, 0, 0, 10468, -1032038168, 34246, 36971, -86815493, 0, 0, -1091892860, 43267, 35079, -1532035363, 42731, 31912, 0, 0, 24170, 16732, 17364, 27989, 0, 41602, 29836, 0, 0, 0, 38579, 20847, 38029, 25971, 0, 0, 40706, 39492, 41171, 45417, 35468, 0, -1, 0, 23500, 42998, 44215, 15075, 33896, 32458, 9859, 43063, 0, 0, 23260, 26405, 0, 19673, 23654, 40988, 23231, 0, 37022, 0, 35070, 0, 10999, 16503, 0, 21796, 28100, 17024, 0, 41762, 27117, 0, 0, 26561, 0, 40995, 21537, 31478, 45115, 24184, 17072, 30950, 0, 28574, 0, 32546, 0, 34299, 45513],[34587, 0, 0, 25649, 0, 0, 0, 0, 25266, 42813, 1135677525, 0, -476854956, 608804237, 39123, 9703, 13644, 0, 15055, 34509, 0, 0, 20321, 35998, 0, 30772, 0, 28746, 18850, 11502, -884649419, 10895, 0, 45941, -1997981735, 30014, 28334, 45185, 46151, 0, 0, 0, 18006, 0, 37724, 14119, 0, 40604, 0, -1, 0, 43195, 24472, 38814, 19880, 37844, 33003, 0, 23618, 0, 23466, 4516, 44001, 35319, 28693, 45756, 0, 37822, 22444, 17799, 38471, 37692, 0, 44770, 41241, 0, 0, 0, 0, 41552, 44460, 45893, 21601, 36349, 36101, 0, 18247, 42781, 0, 26306, 0, 43339, 10707, 19619, 29410, 28415, 44477, 0, 38282],[-621466811, 1959502140, -1358464333, 28618, -1405075847, 721677936, -2010343289, -1905595698, 0, 0, 0, 0, 0, 0, 0, 11583, 41349, 45691, -1150761853, 0, 42060, -607884496, 10503, 39200, 0, 0, 35484, 36943, 0, 36560, 24109, 0, 0, 46034, 29727, 30034, 0, 24808, 44821, 37791, 35247, 13626, 42276, 45009, 27827, 26637, 36351, 46201, 23500, 0, -1, 0, 37472, 19729, 14202, 32164, 0, 44354, 14862, 9699, 5718, 35208, 0, 36802, 34152, 38300, 0, 0, 0, 26253, 0, 16993, 29496, 34320, 22572, 29720, 40888, 12792, 17497, 0, 0, 40407, 0, 34204, 14711, 29653, 20672, 0, 15304, 0, 22448, 0, 41793, 0, 0, 42269, 25753, 42809, 44248],[1820294711, -1038614478, 0, 0, 0, 0, -528480464, -1610174836, 22890, 35792, 0, 16796, -1529690628, 0, -1665975434, 22472, 40460, 15842, -690653734, 0, 0, -822971636, 0, 33951, 43503, 0, 0, 35438, 44905, 45806, -517990183, 15876, 35333, 33382, 0, 46323, 0, 0, 28952, 0, 27915, 18466, 0, 42529, 42904, 20902, 23458, 0, 42998, 43195, 0, -1, 0, 17053, 42407, 0, 24381, 29604, 20891, 17762, 36741, 0, 44177, 43589, 22418, 0, 0, 35853, 0, 0, 34989, 33546, 0, 30170, 10408, 28920, 42596, 40432, 0, 38654, 11033, 33061, 10645, 43161, 40408, 0, 2934, 45800, 39152, 11261, 7491, 33533, 0, 45938, 0, 16142, 27928, 28006, 35312],[31579, 0, 0, 17573, 31351, 0, 1214575493, 733317532, 44668, 0, 41046, 16636, 0, 2132677449, 36418, 16548, 37161, 18753, 40583, 44956, 0, -768396663, 41835, 21300, 11160, 28012, 0, 13459, 16035, 38827, 0, 36961, 0, 0, 37673, 27783, 41136, 36982, 35423, 16036, 0, 31429, 33621, 21484, 0, 45335, 0, 28874, 44215, 24472, 37472, 0, -1, 11022, 41527, 5717, 0, 0, 21801, 0, 37673, 28518, 0, 36603, 23962, 0, 0, 44419, 40570, 14706, 24618, 38131, 8848, 23438, 45905, 38801, 0, 44845, 2443, 10731, 40643, 32133, 0, 41110, 0, 23150, 34273, 0, 28227, 31389, 0, 37598, 11376, 44482, 18787, 39039, 0, 31207, 0],[1331725740, -1147044204, 0, 31545, 40203, 26380, 0, -1728712918, 0, 23681, 32903, 30567, 0, 0, -1304943728, 42275, 43188, 0, 18843, 45843, 24355, -1878286233, 0, 17641, 0, 40952, 0, 0, 5814, 0, 0, 0, 44881, 0, 0, 22449, 0, 42237, 9519, 20082, 41920, 19673, 0, 20865, 35381, 37052, 34510, 40673, 15075, 38814, 19729, 17053, 11022, -1, 37894, 43573, 0, 4566, 0, 42656, 10126, 38621, 29983, 0, 43660, 45596, 0, 11680, 38179, 0, 0, 12337, 0, 19838, 45182, 40774, 34450, 32594, 42186, 17116, 33720, 0, 0, 18906, 24830, 0, 0, 43143, 39226, 46205, 16195, 32584, 0, 0, 0, 29010, 0, 32357, 0],[33128, 0, -1078699125, 0, 0, 0, 811111295, 20380, 0, 14760, 30946, 19120, 0, 1882952015, 44512, 29938, 33586, 5598, 0, 43055, 25377, 0, 0, 42477, 33788, 0, 21795, 38656, 20755, 0, 0, 42729, 0, 0, 43636, 32071, 44435, 46288, 30894, 0, 0, 0, 12742, 32722, 31331, 37037, 35876, 21833, 33896, 19880, 14202, 42407, 41527, 37894, -1, 0, 25788, 0, 30220, 34664, 40725, 40440, 30725, 43677, 0, 0, 13941, 20296, 41685, 44553, 35098, 22957, 9319, 0, 0, 0, 32173, 30740, 32343, 0, 27639, 0, 34679, 26185, 41024, 0, 40256, 33345, 31987, 7576, 25851, 10439, 0, 5618, 19031, 0, 35746, 33866, 0],[0, 32981, 1794823404, 0, 217380075, 0, -1586915143, -1827243767, 27487, 44969, 34543, 44473, 34923, 38638, 0, 16898, 0, 0, -381177410, 44901, 32921, 34130, 28119, 9645, 0, 19565, 2816, 0, 16768, 25342, 29491, 0, 0, 0, 42109, 45894, 0, 34438, 28222, 36219, 0, 37681, 39075, 0, 0, 45634, 24555, 0, 32458, 37844, 32164, 0, 5717, 43573, 0, -1, 19336, 30459, 0, 0, 0, 28661, 0, 0, 20084, 21509, 19397, 35905, 42762, 31337, 0, 0, 0, 37904, 17778, 0, 0, 0, 32426, 41211, 33494, 0, 29849, 27630, 0, 29434, 22060, 0, 36495, 25110, 8893, 0, 32503, 36084, 0, 15636, 22765, 46293, 44013],[38448, 2127833087, -811434754, 0, 27567, 23400, -2111029088, 0, 31321, 0, 20303, 34861, -1147507205, 33671, 30586, 43477, 37857, 23832, 27949, 37297, 0, 0, 24854, 0, 0, 29740, 18522, 0, 41285, 27565, -1188587502, 32977, 0, 39956, 20374, 12677, 40595, 31540, 29150, 0, 31569, 0, 0, 30415, 42130, 22172, 45098, 16521, 9859, 33003, 0, 24381, 0, 0, 25788, 19336, -1, 23988, 0, 0, 0, 0, 0, 28639, 0, 20960, 0, 36875, 0, 20109, 29743, 38867, 32116, 6012, 11947, 0, 42124, 0, 0, 29323, 31336, 42299, 11875, 27295, 45176, 16169, 38857, 0, 13590, 42937, 27266, 40465, 0, 37968, 40156, 26321, 32199, 15649, 0],[0, 24144, 1151807401, 44601, 0, -1318137611, -1087610910, -2107828800, 927612632, 0, 24058, 6711, 24887, 41378, 35081, 35531, 0, 23165, 38718, 43217, 35972, 34278, 0, 26649, 18757, 34180, 32421, 0, 25347, 38003, 45336, 0, 35295, 14530, 43391, 4613, 22896, 45462, 0, 33580, 27515, 37280, 0, 0, 0, 21467, 32014, 30679, 43063, 0, 44354, 29604, 0, 4566, 0, 30459, 23988, -1, 0, 42600, 39195, 0, 0, 0, 41060, 46041, 0, 46059, 25191, 34154, 28233, 15826, 0, 30379, 17622, 0, 0, 42059, 0, 22874, 0, 22849, 30362, 0, 35339, 0, 33083, 33846, 44302, 37201, 28181, 30742, 0, 1957, 0, 0, 28854, 29999, 33682],[19060, 181235409, 0, 10785, 44356, 7288, 0, 0, 22639, 0, 22683, 0, 0, 43992, 0, 0, 0, 0, 0, 24777, 38979, 36249, 5626, 0, 0, 28335, 0, 0, 0, 0, 18027, 10176, 19149, 0, 0, 35572, 11127, 43763, 0, 41500, 0, 39213, 38538, 43606, 44237, 0, 0, 44335, 0, 23618, 14862, 20891, 21801, 0, 30220, 0, 0, 0, -1, 40669, 44685, 40165, 0, 32702, 29295, 16921, 26448, 17685, 37450, 26260, 17699, 26476, 42418, 0, 0, 0, 40505, 24576, 0, 28616, 40311, 35604, 32310, 45724, 0, 0, 0, 8025, 26809, 30337, 16682, 0, 0, 38492, 0, 32364, 18934, 0, 0],[18396, 0, -308220155, 0, 38508, 139989881, 963901050, 401236572, 25236, 25591, 39710, 20288, -1003127697, 347220485, 0, 24414, 12918, 0, 0, 32059, 41831, 11171, 20853, 42459, 20875, 45058, 0, 34894, 32376, 43415, 39916, 20679, 0, 19791, 20499, 35756, 5806, 0, 20837, 0, 0, 36807, 20413, 0, 36030, 0, 45562, 0, 0, 0, 9699, 17762, 0, 42656, 34664, 0, 0, 42600, 40669, -1, 21571, 38696, 38459, 26456, 30814, 0, 0, 24698, 42546, 11178, 40615, 0, 0, 0, 16111, 0, 0, 26836, 0, 0, 44501, 41800, 41536, 39686, 0, 23684, 18338, 27683, 0, 35345, 31158, 39045, 28461, 38453, 37347, 0, 15028, 32497, 0],[16280, 36074665, -1473993145, 32973, 45865, 35813, -1101898336, 972052051, 42148, 0, 45452, 43276, -1063509872, 0, 0, 36071, 15843, 15568, 43682, 41952, 37846, 19143, 17257, 15506, 0, 41117, 35505, 34591, 21431, 45358, 37418, 42097, 28264, 30419, 0, 35684, 0, 45781, 42005, 36211, 0, 0, 46096, 29589, 5225, 0, 42699, 15681, 23260, 23466, 5718, 36741, 37673, 10126, 40725, 0, 0, 39195, 44685, 21571, -1, 0, 45937, 36021, 0, 40333, 43148, 0, 0, 10256, 40099, 0, 40230, 0, 44844, 28449, 0, 0, 24022, 42091, 23097, 28438, 43476, 40199, 0, 17172, 0, 15566, 15340, 27712, 0, 42480, 44409, 28421, 10931, 44273, 0, 0, 0],[36453, 881164432, -612078243, 42404, 46164, 23974, -1514323861, 19856, 31762, 34154, 37622, 0, 0, 0, 9781, 38535, 0, 0, 0, 28204, 0, 0, 0, 0, 26625, 27527, 9933, 39745, 20256, 36607, 0, 33466, 8928, 0, 0, 0, 0, 0, 0, 0, 0, 0, 31497, 0, 31331, 31385, 39015, 35162, 26405, 4516, 35208, 0, 28518, 38621, 40440, 28661, 0, 0, 40165, 38696, 0, -1, 0, 0, 0, 28672, 38061, 29870, 43636, 45865, 28263, 0, 35541, 23946, 20044, 37469, 0, 0, 38044, 43289, 0, 0, 0, 0, 0, 0, 38865, 45912, 31283, 37387, 22341, 45438, 0, 35107, 12476, 36791, 0, 8897, 34214],[0, 46310, 0, 0, 1002082134, 0, -1469479659, 37362, 42192, 0, 33934, 18706, 0, 0, 0, 42621, 42814, 41397, 0, 24430, 9077, 0, 25392, 37945, 45834, 27045, 29657, 0, 28997, 31750, 0, 38682, 22559, 28317, 15040, 39795, 36281, 0, 25692, 0, 0, 0, 44165, 27870, 0, 0, 0, 0, 0, 44001, 0, 44177, 0, 29983, 30725, 0, 0, 0, 0, 38459, 45937, 0, -1, 30502, 0, 0, 33732, 39895, 35068, 44398, 0, 33508, 37930, 26709, 0, 33160, 37332, 32875, 0, 45732, 25506, 0, 38952, 0, 37079, 46076, 19582, 37911, 0, 41415, 0, 0, 37895, 0, 0, 22223, 36947, 0, 0],[0, 28498, 1652214290, 36418, 458193250, 40014, -1524471461, 46033, 32672, 44618, 0, 0, 44087, 4