19
[-1, 905, 611, 0, 414, 0, 630, 110092, 0, 660, 0, 283, 558, 0, 749, 0, 491, 607, 0, 
905, -1, 0, 850, 0, 0, 0, 111093, 0, 1657, 755, 0, 0, 838, 2536, 0, 0, 0, 0, 
611, 0, -1, 571, 1570, 1095, 1590, 612, 562, 501, 0, 0, 1252, 627, 812, 850, 1457, 0, 572, 
0, 850, 571, -1, 0, 1977, 572, 109816, 0, 757, 2047, 0, 0, 2399, 734, 1772, 491, 508, 2076, 
414, 0, 1570, 0, -1, 796, 563, 605, 2212, 0, 0, 0, 0, 0, 0, 575, 0, 1973, 428, 
0, 0, 1095, 1977, 796, -1, 0, 1041, 1160, 0, 1138, 0, 798, 0, 1079, 1121, 899, 1036, 1094, 
630, 0, 1590, 572, 563, 0, -1, 0, 1126, 0, 596, 0, 327, 0, 0, 0, 426, 0, 921, 
110092, 111093, 612, 109816, 605, 1041, 0, -1, 0, 339, 670, 110769, 999, 623, 0, 821, 0, 0, 0, 
0, 0, 562, 0, 2212, 1160, 1126, 0, -1, 0, 0, 0, 0, 773, 0, 0, 719, 885, 0, 
660, 1657, 501, 757, 0, 0, 0, 339, 0, -1, 0, 0, 749, 527, 0, 743, 0, 0, 321, 
0, 755, 0, 2047, 0, 1138, 596, 670, 0, 0, -1, 298, 0, 215, 0, 440, 0, 0, 462, 
283, 0, 0, 0, 0, 0, 0, 110769, 0, 0, 298, -1, 728, 0, 881, 519, 611, 0, 0, 
558, 0, 1252, 0, 0, 798, 327, 999, 0, 749, 0, 728, -1, 0, 0, 0, 510, 521, 0, 
0, 838, 627, 2399, 0, 0, 0, 623, 773, 527, 215, 0, 0, -1, 0, 557, 510, 729, 352, 
749, 2536, 812, 734, 0, 1079, 0, 0, 0, 0, 0, 881, 0, 0, -1, 0, 741, 577, 0, 
0, 0, 850, 1772, 575, 1121, 0, 821, 0, 743, 440, 519, 0, 557, 0, -1, 0, 700, 0, 
491, 0, 1457, 491, 0, 899, 426, 0, 719, 0, 0, 611, 510, 510, 741, 0, -1, 300, 0, 
607, 0, 0, 508, 1973, 1036, 0, 0, 885, 0, 0, 0, 521, 729, 577, 700, 300, -1, 790, 
0, 0, 572, 2076, 428, 1094, 921, 0, 0, 321, 462, 0, 0, 352, 0, 0, 0, 790, -1]