20
[-1, 920, 0, 0, 0, 8028, 1059, 274, 966, 0, 627, 541, 927, 0, 1000, 726, 0, 1194, 0, 0, 
920, -1, 951, 0, 0, 6301, 2492, 2186, 2690, 520, 1763, 2091, 2496, 0, 0, 2195, 650, 3049, 0, 591, 
0, 951, -1, 932, 0, 0, 4242, 440, 902, 1980, 277, 0, 531, 0, 568, 616, 1680, 907, 0, 2065, 
0, 0, 932, -1, 0, 0, 0, 0, 2803, 0, 0, 303, 916, 729, 754, 556, 0, 681, 507, 563, 
0, 0, 0, 0, -1, 925, 922, 0, 0, 0, 0, 0, 749, 0, 939, 664, 0, 1805, 920, 0, 
8028, 6301, 0, 0, 925, -1, 0, 848, 1143, 0, 0, 935, 0, 759, 0, 0, 0, 830, 1271, 1398, 
1059, 2492, 4242, 0, 922, 0, -1, 0, 0, 853, 768, 0, 0, 721, 0, 549, 0, 0, 1200, 1329, 
274, 2186, 440, 0, 0, 848, 0, -1, 0, 0, 0, 0, 0, 0, 0, 0, 0, 0, 784, 0, 
966, 2690, 902, 2803, 0, 1143, 0, 0, -1, 0, 0, 0, 1167, 3009, 1980, 0, 0, 0, 3726, 668, 
0, 520, 1980, 0, 0, 0, 853, 0, 0, -1, 0, 195, 748, 547, 678, 0, 0, 767, 0, 566, 
627, 1763, 277, 0, 0, 0, 768, 0, 0, 0, -1, 716, 0, 0, 800, 819, 0, 1043, 0, 979, 
541, 2091, 0, 303, 0, 935, 0, 0, 0, 195, 716, -1, 0, 436, 676, 0, 0, 696, 0, 478, 
927, 2496, 531, 916, 749, 0, 0, 0, 1167, 748, 0, 0, -1, 0, 401, 0, 535, 0, 1181, 1275, 
0, 0, 0, 729, 0, 759, 721, 0, 3009, 547, 0, 436, 0, -1, 656, 640, 0, 825, 0, 0, 
1000, 0, 568, 754, 939, 0, 0, 0, 1980, 678, 800, 676, 401, 656, -1, 434, 243, 481, 1014, 1150, 
726, 2195, 616, 556, 664, 0, 549, 0, 0, 0, 819, 0, 0, 640, 434, -1, 506, 0, 0, 959, 
0, 650, 1680, 0, 0, 0, 0, 0, 0, 0, 0, 0, 535, 0, 243, 506, -1, 467, 845, 0, 
1194, 3049, 907, 681, 1805, 830, 0, 0, 0, 767, 1043, 696, 0, 825, 481, 0, 467, -1, 0, 1073, 
0, 0, 0, 507, 920, 1271, 1200, 784, 3726, 0, 0, 0, 1181, 0, 1014, 0, 845, 0, -1, 187, 
0, 591, 2065, 563, 0, 1398, 1329, 0, 668, 566, 979, 478, 1275, 0, 1150, 959, 0, 1073, 187, -1]