99
[[-1, 5176, 1176190265, 0, 0, -2000151854, 0, 1695489011, 0, 0, 1455094218, 6464, 0, 35528, -1918404334, -2113110340, 0, -1215078363, 0, 0, 0, 0, 27552, 0, 0, 3866, 24420, 46257, 0, -1968217142, 8596, 46271, 0, 35367, -1597483165, 0, 0, 956156927, 0, 41326, -1113010610, 17901, -663690034, 42507, 0, 0, 0, 42183, 0, 0, -665036012, 1585802761, 0, 37331, 409031991, 32768, 2062619316, 30668, 30076, 44632, 17046, 34084, 33545, 0, 43512, 37157, 26869, 0, 0, 43414, 12201, 0, 0, 0, 14477, 20879, 41356, 0, 0, 0, 46331, 38697, 34823, 0, 17300, 27279, 8123, 0, 38996, 29858, 25824, 39177, 0, 34109, 0, 0, 27428, 27383, 41470],[5176, -1, -2008856548, 38421, 0, 1415049695, 21758, -1383679775, 31274, 43460, -856284356, 0, 0, 0, 830726275, 1312379699, 29446, 1872794511, 7865, 37832, 23977, 26013, 0, 13291, 44919, 0, 0, 0, 17336, 1454455741, 0, 0, 0, 0, 678157646, 12266, 0, -1631367857, 27068, 0, 1366670355, 0, 1649111634, 0, 28844, 45375, 24701, 0, 21236, 41277, 1530016795, -713008350, 40760, 0, -1874505408, 0, -1065281322, 0, 1052351517, 103619631, 1150691959, 61918484, 0, 0, 1852085703, 0, 1353038098, 39820, 0, 0, 1663320809, 0, 6117, 28504, 1810120398, 1304327081, 0, 0, 0, 31481, 0, 101997250, 0, 0, 796502579, 1560221971, 755869260, 36142, 1400237926, 825985920, 1767084166, 0, 32899, 704435621, 33996, 41866, 1616335523, 0, 0],[1176190265, -2008856548, -1, 44990, 0, 31409, 1088507880, -294490903, 9310, 0, -834185093, -1400536996, 36990, -2117500027, 29435, 0, 41250, -1090598262, 0, 1935409791, 34644, -983657900, -1658957089, -2105529889, 0, 0, 0, 0, 0, -2094673970, -1384822472, 0, 32798, -1207034938, 0, 25495, 35101, 0, 1778797078, -1754525160, -1389044354, 0, 0, -1408370525, -2101932025, 0, 0, -1497712331, -1760992340, -1615521492, 0, -1007004872, -1829292048, -1540730096, 0, -1718042402, -1914737719, -1553048366, -2130363375, 0, -1776511227, -974672654, 0, 39935, -1270835544, -1786628118, -1302790215, 1700927496, 43631, -1104709830, -1211083847, 10120, 2044805987, 0, -1176217996, -2111274749, -1778608442, 36801, 40639, 38569, -1530089278, -1761335969, -1654538551, 0, 0, 30574, 10490, 1020044782, 45805, 37475, 33339, 0, 33206, 34995, 1011453235, 0, 0, 0, 0],[0, 38421, 44990, -1, 0, -1955167500, 1486208358, 33164, 1172739894, 387334266, 30498, 0, 1625164082, 20629, -1815597057, -953140583, 588901583, -1217142719, 299903595, 116223262, 747923791, 1418794774, 20483, 0, 0, 32269, 25863, 0, 1265032663, 0, 0, 27141, 657286265, 0, -2133829134, 860016379, 1247675129, 28185, 922490863, 0, 0, 26289, 0, 21902, 0, 1091521165, 1077643722, 37690, 0, 0, -1666125291, 0, 408138982, 35464, 36331, 0, 33296, 22712, 0, 0, 46107, 17617, 34791, 398654003, 0, 40840, 0, 0, 1953009848, 27036, 0, 0, 0, 0, 29673, 18008, 17785, 1402901132, 101831424, 132006518, 21889, 31695, 0, 0, 43751, 0, 0, 0, 38041, 41908, 35420, 36924, 0, 21931, 1341067570, 0, 18059, 0, 29429],[0, 0, 0, 0, -1, 0, 19530, 28130, 0, 0, 0, 193821686, 0, 12859, 45073, 0, 21947, 0, 18387, 8458, 31374, 0, 36815, 26134, 42537, 0, 45853, 37661, 34374, 22354, 30473, 12558, 45612, 37329, 0, 35904, 25050, 0, 42364, 17066, 44684, 31539, 0, 31449, 23843, 45557, 19805, 0, 0, 0, 45416, 21523, 43374, 41581, 34474, 37339, 35447, 31260, 36028, 38446, 0, 34701, 45523, 42552, 0, 24033, 0, 0, 32300, 0, 28007, 0, 24954, 19216, 13418, 46132, 40580, 40943, 20607, 46304, 0, 35905, 45162, 30266, 26622, 25348, 0, 30941, 19454, 45715, 0, 0, 39008, 0, 0, 30173, 37762, 0, 0],[-2000151854, 1415049695, 31409, -1955167500, 0, -1, 0, 42680, -1091585711, 0, 20847, 0, 0, 40494, 0, -970180478, -1819934953, -622013064, -1645663770, 0, 0, 0, 3640, -1039827534, 0, 0, 2063931770, 1844515237, -1089212839, -759802716, 0, 756191726, 0, 28044, -726843411, -781606107, 37907, 17164, -1119309454, 1903073627, -32129471, 0, 0, 0, 0, 0, 1664821918, 46111, -2076999768, -2026389757, -697843980, 37305, 0, 40140, 10567, 29032, 16197, 16826, 0, 0, 44571, 32868, 1678476444, 0, 0, 0, 29355, 0, 44497, 45958, 11375, 1093178312, -1203136426, -999139234, 0, 0, 42497, 36358, 44015, 38855, 20246, 23950, 42689, 40225, 0, 0, 0, -1628963225, 0, 7718, 0, 2090911186, 0, 0, 18889, -1198517635, 26610, 34068, 1822884950],[0, 21758, 1088507880, 1486208358, 19530, 0, -1, 0, 6499, 0, 0, 28470, 0, 0, 0, -1078191498, 0, 0, 35498, 32236, 29134, 40774, 26672, 0, 904273532, 38200, 0, 6692, 0, -1571261437, 22207, 45737, 27604, 0, 0, 42306, 20754, 0, 0, 0, 0, 27424, -2097597825, 9413, 247103988, 40966, 7540, 37560, 1933111998, 277084265, 12292, 30907, 29741, 40591, 28270, 40676, 36093, 45645, 16652, 0, 18690, 43010, 0, 20091, 0, 32648, 36466, 1177456428, 35770, 0, 0, 45665, 0, 0, 31973, 10619, 46279, 0, 41397, 0, 0, 0, 31603, 1607497617, 43897, 0, 44888, 0, 27219, 21661, 32188, 38117, 1259512787, 2344, 23203, 1824415360, 0, 39362, 36555],[1695489011, -1383679775, -294490903, 33164, 28130, 42680, 0, -1, 0, 0, 0, 0, 27063, -1482289854, -1165144195, 0, 0, -1605430808, 0, 43220, 41275, 44703, 0, -471281177, 40933, -2059348251, -828340913, -488290921, 12007, 0, -2073893536, -706810718, 30512, -465902190, -585964009, 41241, 0, -1343602854, 0, -516344216, -1921902907, 0, -496443203, -1866582334, 36730, 0, 30448, -1120015850, 0, 21378, 0, -1713451490, 0, 0, 0, 0, -1666609588, 0, 0, -1124326118, -885095807, -630628346, -1633637889, 0, -1186655221, -1376946446, -1763218853, 28656, 29956, -459559199, -1579983506, 22312, 0, 0, 0, 0, -1183713338, 43980, 45889, 0, 0, -750628830, 0, 36833, -1284495780, -1855494199, -469775462, 0, -2036138879, -499110566, 0, 0, 39934, -1387096345, 17319, 0, -1978447097, -1208454181, 0],[0, 31274, 9310, 1172739894, 0, -1091585711, 6499, 0, -1, 0, 42957, 40571, 42474, 23686, -1728555652, 0, 17550, 0, 0, 0, 34032, 41328, 0, 1469110194, 0, 0, 0, 0, 26003, -2012760220, 35082, 0, 16474, 29700, 1367822533, 33981, 43154, 0, 0, 26835, -1903108979, 0, -1663863690, 0, 29114, 40200, 0, 31754, 0, 0, 11723, 6213, 35174, 30823, 30601, 0, 0, 33428, 31009, 31724, 34146, 0, 40499, 31635, 15577, 18217, 15899, 0, 18466, 12176, 36009, 33881, 1745907906, 1539107657, 0, 41250, 34400, 32205, 20848, 0, 39461, 37394, 21860, 0, 16201, 0, 0, 0, 40602, 24225, 22126, 44229, 36425, 41819, 0, 27261, 0, 0, 33415],[0, 43460, 0, 387334266, 0, 0, 0, 0, 0, -1, 0, 0, 0, 36265, -1696955312, 0, 0, -1307021608, 35079, 27563, 0, 32621, 41742, 34767, 32884, 41152, 0, 36341, 0, -1994845393, 34046, 0, 45048, 0, 13027, 0, 0, 0, 37819, 29092, -1374185516, 0, -1255063676, 0, 0, 0, 0, 44759, 30141, 29434, 0, 39925, 30680, 35999, 41354, 37671, 21902, 43130, 0, 0, 0, 20021, 35648, 0, 44647, 0, 37263, 0, 33263, 0, 0, 0, 15775, 0, 33858, 33903, 0, 44351, 20529, 0, 21658, 40514, 45945, 18504, 0, 36996, 25834, 1709066930, 0, 42144, 41197, 0, 15653, 35318, 10206, 21405, 31302, 28458, 0],[1455094218, -856284356, -834185093, 30498, 0, 20847, 0, 0, 42957, 0, -1, -889737299, 24643, 0, 32431, 5385, 0, 0, 0, 33715, 0, 42915, -1184610109, 0, 0, -1875385858, 0, -1978995406, 0, 36037, -1073388675, 0, 33188, -1001197306, 0, 11528, 45921, -456535614, 24348, -1258597244, 0, -2087213640, -1386563126, 0, 17279, 30996, 38646, 0, 34275, 40745, -1997145301, 0, 45771, -796438887, -1814933625, -1040452865, -1198900965, -952769427, -929114874, -814794847, 0, 0, -812427072, 39662, -2131905009, -1116865998, 0, 0, 38195, -775124509, -2071808700, 0, 33932, 45959, -1224521456, 0, 0, 38918, 35933, 23889, -956485638, 0, -1729784460, 0, -1007678134, 0, 0, 36364, -1084051353, -1549860872, -1697815317, -1174197850, 11772, -1068644275, 0, 19341, 33947, -951221768, -1252317230],[6464, 0, -1400536996, 0, 193821686, 0, 28470, 0, 40571, 0, -889737299, -1, 31347, 0, 38668, 0, 22146, 1990087706, 0, 0, 0, 38438, 1801499989, 0, 21717, 1582228999, 2061341605, 682126677, 35513, 38853, 0, 0, 36750, 0, 30234, 39423, 43261, 0, 41311, 82104192, 27214, 0, 27161, 0, 43804, 45347, 0, 1509930009, 21221, 25418, 13155, -1538388075, 17234, 948294040, 770955704, 1839152505, 0, 0, 28685, 21255, 35950, 0, 202381100, 11970, 12524, 1824638861, 31571, 30267, 36380, 0, 42983, 0, 25464, 31671, 45171, 0, 416581326, 0, 25095, 7397, 1440537132, 0, 1338726935, 26135, 40381, 9483, 0, 29803, 29958, 18567, 24591, 316897094, 27985, 0, 26469, 25098, 41260, 2040123964, 1529170861],[0, 0, 36990, 1625164082, 0, 0, 0, 27063, 42474, 0, 24643, 31347, -1, 32222, 0, 34472, 19021, 0, 28060, 35701, 15187, 0, 22433, 42326, 39846, 37563, 24112, 28436, 39854, 43822, 43030, 0, 0, 0, 41225, 30132, 43708, 33849, 0, 44116, 33627, 0, 0, 39004, 10073, 0, 0, 28485, 16315, 37978, 21360, 25250, 29816, 0, 0, 35718, 46292, 41395, 34715, 10300, 30122, 0, 44654, 16906, 0, 36501, 0, 34300, 41730, 15531, 0, 44971, 37775, 40923, 30802, 43076, 24487, 0, 23727, 0, 26537, 9397, 6883, 42248, 0, 39480, 0, 29115, 35786, 44088, 39771, 32573, 0, 43467, 30052, 43591, 0, 30772, 0],[35528, 0, -2117500027, 20629, 12859, 40494, 0, -1482289854, 23686, 36265, 0, 0, 32222, -1, 639950933, 38445, 16968, 1227623238, 42562, 39693, 33321, 20394, 0, 17261, 35126, 267095954, 40402, 0, 0, 0, 2003974687, 720459245, 0, 1600591295, 29144, 0, 39093, -2109447039, 34891, 38323, 0, 1362035973, 0, 134340716, 36627, 33283, 37393, 42609, 0, 25214, 40729, 0, 28390, 0, 0, 33774, 0, 440874793, 28566, 0, 0, 0, 31170, 0, 32159, 0, 0, 43017, 0, 470436058, 29675, 0, 37301, 44270, 0, 0, 21514, 46017, 45183, 22289, 0, 40925, 35960, 0, 25177, 0, 23967, 4723, 24765, 8999, 0, 0, 17663, 20610, 31034, 28963, 16291, 0, 42836],[-1918404334, 830726275, 29435, -1815597057, 45073, 0, 0, -1165144195, -1728555652, -1696955312, 32431, 38668, 0, 639950933, -1, 0, 1769632402, -746948590, 13030, 42168, 39944, 0, 32466, 0, 0, 42497, 40659, 0, 7001, -746192104, 33019, 0, 19134, 21271, 21938, 41198, 35837, 11399, 22907, 0, -2008478778, 17688, -357299197, 19174, 0, 37304, 31272, 29250, 31954, 40308, 24251, 19648, 37756, 0, 35914, 27361, 37516, 32719, 0, 0, 35562, 42339, 26716, 38460, 0, 18402, 0, 39917, 17818, 0, 15690, 29345, 43392, 41604, 13860, 0, 36630, 45213, 23312, 17542, 0, 0, 0, 35851, 43373, 27523, 17595, 40128, 44552, 44520, 0, 30467, 0, 19343, 0, 46284, 34878, 45020, 0],[-2113110340, 1312379699, 0, -953140583, 0, -970180478, -1078191498, 0, 0, 0, 5385, 0, 34472, 38445, 0, -1, 0, -396426591, -1419529164, -1546258881, 2088959994, 23671, 37715, 0, 20986, 34769, 45159, 24617, 40509, 0, 8685, 0, 30356, 0, 36252, 22004, 25121, 39766, 29968, 0, -110359147, 5411, 344851330, 33645, 0, 40650, 32925, 0, 35402, 7750, 44321, 0, 46196, 38420, 43947, 23855, 43712, 39015, 38069, 46190, 11815, 40514, 36992, 27083, 0, 0, 42161, 0, 0, 42123, 43824, 43755, 36536, 40025, 37751, 45825, 29494, 27968, 37882, 41236, 24487, 0, 0, 30506, 10959, 0, 0, 33137, 37241, 31872, 0, 23473, 0, 40196, 26945, 15190, 18077, 21066, 33571],[0, 29446, 41250, 588901583, 21947, -1819934953, 0, 0, 17550, 0, 0, 22146, 19021, 16968, 1769632402, 0, -1, -2099202324, 33500, 0, 34333, 38080, 31113, 0, 42119, 33932, 18297, 0, 42038, 0, 24203, 0, 29785, 27932, 0, 0, 41601, 44123, 31092, 33543, 0, 9651, 14417, 45425, 12813, 3951, 0, 0, 14147, 27804, 33763, 15830, 0, 35237, 25166, 0, 36935, 0, 18775, 0, 3602, 25219, 0, 35844, 32151, 37215, 27165, 24648, 19860, 32968, 34455, 24552, 11461, 37888, 6939, 37718, 0, 0, 42432, 0, 0, 0, 0, 35222, 16658, 29571, 13171, 0, 0, 24860, 37663, 40506, 16026, 35670, 33260, 9921, 23596, 0, 5408],[-1215078363, 1872794511, -1090598262, -1217142719, 0, -622013064, 0, -1605430808, 0, -1307021608, 0, 1990087706, 0, 1227623238, -746948590, -396426591, -2099202324, -1, 0, -1504632868, -386670451, -1829089514, 27208, 0, -278314735, 0, 0, 25594, -543847015, -39366682, 16815, 0, 4595, 42744, -495271822, -1465114697, 0, 0, 31313, 0, 843594949, 35506, 0, 37085, 0, 42078, 17489, 0, 0, 46066, 35774, 0, 29085, 0, 22428, 0, 0, 43237, 0, 0, 18288, 32483, 30568, 24768, 0, 41973, 0, 46113, 0, 30448, 32254, 15903, 0, 0, 0, 0, 37704, 31885, 13782, 13898, 21956, 31037, 16153, 0, 37985, 0, 0, 0, 0, 37153, 41213, 42987, 24462, 33911, 45976, 41008, 0, 0, 0],[0, 7865, 0, 299903595, 18387, -1645663770, 35498, 0, 0, 35079, 0, 0, 28060, 42562, 13030, -1419529164, 33500, 0, -1, 0, 0, 0, 45871, 41183, 0, 35173, 7497, 0, 26615, -731733094, 40759, 0, 0, 36096, 36683, 0, 25245, 0, 0, 0, 36001, 0, 38283, 0, 40730, 27402, 42031, 0, 33442, 31634, 0, 19940, 0, 33203, 38592, 12443, 0, 24569, 0, 0, 0, 27578, 18266, 0, 0, 27436, 0, 24480, 13977, 43870, 1967, 0, 0, 36635, 40517, 21994, 0, 0, 0, 42870, 15788, 28192, 46271, 43594, 0, 39221, 24726, 0, 31836, 0, 0, 0, 0, 0, 6583, 28058, 28611, 40877, 0],[0, 37832, 1935409791, 116223262, 8458, 0, 32236, 43220, 0, 27563, 33715, 0, 35701, 39693, 42168, -1546258881, 0, -1504632868, 0, -1, 41440, 37955, 26431, 28870, 21685, 45055, 0, 42466, 43499, -859352908, 0, 0, 729, 27832, 28379, 22422, 0, 21392, 27125, 0, 39964, 0, 24097, 30022, 35491, 0, 11165, 40371, 0, 42203, 41297, 0, 45719, 0, 25466, 18009, 32661, 0, 27194, 31740, 19287, 43008, 45218, 28783, 19847, 46145, 17128, 42015, 16851, 44039, 0, 14818, 17777, 25145, 41815, 0, 22883, 37242, 36389, 0, 28273, 42391, 0, 0, 0, 22235, 0, 0, 0, 0, 39008, 17883, 0, 40629, 32591, 0, 20802, 15975, 15781],[0, 23977, 34644, 747923791, 31374, 0, 29134, 41275, 34032, 0, 0, 0, 15187, 33321, 39944, 2088959994, 34333, -386670451, 0, 41440, -1, 0, 38666, 30681, 40663, 26234, 0, 0, 29866, -1098221146, 34757, 0, 0, 8357, 18785, 0, 0, 12490, 41681, 8492, 30141, 0, 0, 0, 0, 0, 0, 42794, 25069, 31883, 0, 23895, 39181, 37013, 0, 0, 0, 24678, 44070, 27063, 26855, 40945, 44085, 0, 37617, 26879, 0, 45437, 45371, 0, 8479, 44856, 0, 4939, 0, 29628, 0, 32514, 0, 0, 0, 28419, 0, 0, 25769, 42528, 0, 18400, 0, 35356, 0, 23252, 22171, 0, 0, 15937, 0, 30964, 0],[0, 26013, -983657900, 1418794774, 0, 0, 40774, 44703, 41328, 32621, 42915, 38438, 0, 20394, 0, 23671, 38080, -1829089514, 0, 37955, 0, -1, 0, 19918, 0, 19358, 0, 0, 42400, -1476279253, 25903, 36488, 34619, 8161, 34087, 42673, 19740, 14709, 44625, 41130, 0, 0, 5142, 39536, 0, 34098, 32400, 17875, 10062, 0, 39986, 26813, 0, 0, 30206, 24637, 17733, 0, 16958, 0, 29186, 0, 13633, 32787, 30017, 39389, 0, 0, 39231, 39393, 36237, 20197, 38575, 35616, 13039, 39499, 44035, 0, 36448, 44084, 36941, 42917, 0, 0, 13346, 0, 45254, 28921, 0, 42946, 41971, 10267, 0, 36922, 0, 35032, 46278, 34328, 0],[27552, 0, -1658957089, 20483, 36815, 3640, 26672, 0, 0, 41742, -1184610109, 1801499989, 22433, 0, 32466, 37715, 31113, 27208, 45871, 26431, 38666, 0, -1, 0, 23281, 32787, 0, 24117, 3037, 28217, 35922, 41583, 26634, 29121, 41846, 0, 0, -1437486291, 0, 9975, 0, 45714, 10009, 38062, 40385, 25332, 0, 0, 0, 0, 41863, 36269, 35789, 35042, 41215, 26281, -209171991, 21712, 46145, 42587, 0, 0, 0, 42192, 32349, 11906, 40098, 19243, 17334, 35690, 4780, 40763, 17529, 0, 0, 9077, 37613, 0, 36537, 0, 0, 0, 15526, 0, 27805, 0, 0, 0, 0, 0, 0, 30597, 32914, 8379, 0, 36036, 41874, 34271, 35127],[0, 13291, -2105529889, 0, 26134, -1039827534, 0, -471281177, 1469110194, 34767, 0, 0, 42326, 17261, 0, 0, 0, 0, 41183, 28870, 30681, 19918, 0, -1, 20026, 38995, 0, 0, 25938, -890848056, 37174, 22591, 40974, 36342, 14997, 0, 0, 41348, 0, 0, 10024, 41798, 25655, 0, 0, 20601, 40732, 40014, 27777, 35446, 0, 0, 0, 0, 0, 23503, 26278, 26802, 7473, 12755, 34413, 0, 0, 19856, 38078, 36564, 0, 34220, 11875, 0, 0, 29116, 0, 23569, 45228, 45586, 0, 0, 43113, 17419, 26920, 38713, 29598, 44025, 41090, 0, 42805, 42837, 38125, 0, 43593, 0, 8081, 0, 0, 22460, 42435, 14598, 0],[0, 44919, 0, 0, 42537, 0, 904273532, 40933, 0, 32884, 0, 21717, 39846, 35126, 0, 20986, 42119, -278314735, 0, 21685, 40663, 0, 23281, 20026, -1, 18209, 42711, 29975, 0, -1378498897, 0, 24629, 42477, 35094, 0, 25436, 0, 0, 0, 0, 0, 45432, 40208, 0, 35614, 41941, 0, 15700, 27339, 40396, 0, 0, 21175, 24463, 24118, 24236, 24704, 44987, 0, 10418, 21550, 42781, 28835, 0, 0, 0, 11460, 45062, 0, 35388, 19845, 8427, 0, 23330, 0, 0, 12732, 34565, 0, 16198, 31982, 22393, 42838, 28179, 45390, 42687, 0, 36139, 0, 0, 13393, 45266, 22163, 0, 0, 0, 0, 0, 0],[3866, 0, 0, 32269, 0, 0, 38200, -2059348251, 0, 41152, -1875385858, 1582228999, 37563, 267095954, 42497, 34769, 33932, 0, 35173, 45055, 26234, 19358, 32787, 38995, 18209, -1, 31157, 16365, 35879, 0, 0, 34298, 14628, 26493, 29737, 44831, 0, 0, 36418, 0, 19161, 23435, 44646, 43592, 29639, 29889, 0, 21874, 21978, 0, 0, 0, 8784, 32622, 38401, 40331, 35597, 16476, 44818, 33305, 0, 0, 26985, 28597, 42352, 0, 15946, 12393, 13278, 42723, 0, 0, 29085, 0, 33988, 42604, 23796, 43092, 21597, 46204, 14843, 3405, 43389, 25799, 35208, 33770, 12611, 16089, 19454, 44612, 44297, 36901, 35580, 12807, 37646, 0, 10842, 39283, 41998],[24420, 0, 0, 25863, 45853, 2063931770, 0, -828340913, 0, 0, 0, 2061341605, 24112, 40402, 40659, 45159, 18297, 0, 7497, 0, 0, 0, 0, 0, 42711, 31157, -1, 18224, 0, 29344, 0, 44314, 0, 42227, 29100, 0, 41431, 0, 0, 0, 27087, 32398, 44599, 38277, 21840, 40287, 36711, 0, 35690, 35304, 0, 24907, 12567, 34806, 27451, 10385, 31264, 29534, 0, 17702, 18347, 0, 38658, 0, 11206, 2981, 37824, 41502, 0, 21604, 39627, 42615, 0, 19973, 25290, 5167, 27777, 0, 26752, 0, 0, 17487, 40218, 0, 0, 44889, 0, 11256, 2381, 33073, 38568, 30245, 30722, 43123, 23985, 14375, 27132, 21412, 5924],[46257, 0, 0, 0, 37661, 1844515237, 6692, -488290921, 0, 36341, -1978995406, 682126677, 28436, 0, 0, 24617, 0, 25594, 0, 42466, 0, 0, 24117, 0, 29975, 16365, 18224, -1, 0, 41516, 0, 39582, 20810, 11153, 32150, 39755, 34076, -1650550641, 46208, 0, 29294, 46166, 24339, 38441, 0, 42395, 0, 17731, 35838, 0, 44530, 33885, 0, 28173, 30451, 23195, 0, 31168, 0, 36197, 0, 44641, 0, 0, 4261, 19457, 35655, 23658, 32287, 0, 33463, 27568, 0, 0, 0, 43505, 45750, 28673, 0, 40434, 0, 20044, 45132, 42902, 0, 43500, 43090, 42825, 0, 0, 25537, 41714, 0, 23199, 30186, 0, 29764, 14844, 0],[0, 17336, 0, 1265032663, 34374, -1089212839, 0, 12007, 26003, 0, 0, 35513, 39854, 0, 7001, 40509, 42038, -543847015, 26615, 43499, 29866, 42400, 3037, 25938, 0, 35879, 0, 0, -1, 0, 31061, 34868, 41646, 31039, 17820, 20386, 44992, 42799, 41070, 13978, 32944, 42047, 0, 0, 37286, 21195, 36408, 0, 0, 0, 24706, 0, 33554, 42088, 0, 0, 0, 31025, 24335, 32087, 25443, 0, 0, 0, 37808, 33063, 18797, 0, 0, 17385, 39328, 25688, 0, 25939, 43996, 17177, 0, 30700, 39739, 38253, 28094, 46247, 0, 31844, 0, 43149, 44903, 20733, 0, 36022, 26841, 0, 39028, 0, 18373, 40415, 0, 37659, 0],[-1968217142, 1454455741, -2094673970, 0, 22354, -759802716, -1571261437, 0, -2012760220, -1994845393, 36037, 38853, 43822, 0, -746192104, 0, 0, -39366682, -731733094, -859352908, -1098221146, -1476279253, 28217, -890848056, -1378498897, 0, 29344, 41516, 0, -1, 7555, 0, 32264, 18911, 0, 0, 0, 32130, -1542535205, 42142, -684767865, 42883, -335366540, 26172, 41698, 23922, 0, 0, 0, 0, 40932, 0, 0, 0, 0, 28364, 0, 33846, 27506, 46116, 0, 0, 39598, 7770, 27295, 0, 12893, 0, 0, 44831, 32619, 39679, 16446, 0, 44781, 20794, 32438, 20541, 20191, 12647, 3219, 0, 25450, 32832, 0, 0, 44102, 43898, 0, 41200, 0, 35279, 32630, 42295, 17975, 0, 35496, 27742, 0],[8596, 0, -1384822472, 0, 30473, 0, 22207, -2073893536, 35082, 34046, -1073388675, 0, 43030, 2003974687, 33019, 8685, 24203, 16815, 40759, 0, 34757, 25903, 35922, 37174, 0, 0, 0, 0, 31061, 7555, -1, 0, 0, 0, 0, 0, 32686, -1323850304, 33142, 0, 0, 41914, 43556, 0, 31764, 19767, 32279, 37392, 32039, 32927, 23668, 0, 12598, 31528, 0, 18861, 35605, 31248, 41228, 43456, 31757, 38979, 928, 0, 0, 0, 0, 36973, 0, 20681, 35764, 0, 33574, 0, 42782, 26458, 34900, 0, 25133, 35754, 9702, 0, 22406, 0, 0, 35254, 27292, 0, 0, 43640, 15507, 37719, 0, 19170, 25682, 26885, 10309, 0, 32437],[46271, 0, 0, 27141, 12558, 756191726, 45737, -706810718, 0, 0, 0, 0, 0, 720459245, 0, 0, 0, 0, 0, 0, 0, 36488, 41583, 22591, 24629, 34298, 44314, 39582, 34868, 0, 0, -1, 19489, 0, 0, 0, 20728, -1602355342, 14354, 0, 42062, 24662, 0, 28544, 0, 0, 41235, 0, 0, 45719, 17598, 0, 0, 0, 35625, 45723, 8556, 0, 0, 0, 17886, 33986, 0, 38506, 40183, 0, 28109, 0, 0, 0, 2692, 0, 36122, 40239, 41345, 24661, 0, 0, 0, 30021, 0, 38855, 27168, 20100, 40561, 0, 30011, 0, 45927, 39637, 0, 23435, 43517, 46046, 41878, 0, 25497, 37245, 32530],[0, 0, 32798, 657286265, 45612, 0, 27604, 30512, 16474, 45048, 33188, 36750, 0, 0, 19134, 30356, 29785, 4595, 0, 729, 0, 34619, 26634, 40974, 42477, 14628, 0, 20810, 41646, 32264, 0, 19489, -1, 40292, 18321, 37359, 34269, 35692, 0, 20382, 44214, 43839, 25424, 29307, 30218, 13971, 34073, 40341, 27500, 0, 18362, 0, 0, 34235, 28640, 0, 38358, 6056, 39209, 0, 46128, 0, 32151, 37841, 30979, 16525, 30715, 19947, 0, 27085, 22732, 0, 33292, 0, 0, 0, 18213, 8178, 24405, 24041, 26551, 45886, 43977, 43027, 13965, 0, 35254, 22224, 45705, 21534, 13518, 36694, 41925, 26149, 22871, 0, 43752, 42971, 0],[35367, 0, -1207034938, 0, 37329, 28044, 0, -465902190, 29700, 0, -1001197306, 0, 0, 1600591295, 21271, 0, 27932, 42744, 36096, 27832, 8357, 8161, 29121, 36342, 35094, 26493, 42227, 11153, 31039, 18911, 0, 0, 40292, -1, 31807, 34973, 12276, 28283, 44810, 31891, 40651, 30822, 19235, 39605, 32748, 0, 20610, 0, 0, 41368, 32856, 0, 0, 43797, 0, 17494, 43399, 16355, 45523, 0, 12627, 16429, 0, 33669, 22631, 16419, 32526, 0, 40455, 28043, 35654, 0, 35123, 34111, 0, 0, 37190, 44533, 43110, 20922, 11356, 31188, 31674, 14234, 0, 0, 40420, 41805, 0, 39633, 21530, 42029, 46184, 35142, 32352, 30788, 40615, 13679, 25256],[-1597483165, 678157646, 0, -2133829134, 0, -726843411, 0, -585964009, 1367822533, 13027, 0, 30234, 41225, 29144, 21938, 36252, 0, -495271822, 36683, 28379, 18785, 34087, 41846, 14997, 0, 29737, 29100, 32150, 17820, 0, 0, 0, 18321, 31807, -1, 46055, 23809, 36650, 41191, 27798, 0, 37590, 30163, 0, 43645, 25671, 36872, 44041, 44354, 0, 31918, 0, 44828, 41062, 0, 42069, 0, 32144, 0, 31309, 44199, 44583, 40897, 43468, 0, 32541, 0, 18193, 33919, 21331, 0, 0, 34774, 16982, 44794, 21234, 11714, 34654, 0, 32471, 0, 14603, 13258, 0, 0, 28561, 0, 29498, 20338, 0, 36626, 41932, 33546, 20362, 0, 29700, 45786, 0, 42391],[0, 12266, 25495, 860016379, 35904, -781606107, 42306, 41241, 33981, 0, 11528, 39423, 30132, 0, 41198, 22004, 0, -1465114697, 0, 22422, 0, 42673, 0, 0, 25436, 44831, 0, 39755, 20386, 0, 0, 0, 37359, 34973, 46055, -1, 0, 40524, 0, 15460, 30177, 14007, 18585, 37129, 10230, 39972, 17177, 43570, 36226, 43469, 20826, 0, 0, 0, 0, 31538, 12110, 0, 0, 0, 24019, 38261, 35545, 32196, 0, 0, 39175, 28383, 37969, 38636, 41317, 39049, 37247, 41845, 17671, 23644, 36920, 40216, 37612, 19302, 0, 34804, 45429, 0, 31179, 45358, 17495, 42490, 23838, 3696, 44171, 22564, 5375, 46310, 19411, 0, 18111, 0, 46216],[0, 0, 35101, 1247675129, 25050, 37907, 20754, 0, 43154, 0, 45921, 43261, 43708, 39093, 35837, 25121, 41601, 0, 25245, 0, 0, 19740, 0, 0, 0, 0, 41431, 34076, 44992, 0, 32686, 20728, 34269, 12276, 23809, 0, -1, 12226, 28124, 38593, 0, 0, 46170, 26897, 23706, 28598, 0, 17779, 0, 42106, 42385, 0, 26342, 0, 34842, 18279, 0, 0, 27335, 11533, 0, 0, 34430, 34975, 36297, 29260, 45707, 0, 40867, 0, 0, 0, 21068, 0, 32599, 44332, 31459, 32140, 30024, 0, 0, 0, 0, 17895, 15147, 21588, 10041, 0, 32614, 32500, 14906, 0, 36709, 42143, 0, 15727, 5646, 23265, 20062],[956156927, -1631367857, 0, 28185, 0, 17164, 0, -1343602854, 0, 0, -456535614, 0, 33849, -2109447039, 11399, 39766, 44123, 0, 0, 21392, 12490, 14709, -1437486291, 41348, 0, 0, 0, -1650550641, 42799, 32130, -1323850304, -1602355342, 35692, 28283, 36650, 40524, 12226, -1, 29917, 34068, 4961, 0, 0, 0, 16354, 32715, 0, 0, 42929, 18690, 32691, 20306, 7984, 39291, 8879, 43476, 0, 0, 0, 45387, 0, 17773, 0, 43000, 18970, 0, 45299, 45832, 30347, 19191, 31152, 0, 40062, 0, 10796, 45840, 23604, 42148, 43384, 30217, 31790, 45145, 11948, 0, 42633, 40121, 34400, 30874, 0, 0, 36580, 25147, 3402, 0, 0, 14184, 0, 22986, 0],[0, 27068, 1778797078, 922490863, 42364, -1119309454, 0, 0, 0, 37819, 24348, 41311, 0, 34891, 22907, 29968, 31092, 31313, 0, 27125, 41681, 44625, 0, 0, 0, 36418, 0, 46208, 41070, -1542535205, 33142, 14354, 0, 44810, 41191, 0, 28124, 29917, -1, 37426, 33346, 0, 0, 23356, 42073, 28662, 0, 41715, 0, 0, 40561, 0, 38844, 17566, 32116, 35071, 25001, 45452, 30327, 18984, 46161, 0, 41672, 37497, 0, 0, 30267, 25136, 0, 0, 24180, 39022, 0, 28664, 0, 36304, 32687, 16859, 30089, 34946, 0, 33886, 33839, 0, 30210, 0, 39280, 29724, 28608, 22597, 11518, 27773, 0, 42528, 42704, 0, 37926, 32416, 42350],[41326, 0, -1754525160, 0, 17066, 1903073627, 0, -516344216, 26835, 29092, -1258597244, 82104192, 44116, 38323, 0, 0, 33543, 0, 0, 0, 8492, 41130, 9975, 0, 0, 0, 0, 0, 13978, 42142, 0, 0, 20382, 31891, 27798, 15460, 38593, 34068, 37426, -1, 0, 0, 41672, 34992, 43421, 36402, 0, 0, 33743, 0, 0, 44234, 45984, 33406, 23933, 30730, 33493, 0, 13224, 32581, 4594, 0, 37407, 44516, 33220, 14087, 0, 38982, 0, 24814, 36282, 10751, 41428, 0, 41878, 46202, 38874, 19370, 32168, 13318, 33486, 39668, 0, 0, 11842, 0, 14253, 23500, 28322, 11939, 32667, 41944, 32162, 0, 42861, 30586, 33448, 11507, 0],[-1113010610, 1366670355, -1389044354, 0, 44684, -32129471, 0, -1921902907, -1903108979, -1374185516, 0, 27214, 33627, 0, -2008478778, -110359147, 0, 843594949, 36001, 39964, 30141, 0, 0, 10024, 0, 19161, 27087, 29294, 32944, -684767865, 0, 42062, 44214, 40651, 0, 30177, 0, 4961, 33346, 0, -1, 0, 0, 40939, 30075, 0, 27523, 36430, 38778, 0, 31043, 0, 0, 45928, 14498, 35378, 29198, 46116, 24227, 6868, 26505, 0, 33129, 0, 35205, 0, 0, 0, 22913, 0, 0, 33030, 0, 44421, 37309, 38377, 40268, 32546, 0, 42595, 0, 0, 0, 18718, 5472, 0, 0, 0, 19824, 0, 16264, 37921, 18800, 0, 8695, 39155, 23804, 42572, 23770],[17901, 0, 0, 26289, 31539, 0, 27424, 0, 0, 0, -2087213640, 0, 0, 1362035973, 17688, 5411, 9651, 35506, 0, 0, 0, 0, 45714, 41798, 45432, 23435, 32398, 46166, 42047, 42883, 41914, 24662, 43839, 30822, 37590, 14007, 0, 0, 0, 0, 0, -1, 0, 0, 26869, 44386, 36347, 38226, 37846, 0, 0, 0, 30638, 0, 35507, 34603, 39610, 25214, 14284, 0, 0, 15467, 36715, 21009, 20503, 40405, 30480, 41317, 8281, 0, 0, 0, 0, 26022, 23941, 0, 0, 0, 32291, 0, 20016, 0, 34365, 0, 33406, 0, 32744, 0, 39636, 0, 29633, 44832, 35776, 34451, 0, 24635, 36142, 0, 20940],[-663690034, 1649111634, 0, 0, 0, 0, -2097597825, -496443203, -1663863690, -1255063676, -1386563126, 27161, 0, 0, -357299197, 344851330, 14417, 0, 38283, 24097, 0, 5142, 10009, 25655, 40208, 44646, 44599, 24339, 0, -335366540, 43556, 0, 25424, 19235, 30163, 18585, 46170, 0, 0, 41672, 0, 0, -1, 0, 20444, 40303, 30164, 39284, 0, 0, 17552, 0, 0, 20691, 32978, 41414, 16129, 0, 0, 0, 40254, 38745, 0, 43831, 0, 0, 40531, 21127, 24539, 28091, 38067, 6709, 0, 0, 19140, 25842, 20753, 0, 42056, 37498, 33976, 0, 28735, 11485, 38852, 39191, 0, 43450, 41088, 0, 0, 15193, 25948, 36025, 24158, 0, 0, 0, 35820],[42507, 0, -1408370525, 21902, 31449, 0, 9413, -1866582334, 0, 0, 0, 0, 39004, 134340716, 19174, 33645, 45425, 37085, 0, 30022, 0, 39536, 38062, 0, 0, 43592, 38277, 38441, 0, 26172, 0, 28544, 29307, 39605, 0, 37129, 26897, 0, 23356, 34992, 40939, 0, 0, -1, 0, 0, 17590, 9441, 0, 23868, 0, 16083, 0, 45308, 12050, 18245, 39961, 39389, 39745, 0, 40913, 42560, 43219, 0, 0, 0, 28164, 28320, 28876, 36024, 43408, 0, 0, 28433, 0, 36522, 0, 0, 21062, 38932, 33418, 45369, 0, 31818, 0, 0, 45575, 0, 0, 0, 0, 0, 12415, 24138, 28528, 35704, 0, 28903, 20249],[0, 28844, -2101932025, 0, 23843, 0, 247103988, 36730, 29114, 0, 17279, 43804, 10073, 36627, 0, 0, 12813, 0, 40730, 35491, 0, 0, 40385, 0, 35614, 29639, 21840, 0, 37286, 41698, 31764, 0, 30218, 32748, 43645, 10230, 23706, 16354, 42073, 43421, 30075, 26869, 20444, 0, -1, 0, 27880, 25501, 0, 0, 26194, 35047, 0, 0, 35655, 41859, 0, 0, 0, 26091, 19184, 23037, 0, 39479, 0, 20874, 0, 46305, 44525, 34778, 0, 25584, 39655, 19149, 43277, 0, 0, 0, 44867, 26900, 0, 42072, 0, 24397, 0, 45014, 34719, 22459, 8281, 40557, 30347, 33467, 12554, 0, 0, 0, 41758, 28793, 40059],[0, 45375, 0, 1091521165, 45557, 0, 40966, 0, 40200, 0, 30996, 45347, 0, 33283, 37304, 40650, 3951, 42078, 27402, 0, 0, 34098, 25332, 20601, 41941, 29889, 40287, 42395, 21195, 23922, 19767, 0, 13971, 0, 25671, 39972, 28598, 32715, 28662, 36402, 0, 44386, 40303, 0, 0, -1, 33427, 0, 25685, 36130, 37009, 39898, 0, 27122, 45901, 0, 0, 21923, 21636, 32453, 45587, 0, 0, 21709, 44737, 39738, 37985, 36570, 18767, 14301, 0, 41152, 0, 8457, 32582, 29754, 0, 46040, 0, 7405, 40793, 24839, 31289, 28922, 44489, 0, 0, 11837, 46118, 12980, 34260, 23698, 0, 24128, 9989, 0, 0, 0, 40976],[0, 24701, 0, 1077643722, 19805, 1664821918, 7540, 30448, 0, 0, 38646, 0, 0, 37393, 31272, 32925, 0, 17489, 42031, 11165, 0, 32400, 0, 40732, 0, 0, 36711, 0, 36408, 0, 32279, 41235, 34073, 20610, 36872, 17177, 0, 0, 0, 0, 27523, 36347, 30164, 17590, 27880, 33427, -1, 35220, 0, 0, 0, 0, 38792, 0, 44170, 0, 24342, 45712, 32424, 0, 0, 37662, 39645, 20674, 32236, 0, 10693, 42236, 0, 38880, 0, 0, 41820, 40330, 0, 0, 23997, 27369, 11015, 45973, 36358, 15786, 45971, 39311, 38480, 0, 36034, 13444, 38455, 0, 43272, 0, 35558, 32765, 32540, 42490, 0, 34792, 23711],[42183, 0, -1497712331, 37690, 0, 46111, 37560, -1120015850, 31754, 44759, 0, 1509930009, 28485, 42609, 29250, 0, 0, 0, 0, 40371, 42794, 17875, 0, 40014, 15700, 21874, 0, 17731, 0, 0, 37392, 0, 40341, 0, 44041, 43570, 17779, 0, 41715, 0, 36430, 38226, 39284, 9441, 25501, 0, 35220, -1, 28651, 28032, 10940, 14061, 24069, 42973, 44528, 0, 45128, 17530, 0, 44633, 9480, 0, 0, 8351, 26609, 0, 7315, 38709, 0, 21270, 46336, 29734, 0, 36278, 22577, 25716, 35034, 32188, 0, 34212, 34737, 37206, 41819, 39974, 44676, 36499, 0, 0, 0, 44344, 0, 38722, 39125, 0, 0, 8843, 35635, 45605, 0],[0, 21236, -1760992340, 0, 0, -2076999768, 1933111998, 0, 0, 30141, 34275, 21221, 16315, 0, 31954, 35402, 14147, 0, 33442, 0, 25069, 10062, 0, 27777, 27339, 21978, 35690, 35838, 0, 0, 32039, 0, 27500, 0, 44354, 36226, 0, 42929, 0, 33743, 38778, 37846, 0, 0, 0, 25685, 0, 28651, -1, 20880, 0, 19386, 39870, 0, 40297, 17287, 25200, 0, 0, 0, 43128, 14152, 34904, 42331, 0, 32383, 40477, 0, 44649, 0, 0, 41184, 0, 2767, 0, 45287, 28290, 27524, 8487, 42694, 0, 0, 7505, 0, 23538, 0, 0, 0, 36679, 43453, 17186, 0, 11269, 0, 17190, 32567, 18616, 0, 8678],[0, 41277, -1615521492, 0, 0, -2026389757, 277084265, 21378, 0, 29434, 40745, 25418, 37978, 25214, 40308, 7750, 27804, 46066, 31634, 42203, 31883, 0, 0, 35446, 40396, 0, 35304, 0, 0, 0, 32927, 45719, 0, 41368, 0, 43469, 42106, 18690, 0, 0, 0, 0, 0, 23868, 0, 36130, 0, 28032, 20880, -1, 0, 34934, 23749, 15831, 0, 30980, 45905, 0, 0, 18750, 25535, 26118, 30642, 32564, 42083, 35686, 43297, 22918, 0, 25590, 0, 43967, 45267, 0, 0, 0, 40146, 18772, 0, 18447, 36860, 8091, 32362, 41239, 44914, 35759, 0, 0, 41927, 0, 0, 19990, 29913, 31225, 45319, 0, 41655, 39314, 34132],[-665036012, 1530016795, 0, -1666125291, 45416, -697843980, 12292, 0, 11723, 0, -1997145301, 13155, 21360, 40729, 24251, 44321, 33763, 35774, 0, 41297, 0, 39986, 41863, 0, 0, 0, 0, 44530, 24706, 40932, 23668, 17598, 18362, 32856, 31918, 20826, 42385, 32691, 40561, 0, 31043, 0, 17552, 0, 26194, 37009, 0, 10940, 0, 0, -1, 45280, 0, 15537, 0, 21127, 0, 42721, 0, 40594, 34970, 32921, 0, 9932, 45270, 44998, 26310, 0, 27887, 43280, 26866, 25062, 39534, 0, 37079, 0, 24381, 42248, 42830, 44098, 26112, 18146, 0, 20242, 30350, 12611, 25185, 0, 32359, 28985, 42416, 0, 32412, 14780, 28804, 0, 30038, 23556, 14254],[1585802761, -713008350, -1007004872, 0, 21523, 37305, 30907, -1713451490, 6213, 39925, 0, -1538388075, 25250, 0, 19648, 0, 15830, 0, 19940, 0, 23895, 26813, 36269, 0, 0, 0, 24907, 33885, 0, 0, 0, 0, 0, 0, 0, 0, 0, 20306, 0, 44234, 0, 0, 0, 16083, 35047, 39898, 0, 14061, 19386, 34934, 45280, -1, 0, 30300, 41520, 0, 19747, 26607, 14680, 0, 0, 21980, 0, 0, 38493, 45588, 0, 35456, 0, 0, 39137, 0, 0, 26520, 0, 0, 32773, 29828, 22140, 30606, 0, 0, 42894, 42041, 0, 9949, 25040, 37514, 40734, 43848, 18808, 26679, 31848, 38841, 0, 31454, 0, 0, 0],[0, 40760, -1829292048, 408138982, 43374, 0, 29741, 0, 35174, 30680, 45771, 17234, 29816, 28390, 37756, 46196, 0, 29085, 0, 45719, 39181, 0, 35789, 0, 21175, 8784, 12567, 0, 33554, 0, 12598, 0, 0, 0, 44828, 0, 26342, 7984, 38844, 45984, 0, 30638, 0, 0, 0, 0, 38792, 24069, 39870, 23749, 0, 0, -1, 0, 0, 40959, 42057, 26577, 0, 37414, 30026, 0, 28074, 6052, 19663, 25676, 9591, 21737, 30680, 31803, 44909, 45703, 0, 44355, 0, 15499, 0, 0, 9476, 44867, 0, 23898, 31902, 37181, 42224, 0, 31226, 24876, 41700, 26157, 38485, 0, 0, 0, 36793, 0, 0, 0, 33308],[37331, 0, -1540730096, 35464, 41581, 40140, 40591, 0, 30823, 35999, -796438887, 948294040, 0, 0, 0, 38420, 35237, 0, 33203, 0, 37013, 0, 35042, 0, 24463, 32622, 34806, 28173, 42088, 0, 31528, 0, 34235, 43797, 41062, 0, 0, 39291, 17566, 33406, 45928, 0, 20691, 45308, 0, 27122, 0, 42973, 0, 15831, 15537, 30300, 0, -1, 0, 0, 41621, 37500, 0, 0, 41531, 16530, 43825, 0, 0, 15587, 32569, 9071, 20874, 23580, 28981, 33082, 42394, 10278, 9989, 46133, 0, 31845, 8795, 22515, 0, 30368, 20255, 43259, 33985, 0, 0, 0, 0, 35930, 0, 0, 0, 0, 42260, 0, 35012, 17569, 14303],[409031991, -1874505408, 0, 36331, 34474, 10567, 28270, 0, 30601, 41354, -1814933625, 770955704, 0, 0, 35914, 43947, 25166, 22428, 38592, 25466, 0, 30206, 41215, 0, 24118, 38401, 27451, 30451, 0, 0, 0, 35625, 28640, 0, 0, 0, 34842, 8879, 32116, 23933, 14498, 35507, 32978, 12050, 35655, 45901, 44170, 44528, 40297, 0, 0, 41520, 0, 0, -1, 0, 0, 9362, 44201, 10417, 24636, 27159, 28503, 41152, 46301, 34876, 0, 37599, 41902, 0, 0, 44048, 35436, 36811, 30166, 18867, 33346, 39766, 42593, 21811, 0, 41956, 27220, 37291, 0, 9934, 34395, 23135, 38638, 0, 0, 40823, 0, 0, 29054, 38672, 46109, 29053, 0],[32768, 0, -1718042402, 0, 37339, 29032, 40676, 0, 0, 37671, -1040452865, 1839152505, 35718, 33774, 27361, 23855, 0, 0, 12443, 18009, 0, 24637, 26281, 23503, 24236, 40331, 10385, 23195, 0, 28364, 18861, 45723, 0, 17494, 42069, 31538, 18279, 43476, 35071, 30730, 35378, 34603, 41414, 18245, 41859, 0, 0, 0, 17287, 30980, 21127, 0, 40959, 0, 0, -1, 0, 43627, 42669, 27408, 42297, 42133, 45374, 15046, 23650, 28706, 24448, 38047, 0, 39500, 0, 0, 0, 7450, 0, 26430, 0, 8342, 0, 35326, 43739, 0, 29289, 0, 17021, 26837, 42619, 37762, 0, 11957, 25783, 44559, 30036, 13292, 42119, 22741, 29059, 0, 35178],[2062619316, -1065281322, -1914737719, 33296, 35447, 16197, 36093, -1666609588, 0, 21902, -1198900965, 0, 46292, 0, 37516, 43712, 36935, 0, 0, 32661, 0, 17733, -209171991, 26278, 24704, 35597, 31264, 0, 0, 0, 35605, 8556, 38358, 43399, 0, 12110, 0, 0, 25001, 33493, 29198, 39610, 16129, 39961, 0, 0, 24342, 45128, 25200, 45905, 0, 19747, 42057, 41621, 0, 0, -1, 37241, 25932, 35028, 0, 33818, 23726, 40140, 32236, 45687, 27225, 35097, 0, 7373, 17234, 18273, 0, 42287, 0, 18129, 23690, 0, 20542, 41155, 23963, 0, 11470, 27431, 0, 14984, 43776, 29844, 39223, 37047, 30628, 0, 45847, 12011, 18823, 42037, 0, 0, 44661],[30668, 0, -1553048366, 22712, 31260, 16826, 45645, 0, 33428, 43130, -952769427, 0, 41395, 440874793, 32719, 39015, 0, 43237, 24569, 0, 24678, 0, 21712, 26802, 44987, 16476, 29534, 31168, 31025, 33846, 31248, 0, 6056, 16355, 32144, 0, 0, 0, 45452, 0, 46116, 25214, 0, 39389, 0, 21923, 45712, 17530, 0, 0, 42721, 26607, 26577, 37500, 9362, 43627, 37241, -1, 35110, 43852, 38018, 42200, 30315, 7824, 25857, 28594, 9946, 25948, 0, 9384, 30830, 0, 33677, 44841, 0, 41389, 0, 0, 0, 37886, 23415, 22726, 0, 0, 39383, 42821, 24751, 38699, 39562, 26961, 45585, 0, 0, 0, 0, 0, 0, 0, 0],[30076, 1052351517, -2130363375, 0, 36028, 0, 16652, 0, 31009, 0, -929114874, 28685, 34715, 28566, 0, 38069, 18775, 0, 0, 27194, 44070, 16958, 46145, 7473, 0, 44818, 0, 0, 24335, 27506, 41228, 0, 39209, 45523, 0, 0, 27335, 0, 30327, 13224, 24227, 14284, 0, 39745, 0, 21636, 32424, 0, 0, 0, 0, 14680, 0, 0, 44201, 42669, 25932, 35110, -1, 0, 5068, 0, 0, 34992, 23904, 0, 0, 0, 41160, 39130, 36860, 44252, 32187, 0, 0, 30588, 26264, 43867, 34123, 29699, 8705, 0, 16024, 33424, 17428, 0, 13388, 40239, 29520, 17828, 44839, 21095, 30585, 39109, 21476, 25845, 32356, 7647, 44074],[44632, 103619631, 0, 0, 38446, 0, 0, -1124326118, 31724, 0, -814794847, 21255, 10300, 0, 0, 46190, 0, 0, 0, 31740, 27063, 0, 42587, 12755, 10418, 33305, 17702, 36197, 32087, 46116, 43456, 0, 0, 0, 31309, 0, 11533, 45387, 18984, 32581, 6868, 0, 0, 0, 26091, 32453, 0, 44633, 0, 18750, 40594, 0, 37414, 0, 10417, 27408, 35028, 43852, 0, -1, 0, 45915, 39163, 42413, 37583, 18312, 0, 40734, 0, 18941, 0, 0, 0, 5292, 23754, 28333, 35466, 22838, 19402, 0, 0, 32562, 37974, 0, 43310, 37659, 42849, 23273, 43533, 27402, 37356, 34380, 37211, 41541, 0, 0, 0, 30158, 20844],[17046, 1150691959, -1776511227, 46107, 0, 44571, 18690, -885095807, 34146, 0, 0, 35950, 30122, 0, 35562, 11815, 3602, 18288, 0, 19287, 26855, 29186, 0, 34413, 21550, 0, 18347, 0, 25443, 0, 31757, 17886, 46128, 12627, 44199, 24019, 0, 0, 46161, 4594, 26505, 0, 40254, 40913, 19184, 45587, 0, 9480, 43128, 25535, 34970, 0, 30026, 41531, 24636, 42297, 0, 38018, 5068, 0, -1, 0, 36873, 0, 43102, 26073, 13542, 34034, 33120, 41268, 16049, 21092, 0, 17479, 24932, 11364, 40704, 20696, 0, 0, 7171, 22419, 10996, 0, 38663, 12028, 7857, 41828, 0, 37563, 17850, 44270, 33128, 26582, 21507, 0, 38461, 31039, 9532],[34084, 61918484, -974672654, 17617, 34701, 32868, 43010, -630628346, 0, 20021, 0, 0, 0, 0, 42339, 40514, 25219, 32483, 27578, 43008, 40945, 0, 0, 0, 42781, 0, 0, 44641, 0, 0, 38979, 33986, 0, 16429, 44583, 38261, 0, 17773, 0, 0, 0, 15467, 38745, 42560, 23037, 0, 37662, 0, 14152, 26118, 32921, 21980, 0, 16530, 27159, 42133, 33818, 42200, 0, 45915, 0, -1, 17360, 0, 30757, 0, 24834, 41622, 45339, 39961, 0, 0, 40017, 0, 0, 0, 44630, 38906, 41944, 45890, 21872, 31317, 35066, 0, 0, 38578, 31710, 0, 0, 41597, 0, 26546, 27430, 40739, 29979, 20849, 35885, 0, 46334],[33545, 0, 0, 34791, 45523, 1678476444, 0, -1633637889, 40499, 35648, -812427072, 202381100, 44654, 31170, 26716, 36992, 0, 30568, 18266, 45218, 44085, 13633, 0, 0, 28835, 26985, 38658, 0, 0, 39598, 928, 0, 32151, 0, 40897, 35545, 34430, 0, 41672, 37407, 33129, 36715, 0, 43219, 0, 0, 39645, 0, 34904, 30642, 0, 0, 28074, 43825, 28503, 45374, 23726, 30315, 0, 39163, 36873, 17360, -1, 14566, 0, 0, 37407, 43366, 0, 37705, 38019, 10613, 38052, 0, 41640, 0, 20511, 0, 0, 30253, 34758, 34869, 13129, 21501, 36965, 30067, 42162, 41975, 38866, 36107, 30096, 19002, 0, 28437, 39123, 19106, 0, 12440, 19072],[0, 0, 39935, 398654003, 42552, 0, 20091, 0, 31635, 0, 39662, 11970, 16906, 0, 38460, 27083, 35844, 24768, 0, 28783, 0, 32787, 42192, 19856, 0, 28597, 0, 0, 0, 7770, 0, 38506, 37841, 33669, 43468, 32196, 34975, 43000, 37497, 44516, 0, 21009, 43831, 0, 39479, 21709, 20674, 8351, 42331, 32564, 9932, 0, 6052, 0, 41152, 15046, 40140, 7824, 34992, 42413, 0, 0, 14566, -1, 0, 35816, 34306, 0, 34428, 0, 31374, 40084, 0, 37678, 0, 27788, 24301, 23482, 41619, 26779, 46177, 0, 0, 0, 42320, 33604, 0, 0, 0, 0, 0, 0, 24630, 42022, 27965, 15445, 45281, 0, 10910],[43512, 1852085703, -1270835544, 0, 0, 0, 0, -1186655221, 15577, 44647, -2131905009, 12524, 0, 32159, 0, 0, 32151, 0, 0, 19847, 37617, 30017, 32349, 38078, 0, 42352, 11206, 4261, 37808, 27295, 0, 40183, 30979, 22631, 0, 0, 36297, 18970, 0, 33220, 35205, 20503, 0, 0, 0, 44737, 32236, 26609, 0, 42083, 45270, 38493, 19663, 0, 46301, 23650, 32236, 25857, 23904, 37583, 43102, 30757, 0, 0, -1, 41901, 16075, 0, 45229, 33815, 23904, 0, 20276, 0, 0, 0, 29651, 0, 0, 16533, 23901, 44215, 40894, 28563, 0, 0, 22078, 32891, 0, 46310, 38898, 41295, 34557, 0, 40899, 31132, 0, 0, 41166],[37157, 0, -1786628118, 40840, 24033, 0, 32648, -1376946446, 18217, 0, -1116865998, 1824638861, 36501, 0, 18402, 0, 37215, 41973, 27436, 46145, 26879, 39389, 11906, 36564, 0, 0, 2981, 19457, 33063, 0, 0, 0, 16525, 16419, 32541, 0, 29260, 0, 0, 14087, 0, 40405, 0, 0, 20874, 39738, 0, 0, 32383, 35686, 44998, 45588, 25676, 15587, 34876, 28706, 45687, 28594, 0, 18312, 26073, 0, 0, 35816, 41901, -1, 43605, 23108, 29574, 28115, 31524, 0, 0, 0, 7747, 36544, 0, 37371, 39737, 8567, 36716, 24200, 13809, 39438, 32178, 41532, 0, 45845, 44369, 37496, 43542, 28507, 0, 0, 0, 41291, 0, 22208, 36842],[26869, 1353038098, -1302790215, 0, 0, 29355, 36466, -1763218853, 15899, 37263, 0, 31571, 0, 0, 0, 42161, 27165, 0, 0, 17128, 0, 0, 40098, 0, 11460, 15946, 37824, 35655, 18797, 12893, 0, 28109, 30715, 32526, 0, 39175, 45707, 45299, 30267, 0, 0, 30480, 40531, 28164, 0, 37985,