54
[[-1, 1324419582, 1809797741, 79837415, 0, 1751457133, 586633294, 0, 0, 1482469967, 0, 0, 559233403, 0, 2038424173, 902996959, 1066074795, 1082680346, 785627800, 502327026, 971083925, 993985823, 560529894, 2067043413, 169449041, 79915991, 0, 1867966593, 1388295400, 0, 0, 321905708, 1719411745, 0, 1307322512, 635195651, 1887660646, 1335180362, 862319257, 0, 1804796691, 498902206, 641589095, 996645330, 623216642, 832645570, 1236901460, 105864957, 149446968, 0, 2104487777, 0, 1479275333, 793694917],[1324419582, -1, 703485947, 0, 1775352136, 182554555, 0, 479517081, 1394039005, 2010085075, 765600169, 0, 1689179007, 504768616, 3436998, 0, 0, 651193816, 1642252759, 609431881, 709381440, 968953816, 266046526, 1236667873, 1093448558, 0, 1773759222, 840091804, 574028216, 0, 255842187, 0, 1247577419, 425243097, 1299654743, 1271056558, 1200592490, 1131205119, 1377250789, 1178571072, 1018248987, 1638784965, 1753520867, 0, 1713755813, 1385730497, 1149270802, 0, 0, 906640717, 0, 554414540, 0, 0],[1809797741, 703485947, -1, 214790878, 0, 0, 1328989585, 884276413, 1539451153, 0, 1584481185, 0, 44522582, 884795408, 324835579, 1591943544, 814481850, 1888937879, 1623518348, 1615982115, 474635498, 634596175, 947076454, 42848097, 0, 2053221622, 179189656, 2105579151, 1712707339, 1452152115, 1994767379, 0, 0, 1454889114, 927818762, 1053653727, 0, 2050965972, 1393534949, 982937985, 1110468401, 0, 331217149, 1422217759, 0, 0, 0, 2012449968, 2103290213, 931516565, 1208335644, 0, 302716544, 45289437],[79837415, 0, 214790878, -1, 0, 0, 772364158, 562884340, 0, 2077318823, 0, 0, 0, 1279509824, 232895319, 614394593, 1847242459, 1492635231, 530292396, 0, 1913306903, 953163860, 958030237, 1401754418, 1383650496, 1853102269, 2115858609, 1712659233, 1510630159, 2016919454, 602575797, 1544820605, 1419651400, 1678405573, 0, 1840434590, 897382345, 0, 1822016067, 200398324, 0, 0, 0, 0, 273832989, 0, 2042994993, 1422721183, 1560274646, 876013727, 1977525259, 561829794, 1210408388, 1681924100],[0, 1775352136, 0, 0, -1, 0, 1930256197, 1117781526, 0, 899627873, 509505861, 1027732678, 0, 0, 1043160528, 876621971, 0, 44945869, 2105525280, 2079131786, 1515922122, 0, 213980077, 228315447, 918054632, 689678314, 1819265039, 937109367, 1170281468, 0, 2083134764, 1039509294, 49556459, 1743702104, 0, 896772978, 1970279595, 1992600369, 1545629988, 1495871691, 1133410082, 921258944, 1889381120, 1836251278, 588869862, 214023279, 363705270, 243329820, 0, 1084727739, 0, 1379948586, 777262941, 1631352742],[1751457133, 182554555, 0, 0, 0, -1, 820671967, 133484419, 56196855, 0, 398002538, 0, 1454992866, 256238612, 252692294, 1784554812, 328145259, 524019639, 2014257475, 1988462771, 53620096, 428823317, 330403222, 383440189, 0, 1786374635, 520393624, 1291825788, 0, 345719266, 1685467025, 323483934, 502957740, 1715329531, 699197755, 1906349016, 642501882, 1311933592, 1635562288, 0, 1281580965, 52642475, 1757397720, 139310116, 1523907910, 2077398819, 700754208, 1728332771, 270848969, 819890736, 0, 0, 168183830, 504633828],[586633294, 0, 1328989585, 772364158, 1930256197, 820671967, -1, 1260192250, 807054756, 233036581, 0, 0, 777019588, 1171673001, 736554502, 0, 0, 165484983, 260212583, 0, 719034171, 0, 1662028559, 0, 0, 1105984039, 1273578243, 2019413588, 0, 169738338, 0, 0, 0, 1818673664, 0, 1020186926, 234006645, 2060076937, 0, 0, 1141202797, 1290000516, 1037832060, 0, 984710284, 1884378288, 0, 0, 0, 0, 1011165789, 1038999287, 840059695, 1073643041],[0, 479517081, 884276413, 562884340, 1117781526, 133484419, 1260192250, -1, 0, 1807237615, 504938012, 732957499, 0, 2110931867, 1630890660, 1315061800, 884124259, 2142244743, 1290664806, 1779040477, 0, 1216136083, 0, 1221278495, 1217635828, 1836754741, 234481905, 1729817033, 1812587577, 0, 1979240448, 0, 809942442, 98469403, 1744748241, 1548036376, 1700610766, 1539726257, 1102912521, 611413390, 1374947226, 1947171193, 643789299, 0, 610871806, 164889729, 957524909, 491323359, 2142668499, 0, 308009039, 649924216, 0, 0],[0, 1394039005, 1539451153, 0, 0, 56196855, 807054756, 0, -1, 0, 698620169, 1195985657, 0, 0, 870288132, 1273800948, 0, 822779618, 0, 0, 786374043, 131378025, 0, 213642894, 1083533168, 1232116458, 1946053737, 1069084062, 0, 48220094, 1553675495, 0, 879782145, 477009212, 1326172061, 0, 439041703, 890160059, 52869211, 869585486, 829018986, 1404734963, 0, 521762695, 2135925046, 0, 729335677, 0, 0, 761111731, 1216547456, 1943775941, 1764684517, 1063317706],[1482469967, 2010085075, 0, 2077318823, 899627873, 0, 233036581, 1807237615, 0, -1, 0, 1297648735, 1449363610, 0, 1991221389, 1379303504, 0, 0, 0, 1793111515, 105212666, 464811648, 0, 198022720, 0, 0, 810594854, 1955261035, 0, 427531267, 1386930095, 17496088, 1571811630, 0, 0, 2014520943, 0, 1683195457, 49427052, 2117718163, 0, 2045231868, 0, 1946752672, 0, 247461683, 1347572157, 1751527017, 0, 1640084109, 2017575791, 0, 1546113291, 0],[0, 765600169, 1584481185, 0, 509505861, 398002538, 0, 504938012, 698620169, 0, -1, 0, 1800015661, 1455688936, 732856471, 636577542, 0, 0, 354089976, 1692197702, 0, 1537271081, 1704614201, 0, 2104086265, 1037733153, 1218398659, 0, 0, 330617260, 1296640387, 0, 6335101, 0, 1065584065, 917463318, 1022930113, 0, 936318247, 1693848917, 880979658, 1844034820, 681974444, 0, 0, 1243911492, 0, 0, 0, 0, 0, 1196661623, 1625713307, 0],[0, 0, 0, 0, 1027732678, 0, 0, 732957499, 1195985657, 1297648735, 0, -1, 1681904091, 302908230, 57367778, 914735377, 0, 1838491122, 504102864, 0, 1909847054, 0, 0, 0, 584215905, 1943656898, 1938538280, 0, 1016469399, 394084000, 1792064961, 1917492237, 0, 984408671, 2034439352, 0, 228128416, 0, 570519756, 1941954471, 168399824, 1574946932, 0, 0, 0, 1187375937, 753368700, 897269723, 1208881249, 598782727, 1029669027, 785427131, 589302084, 0],[559233403, 1689179007, 44522582, 0, 0, 1454992866, 777019588, 0, 0, 1449363610, 1800015661, 1681904091, -1, 1875372534, 1469985588, 0, 0, 0, 1060500702, 0, 950617654, 0, 402635247, 341009126, 104401979, 797964143, 528348376, 1360298033, 0, 1222604937, 2055258458, 1399765907, 1398302005, 0, 1294868345, 650449851, 0, 608257488, 1737373437, 1889842674, 1907517805, 174864259, 1798556058, 1946624080, 2024600702, 1795986098, 436976870, 1169236171, 716493602, 0, 860771198, 0, 89225326, 0],[0, 504768616, 884795408, 1279509824, 0, 256238612, 1171673001, 2110931867, 0, 0, 1455688936, 302908230, 1875372534, -1, 0, 925221916, 1511000502, 563776862, 715116188, 0, 325313939, 451917717, 4527016, 427742429, 1964742451, 99349053, 0, 0, 1187191633, 1012612608, 1653202133, 0, 795155713, 0, 1868342694, 0, 0, 944164403, 1145077021, 969378355, 0, 901530724, 0, 1747635945, 0, 2141819718, 351338432, 967391763, 201390020, 1010162825, 1840383767, 741772612, 0, 0],[2038424173, 3436998, 324835579, 232895319, 1043160528, 252692294, 736554502, 1630890660, 870288132, 1991221389, 732856471, 57367778, 1469985588, 0, -1, 1761650441, 1106663248, 0, 80486763, 1358725091, 0, 881488333, 0, 1976342759, 318571890, 120193634, 0, 841030920, 1160592729, 1343461622, 124009617, 956474381, 1051019381, 0, 0, 370056785, 1876635741, 0, 1903701271, 1960157001, 0, 459563870, 354673686, 0, 1493410965, 0, 374340751, 58912970, 0, 0, 1420951937, 0, 1964859610, 0],[902996959, 0, 1591943544, 614394593, 876621971, 1784554812, 0, 1315061800, 1273800948, 1379303504, 636577542, 914735377, 0, 925221916, 1761650441, -1, 1222427556, 0, 0, 566084108, 78611900, 1996619281, 2070948021, 1263885431, 0, 1701992828, 1079276861, 1169516416, 147949244, 834542052, 0, 1295118027, 1440332811, 1744337830, 1315822879, 0, 2068143662, 0, 0, 964387677, 0, 2123438959, 223166398, 219388519, 869233155, 163323717, 1875822760, 1355250253, 0, 160745724, 1991598047, 0, 1119752946, 2106661016],[1066074795, 0, 814481850, 1847242459, 0, 328145259, 0, 884124259, 0, 0, 0, 0, 0, 1511000502, 1106663248, 1222427556, -1, 0, 0, 0, 715267212, 1540979768, 0, 1954766785, 1253309116, 0, 1186725589, 52413491, 1993993072, 1670819947, 800560864, 1611427845, 0, 0, 0, 0, 0, 0, 23864634, 905023692, 758931283, 1388025551, 827904353, 1833479019, 234037553, 1228874847, 0, 0, 0, 1933174970, 692803032, 211198356, 1937300264, 0],[1082680346, 651193816, 1888937879, 1492635231, 44945869, 524019639, 165484983, 2142244743, 822779618, 0, 0, 1838491122, 0, 563776862, 0, 0, 0, -1, 978785580, 2092784962, 1954805843, 2070119466, 383068997, 471849498, 1663697284, 0, 0, 1024182112, 0, 0, 2055442913, 824472500, 1445028896, 0, 0, 1589376772, 0, 0, 879798731, 208987641, 1815738901, 1636973355, 1727167703, 1149177927, 1878366964, 0, 228908797, 0, 255575358, 1542498716, 980930347, 585163584, 1496010443, 385961085],[785627800, 1642252759, 1623518348, 530292396, 2105525280, 2014257475, 260212583, 1290664806, 0, 0, 354089976, 504102864, 1060500702, 715116188, 80486763, 0, 0, 978785580, -1, 0, 937575504, 2105290524, 0, 1450955341, 1831256545, 287139640, 0, 1900417619, 1621855585, 0, 2064948201, 681980004, 669324702, 209084128, 393727797, 392089886, 0, 0, 0, 1839895178, 1499852980, 37272997, 250194197, 0, 2070914620, 1081072781, 68523425, 1853405990, 792340432, 254548069, 0, 2141956631, 1804893982, 0],[502327026, 609431881, 1615982115, 0, 2079131786, 1988462771, 0, 1779040477, 0, 1793111515, 1692197702, 0, 0, 0, 1358725091, 566084108, 0, 2092784962, 0, -1, 764807519, 0, 362768323, 734114262, 0, 1765175888, 2009348082, 1821868828, 789586785, 1388198902, 1662157925, 1523602873, 1865926114, 1435107217, 1167072246, 48472410, 0, 1752832657, 1981347893, 1137876382, 2035303308, 0, 498655769, 177304788, 1263257650, 1969697493, 718072666, 0, 1883373425, 0, 0, 261033706, 0, 0],[971083925, 709381440, 474635498, 1913306903, 1515922122, 53620096, 719034171, 0, 786374043, 105212666, 0, 1909847054, 950617654, 325313939, 0, 78611900, 715267212, 1954805843, 937575504, 764807519, -1, 0, 150506589, 0, 1052567470, 738055386, 1299452093, 0, 1484411777, 48469069, 0, 111402714, 1316313188, 881706830, 1850757988, 1029924969, 5772229, 1932207100, 1347348906, 1882957158, 907897039, 1283644680, 0, 592659682, 2043359674, 110008735, 61061578, 290672343, 0, 0, 0, 1761470867, 0, 1793064751],[993985823, 968953816, 634596175, 953163860, 0, 428823317, 0, 1216136083, 131378025, 464811648, 1537271081, 0, 0, 451917717, 881488333, 1996619281, 1540979768, 2070119466, 2105290524, 0, 0, -1, 750807864, 260371074, 1554796600, 1426377913, 737597119, 722656219, 1656426551, 1979948487, 1025178063, 1527204577, 1565287447, 1291121915, 0, 1348227629, 0, 312530884, 453928137, 1560247086, 1752386014, 362522801, 720329901, 0, 0, 1589993768, 893690775, 1068525820, 2082749861, 1639587351, 0, 393045017, 1688650991, 226969637],[560529894, 266046526, 947076454, 958030237, 213980077, 330403222, 1662028559, 0, 0, 0, 1704614201, 0, 402635247, 4527016, 0, 2070948021, 0, 383068997, 0, 362768323, 150506589, 750807864, -1, 0, 1715624716, 1778800628, 704773690, 0, 0, 0, 0, 704216701, 2077353253, 0, 50791281, 0, 1270636128, 0, 866037132, 0, 0, 0, 0, 0, 2038059021, 852415616, 0, 1530201985, 350276117, 995347087, 0, 0, 2070331206, 1196842905],[2067043413, 1236667873, 42848097, 1401754418, 228315447, 383440189, 0, 1221278495, 213642894, 198022720, 0, 0, 341009126, 427742429, 1976342759, 1263885431, 1954766785, 471849498, 1450955341, 734114262, 0, 260371074, 0, -1, 0, 0, 0, 0, 1506182121, 355666891, 0, 0, 1030923797, 0, 797838181, 1590558196, 0, 815875938, 2145482859, 768166400, 1830430178, 0, 28835306, 0, 853007347, 738322158, 826987873, 921436633, 2021631769, 511943901, 151866264, 0, 1643141983, 1228772929],[169449041, 1093448558, 0, 1383650496, 918054632, 0, 0, 1217635828, 1083533168, 0, 2104086265, 584215905, 104401979, 1964742451, 318571890, 0, 1253309116, 1663697284, 1831256545, 0, 1052567470, 1554796600, 1715624716, 0, -1, 1546292305, 2091700490, 1023933484, 0, 0, 0, 808574811, 374875516, 837091598, 1183242969, 2028932123, 0, 0, 435429645, 0, 887858733, 1627868608, 0, 0, 0, 268191794, 258186036, 1228775472, 878448329, 1848850019, 508144387, 217820285, 1364017747, 0],[79915991, 0, 2053221622, 1853102269, 689678314, 1786374635, 1105984039, 1836754741, 1232116458, 0, 1037733153, 1943656898, 797964143, 99349053, 120193634, 1701992828, 0, 0, 287139640, 1765175888, 738055386, 1426377913, 1778800628, 0, 1546292305, -1, 1226088858, 400756467, 1443987438, 0, 0, 918747518, 268727218, 0, 0, 117170046, 0, 1242899746, 617799842, 0, 1255949224, 0, 0, 149762804, 2023281154, 1639369935, 315837658, 514149466, 0, 0, 373187348, 0, 0, 1821971050],[0, 1773759222, 179189656, 2115858609, 1819265039, 520393624, 1273578243, 234481905, 1946053737, 810594854, 1218398659, 1938538280, 528348376, 0, 0, 1079276861, 1186725589, 0, 0, 2009348082, 1299452093, 737597119, 704773690, 0, 2091700490, 1226088858, -1, 901032492, 1335069111, 0, 104714386, 1562814129, 1116207730, 0, 960816187, 524940107, 728218150, 0, 2108286427, 2083786810, 24098513, 1351141561, 0, 1253945147, 1303282735, 0, 0, 530910828, 1207732094, 0, 1563335450, 0, 0, 1958913584],[1867966593, 840091804, 2105579151, 1712659233, 937109367, 1291825788, 2019413588, 1729817033, 1069084062, 1955261035, 0, 0, 1360298033, 0, 841030920, 1169516416, 52413491, 1024182112, 1900417619, 1821868828, 0, 722656219, 0, 0, 1023933484, 400756467, 901032492, -1, 54921723, 527894349, 1177945260, 1461410567, 1474742355, 979062909, 468511561, 551112902, 24489611, 1360533914, 1495028026, 851267938, 935981408, 1618465525, 1052856348, 305641554, 262866, 0, 0, 1852999974, 78507635, 1429077757, 219892713, 0, 0, 1277283831],[1388295400, 574028216, 1712707339, 1510630159, 1170281468, 0, 0, 1812587577, 0, 0, 0, 1016469399, 0, 1187191633, 1160592729, 147949244, 1993993072, 0, 1621855585, 789586785, 1484411777, 1656426551, 0, 1506182121, 0, 1443987438, 1335069111, 54921723, -1, 0, 1480879844, 0, 428095907, 0, 604204556, 937429286, 0, 1916893656, 1627863138, 591464381, 0, 1006629064, 0, 1190872253, 1088936910, 1558054183, 431312129, 1738688220, 1836552942, 0, 2058685539, 900278805, 0, 1958388554],[0, 0, 1452152115, 2016919454, 0, 345719266, 169738338, 0, 48220094, 427531267, 330617260, 394084000, 1222604937, 1012612608, 1343461622, 834542052, 1670819947, 0, 0, 1388198902, 48469069, 1979948487, 0, 355666891, 0, 0, 0, 527894349, 0, -1, 1395868687, 1789420601, 0, 1675154004, 0, 0, 1254408495, 102043089, 1313272048, 1303085205, 1056483098, 386297603, 0, 868509839, 199590542, 0, 550317794, 659638870, 1480676278, 634347874, 0, 0, 0, 103050632],[0, 255842187, 1994767379, 602575797, 2083134764, 1685467025, 0, 1979240448, 1553675495, 1386930095, 1296640387, 1792064961, 2055258458, 1653202133, 124009617, 0, 800560864, 2055442913, 2064948201, 1662157925, 0, 1025178063, 0, 0, 0, 0, 104714386, 1177945260, 1480879844, 1395868687, -1, 0, 2023868273, 597056423, 80267271, 927528252, 0, 0, 0, 1105136168, 0, 0, 2032653638, 1403219280, 1818636232, 1815416045, 1547909983, 521794584, 598693536, 648463105, 0, 1033130922, 1880988906, 0],[321905708, 0, 0, 1544820605, 1039509294, 323483934, 0, 0, 0, 17496088, 0, 1917492237, 1399765907, 0, 956474381, 1295118027, 1611427845, 824472500, 681980004, 1523602873, 111402714, 1527204577, 704216701, 0, 808574811, 918747518, 1562814129, 1461410567, 0, 1789420601, 0, -1, 1445881998, 989558295, 1833122266, 1041121549, 1169624301, 1410228316, 336635294, 514512052, 31977208, 953456565, 0, 1826009964, 0, 788529190, 916818942, 541216001, 1514159838, 2078323507, 0, 408899425, 0, 369662219],[1719411745, 1247577419, 0, 1419651400, 49556459, 502957740, 0, 809942442, 879782145, 1571811630, 6335101, 0, 1398302005, 795155713, 1051019381, 1440332811, 0, 1445028896, 669324702, 1865926114, 1316313188, 1565287447, 2077353253, 1030923797, 374875516, 268727218, 1116207730, 1474742355, 428095907, 0, 2023868273, 1445881998, -1, 1038604255, 0, 376488951, 401771123, 0, 1935524572, 202694472, 0, 1565887177, 820722879, 1427557110, 1236411323, 2011977857, 1069034105, 602874386, 1790707124, 118537565, 1264657980, 0, 0, 29821193],[0, 425243097, 1454889114, 1678405573, 1743702104, 1715329531, 1818673664, 98469403, 477009212, 0, 0, 984408671, 0, 0, 0, 1744337830, 0, 0, 209084128, 1435107217, 881706830, 1291121915, 0, 0, 837091598, 0, 0, 979062909, 0, 1675154004, 597056423, 989558295, 1038604255, -1, 394467438, 674382463, 2106094662, 1903313415, 357372851, 0, 0, 559747443, 70742343, 0, 0, 1381967341, 1152240482, 1343195402, 0, 116113018, 1632034537, 1182614403, 447643264, 586500520],[1307322512, 1299654743, 927818762, 0, 0, 699197755, 0, 1744748241, 1326172061, 0, 1065584065, 2034439352, 1294868345, 1868342694, 0, 1315822879, 0, 0, 393727797, 1167072246, 1850757988, 0, 50791281, 797838181, 1183242969, 0, 960816187, 468511561, 604204556, 0, 80267271, 1833122266, 0, 394467438, -1, 2017475788, 459324131, 487962715, 0, 0, 1919899581, 0, 1136670135, 1985134121, 0, 104334681, 0, 0, 1475121889, 116946619, 0, 797099892, 1901588254, 2077404499],[635195651, 1271056558, 1053653727, 1840434590, 896772978, 1906349016, 1020186926, 1548036376, 0, 2014520943, 917463318, 0, 650449851, 0, 370056785, 0, 0, 1589376772, 392089886, 48472410, 1029924969, 1348227629, 0, 1590558196, 2028932123, 117170046, 524940107, 551112902, 937429286, 0, 927528252, 1041121549, 376488951, 674382463, 2017475788, -1, 1418410096, 0, 1973927066, 2093107376, 1419841573, 2073968708, 1260301932, 0, 0, 0, 0, 1229501270, 316112195, 0, 0, 0, 0, 1577722620],[1887660646, 1200592490, 0, 897382345, 1970279595, 642501882, 234006645, 1700610766, 439041703, 0, 1022930113, 228128416, 0, 0, 1876635741, 2068143662, 0, 0, 0, 0, 5772229, 0, 1270636128, 0, 0, 0, 728218150, 24489611, 0, 1254408495, 0, 1169624301, 401771123, 2106094662, 459324131, 1418410096, -1, 0, 0, 1189800320, 0, 0, 0, 2091364839, 500139472, 1051654920, 0, 0, 2134083614, 613637151, 801586118, 384300340, 0, 409237932],[1335180362, 1131205119, 2050965972, 0, 1992600369, 1311933592, 2060076937, 1539726257, 890160059, 1683195457, 0, 0, 608257488, 944164403, 0, 0, 0, 0, 0, 1752832657, 1932207100, 312530884, 0, 815875938, 0, 1242899746, 0, 1360533914, 1916893656, 102043089, 0, 1410228316, 0, 1903313415, 487962715, 0, 0, -1, 0, 0, 238954076, 1474042940, 1230675828, 1479012574, 0, 0, 0, 87242088, 130396083, 0, 1135403028, 2022052799, 0, 655542230],[862319257, 1377250789, 1393534949, 1822016067, 1545629988, 1635562288, 0, 1102912521, 52869211, 49427052, 936318247, 570519756, 1737373437, 1145077021, 1903701271, 0, 23864634, 879798731, 0, 1981347893, 1347348906, 453928137, 866037132, 2145482859, 435429645, 617799842, 2108286427, 1495028026, 1627863138, 1313272048, 0, 336635294, 1935524572, 357372851, 0, 1973927066, 0, 0, -1, 1659244622, 1226069880, 1018911635, 900552799, 732048780, 116332928, 0, 1742964021, 463651299, 0, 555796664, 1700750433, 0, 684379608, 671559975],[0, 1178571072, 982937985, 200398324, 1495871691, 0, 0, 611413390, 869585486, 2117718163, 1693848917, 1941954471, 1889842674, 969378355, 1960157001, 964387677, 905023692, 208987641, 1839895178, 1137876382, 1882957158, 1560247086, 0, 768166400, 0, 0, 2083786810, 851267938, 591464381, 1303085205, 1105136168, 514512052, 202694472, 0, 0, 2093107376, 1189800320, 0, 1659244622, -1, 1743611523, 0, 1300431847, 0, 883145661, 0, 0, 0, 1969175496, 0, 620195083, 0, 0, 686339589],[1804796691, 1018248987, 1110468401, 0, 1133410082, 1281580965, 1141202797, 1374947226, 829018986, 0, 880979658, 168399824, 1907517805, 0, 0, 0, 758931283, 1815738901, 1499852980, 2035303308, 907897039, 1752386014, 0, 1830430178, 887858733, 1255949224, 24098513, 935981408, 0, 1056483098, 0, 31977208, 0, 0, 1919899581, 1419841573, 0, 238954076, 1226069880, 1743611523, -1, 492721361, 1698040395, 1927396702, 1442651696, 0, 897401280, 877950993, 0, 1134946593, 1673809214, 1805899345, 0, 0],[498902206, 1638784965, 0, 0, 921258944, 52642475, 1290000516, 1947171193, 1404734963, 2045231868, 1844034820, 1574946932, 174864259, 901530724, 459563870, 2123438959, 1388025551, 1636973355, 37272997, 0, 1283644680, 362522801, 0, 0, 1627868608, 0, 1351141561, 1618465525, 1006629064, 386297603, 0, 953456565, 1565887177, 559747443, 0, 2073968708, 0, 1474042940, 1018911635, 0, 492721361, -1, 871717509, 1508197134, 962513196, 1643690114, 474848542, 345953733, 783977383, 0, 676557801, 0, 0, 164435578],[641589095, 1753520867, 331217149, 0, 1889381120, 1757397720, 1037832060, 643789299, 0, 0, 681974444, 0, 1798556058, 0, 354673686, 223166398, 827904353, 1727167703, 250194197, 498655769, 0, 720329901, 0, 28835306, 0, 0, 0, 1052856348, 0, 0, 2032653638, 0, 820722879, 70742343, 1136670135, 1260301932, 0, 1230675828, 900552799, 1300431847, 1698040395, 871717509, -1, 1149596173, 873718264, 1025299767, 0, 0, 183546578, 227784718, 0, 0, 2002838264, 456879635],[996645330, 0, 1422217759, 0, 1836251278, 139310116, 0, 0, 521762695, 1946752672, 0, 0, 1946624080, 1747635945, 0, 219388519, 1833479019, 1149177927, 0, 177304788, 592659682, 0, 0, 0, 0, 149762804, 1253945147, 305641554, 1190872253, 868509839, 1403219280, 1826009964, 1427557110, 0, 1985134121, 0, 2091364839, 1479012574, 732048780, 0, 1927396702, 1508197134, 1149596173, -1, 473385686, 312995759, 2081852413, 0, 0, 1529190139, 2066310650, 1535445165, 75231847, 1993022594],[623216642, 1713755813, 0, 273832989, 588869862, 1523907910, 984710284, 610871806, 2135925046, 0, 0, 0, 2024600702, 0, 1493410965, 869233155, 234037553, 1878366964, 2070914620, 1263257650, 2043359674, 0, 2038059021, 853007347, 0, 2023281154, 1303282735, 262866, 1088936910, 199590542, 1818636232, 0, 1236411323, 0, 0, 0, 500139472, 0, 116332928, 883145661, 1442651696, 962513196, 873718264, 473385686, -1, 758204985, 0, 2096698503, 1718063574, 0, 0, 1371686696, 618287232, 0],[832645570, 1385730497, 0, 0, 214023279, 2077398819, 1884378288, 164889729, 0, 247461683, 1243911492, 1187375937, 1795986098, 2141819718, 0, 163323717, 1228874847, 0, 1081072781, 1969697493, 110008735, 1589993768, 852415616, 738322158, 268191794, 1639369935, 0, 0, 1558054183, 0, 1815416045, 788529190, 2011977857, 1381967341, 104334681, 0, 1051654920, 0, 0, 0, 0, 1643690114, 1025299767, 312995759, 758204985, -1, 92090770, 1463625487, 474246078, 481261373, 913079098, 2146455400, 0, 0],[1236901460, 1149270802, 0, 2042994993, 363705270, 700754208, 0, 957524909, 729335677, 1347572157, 0, 753368700, 436976870, 351338432, 374340751, 1875822760, 0, 228908797, 68523425, 718072666, 61061578, 893690775, 0, 826987873, 258186036, 315837658, 0, 0, 431312129, 550317794, 1547909983, 916818942, 1069034105, 1152240482, 0, 0, 0, 0, 1742964021, 0, 897401280, 474848542, 0, 2081852413, 0, 92090770, -1, 0, 1729742169, 1076620692, 1177256914, 95988670, 359441130, 0],[105864957, 0, 2012449968, 1422721183, 243329820, 1728332771, 0, 491323359, 0, 1751527017, 0, 897269723, 1169236171, 967391763, 58912970, 1355250253, 0, 0, 1853405990, 0, 290672343, 1068525820, 1530201985, 921436633, 1228775472, 514149466, 530910828, 1852999974, 1738688220, 659638870, 521794584, 541216001, 602874386, 1343195402, 0, 1229501270, 0, 87242088, 463651299, 0, 877950993, 345953733, 0, 0, 2096698503, 1463625487, 0, -1, 1671932783, 519741099, 1064404293, 1829919110, 333202976, 1101427254],[149446968, 0, 2103290213, 1560274646, 0, 270848969, 0, 2142668499, 0, 0, 0, 1208881249, 716493602, 201390020, 0, 0, 0, 255575358, 792340432, 1883373425, 0, 2082749861, 350276117, 2021631769, 878448329, 0, 1207732094, 78507635, 1836552942, 1480676278, 598693536, 1514159838, 1790707124, 0, 1475121889, 316112195, 2134083614, 130396083, 0, 1969175496, 0, 783977383, 183546578, 0, 1718063574, 474246078, 1729742169, 1671932783, -1, 892292236, 1033351506, 0, 0, 221351234],[0, 906640717, 931516565, 876013727, 1084727739, 819890736, 0, 0, 761111731, 1640084109, 0, 598782727, 0, 1010162825, 0, 160745724, 1933174970, 1542498716, 254548069, 0, 0, 1639587351, 995347087, 511943901, 1848850019, 0, 0, 1429077757, 0, 634347874, 648463105, 2078323507, 118537565, 116113018, 116946619, 0, 613637151, 0, 555796664, 0, 1134946593, 0, 227784718, 1529190139, 0, 481261373, 1076620692, 519741099, 892292236, -1, 703032733, 1591563774, 2084272228, 2078165410],[2104487777, 0, 1208335644, 1977525259, 0, 0, 1011165789, 308009039, 1216547456, 2017575791, 0, 1029669027, 860771198, 1840383767, 1420951937, 1991598047, 692803032, 980930347, 0, 0, 0, 0, 0, 151866264, 508144387, 373187348, 1563335450, 219892713, 2058685539, 0, 0, 0, 1264657980, 1632034537, 0, 0, 801586118, 1135403028, 1700750433, 620195083, 1673809214, 676557801, 0, 2066310650, 0, 913079098, 1177256914, 1064404293, 1033351506, 703032733, -1, 221462898, 207932630, 908978984],[0, 554414540, 0, 561829794, 1379948586, 0, 1038999287, 649924216, 1943775941, 0, 1196661623, 785427131, 0, 741772612, 0, 0, 211198356, 585163584, 2141956631, 261033706, 1761470867, 393045017, 0, 0, 217820285, 0, 0, 0, 900278805, 0, 1033130922, 408899425, 0, 1182614403, 797099892, 0, 384300340, 2022052799, 0, 0, 1805899345, 0, 0, 1535445165, 1371686696, 2146455400, 95988670, 1829919110, 0, 1591563774, 221462898, -1, 0, 1040413122],[1479275333, 0, 302716544, 1210408388, 777262941, 168183830, 840059695, 0, 1764684517, 1546113291, 1625713307, 589302084, 89225326, 0, 1964859610, 1119752946, 1937300264, 1496010443, 1804893982, 0, 0, 1688650991, 2070331206, 1643141983, 1364017747, 0, 0, 0, 0, 0, 1880988906, 0, 0, 447643264, 1901588254, 0, 0, 0, 684379608, 0, 0, 0, 2002838264, 75231847, 618287232, 0, 359441130, 333202976, 0, 2084272228, 207932630, 0, -1, 0],[793694917, 0, 45289437, 1681924100, 1631352742, 504633828, 1073643041, 0, 1063317706, 0, 0, 0, 0, 0, 0, 2106661016, 0, 385961085, 0, 0, 1793064751, 226969637, 1196842905, 1228772929, 0, 1821971050, 1958913584, 1277283831, 1958388554, 103050632, 0, 369662219, 29821193, 586500520, 2077404499, 1577722620, 409237932, 655542230, 671559975, 686339589, 0, 164435578, 456879635, 1993022594, 0, 0, 0, 1101427254, 221351234, 2078165410, 908978984, 1040413122, 0, -1]]