95
[[-1, 0, 580194776, 0, 211628259, 1694055508, 1818632698, 1232538789, 25651823, 0, 0, 0, 763115110, 0, 1685445865, 0, 1097453636, 0, 0, 2034999943, 658931414, 1125055437, 1607947196, 406806252, 836217655, 2133825021, 747185305, 1152936487, 1547561923, 0, 0, 900691528, 431199025, 1514097949, 0, 1759591455, 1791627209, 0, 1606636993, 831166114, 0, 854738286, 288389645, 0, 0, 1678282859, 176495982, 0, 524145241, 1465002030, 11814078, 1500832531, 324622692, 1806824350, 0, 0, 0, 0, 738592555, 0, 835981556, 678489626, 0, 0, 1195751002, 0, 449727463, 734032707, 920907209, 543041148, 668445537, 310491970, 0, 0, 1847895093, 112354642, 268969011, 0, 1853300545, 511839548, 0, 1329287873, 1113290219, 0, 0, 294058735, 0, 1852013918, 739661523, 1551288026, 0, 1672422841, 1984329376, 0, 0],[0, -1, 0, 1960002870, 585695417, 0, 487397414, 0, 563902163, 0, 769454148, 547956938, 101199739, 1626632917, 0, 118046182, 0, 923634329, 1630233043, 1365595625, 1898550754, 0, 1668478941, 846010642, 965723235, 1866738381, 0, 1433681521, 1443182198, 1191627068, 489639644, 1576707318, 1675442871, 993441891, 0, 2123650055, 0, 1276383033, 0, 0, 1127254699, 0, 1774031405, 0, 1920276897, 1768901399, 0, 0, 0, 54954021, 112215069, 1795535231, 0, 684461828, 7118452, 0, 0, 350003177, 1195910006, 1902546915, 1617480338, 0, 0, 1873318064, 92232715, 1880829197, 1239765602, 956931784, 313576669, 1787583622, 1579849517, 0, 1573926827, 1376566996, 274094193, 1666022953, 1697086418, 1170871103, 48658727, 1373069005, 1601709782, 967034868, 1462452550, 0, 145752294, 1368970287, 215034994, 1471151628, 0, 174119506, 722528993, 427917713, 171022552, 975359078, 0],[580194776, 0, -1, 879320051, 1679867683, 2131253443, 1530996401, 1134715031, 1561446458, 565255417, 1661786568, 498870467, 0, 1415554281, 855930053, 710385630, 0, 0, 0, 0, 268719785, 0, 1735227562, 558111204, 243921422, 749609618, 109182609, 0, 1975010456, 662459995, 957412324, 0, 1056440349, 0, 1420210853, 708438448, 200103924, 1880581121, 2139229992, 0, 1770514732, 39346637, 1349469750, 0, 446240361, 108474767, 759023865, 910704655, 944713139, 0, 202594328, 368833138, 727153405, 0, 0, 0, 420210289, 1626299947, 0, 2127768066, 0, 1601753933, 0, 0, 0, 983799879, 297523942, 1125972634, 0, 1040799620, 1430595827, 1341667165, 410872461, 1196021749, 353663840, 1695777643, 0, 0, 0, 299654143, 1244823140, 0, 0, 1595362419, 889204630, 0, 1811119852, 0, 1485773650, 0, 0, 0, 1755415029, 64847091, 454048378],[0, 1960002870, 879320051, -1, 967126464, 1098806456, 1268793523, 401456950, 1079299583, 1740102312, 0, 2080392619, 0, 1225515482, 0, 0, 1629755866, 0, 0, 1671092859, 0, 1839077822, 1088817047, 21579722, 1870055621, 2113174393, 0, 408072606, 432786704, 0, 0, 633324394, 0, 0, 0, 1839085844, 959188692, 245978610, 1584784222, 156453595, 1014735787, 0, 0, 1767756493, 1938393235, 264515002, 1483088887, 0, 1538247570, 1606300334, 0, 1150017515, 0, 1029898626, 218387154, 162774572, 884891536, 844090958, 1657729953, 1603844394, 1539609803, 2015575143, 0, 116066177, 1565492653, 266785710, 1675997194, 727467150, 0, 1632651026, 1869421674, 0, 1335190806, 1609647844, 1782607667, 0, 0, 1762722549, 0, 0, 1396338922, 1550359480, 371604, 0, 0, 0, 2038614985, 0, 66464126, 439162132, 35191192, 1357569675, 879030933, 0, 1597931451],[211628259, 585695417, 1679867683, 967126464, -1, 2093071912, 0, 0, 2131541576, 947452933, 987894196, 1750698366, 476796261, 1830656931, 0, 641931059, 2052099715, 897410228, 0, 0, 0, 0, 0, 1432186042, 2104389097, 1961033187, 591385359, 1554992716, 422385627, 1535487182, 1364954866, 2097587882, 352985234, 892363295, 0, 286259243, 1943739602, 0, 1422879410, 0, 1955981347, 1932432740, 0, 2102083666, 0, 1094103523, 94645467, 0, 513527860, 1552973840, 1738030507, 1956530736, 2014398630, 1179329050, 1572677179, 75950820, 12558826, 1736181577, 388830287, 1440147041, 0, 1078704216, 273760568, 846172979, 2131734917, 771830020, 0, 2021435780, 0, 696230095, 789713542, 635970173, 1711572179, 1440860126, 0, 632970446, 0, 0, 1817270148, 0, 0, 1180364924, 1763181498, 1608923638, 289858294, 206136715, 1470000546, 0, 1500102095, 1158094405, 749610987, 1367559659, 453464547, 0, 0],[1694055508, 0, 2131253443, 1098806456, 2093071912, -1, 0, 0, 0, 1227823385, 1798712386, 0, 0, 0, 2106131269, 1318236947, 0, 0, 1693219135, 0, 0, 10279696, 0, 0, 0, 1726083448, 87340132, 173282925, 2112680537, 227169436, 2143760584, 704837451, 23902444, 1296933567, 1311013137, 0, 0, 1120594212, 1284619744, 697022211, 1906071438, 0, 1507140964, 325547009, 1300527759, 0, 1562377054, 1086339932, 2001787967, 0, 36980254, 915501807, 1603873480, 450109612, 1710487413, 1274026653, 0, 2126254195, 459242418, 0, 1694919180, 870721873, 0, 1497145232, 0, 0, 1395857181, 0, 1149825528, 0, 1235787906, 1583862476, 0, 0, 792636272, 1509041369, 0, 892738570, 0, 632413965, 219534071, 1009118415, 1596762486, 0, 1527758358, 999099646, 0, 413194402, 928252748, 0, 1242771458, 1190325981, 0, 1842312726, 669326770],[1818632698, 487397414, 1530996401, 1268793523, 0, 0, -1, 687286495, 645424960, 1256282241, 1112743012, 0, 10784108, 0, 1972728328, 1794476094, 0, 2033111200, 752143733, 1312728991, 1035475703, 1747908396, 977504379, 1650455778, 325801760, 1868688191, 0, 1227321855, 1487119391, 64146781, 1147933738, 979170234, 1227060812, 706855414, 0, 0, 448279307, 0, 0, 1006755947, 1225374726, 1122609919, 2040565269, 1722092832, 0, 1330247387, 1922819233, 83318599, 592335359, 1796059995, 0, 0, 0, 0, 0, 0, 345915839, 0, 0, 979692149, 0, 582648871, 478244083, 517163209, 572494719, 1599747802, 490449163, 1354795763, 1321287442, 0, 1041598165, 0, 778757469, 0, 0, 189707503, 1767511104, 199762657, 1501273242, 0, 71718404, 1001704610, 697256209, 1934639243, 418345595, 1298118688, 714347767, 607243634, 1371092565, 0, 176949728, 1127777454, 2046770211, 0, 0],[1232538789, 0, 1134715031, 401456950, 0, 0, 687286495, -1, 441336469, 23107226, 1646837458, 2049979311, 55334754, 296453641, 691743909, 0, 0, 0, 1112728181, 0, 0, 1937362690, 0, 131710382, 1088681944, 93042643, 1691080326, 598932778, 407548917, 2125156276, 718752620, 312463535, 233119864, 2046293865, 0, 0, 1073702465, 0, 1157933962, 0, 1897077596, 1566799570, 460846927, 322622670, 0, 0, 0, 0, 0, 0, 235088717, 0, 1818013768, 0, 212489251, 0, 0, 0, 896280330, 1047484021, 0, 0, 0, 0, 0, 144878128, 0, 1529360873, 0, 1427767535, 1068523764, 0, 1073778584, 1022024389, 0, 160441847, 0, 1076552790, 1395553127, 66010528, 0, 0, 1020051772, 0, 571081752, 0, 168470111, 1828766057, 1653305901, 0, 297307322, 2108548444, 558510144, 252016498, 0],[25651823, 563902163, 1561446458, 1079299583, 2131541576, 0, 645424960, 441336469, -1, 315684220, 1136712219, 1464994505, 0, 220136294, 415532759, 1152231305, 636005495, 0, 1465838601, 1061103705, 0, 1571144567, 0, 660047879, 0, 1308717367, 1063750038, 0, 939815159, 1234306961, 876232936, 1361112019, 0, 0, 0, 0, 0, 722000423, 0, 0, 289322309, 0, 2073434446, 490737895, 324271337, 158840244, 0, 1067387244, 192369211, 1155702432, 0, 453428330, 576160815, 2070028153, 2137741312, 37424267, 0, 1880738189, 0, 555366294, 1369611470, 5787478, 1332252765, 454899530, 0, 519068477, 0, 717507447, 233350451, 1218423952, 650657860, 87168521, 418973977, 1284667065, 1846168826, 1853941550, 316315773, 0, 2029597811, 0, 760130398, 2042404936, 1195857981, 1081417548, 162737398, 1021148833, 1573327013, 854501388, 1547709556, 977687371, 1895351398, 1772446236, 1202382993, 306112370, 0],[0, 0, 565255417, 1740102312, 947452933, 1227823385, 1256282241, 23107226, 315684220, -1, 139877377, 419113096, 265596317, 1909917075, 1511842787, 1951349799, 0, 1719957263, 784640448, 1938705101, 2115365385, 2025367403, 1278231872, 623329219, 861956013, 436610344, 2021587923, 1982991724, 1184255729, 1379899908, 0, 826333928, 730389124, 0, 0, 434455692, 786727322, 866448836, 1855986978, 0, 439001832, 349931970, 0, 1782645738, 0, 0, 1763833719, 0, 1021506384, 0, 959363914, 1046562786, 655158154, 0, 0, 283470383, 2062495674, 295169575, 0, 0, 672047699, 1912993593, 1655313116, 804199238, 0, 0, 2007158721, 1230611453, 0, 1801066846, 0, 550582977, 1990303530, 2089128513, 822551419, 1342652249, 919360105, 0, 811171161, 753819385, 0, 1156712400, 658605970, 745900716, 1824168380, 143702546, 0, 0, 1132531433, 1798923424, 0, 0, 0, 843624431, 1130865351],[0, 769454148, 1661786568, 0, 987894196, 1798712386, 1112743012, 1646837458, 1136712219, 139877377, -1, 0, 1382939990, 1700222543, 93885547, 999237585, 0, 783297080, 1579463582, 0, 1166017172, 1338575302, 0, 1095240319, 234055411, 592431092, 1734100071, 1432082189, 1096436756, 87229830, 1868564463, 1536302378, 0, 206364522, 1871553650, 0, 250479675, 1106740584, 1632307921, 1546965682, 0, 984799759, 1106423771, 0, 0, 861665438, 379012003, 119164535, 1436505996, 0, 1860872701, 459474656, 0, 1084928033, 0, 480703922, 1054510513, 0, 0, 0, 0, 0, 0, 0, 1399434577, 0, 804210207, 113284563, 539930244, 1361866466, 107943059, 0, 1733825363, 689954664, 451366078, 596713934, 797322224, 1532320800, 806835915, 1789152215, 1592297263, 0, 0, 409321822, 0, 796229639, 1589890116, 0, 58393514, 1074900260, 0, 892239689, 0, 0, 1294873573],[0, 547956938, 498870467, 2080392619, 1750698366, 0, 0, 2049979311, 1464994505, 419113096, 0, -1, 970463021, 0, 964590625, 87801742, 1003962828, 1662010816, 0, 0, 138355138, 0, 0, 1355591656, 212237104, 0, 472646368, 1884640170, 1060941419, 1676172607, 1638878634, 0, 0, 45853442, 1498935148, 979562114, 102964715, 1351230433, 0, 0, 674644459, 519377269, 1433334094, 590100763, 0, 1699644065, 733781735, 0, 1091214633, 1346333697, 1701799323, 0, 0, 533007683, 2126715840, 2101631750, 1941556333, 0, 1871796210, 1110561178, 0, 1290676904, 0, 0, 755470548, 1932784835, 0, 72297697, 623103860, 42274583, 761437508, 0, 2101731940, 2131395818, 0, 1872137210, 248004389, 704923068, 0, 297198324, 0, 232140534, 0, 1503561626, 1655643309, 377696550, 1780855419, 689610270, 1818845784, 1472083961, 0, 1961569287, 108180124, 1043764635, 0],[763115110, 101199739, 0, 0, 476796261, 0, 10784108, 55334754, 0, 265596317, 1382939990, 970463021, -1, 1133585386, 670172523, 0, 458807974, 92442574, 0, 811855119, 2141432838, 0, 632438741, 0, 0, 0, 1450319749, 0, 0, 211289174, 760101097, 0, 1025177198, 0, 25862608, 1272593753, 282959572, 1320755126, 0, 1793280098, 0, 1101267887, 0, 925604733, 0, 1007816462, 0, 69870927, 731919558, 1373720769, 0, 175128062, 1683114428, 947394601, 0, 0, 602688563, 1507493250, 1760543250, 1040348037, 484066127, 0, 1969497739, 577185420, 0, 1873504866, 0, 1579559871, 603699177, 0, 844930641, 164485581, 207581024, 1677324634, 1264661186, 574601755, 44989700, 282439652, 1646696514, 1369344742, 1517955390, 0, 0, 1940700667, 0, 438352345, 648770024, 1288339920, 984110201, 0, 2119364630, 390980327, 0, 73337268, 948719454],[0, 1626632917, 1415554281, 1225515482, 1830656931, 0, 0, 296453641, 220136294, 1909917075, 1700222543, 0, 1133585386, -1, 0, 1626040829, 390285252, 0, 0, 1502328298, 0, 0, 0, 1385558935, 758007217, 1887513490, 0, 2043802453, 1924352132, 5514905, 0, 0, 0, 0, 53154826, 524072686, 1412358339, 0, 0, 64056770, 1228870708, 1711202279, 1997180378, 241849663, 0, 1583293097, 1983240562, 484364553, 0, 1434833141, 1686646310, 1005245738, 792207197, 131419030, 1801270526, 244557053, 0, 484134234, 1771403457, 0, 1734125446, 1596344122, 1028673917, 875782675, 0, 0, 0, 0, 1682685158, 0, 272434191, 0, 1118708388, 0, 1300595329, 1585424662, 985484339, 1481893834, 188298628, 12774624, 161949692, 316476976, 0, 1539640862, 0, 0, 1650313023, 1720168655, 1559797811, 946694356, 0, 639476606, 510534877, 0, 440864499],[1685445865, 0, 855930053, 0, 0, 2106131269, 1972728328, 691743909, 415532759, 1511842787, 93885547, 964590625, 670172523, 0, -1, 111110949, 1435569081, 0, 0, 399267194, 553606492, 619702412, 0, 1401879817, 1123710580, 477737621, 0, 1714848736, 109008924, 1823757911, 1073094600, 950430630, 1823896248, 1597264478, 922972633, 822166745, 486755115, 0, 823181168, 1736442791, 1058540646, 1913185645, 0, 1065529674, 0, 1514020237, 270488845, 0, 0, 1015075997, 465413588, 0, 433789341, 1644379762, 1983608682, 1004826584, 1930554512, 237001513, 1027367422, 437709089, 0, 386215319, 344050663, 281110289, 198604430, 254289776, 67155575, 1081515384, 65736339, 1724160312, 0, 0, 0, 860282612, 2067165096, 34031361, 1512675934, 166518249, 1293955785, 0, 878622848, 0, 0, 0, 1256578104, 0, 676841329, 712400924, 1540369389, 1424428689, 13342434, 0, 1490125541, 2103951882, 1279663820],[0, 118046182, 710385630, 0, 641931059, 1318236947, 1794476094, 0, 1152231305, 1951349799, 999237585, 87801742, 0, 1626040829, 111110949, -1, 599289927, 1912904476, 891614384, 1095677741, 686588048, 1167259682, 1108931016, 995821708, 1343052520, 0, 1505008130, 0, 1712861405, 773540877, 1833073944, 121871152, 713963011, 0, 1517343537, 0, 0, 688231176, 715994422, 1190633154, 0, 342230526, 0, 0, 1498237545, 0, 452579585, 0, 1694765963, 1781266847, 509264576, 384536907, 1356530882, 97643878, 761373369, 0, 588104542, 0, 0, 158000214, 196430562, 1937446244, 0, 434429986, 217424968, 2030496272, 2084129308, 1574066294, 25786205, 447212887, 0, 0, 0, 773778719, 1800937385, 1812349461, 1475174972, 0, 251712666, 694345051, 1087699762, 1191275295, 1971056586, 0, 0, 671626503, 0, 105413960, 1555410157, 0, 0, 3043435, 0, 815359390, 1056178303],[1097453636, 0, 0, 1629755866, 2052099715, 0, 0, 0, 636005495, 0, 0, 1003962828, 458807974, 390285252, 1435569081, 599289927, -1, 1128493211, 0, 1041929393, 1660461420, 986379950, 0, 130916402, 0, 1486946608, 272077579, 0, 1384938625, 1562439083, 1980035175, 195672750, 1940020099, 80800127, 378558856, 0, 0, 875801699, 0, 118016360, 1683004381, 337762908, 1990367091, 1331999066, 1775091178, 0, 1575646674, 1293393168, 1477061219, 0, 1171691915, 0, 0, 0, 0, 193627433, 516718567, 1291360628, 0, 0, 0, 1879848830, 230712646, 1350470552, 0, 1269938211, 120058197, 0, 531051574, 0, 1644966447, 1800850008, 426105268, 1715864152, 1834901494, 241603514, 1577567928, 0, 1983532842, 0, 0, 0, 540047397, 1545187870, 1284304654, 0, 976024881, 1173648614, 0, 0, 560581271, 1324253439, 0, 1978456449, 0],[0, 923634329, 0, 0, 897410228, 0, 2033111200, 0, 0, 1719957263, 783297080, 1662010816, 92442574, 0, 0, 1912904476, 1128493211, -1, 1464294500, 0, 1686737132, 642315725, 2079857689, 851939540, 1981504374, 0, 1759669387, 1562182918, 1398567310, 2095766593, 0, 1448693673, 859732077, 225935728, 426008814, 818414044, 25650535, 552685229, 0, 2114050785, 0, 1067485535, 680326634, 0, 0, 1373977124, 684850855, 68534286, 552749785, 0, 1366725641, 0, 810954866, 911946958, 650300061, 409234241, 0, 0, 301840341, 1251981110, 1813445972, 1120594279, 63061622, 0, 1726005284, 0, 1567761960, 340677120, 863192681, 0, 328202381, 1357343751, 1552225709, 570246232, 813558982, 1119675608, 1960314619, 0, 1331591520, 0, 0, 673791127, 986242394, 1312318813, 539014540, 1036300446, 460039209, 1524966641, 884253454, 0, 0, 0, 1575273557, 0, 1890385689],[0, 1630233043, 0, 0, 0, 1693219135, 752143733, 1112728181, 1465838601, 784640448, 1579463582, 0, 0, 0, 0, 891614384, 0, 1464294500, -1, 109126885, 1511543510, 1707563664, 641564398, 0, 144088922, 1755939351, 0, 68398905, 0, 593489516, 1716395031, 30529206, 0, 0, 0, 1068488973, 647780951, 1093355416, 2096409160, 0, 348552191, 980191482, 0, 398877711, 1258133384, 0, 1371994653, 0, 790037991, 695760361, 125063735, 944647268, 358996635, 0, 0, 781194191, 1358831318, 0, 1930986003, 0, 1144487548, 1569925766, 0, 0, 994373846, 0, 1617829112, 999259862, 46776705, 0, 599421814, 2143245056, 0, 264992907, 0, 1295168465, 0, 0, 197778514, 1835274881, 0, 501103040, 567881509, 0, 424999329, 1121034596, 356753460, 108310282, 0, 0, 2064391411, 1363657744, 658444700, 1223033328, 520525531],[2034999943, 1365595625, 0, 1671092859, 0, 0, 1312728991, 0, 1061103705, 1938705101, 0, 0, 811855119, 1502328298, 399267194, 1095677741, 1041929393, 0, 109126885, -1, 891002868, 0, 0, 0, 1030596701, 815498364, 730657489, 1688083807, 0, 0, 906779857, 873239782, 931036924, 2038588690, 513034970, 0, 607850136, 874897252, 0, 1102731110, 1935830711, 1292137792, 2142626673, 0, 762194357, 2136089359, 0, 747564247, 669672322, 0, 512977135, 0, 972292093, 755638887, 1575557590, 1988158029, 2067828267, 1507539926, 1465446451, 0, 0, 68953264, 1483425183, 0, 0, 2065237292, 0, 0, 929150855, 667990253, 0, 1643863976, 0, 0, 274090787, 1501568485, 737047112, 0, 1896213322, 1811324794, 1340607665, 0, 0, 423325062, 0, 593206883, 0, 514653399, 1389600489, 349522306, 626640705, 200135925, 408784835, 1192631199, 465184386],[658931414, 1898550754, 268719785, 0, 0, 0, 1035475703, 0, 0, 2115365385, 1166017172, 138355138, 2141432838, 0, 553606492, 686588048, 1660461420, 1686737132, 1511543510, 891002868, -1, 1379770034, 991980211, 1904984564, 367624593, 2066763696, 1052718819, 1693285939, 1392425837, 0, 1878716994, 0, 534089217, 1724969267, 1920841917, 0, 1924958756, 1903729807, 0, 0, 1690012746, 0, 0, 726761085, 0, 199844473, 0, 1455743379, 1028175727, 0, 1538502194, 0, 171508538, 0, 0, 1036854022, 1751602976, 0, 0, 1348749935, 305811140, 1477764667, 2076049355, 0, 0, 56916840, 637688125, 921088632, 1934787813, 1096464922, 0, 254104617, 928667133, 166772593, 0, 676030326, 0, 0, 1713999295, 1998482756, 561036346, 0, 0, 104032347, 0, 0, 832979168, 1071899888, 1761821838, 957183061, 631536633, 2001663104, 0, 968778923, 224556603],[1125055437, 0, 0, 1839077822, 0, 10279696, 1747908396, 1937362690, 1571144567, 2025367403, 1338575302, 0, 0, 0, 619702412, 1167259682, 986379950, 642315725, 1707563664, 0, 1379770034, -1, 1833831389, 0, 1019887776, 430297966, 110378824, 734000735, 0, 967329971, 2077379127, 0, 1135603456, 1532878964, 0, 1717792940, 251467971, 0, 0, 892256479, 180979244, 1282282647, 1362527948, 1127164073, 274655451, 0, 0, 378792037, 210396066, 1309325955, 1439033349, 1572392498, 162409754, 718518266, 1039313751, 1542231854, 0, 0, 0, 1966130194, 680264189, 1800648142, 1288752246, 32703986, 1086937350, 268024475, 0, 1654129270, 1855086375, 0, 996486311, 0, 86442535, 0, 0, 1335942364, 0, 1501947193, 963785434, 1799222504, 0, 47563473, 187701548, 1565183173, 0, 1782291291, 351743584, 603326274, 1614764782, 0, 813524877, 0, 1992489411, 0, 0],[1607947196, 1668478941, 1735227562, 1088817047, 0, 0, 977504379, 0, 0, 1278231872, 0, 0, 632438741, 0, 0, 1108931016, 0, 2079857689, 641564398, 0, 991980211, 1833831389, -1, 1468026289, 867773814, 1645734607, 713404166, 1240383053, 328320913, 0, 0, 0, 2129846663, 0, 2109706234, 0, 0, 549305170, 0, 0, 269137140, 1733151341, 0, 0, 0, 0, 167196523, 0, 819577810, 869714246, 1507053108, 1723730912, 1827210383, 2111294155, 1607572547, 0, 802068835, 38927281, 0, 0, 1952990528, 0, 1366503288, 956153523, 235275704, 731649354, 1049382461, 1297265327, 1779181490, 0, 57784522, 647120897, 1412478176, 0, 0, 1398383062, 0, 0, 0, 747573553, 1606038487, 1964524387, 0, 617722414, 0, 0, 1583509605, 1606586423, 312590727, 204337853, 819054324, 0, 0, 1539397667, 0],[406806252, 846010642, 558111204, 21579722, 1432186042, 0, 1650455778, 131710382, 660047879, 623329219, 1095240319, 1355591656, 0, 1385558935, 1401879817, 995821708, 130916402, 851939540, 0, 0, 1904984564, 0, 1468026289, -1, 1454315065, 121594591, 0, 159756093, 172310179, 0, 0, 1669348382, 1970939379, 972252825, 1879341555, 805374519, 0, 1327073964, 0, 1790616443, 1477306328, 0, 0, 1565823474, 1721300874, 889983822, 0, 2097271200, 0, 0, 0, 2122593246, 1818611016, 575115025, 0, 870043819, 0, 0, 590274888, 1547660215, 681396048, 1927254572, 555438585, 1789139681, 1949348184, 1134312337, 388195833, 756837821, 159949706, 0, 1164036760, 1922764907, 387485165, 1792384440, 529919106, 1608458255, 0, 2068520661, 1285500196, 1933786724, 1606153081, 0, 1011666662, 370042052, 0, 0, 0, 0, 0, 677239145, 0, 1493323423, 0, 524026096, 258250492],[836217655, 965723235, 243921422, 1870055621, 2104389097, 0, 325801760, 1088681944, 0, 861956013, 234055411, 212237104, 0, 758007217, 1123710580, 1343052520, 0, 1981504374, 144088922, 1030596701, 367624593, 1019887776, 867773814, 1454315065, -1, 0, 0, 1628905974, 0, 1328700133, 0, 864229322, 0, 84448666, 1527025855, 1806916286, 0, 1203082299, 1838435970, 39998481, 1296317909, 531602954, 0, 1370822741, 116899084, 194445186, 1098056502, 643177939, 1546320167, 369033984, 1877461167, 2084254603, 0, 1098732987, 367316317, 0, 301100157, 1203383116, 1408066704, 1110685138, 254079692, 702307070, 1674581322, 677919736, 0, 306811937, 949997053, 0, 1644649793, 1534285341, 0, 1557322448, 692739886, 1863165780, 1326175892, 1705109048, 1008189527, 1548362135, 834379301, 181951894, 248755236, 477905006, 947690761, 153316367, 0, 0, 0, 553808754, 0, 1904252716, 0, 42621118, 539125786, 1527291210, 880833813],[2133825021, 1866738381, 749609618, 2113174393, 1961033187, 1726083448, 1868688191, 93042643, 1308717367, 436610344, 592431092, 0, 0, 1887513490, 477737621, 0, 1486946608, 0, 1755939351, 815498364, 2066763696, 430297966, 1645734607, 121594591, 0, -1, 109091613, 0, 0, 0, 815822002, 1584707903, 0, 0, 0, 333585693, 0, 0, 1276976226, 453012229, 1300134155, 220443023, 860941260, 0, 47600981, 0, 982206389, 0, 2133361742, 0, 278373114, 0, 1882545856, 0, 0, 0, 1120355733, 0, 355356833, 1608154572, 0, 157024662, 2064438739, 0, 0, 507673384, 0, 0, 946179791, 487408356, 599297909, 0, 0, 0, 1975765797, 150333940, 1243002576, 0, 0, 1907620371, 1140011380, 1016453684, 1117620743, 1095043129, 1146758004, 661641839, 1326530458, 0, 1369465474, 1139509458, 156147809, 700902709, 665542111, 0, 0],[747185305, 0, 109182609, 0, 591385359, 87340132, 0, 1691080326, 1063750038, 2021587923, 1734100071, 472646368, 1450319749, 0, 0, 1505008130, 272077579, 1759669387, 0, 730657489, 1052718819, 110378824, 713404166, 0, 0, 109091613, -1, 1929418343, 2123089813, 1360451982, 1938955255, 0, 31903281, 1172156090, 113244066, 1864124779, 1240729616, 2045716951, 1105253299, 1576971425, 0, 2135498297, 1331677587, 0, 2074790359, 2067442236, 0, 1460353587, 0, 564212136, 1716338531, 2138421022, 285767046, 0, 635561948, 97266406, 878366924, 0, 988161942, 738179735, 0, 1299979839, 1853149576, 0, 801316765, 353933303, 0, 0, 141924617, 0, 1173646249, 0, 369037809, 0, 0, 905134178, 1795117773, 0, 0, 502609670, 0, 1881664434, 999787421, 558467511, 0, 1058336764, 476798567, 0, 965783892, 1717095849, 94739388, 334345915, 0, 0, 81089159],[1152936487, 1433681521, 0, 408072606, 1554992716, 173282925, 1227321855, 598932778, 0, 1982991724, 1432082189, 1884640170, 0, 2043802453, 1714848736, 0, 0, 1562182918, 68398905, 1688083807, 1693285939, 734000735, 1240383053, 159756093, 1628905974, 0, 1929418343, -1, 0, 0, 77986870, 1718453115, 189879174, 1693418853, 1709826321, 0, 0, 0, 0, 1502740656, 171739262, 0, 1166644288, 1522506353, 0, 1343255066, 0, 1185781549, 1402004518, 0, 1341039586, 586475507, 1224589784, 127476583, 1216616558, 1877571311, 1180767628, 0, 1998442195, 1551626026, 0, 1142487551, 0, 0, 1710166860, 1151310840, 0, 220416234, 0, 0, 0, 933722561, 0, 1713443342, 1690871866, 1100577827, 0, 0, 1539791232, 0, 1241690671, 779151267, 723743279, 1655965235, 1416391615, 1818751449, 1147162602, 1244292193, 0, 0, 0, 772410593, 0, 1172515370, 1761604277],[1547561923, 1443182198, 1975010456, 432786704, 422385627, 2112680537, 1487119391, 407548917, 939815159, 1184255729, 1096436756, 1060941419, 0, 1924352132, 109008924, 1712861405, 1384938625, 1398567310, 0, 0, 1392425837, 0, 328320913, 172310179, 0, 0, 2123089813, 0, -1, 0, 1236294455, 1174786994, 748681880, 1438746549, 0, 266963219, 1586139387, 174992046, 1518947430, 0, 0, 0, 788096299, 902930627, 435281441, 863151270, 1333733565, 1847722402, 1164310524, 1024288025, 15044271, 0, 0, 1304863950, 1180875815, 0, 2104388950, 41926995, 240745662, 480684314, 726046412, 0, 1266739677, 489009143, 0, 0, 2121650484, 812691326, 0, 0, 0, 920940425, 686234540, 0, 0, 1105528135, 445303679, 0, 939192345, 1400341340, 2041771133, 1220709526, 201120509, 344918491, 305668160, 104363057, 0, 0, 1979272344, 718813295, 222826763, 0, 0, 0, 663525694],[0, 1191627068, 662459995, 0, 1535487182, 227169436, 64146781, 2125156276, 1234306961, 1379899908, 87229830, 1676172607, 211289174, 5514905, 1823757911, 773540877, 1562439083, 2095766593, 593489516, 0, 0, 967329971, 0, 0, 1328700133, 0, 1360451982, 0, 0, -1, 1126734095, 2112685433, 483307084, 1948083715, 1783749237, 1399121844, 616780162, 1419817069, 302099559, 2080004651, 830913214, 1674238160, 1624641947, 1634958072, 1105690664, 0, 0, 33305871, 295751355, 1203352435, 744225935, 92498048, 895853968, 75708979, 0, 977937366, 1856111331, 0, 1750291505, 0, 124056041, 1586649991, 539199012, 1731445584, 1948891400, 1281844999, 0, 1850686946, 1447840863, 1654942130, 49739335, 235204213, 495645591, 0, 0, 149478519, 914190416, 0, 857767187, 1628850486, 1238978444, 0, 0, 0, 0, 0, 1610246854, 135632366, 402297740, 644841693, 696932890, 634167656, 610967344, 0, 174200178],[0, 489639644, 957412324, 0, 1364954866, 2143760584, 1147933738, 718752620, 876232936, 0, 1868564463, 1638878634, 760101097, 0, 1073094600, 1833073944, 1980035175, 0, 1716395031, 906779857, 1878716994, 2077379127, 0, 0, 0, 815822002, 1938955255, 77986870, 1236294455, 1126734095, -1, 188735813, 821825671, 0, 1299663929, 0, 0, 0, 2081337391, 1939386442, 975747817, 159565856, 0, 0, 646173455, 626062066, 537486192, 711887188, 452292729, 0, 1719883151, 80597033, 0, 0, 564000739, 370045109, 0, 1011127101, 1896046116, 0, 2036216189, 1114954120, 0, 0, 234784788, 0, 0, 0, 108484448, 208295924, 1302471871, 0, 244894633, 0, 0, 1618238131, 0, 0, 248883670, 1028676452, 1364063776, 1153781736, 683433929, 0, 0, 0, 825410014, 8797724, 1722740156, 153777228, 1168270341, 99918165, 0, 0, 1705510566],[900691528, 1576707318, 0, 633324394, 2097587882, 704837451, 979170234, 312463535, 1361112019, 826333928, 1536302378, 0, 0, 0, 950430630, 121871152, 195672750, 1448693673, 30529206, 873239782, 0, 0, 0, 1669348382, 864229322, 1584707903, 0, 1718453115, 1174786994, 2112685433, 188735813, -1, 0, 1155043615, 865511672, 0, 1404620069, 1222674235, 0, 50031323, 1505329724, 0, 0, 122860940, 0, 0, 628218427, 0, 1314052427, 2137341968, 2109112931, 0, 1333840570, 778371480, 0, 1332340152, 0, 1658383824, 1050129808, 924782481, 0, 1931800150, 0, 1508433689, 525443946, 1913038485, 1981816960, 1593067366, 1536900107, 1094349826, 1560248456, 1742676440, 2091642931, 1159980531, 1775801498, 0, 679114120, 925065990, 0, 0, 305714493, 0, 0, 0, 746045946, 1122826486, 1307361203, 0, 1164490715, 812048526, 0, 1389384767, 0, 291696585, 0],[431199025, 1675442871, 1056440349, 0, 352985234, 23902444, 1227060812, 233119864, 0, 730389124, 0, 0, 1025177198, 0, 1823896248, 713963011, 1940020099, 859732077, 0, 931036924, 534089217, 1135603456, 2129846663, 1970939379, 0, 0, 31903281, 189879174, 748681880, 483307084, 821825671, 0, -1, 0, 734128484, 1623885870, 1333902912, 1077579022, 1488347411, 1377598079, 0, 342195458, 0, 119554216, 1491577267, 0, 2109525769, 0, 1953550955, 1189213248, 0, 0, 66020200, 1639221166, 0, 276425276, 174249894, 259991409, 1058723153, 1863120985, 2064528853, 1719632729, 1810705738, 2640107, 0, 1210201309, 0, 1121035786, 0, 1633594067, 0, 0, 1120584834, 0, 1337786088, 614348429, 60405786, 1027730914, 127782604, 0, 0, 0, 1286290401, 1076495422, 0, 0, 0, 0, 1204130026, 0, 0, 0, 0, 493895518, 1726081016],[1514097949, 993441891, 0, 0, 892363295, 1296933567, 706855414, 2046293865, 0, 0, 206364522, 45853442, 0, 0, 1597264478, 0, 80800127, 225935728, 0, 2038588690, 1724969267, 1532878964, 0, 972252825, 84448666, 0, 1172156090, 1693418853, 1438746549, 1948083715, 0, 1155043615, 0, -1, 1569095931, 0, 246635568, 1851452370, 1384289453, 208320573, 515267167, 69700074, 0, 48888451, 2043410376, 1524121572, 769379920, 1806882478, 0, 334705589, 728177539, 1794402541, 0, 1059026499, 433514452, 55755470, 0, 903924905, 0, 0, 0, 1498525080, 0, 1341633890, 305374956, 1835330205, 1427744330, 236503448, 0, 1809527721, 143490815, 0, 1941769531, 674634501, 1823433331, 0, 790709491, 0, 0, 1777504802, 599004604, 0, 544716755, 0, 1050855008, 2016679371, 1390002507, 0, 0, 1980542726, 1619746210, 161178811, 257237333, 0, 855611034],[0, 0, 1420210853, 0, 0, 1311013137, 0, 0, 0, 0, 1871553650, 1498935148, 25862608, 53154826, 922972633, 1517343537, 378558856, 426008814, 0, 513034970, 1920841917, 0, 2109706234, 1879341555, 1527025855, 0, 113244066, 1709826321, 0, 1783749237, 1299663929, 865511672, 734128484, 1569095931, -1, 0, 0, 1541975430, 0, 1004265853, 1908059284, 0, 0, 0, 1902966002, 2090305431, 517826657, 0, 1416762556, 660014835, 2031560015, 1685188075, 2048732541, 0, 0, 0, 816710671, 1637153798, 1351526053, 0, 374878157, 0, 935266329, 0, 390497499, 27489213, 55841532, 1915776360, 0, 1145841029, 161587090, 1798360302, 1314443235, 0, 1900039454, 0, 0, 0, 0, 1206898371, 337493427, 0, 1531561928, 567114321, 2047600048, 0, 1374518599, 1436650150, 100444985, 0, 817290750, 1680086140, 0, 991066155, 0],[1759591455, 2123650055, 708438448, 1839085844, 286259243, 0, 0, 0, 0, 434455692, 0, 979562114, 1272593753, 524072686, 822166745, 0, 0, 818414044, 1068488973, 0, 0, 1717792940, 0, 805374519, 1806916286, 333585693, 1864124779, 0, 266963219, 1399121844, 0, 0, 1623885870, 0, 0, -1, 1347782229, 1789280387, 0, 114180570, 1889759962, 0, 67569257, 0, 1619087534, 0, 459491097, 2079222485, 1268333117, 701557903, 0, 1951044832, 527327535, 0, 0, 911653003, 1779344502, 0, 1290659681, 2118116167, 0, 0, 1813438081, 1107274062, 177366367, 0, 1331947934, 1408782708, 2039743923, 0, 0, 1000361504, 1820475969, 190908086, 1294647560, 1039431242, 1474834480, 952771579, 1764016738, 1384654737, 276899507, 340678511, 1798369014, 0, 1714753478, 0, 1622572379, 0, 1171577935, 1973673529, 833637289, 486580763, 0, 201883092, 2034872991],[1791627209, 0, 200103924, 959188692, 1943739602, 0, 448279307, 1073702465, 0, 786727322, 250479675, 102964715, 282959572, 1412358339, 486755115, 0, 0, 25650535, 647780951, 607850136, 1924958756, 251467971, 0, 0, 0, 0, 1240729616, 0, 1586139387, 616780162, 0, 1404620069, 1333902912, 246635568, 0, 1347782229, -1, 291258653, 0, 68463152, 0, 0, 1408699566, 660140710, 1329670346, 0, 0, 0, 0, 2000827935, 2102685858, 1977165282, 2100435476, 972388913, 0, 0, 0, 1833399756, 2068002921, 1884649952, 1607333855, 928157881, 477567471, 628997110, 0, 934372408, 0, 213386827, 295341543, 16953595, 1569112959, 1722053152, 313545341, 0, 736055420, 1938743036, 0, 0, 381334749, 0, 0, 1241179324, 1946341645, 1903783033, 1548501208, 1922846450, 33603767, 0, 1356246444, 1124678142, 0, 1728554570, 0, 0, 0],[0, 1276383033, 1880581121, 245978610, 0, 1120594212, 0, 0, 722000423, 866448836, 1106740584, 1351230433, 1320755126, 0, 0, 688231176, 875801699, 552685229, 1093355416, 874897252, 1903729807, 0, 549305170, 1327073964, 1203082299, 0, 2045716951, 0, 174992046, 1419817069, 0, 1222674235, 1077579022, 1851452370, 1541975430, 1789280387, 291258653, -1, 1665830287, 0, 1820302802, 0, 1808757895, 1598825786, 589516689, 1099721649, 815956718, 0, 0, 0, 781203185, 735015785, 0, 0, 1187046090, 1424846291, 1765641851, 0, 422032741, 573891051, 534991903, 110361644, 0, 0, 1894630243, 66378721, 1501725909, 0, 1963421287, 0, 758054644, 713959929, 1074692398, 705483753, 0, 43471170, 1431939137, 696427184, 0, 1963308581, 0, 0, 0, 0, 352568878, 1596760445, 242881593, 0, 1679208346, 0, 917731083, 1511027489, 1346282135, 578247444, 0],[1606636993, 0, 2139229992, 1584784222, 1422879410, 1284619744, 0, 1157933962, 0, 1855986978, 1632307921, 0, 0, 0, 823181168, 715994422, 0, 0, 2096409160, 0, 0, 0, 0, 0, 1838435970, 1276976226, 1105253299, 0, 1518947430, 302099559, 2081337391, 0, 1488347411, 1384289453, 0, 0, 0, 1665830287, -1, 0, 420682953, 1402123310, 2074748483, 0, 1415927423, 1235888169, 272990596, 2114525934, 1819801612, 344104424, 0, 0, 2060197627, 786928968, 435326258, 680090015, 1855204384, 1948389, 0, 299789550, 0, 0, 0, 1826861730, 0, 333245813, 699676090, 213743997, 0, 1471479467, 944664108, 0, 1659755507, 0, 0, 1240263548, 1494762185, 0, 1396434929, 189246019, 874788686, 0, 0, 75257210, 952434773, 0, 7213426, 0, 1203434610, 0, 1092536435, 450248082, 411591977, 0, 908112959],[831166114, 0, 0, 156453595, 0, 697022211, 1006755947, 0, 0, 0, 1546965682, 0, 1793280098, 64056770, 1736442791, 1190633154, 118016360, 2114050785, 0, 1102731110, 0, 892256479, 0, 1790616443, 39998481, 453012229, 1576971425, 1502740656, 0, 2080004651, 1939386442, 50031323, 1377598079, 208320573, 1004265853, 114180570, 68463152, 0, 0, -1, 1943956904, 1735205333, 395939014, 528389546, 877821572, 760421731, 1753041979, 1832284650, 1896226164, 0, 1352839078, 0, 0, 521116943, 975895987, 1885780404, 907967230, 0, 0, 0, 1620463627, 534528993, 448890859, 130836060, 778924563, 148912176, 1008622119, 1891526953, 1588294195, 0, 1793018516, 0, 1698826786, 1569754216, 0, 0, 770194243, 1070962877, 0, 1195151531, 0, 1056414121, 0, 0, 318305907, 200029718, 950085170, 829431075, 586975135, 1653138677, 0, 1724028619, 0, 2034460194, 1974948305],[0, 1127254699, 1770514732, 1014735787, 1955981347, 1906071438, 1225374726, 1897077596, 289322309, 439001832, 0, 674644459, 0, 1228870708, 1058540646, 0, 1683004381, 0, 348552191, 1935830711, 1690012746, 180979244, 269137140, 1477306328, 1296317909, 1300134155, 0, 171739262, 0, 830913214, 975747817, 1505329724, 0, 515267167, 1908059284, 1889759962, 0, 1820302802, 420682953, 1943956904, -1, 821261844, 1545852077, 426054666, 0, 1702643321, 873664242, 0, 486688516, 1530408088, 0, 0, 103222281, 1032210025, 1299312397, 0, 642569518, 49567847, 99751389, 1685384113, 0, 168350532, 1295014614, 0, 1872726448, 1043358973, 1036568209, 1168297624, 0, 1714037679, 685937758, 1125745232, 914653204, 1109398028, 0, 1426541863, 0, 947972646, 1084761512, 897072796, 0, 0, 305049962, 0, 568355326, 0, 1649612553, 1247524105, 0, 2132300274, 0, 301008622, 0, 0, 243016691],[854738286, 0, 39346637, 0, 1932432740, 0, 1122609919, 1566799570, 0, 349931970, 984799759, 519377269, 1101267887, 1711202279, 1913185645, 342230526, 337762908, 1067485535, 980191482, 1292137792, 0, 1282282647, 1733151341, 0, 531602954, 220443023, 2135498297, 0, 0, 1674238160, 159565856, 0, 342195458, 69700074, 0, 0, 0, 0, 1402123310, 1735205333, 821261844, -1, 751617972, 0, 0, 0, 130860598, 254665162, 0, 2072797197, 1681606371, 438611609, 1699569627, 1713203992, 0, 426615011, 0, 0, 1457097720, 962851606, 1337239581, 1480314962, 1542629392, 0, 527706552, 90825410, 631300642, 1490813186, 0, 348724302, 0, 1691239954, 1386678315, 1751540567, 0, 0, 1065167131, 752579748, 1696893067, 0, 550902287, 1962906997, 35284813, 1226071692, 0, 0, 162691388, 1155921745, 1282261598, 1675204477, 1449090649, 0, 0, 2020716227, 289636184],[288389645, 1774031405, 1349469750, 0, 0, 1507140964, 2040565269, 460846927, 2073434446, 0, 1106423771, 1433334094, 0, 1997180378, 0, 0, 1990367091, 680326634, 0, 2142626673, 0, 1362527948, 0, 0, 0, 860941260, 1331677587, 1166644288, 788096299, 1624641947, 0, 0, 0, 0, 0, 67569257, 1408699566, 1808757895, 2074748483, 395939014, 1545852077, 751617972, -1, 1582498748, 0, 0, 1364390788, 1230074401, 1613127827, 0, 0, 0, 218691244, 985649082, 0, 0, 214585384, 1508151701, 1005678401, 0, 676731595, 0, 1215853462, 0, 544869124, 1266064608, 780981923, 0, 0, 1108176427, 1975556108, 1187844181, 0, 1016172660, 784194618, 1530756494, 0, 0, 996495769, 0, 1353462501, 0, 1485652493, 1249242863, 832443076, 902684926, 252626515, 1218838579, 0, 1778440143, 386383251, 620441999, 2047643549, 2125867638, 106801440],[0, 0, 0, 1767756493, 2102083666, 325547009, 1722092832, 322622670, 490737895, 1782645738, 0, 590100763, 925604733, 241849663, 1065529674, 0, 1331999066, 0, 398877711, 0, 726761085, 1127164073, 0, 1565823474, 1370822741, 0, 0, 1522506353, 902930627, 1634958072, 0, 122860940, 119554216, 48888451, 0, 0, 660140710, 1598825786, 0, 528389546, 426054666, 0, 1582498748, -1, 57499770, 1433165640, 0, 676727202, 0, 0, 321368201, 491028138, 905554590, 609956872, 1452626422, 874522456, 1994547836, 1525628238, 0, 105677227, 0, 1174138617, 695338458, 0, 1032606676, 409406211, 1064185385, 1311894222, 0, 0, 0, 1252678858, 0, 1193217089, 0, 960082696, 1721040721, 0, 1791590366, 100412538, 1388340476, 0, 412701034, 0, 0, 0, 1533316085, 0, 199299370, 0, 0, 1781568100, 396114698, 1887212970, 754740474],[0, 1920276897, 446240361, 1938393235, 0, 1300527759, 0, 0, 324271337, 0, 0, 0, 0, 0, 0, 1498237545, 1775091178, 0, 1258133384, 762194357, 0, 274655451, 0, 1721300874, 116899084, 47600981, 2074790359, 0, 435281441, 1105690664, 646173455, 0, 1491577267, 2043410376, 1902966002, 1619087534, 1329670346, 589516689, 1415927423, 877821572, 0, 0, 0, 57499770, -1, 0, 629565645, 1179369537, 18741062, 0, 0, 841771089, 984621913, 0, 0, 1076850559, 0, 224232736, 0, 0, 584325183, 0, 0, 20996036, 0, 1654201508, 1283839562, 1698732259, 550194690, 734858796, 1015106839, 588288284, 0, 1886243322, 0, 970052343, 381537959, 0, 0, 1450016583, 399524912, 0, 1968445617, 504868953, 1010953699, 944246504, 299195069, 0, 103153577, 1575709535, 1953375700, 15510457, 39686883, 2107085697, 1172804273],[1678282859, 1768901399, 108474767, 264515002, 1094103523, 0, 1330247387, 0, 158840244, 0, 861665438, 1699644065, 1007816462, 1583293097, 1514020237, 0, 0, 1373977124, 0, 2136089359, 199844473, 0, 0, 889983822, 194445186, 0, 2067442236, 1343255066, 863151270, 0, 626062066, 0, 0, 1524121572, 2090305431, 0, 0, 1099721649, 1235888169, 760421731, 1702643321, 0, 0, 1433165640, 0, -1, 0, 1476903739, 2072804561, 1518085476, 1294620078, 900730349, 1410029518, 986792935, 1226176909, 1355241271, 1785817700, 1516372819, 0, 0, 32951533, 0, 410409591, 1033749358, 667799229, 70951861, 1436063734, 0, 825110650, 37686620, 0, 1138380461, 1354401161, 0, 1328111019, 1115265953, 96541380, 431147605, 989747531, 1066841737, 1358479574, 1518737854, 1363831204, 0, 0, 1397594445, 366293959, 1415029597, 1868694632, 0, 680360309, 1857329661, 0, 1936735064, 1970874340],[176495982, 0, 759023865, 1483088887, 94645467, 1562377054, 1922819233, 0, 0, 1763833719, 379012003, 733781735, 0, 1983240562, 270488845, 452579585, 1575646674, 684850855, 1371994653, 0, 0, 0, 167196523, 0, 1098056502, 982206389, 0, 0, 1333733565, 0, 537486192, 628218427, 2109525769, 769379920, 517826657, 459491097, 0, 815956718, 272990596, 1753041979, 873664242, 130860598, 1364390788, 0, 629565645, 0, -1, 0, 0, 456454419, 0, 2024433164, 0, 1281357061, 0, 1914567368, 0, 514306752, 690141332, 0, 1132330519, 0, 0, 1969494361, 1263721308, 2049769110, 0, 1895745625, 0, 0, 0, 0, 1317283062, 700358317, 155779019, 438317225, 138564484, 66471425, 1662453191, 1877891458, 25997039, 1702669947, 0, 622071579, 0, 1275988076, 1903253929, 1548085908, 735655216, 638621473, 2031108622, 0, 1811824448, 1619946690, 37203709],[0, 0, 910704655, 0, 0, 1086339932, 83318599, 0, 1067387244, 0, 119164535, 0, 69870927, 484364553, 0, 0, 1293393168, 68534286, 0, 747564247, 1455743379, 378792037, 0, 2097271200, 643177939, 0, 1460353587, 1185781549, 1847722402, 33305871, 711887188, 0, 0, 1806882478, 0, 2079222485, 0, 0, 2114525934, 1832284650, 0, 254665162, 1230074401, 676727202, 1179369537, 1476903739, 0, -1, 417189093, 0, 1817540474, 0, 0, 1746966335, 0, 2086782285, 970925583, 0, 607581650, 1552599897, 0, 1933630167, 754706918, 550533299, 1353031617, 2125063315, 602753541, 0, 1988782353, 0, 1472158589, 89511646, 0, 980909722, 1666895608, 0, 683287328, 549084383, 166686627, 1277536732, 128313653, 0, 0, 1512739350, 44130041, 265550000, 0, 1783126285, 1735267984, 1913441592, 227916373, 1431040241, 0, 10436630, 326329351],[524145241, 0, 944713139, 1538247570, 513527860, 2001787967, 592335359, 0, 192369211, 1021506384, 1436505996, 1091214633, 731919558, 0, 0, 1694765963, 1477061219, 552749785, 790037991, 669672322, 1028175727, 210396066, 819577810, 0, 1546320167, 2133361742, 0, 1402004518, 1164310524, 295751355, 452292729, 1314052427, 1953550955, 0, 1416762556, 1268333117, 0, 0, 1819801612, 1896226164, 486688516, 0, 1613127827, 0, 18741062, 2072804561, 0, 417189093, -1, 0, 257050162, 0, 0, 747454027, 718609945, 0, 0, 0, 1930226681, 0, 2007385823, 2029793332, 1877226201, 1317670190, 1910875720, 619009707, 0, 942968241,