96
[[-1, 291297767, 0, 422448749, 1549896196, 454191928, 916033509, 775996426, 0, 1390865364, 0, 1446361431, 2125809843, 1102514292, 431774448, 1628174756, 1979136350, 0, 0, 0, 1702656842, 183057089, 176826176, 2007618648, 0, 0, 1147094859, 1476627199, 772761899, 1249419871, 1775591280, 0, 1307660199, 0, 1599030727, 1848948652, 0, 2124103261, 349633196, 1968011996, 187051186, 0, 142694668, 1861587812, 743479772, 0, 0, 1361294716, 2065895338, 1735325350, 0, 257824625, 0, 1383644749, 0, 360958300, 0, 155030522, 439875921, 0, 461911070, 0, 0, 0, 0, 1364718844, 1819515560, 1656809962, 1390776588, 653638125, 315016921, 1722149831, 1554565862, 0, 468631462, 1987754519, 1676790468, 18521256, 365141861, 2005594141, 1790371622, 673006486, 672910074, 0, 0, 0, 509791651, 0, 553661649, 1892716041, 0, 0, 1686693987, 1003362370, 0, 190716283],[291297767, -1, 939874770, 1999545997, 1770576846, 0, 0, 61796126, 118677561, 0, 1861804140, 0, 0, 0, 581109644, 291560153, 0, 1318875702, 340468521, 1126451334, 575951314, 0, 0, 250815162, 1694324224, 0, 0, 1607123591, 319704770, 539799207, 0, 1338999123, 1155498358, 2007128377, 251678249, 1658700451, 1993759545, 0, 983804649, 0, 0, 0, 1999150557, 23263336, 131789468, 0, 1733303455, 1268481505, 986495618, 728161777, 813053554, 2100803851, 1912078142, 0, 2007281151, 1506093309, 1501202524, 1531980486, 569634829, 1533761054, 0, 1624015135, 0, 1024505254, 0, 0, 0, 0, 806513742, 748210092, 0, 0, 984707957, 0, 1479665018, 1376770801, 362307432, 0, 193310178, 0, 0, 0, 0, 136263180, 1810938539, 744861622, 1421485845, 401894141, 0, 0, 1737213049, 59403187, 1192611513, 0, 0, 1652367733],[0, 939874770, -1, 0, 0, 1701180802, 1163301600, 390922070, 2135535167, 0, 1587704995, 1728209874, 0, 0, 340787639, 1483707153, 2047367164, 585681824, 0, 2029716048, 0, 0, 1234896837, 452090879, 78964277, 1504677881, 1382679298, 1828563065, 1140068329, 3054303, 1464343405, 0, 1008460372, 0, 1347418460, 0, 1889157153, 614571277, 0, 1282904829, 1603610663, 26595982, 0, 219733817, 276530034, 889201586, 53204462, 0, 491560342, 0, 0, 351822166, 2138787701, 521503955, 0, 1908545368, 0, 494691359, 0, 0, 1773962173, 0, 0, 127958840, 0, 483815679, 305017699, 0, 617810407, 0, 503331876, 2088408173, 1404116409, 1082271248, 1493011728, 1363564493, 0, 955077312, 823707635, 812140938, 1344011141, 532709097, 1567399938, 0, 0, 341277487, 0, 528433950, 474279883, 1461347472, 357692103, 304900901, 1837048336, 1810310991, 0, 713215506],[422448749, 1999545997, 0, -1, 2138040889, 2020349667, 906051883, 638512753, 364858966, 0, 0, 286091483, 80873291, 0, 0, 2050398107, 1893687719, 944864009, 1953177990, 1093190591, 837742575, 1493230356, 1179103994, 0, 1817546450, 813095608, 1312462000, 0, 0, 0, 1850740098, 248756021, 372544239, 264746362, 0, 958109644, 1133341377, 0, 1881763029, 663576753, 457608092, 138523397, 830399123, 1965373510, 839941760, 1527024238, 0, 0, 263559716, 0, 0, 0, 1980222409, 1402214324, 0, 2289195, 1247797140, 1973219737, 1363589240, 597911177, 0, 947926136, 0, 1493751264, 809045191, 0, 305678078, 946243367, 0, 1646748676, 535786461, 1340319239, 1503622437, 696919803, 1615472186, 891795830, 1927434100, 0, 0, 1934398398, 0, 0, 330807019, 657233638, 0, 1204195925, 0, 0, 510185371, 768575633, 0, 1720485982, 702849334, 0, 0, 1880059357],[1549896196, 1770576846, 0, 2138040889, -1, 0, 0, 418105880, 1167978378, 665743009, 380061711, 0, 533528774, 0, 518291130, 1850751744, 2003851448, 901532301, 1123852948, 0, 961146030, 0, 0, 0, 2007812212, 1873923940, 0, 124633783, 2068130733, 1941811322, 1607902331, 1493349544, 1471308258, 1925187406, 0, 1127403258, 1950880624, 466503519, 434658238, 2010264260, 690350528, 657727934, 0, 1403591372, 0, 0, 0, 0, 1303026492, 2043606017, 738105546, 0, 814562806, 0, 0, 1441965572, 0, 1825554575, 2005341215, 0, 1126416127, 394567258, 0, 242458554, 1636482011, 520620530, 519639238, 1471533759, 1087590743, 1464861319, 0, 0, 642394041, 1828813257, 1184467701, 1830141462, 0, 2024967322, 0, 0, 1325233183, 787253699, 1199289480, 0, 0, 1906479775, 1320411095, 0, 2050113762, 1578143975, 2028892315, 0, 0, 0, 197470749, 1553618945],[454191928, 0, 1701180802, 2020349667, 0, -1, 1391518271, 0, 0, 737323762, 485260438, 339326421, 1199635105, 227514573, 2047073260, 0, 703077823, 1479052184, 1623510698, 1129739788, 181790963, 0, 0, 1195754760, 11760715, 1961837556, 1563508150, 0, 1960706263, 1146579203, 490782918, 398901982, 0, 0, 1582449339, 778311510, 1250117601, 0, 0, 0, 1896495108, 1485833263, 0, 543160341, 739936873, 609447810, 785116052, 1737393840, 2061045368, 1057077953, 1509435985, 2112020849, 1585840366, 1181360858, 1394207147, 1326835276, 0, 0, 496306720, 0, 1742202117, 0, 0, 482860768, 0, 1586901931, 1286192814, 2055974752, 490167653, 0, 1847460261, 146844193, 0, 0, 0, 1866286606, 438752633, 0, 32550851, 0, 183674356, 0, 0, 553998099, 1032675729, 86796417, 893547522, 1393465363, 554189031, 0, 1327443875, 962448902, 405508955, 0, 572090125, 965481992],[916033509, 0, 1163301600, 906051883, 0, 1391518271, -1, 440593403, 1829775931, 1215674216, 1536591692, 0, 1029068429, 1713665736, 0, 1911342067, 0, 0, 0, 1425001889, 0, 1886404272, 0, 1787860561, 1767860036, 1360756149, 1643710940, 0, 0, 493732265, 0, 1505656990, 0, 1104427449, 945232390, 0, 745955862, 0, 978353523, 141048749, 1330473280, 589009197, 0, 0, 0, 283900859, 1617654117, 2084363063, 1249113422, 569548801, 1867298871, 1187158588, 1585491938, 69294828, 0, 512989062, 0, 0, 440627190, 671005180, 0, 1864793763, 607144457, 252680779, 531817533, 339281550, 1315826209, 1753126872, 113386022, 229171764, 0, 140565095, 0, 948028186, 0, 1452858305, 2126288323, 1812393737, 0, 2020833855, 0, 2010175905, 658269470, 28030532, 369951334, 954127070, 0, 784627770, 315314945, 115985303, 0, 724004357, 639133391, 0, 1517377783, 1268080821],[775996426, 61796126, 390922070, 638512753, 418105880, 0, 440593403, -1, 1308677541, 0, 1224365467, 1639249165, 527509828, 0, 796050540, 1013151908, 0, 0, 1511184909, 19911447, 2024983652, 964527995, 517040485, 0, 379145755, 1655564646, 0, 0, 0, 1648824788, 1311698309, 1224750283, 0, 0, 144859675, 0, 2137282576, 1833999492, 0, 1327587366, 1898855147, 0, 376333838, 2028157189, 228775537, 0, 2016757249, 20510052, 182129603, 0, 0, 235983769, 0, 1353191892, 0, 0, 1157116309, 0, 0, 288947180, 0, 0, 1524300146, 1138348999, 655685982, 421409923, 384412291, 627194804, 809067138, 286551225, 0, 1358550999, 1084043369, 0, 1359988347, 535591268, 21495793, 0, 1090724762, 2062907104, 585382176, 1605784345, 965994889, 0, 873654998, 460880425, 632516554, 986808971, 318286724, 837103543, 1728568388, 0, 703545955, 0, 315706453, 0],[0, 118677561, 2135535167, 364858966, 1167978378, 0, 1829775931, 1308677541, -1, 1983861466, 1472084233, 0, 0, 0, 0, 1139498351, 1717325362, 0, 971696672, 614599887, 602236547, 0, 1980795798, 0, 2022018801, 1660847483, 73182338, 12212895, 867885150, 1006431369, 1935274273, 1898607328, 1687011107, 1778426463, 0, 247044548, 795265746, 1828075411, 0, 2077430613, 1230043136, 257630930, 1356705532, 16396337, 175209174, 742953615, 2102071195, 1700726762, 1485261590, 0, 751647576, 0, 819602998, 54607640, 0, 0, 199661111, 0, 0, 1736320599, 1942633882, 0, 788002620, 0, 1285209081, 14557649, 0, 0, 342155260, 0, 1034189647, 1217698112, 747741042, 438314183, 0, 14438277, 2055481040, 1337901856, 0, 0, 995384276, 1151045245, 1754246964, 1995944269, 0, 0, 0, 0, 0, 978863738, 0, 611812193, 0, 0, 1193506772, 0],[1390865364, 0, 0, 0, 665743009, 737323762, 1215674216, 0, 1983861466, -1, 0, 800195656, 1529019577, 1093596430, 0, 421502063, 1626287749, 312068212, 0, 238795894, 0, 0, 735292997, 1816002984, 1327361146, 0, 798531727, 0, 1803018319, 0, 1583708917, 1943406329, 422511195, 0, 0, 0, 1221940046, 0, 228444342, 683316933, 1971554006, 0, 0, 0, 0, 969551417, 0, 625564777, 2058389071, 0, 1918371155, 0, 1963580439, 1596803398, 1522616221, 0, 0, 796157451, 0, 0, 0, 672528616, 1213333186, 0, 1648324532, 1670285356, 0, 1372102059, 548707154, 1731518462, 0, 0, 0, 916729694, 1649007596, 69675759, 88135762, 1409261268, 1940413312, 1805052776, 492965118, 0, 0, 207319406, 1049584819, 1980952192, 1120334372, 1347832018, 143124027, 1921913226, 1354377594, 1284178345, 0, 0, 1972123364, 0],[0, 1861804140, 1587704995, 0, 380061711, 485260438, 1536591692, 1224365467, 1472084233, 0, -1, 0, 1583572901, 0, 1393504402, 821289718, 945826528, 863334090, 1529215181, 1299765677, 0, 874816564, 1746863950, 1420013958, 0, 294120936, 0, 0, 976153494, 1214629824, 122161446, 488676694, 674405057, 524998092, 0, 992125746, 1128876522, 763228888, 0, 1997807308, 329003010, 1824307115, 0, 266601553, 0, 648464869, 438098039, 1083057883, 973944369, 0, 0, 1915908250, 2048166690, 171895174, 1692805132, 806810103, 435779873, 0, 136434762, 253249457, 0, 0, 0, 395189796, 400009788, 785023440, 673496972, 396590215, 975622783, 1073214248, 0, 0, 400386001, 864469664, 0, 299849580, 1900048918, 0, 1003829212, 1720299224, 473192090, 650325330, 1924720909, 1520817904, 0, 0, 907925430, 0, 196584421, 542829099, 1636195023, 44298346, 0, 1110913563, 917754051, 0],[1446361431, 0, 1728209874, 286091483, 0, 339326421, 0, 1639249165, 0, 800195656, 0, -1, 970257816, 993123150, 1658339475, 212947420, 1328392354, 1479085711, 1912460493, 0, 0, 2009812540, 428377618, 622193255, 733334636, 0, 1606728587, 0, 1444202738, 650970618, 1612768678, 281852083, 0, 1497830407, 176195439, 0, 1883412296, 0, 231548855, 2049598653, 1812968562, 2099412634, 195589328, 0, 211845708, 477032991, 520593549, 1147408283, 0, 218095596, 998246654, 825985113, 0, 1048117068, 801869409, 0, 0, 0, 0, 0, 391144928, 1575668760, 0, 1954690764, 257572383, 399199552, 52409667, 0, 1475479067, 1252556915, 0, 0, 0, 2066772275, 2083138539, 2069900842, 707214350, 0, 0, 0, 1425159291, 960655247, 613861170, 800401327, 1648954593, 0, 2076668922, 882248609, 0, 0, 0, 1809906520, 1428064341, 1150666713, 1574858126, 1452133949],[2125809843, 0, 0, 80873291, 533528774, 1199635105, 1029068429, 527509828, 0, 1529019577, 1583572901, 970257816, -1, 1549762229, 684288946, 72113429, 0, 761917700, 1974672870, 117539865, 0, 1500904417, 0, 1539797411, 2030509078, 0, 0, 0, 1282574166, 1269620688, 1625762437, 577414590, 0, 0, 0, 0, 1476482003, 1412783740, 0, 1465424880, 1959944398, 440701120, 712397633, 0, 1387093335, 0, 401911860, 1694835927, 1541357044, 600088024, 360833605, 359193182, 1088334217, 830546870, 803995560, 530261832, 480359535, 1424510905, 1526114994, 0, 822029520, 16768678, 0, 316218479, 0, 634403969, 1506931139, 1951063013, 0, 933045872, 391588139, 0, 769656606, 1575567740, 1137821121, 0, 0, 901336559, 0, 434252282, 1273377940, 664021426, 1613169825, 1082059377, 0, 527125716, 1164648640, 1124403517, 0, 2001634109, 0, 1831519397, 1958856095, 0, 0, 0],[1102514292, 0, 0, 0, 0, 227514573, 1713665736, 0, 0, 1093596430, 0, 993123150, 1549762229, -1, 1839584786, 416707018, 0, 0, 774942466, 1899016769, 0, 1601758614, 1608274587, 903406360, 917140845, 0, 429018791, 1024087265, 0, 865674626, 410445033, 0, 1744846205, 0, 40487187, 74763187, 1306457768, 0, 0, 1731736814, 1063318281, 0, 956521812, 1984686759, 1357719944, 1039338194, 2040256630, 907497902, 2094601498, 938405312, 1958681866, 1418532906, 1230698544, 341701166, 0, 1992839737, 0, 1319239649, 0, 0, 141627058, 0, 1670008399, 0, 0, 0, 1803907745, 1565612807, 818692361, 112538918, 0, 1346105623, 0, 247541184, 136188438, 436210659, 1801651689, 1046684431, 1631818955, 965719711, 0, 234475943, 0, 2134600981, 1737460503, 812391468, 0, 985374282, 529053205, 1665630322, 686424453, 400344231, 0, 310986918, 1061506904, 0],[431774448, 581109644, 340787639, 0, 518291130, 2047073260, 0, 796050540, 0, 0, 1393504402, 1658339475, 684288946, 1839584786, -1, 0, 1431378875, 0, 122436123, 0, 2064117042, 1762187689, 735043929, 1581990283, 1456398772, 0, 1918959349, 0, 0, 0, 1731003784, 0, 1091838793, 0, 761314417, 0, 0, 159056604, 246369249, 1791613577, 478757647, 0, 2138429718, 968450274, 0, 1562607784, 99087739, 0, 1391979294, 1768698158, 1435622252, 1383288911, 0, 1899303999, 0, 1015481870, 541546026, 1189221593, 1571646907, 2089392920, 2031427554, 0, 614529161, 0, 0, 0, 0, 0, 399908001, 2120915422, 1086100099, 0, 917319819, 0, 809840374, 0, 0, 0, 0, 0, 1932348572, 1497779246, 1418042963, 0, 81049467, 1929310527, 0, 0, 0, 1281848458, 1960440904, 272113934, 885299821, 1570562476, 242259009, 2115173660],[1628174756, 291560153, 1483707153, 2050398107, 1850751744, 0, 1911342067, 1013151908, 1139498351, 421502063, 821289718, 212947420, 72113429, 416707018, 0, -1, 0, 640526116, 1996279692, 596689330, 285538425, 0, 0, 150735148, 0, 1301933865, 1118666683, 1614837980, 1873257559, 1453549173, 1952183193, 0, 368970753, 1380670835, 0, 0, 1349532094, 0, 1128800360, 670263995, 1691860999, 1665592344, 1136480177, 910878011, 844187687, 0, 299149699, 1234151270, 0, 0, 170656895, 884301805, 1711927603, 1923892588, 1665776248, 1923993005, 0, 737455253, 1841707730, 275721607, 0, 1779306907, 590941905, 0, 1101707405, 0, 1170281762, 1563648131, 562032343, 1177114443, 0, 1065154224, 771575021, 597642009, 1586010297, 1734683179, 1093781725, 0, 594037372, 1165642488, 0, 0, 0, 12725919, 0, 0, 1133533495, 0, 0, 1918832787, 0, 791867284, 0, 1065593436, 90332956, 451226568],[1979136350, 0, 2047367164, 1893687719, 2003851448, 703077823, 0, 0, 1717325362, 1626287749, 945826528, 1328392354, 0, 0, 1431378875, 0, -1, 959793611, 0, 974081581, 1814986505, 0, 1628595355, 0, 250071424, 1590318578, 1025003884, 0, 332883014, 520260104, 23966026, 1472351775, 0, 0, 0, 377491616, 529770851, 0, 597110702, 1350406336, 0, 1085990844, 375034887, 0, 731494210, 150121871, 0, 0, 0, 165927658, 0, 0, 0, 38903796, 369697725, 1599046884, 0, 0, 1263863819, 0, 0, 0, 952662290, 1382196144, 13082541, 313216239, 475111064, 0, 1217730875, 0, 749595787, 29702374, 1754547375, 0, 394435357, 164456812, 1832998134, 819539958, 1228670226, 1867256389, 0, 0, 0, 0, 0, 1373881147, 1576160600, 0, 865369847, 298004124, 1780713077, 0, 0, 0, 1955204910, 466167433],[0, 1318875702, 585681824, 944864009, 901532301, 1479052184, 0, 0, 0, 312068212, 863334090, 1479085711, 761917700, 0, 0, 640526116, 959793611, -1, 341478452, 0, 1715507394, 39737143, 0, 1630054366, 1866395789, 1409222607, 1362659714, 0, 1717064690, 978888283, 0, 1074331922, 0, 0, 1400811700, 2141876723, 1686012218, 782492000, 624727867, 753529467, 1923665924, 0, 1936344591, 0, 1608178654, 0, 0, 316738648, 1531518597, 673075149, 1693122937, 1334369999, 0, 1411556618, 1879027462, 0, 0, 0, 0, 0, 651930130, 0, 0, 0, 711710725, 333198904, 0, 706508476, 0, 1238271541, 2011262926, 1333709682, 1035721549, 646695667, 46964569, 64495781, 875380868, 2008618942, 0, 894629148, 656171316, 357348248, 2108815539, 0, 733350507, 0, 1900448573, 274315688, 1799242323, 0, 1658124487, 783553159, 620286094, 0, 710139358, 0],[0, 340468521, 0, 1953177990, 1123852948, 1623510698, 0, 1511184909, 971696672, 0, 1529215181, 1912460493, 1974672870, 774942466, 122436123, 1996279692, 0, 341478452, -1, 1726493408, 1714094622, 0, 846582629, 1046869872, 161718420, 1785969204, 788015639, 400725761, 0, 1984036146, 0, 838867014, 1002537261, 2097578629, 0, 0, 1744215054, 160638847, 0, 0, 866417126, 1743109303, 0, 818653903, 847089396, 0, 532028834, 0, 1965545698, 788515473, 1046975398, 508039608, 1754247209, 571380123, 515187002, 971264161, 0, 394088039, 741364351, 2093979876, 0, 521154816, 30592891, 1509983186, 0, 0, 2084086342, 377121030, 1260497289, 0, 1881529175, 1925873984, 0, 1963496235, 0, 0, 2094372283, 813280245, 1871517551, 0, 1077568137, 1320896206, 0, 0, 2820388, 1796726800, 3259941, 0, 509054850, 212327705, 306442429, 0, 1772307886, 0, 1882937669, 0],[0, 1126451334, 2029716048, 1093190591, 0, 1129739788, 1425001889, 19911447, 614599887, 238795894, 1299765677, 0, 117539865, 1899016769, 0, 596689330, 974081581, 0, 1726493408, -1, 0, 341106369, 769030313, 0, 0, 444052598, 1681218551, 0, 971774832, 648784356, 1631799163, 2097741781, 170566223, 1432914053, 1039246493, 0, 1800876075, 1643009289, 567875039, 308717334, 0, 440032423, 0, 1709374334, 30048758, 1873694602, 808232654, 1743738645, 540873653, 1261031305, 0, 151972532, 799058191, 2051519097, 937643278, 1384766392, 0, 2126968609, 0, 1208385808, 424754191, 763522038, 1550553483, 0, 1848992280, 486620222, 1028891901, 64142779, 1163321898, 0, 1064096439, 2036122754, 1248310610, 0, 34439333, 229274749, 1284569999, 1785487419, 915659447, 0, 2090163856, 2146193734, 731593638, 452609325, 1330628689, 1227583678, 1847146397, 0, 1265214206, 228799319, 77917006, 0, 1769131723, 1116528104, 0, 0],[1702656842, 575951314, 0, 837742575, 961146030, 181790963, 0, 2024983652, 602236547, 0, 0, 0, 0, 0, 2064117042, 285538425, 1814986505, 1715507394, 1714094622, 0, -1, 0, 0, 1083495145, 1403831752, 461854644, 851418788, 104849440, 0, 0, 141022120, 1838066404, 0, 1494764569, 783821216, 2107833363, 0, 0, 0, 0, 1844334126, 637809206, 0, 0, 1445036918, 1204093864, 0, 2028715257, 54692143, 0, 368380330, 0, 1705393617, 1468041725, 2066628642, 0, 1323029488, 0, 0, 0, 0, 0, 393790778, 0, 1026666035, 1492497388, 1465609064, 1032964724, 0, 0, 0, 881255116, 1802953041, 275700157, 1270518534, 1466704236, 0, 1686942890, 1703079446, 1163853991, 0, 1838792837, 670970702, 0, 1252335989, 439438984, 883073031, 633107926, 1208342262, 0, 988679086, 0, 0, 922673612, 0, 0],[183057089, 0, 0, 1493230356, 0, 0, 1886404272, 964527995, 0, 0, 874816564, 2009812540, 1500904417, 1601758614, 1762187689, 0, 0, 39737143, 0, 341106369, 0, -1, 0, 0, 270952954, 1909384535, 0, 73691728, 785207015, 0, 951371871, 0, 0, 1662619882, 1062412757, 1290411935, 0, 0, 0, 1691861502, 676864429, 0, 2106534302, 0, 552938308, 1355658860, 871520323, 0, 1477202022, 818170879, 181928157, 67393760, 793903121, 1978447940, 0, 1344140597, 1445283165, 397217583, 0, 866255176, 986140052, 0, 1625468067, 1403249135, 126787004, 0, 0, 0, 1954151175, 281666102, 1588249661, 212411480, 0, 0, 44417606, 469945410, 1601371947, 1450642263, 57994713, 1923806627, 0, 1909360766, 1271059927, 2130014222, 0, 1392122649, 0, 705462344, 0, 0, 1322742946, 0, 1612423775, 1379262098, 482645711, 0],[176826176, 0, 1234896837, 1179103994, 0, 0, 0, 517040485, 1980795798, 735292997, 1746863950, 428377618, 0, 1608274587, 735043929, 0, 1628595355, 0, 846582629, 769030313, 0, 0, -1, 475881673, 1004689737, 926434514, 1667244433, 685750501, 0, 2098716363, 0, 647702544, 1538919851, 0, 1014974143, 1252573483, 1590803797, 1292711701, 1847262382, 64094778, 489094575, 0, 1250416826, 645892662, 0, 882068247, 1674589159, 0, 0, 1797673708, 192059375, 1230109141, 1989328435, 1076541667, 298341016, 764359698, 1032109771, 1931381508, 0, 1538390894, 0, 0, 224936273, 1157193318, 1688100414, 0, 663433949, 893992882, 0, 0, 0, 0, 0, 1709676908, 907651308, 1082245281, 0, 0, 168478184, 0, 0, 1125985639, 11736894, 1132673566, 417579234, 0, 491027585, 0, 0, 0, 0, 2095213008, 0, 2144208646, 1456326278, 1762668644],[2007618648, 250815162, 452090879, 0, 0, 1195754760, 1787860561, 0, 0, 1816002984, 1420013958, 622193255, 1539797411, 903406360, 1581990283, 150735148, 0, 1630054366, 1046869872, 0, 1083495145, 0, 475881673, -1, 766251336, 1396681852, 0, 0, 0, 0, 36296604, 1101221060, 329251186, 1760631127, 0, 1681626833, 927244815, 891526747, 267117709, 0, 1203610506, 1019260470, 0, 1287262948, 8182113, 0, 1856251376, 0, 423225648, 732640263, 1757909674, 1849404379, 0, 993699646, 1204674326, 1567214567, 32962466, 0, 394526006, 1000791958, 0, 559726144, 0, 0, 0, 1287506723, 2006240666, 296553758, 1832709054, 1551372319, 0, 892666139, 0, 0, 1329012500, 2002692798, 0, 1202580036, 1343734808, 1407428179, 1722192093, 1131500409, 0, 1030836542, 1342935669, 1501992385, 0, 389393791, 2024669618, 1307776514, 226912032, 0, 890943431, 65475843, 0, 778553370],[0, 1694324224, 78964277, 1817546450, 2007812212, 11760715, 1767860036, 379145755, 2022018801, 1327361146, 0, 733334636, 2030509078, 917140845, 1456398772, 0, 250071424, 1866395789, 161718420, 0, 1403831752, 270952954, 1004689737, 766251336, -1, 426192286, 1883944239, 1720080357, 0, 0, 0, 1428927977, 1414444853, 0, 0, 0, 0, 0, 0, 0, 0, 1654203774, 658834348, 0, 0, 1786986609, 1688601939, 0, 0, 0, 253010373, 1220006994, 0, 1366777025, 0, 0, 67080333, 653168440, 259822754, 2123391101, 0, 0, 1911346979, 1392174411, 974182988, 1967731636, 496571225, 1413813432, 1145353677, 1428456808, 136485972, 57366425, 1098711139, 0, 1310707912, 1140494911, 0, 706183588, 0, 0, 191715904, 1815376463, 1173093446, 0, 0, 0, 0, 32761356, 579028465, 1130520257, 738439638, 807739220, 0, 1247423578, 817202799, 0],[0, 0, 1504677881, 813095608, 1873923940, 1961837556, 1360756149, 1655564646, 1660847483, 0, 294120936, 0, 0, 0, 0, 1301933865, 1590318578, 1409222607, 1785969204, 444052598, 461854644, 1909384535, 926434514, 1396681852, 426192286, -1, 218955439, 0, 0, 0, 506347422, 1150270177, 751394953, 0, 0, 0, 1882561633, 0, 0, 0, 357683557, 419872382, 1769390047, 629485214, 1531790071, 1955998731, 887463530, 104686139, 542128655, 0, 1038903137, 266131049, 744148552, 2102024628, 0, 0, 749153522, 257807909, 0, 1581272692, 1926260020, 0, 1390430264, 0, 1375669021, 1178533827, 0, 1318794554, 33822812, 1181977352, 0, 1875214348, 1042740571, 1128995457, 0, 1172042278, 689332548, 0, 1743087525, 0, 0, 1973285477, 1096920314, 854478346, 1864102667, 2107087730, 0, 0, 263027766, 1271233920, 1931421895, 1073714294, 576625954, 0, 597369880, 869890795],[1147094859, 0, 1382679298, 1312462000, 0, 1563508150, 1643710940, 0, 73182338, 798531727, 0, 1606728587, 0, 429018791, 1918959349, 1118666683, 1025003884, 1362659714, 788015639, 1681218551, 851418788, 0, 1667244433, 0, 1883944239, 218955439, -1, 0, 1267232351, 344722564, 0, 1760584540, 0, 2126498461, 258502712, 830416353, 625530540, 1046657569, 0, 0, 935739546, 1480143713, 692002735, 0, 607339656, 563466545, 646066809, 886483200, 1737871112, 871738115, 0, 1897969020, 1800349730, 1781009213, 1483545277, 0, 191132138, 0, 1997483340, 2053319352, 0, 1045755170, 1007050242, 0, 24196637, 0, 1443709609, 861000731, 2000719673, 1128018712, 410445587, 1892643882, 1589119384, 0, 967585046, 1022582866, 1195046593, 401328891, 405116683, 1060268087, 0, 1292440594, 0, 594694995, 1583446590, 1688516184, 619069023, 27093370, 0, 1065891545, 379244414, 1293460857, 921114340, 1150278077, 1967372704, 1224211576],[1476627199, 1607123591, 1828563065, 0, 124633783, 0, 0, 0, 12212895, 0, 0, 0, 0, 1024087265, 0, 1614837980, 0, 0, 400725761, 0, 104849440, 73691728, 685750501, 0, 1720080357, 0, 0, -1, 666989785, 1295388329, 889747150, 1730442688, 0, 0, 158701183, 1436695188, 1796948024, 2024793730, 42536519, 0, 674588410, 896168594, 2048612361, 0, 950569346, 1956781232, 254803386, 0, 1123693565, 1358323797, 1938357777, 823579219, 0, 745087060, 72795499, 0, 1747262344, 954065596, 1857687788, 0, 1179416249, 1530965401, 881560906, 648043228, 962571717, 0, 367979603, 2058470578, 0, 0, 2105630577, 436902714, 451488903, 1049826696, 0, 1896798402, 1807394648, 1936323163, 632289201, 681013000, 1511516331, 0, 0, 1428935991, 1662258170, 799487114, 1727742362, 0, 0, 0, 0, 0, 1954017222, 1618884067, 0, 1120319235],[772761899, 319704770, 1140068329, 0, 2068130733, 1960706263, 0, 0, 867885150, 1803018319, 976153494, 1444202738, 1282574166, 0, 0, 1873257559, 332883014, 1717064690, 0, 971774832, 0, 785207015, 0, 0, 0, 0, 1267232351, 666989785, -1, 1485018669, 1192829507, 608264650, 0, 1982749813, 274645150, 393486372, 0, 772924227, 0, 0, 1952902953, 0, 1639654364, 0, 1547195156, 1542130659, 1450191050, 2644398, 1320288395, 2057053213, 135379711, 1696487419, 216158511, 2146353346, 523228424, 0, 1301117917, 439314619, 0, 1798718421, 470926155, 1374147396, 0, 1702833383, 882671914, 632430824, 0, 1529372030, 0, 57617860, 1151828685, 1885078819, 922554782, 972406378, 459656462, 739482512, 0, 0, 0, 0, 0, 0, 0, 1463164674, 0, 850591499, 0, 612316754, 75234589, 0, 1920074410, 0, 1893790583, 0, 568431073, 690875673],[1249419871, 539799207, 3054303, 0, 1941811322, 1146579203, 493732265, 1648824788, 1006431369, 0, 1214629824, 650970618, 1269620688, 865674626, 0, 1453549173, 520260104, 978888283, 1984036146, 648784356, 0, 0, 2098716363, 0, 0, 0, 344722564, 1295388329, 1485018669, -1, 0, 85694145, 0, 0, 0, 0, 921994143, 0, 598055416, 1102003457, 0, 157115403, 1722849597, 612482065, 0, 1367141154, 1669572008, 0, 1809497153, 1781160710, 0, 0, 1638219895, 1430951464, 0, 967902719, 0, 0, 100853339, 726956636, 547612201, 0, 199413960, 403515386, 1617095453, 702906553, 1665565992, 55999695, 1266568443, 905125991, 0, 0, 737857996, 13977306, 0, 2109747688, 1485426001, 1065108973, 1926578461, 454672246, 1814089597, 563260504, 2145056705, 743317743, 1148072047, 1042842008, 0, 114623714, 485963608, 0, 1432380552, 1315579355, 0, 0, 0, 1168246973],[1775591280, 0, 1464343405, 1850740098, 1607902331, 490782918, 0, 1311698309, 1935274273, 1583708917, 122161446, 1612768678, 1625762437, 410445033, 1731003784, 1952183193, 23966026, 0, 0, 1631799163, 141022120, 951371871, 0, 36296604, 0, 506347422, 0, 889747150, 1192829507, 0, -1, 456391275, 298039677, 2024612754, 0, 1028174781, 1085814541, 0, 454930389, 0, 513616647, 805071340, 1982981188, 396190464, 1725714777, 554456226, 1961335394, 0, 2120386827, 818557814, 1270449078, 2140249648, 0, 713079331, 556093657, 0, 2060328803, 1495455599, 612639795, 0, 0, 0, 1826790908, 1327260017, 188520431, 1140583261, 1609286792, 492527898, 0, 376114270, 1958675054, 886676120, 1436716340, 0, 2116450185, 0, 1831290622, 1976691690, 515029491, 0, 2082903780, 0, 2087359213, 1866513260, 1692200944, 396137423, 1100418407, 0, 990069537, 0, 0, 0, 2135580720, 1022699438, 218268581, 1858673664],[0, 1338999123, 0, 248756021, 1493349544, 398901982, 1505656990, 1224750283, 1898607328, 1943406329, 488676694, 281852083, 577414590, 0, 0, 0, 1472351775, 1074331922, 838867014, 2097741781, 1838066404, 0, 647702544, 1101221060, 1428927977, 1150270177, 1760584540, 1730442688, 608264650, 85694145, 456391275, -1, 0, 0, 1843220379, 480493389, 0, 406785817, 142984969, 1332824413, 1390214926, 297182457, 358413511, 31935625, 0, 0, 1395793106, 1448447869, 375031589, 0, 2146785356, 0, 714308441, 0, 2053885028, 1207963866, 520293467, 206072975, 0, 0, 1606649484, 1771482929, 0, 528830696, 517001943, 1183329577, 2099752723, 0, 0, 0, 210543679, 1245833775, 673888679, 1775350524, 0, 266174254, 0, 0, 0, 1358022466, 1758029706, 1072364124, 489189724, 1533948203, 90262963, 2039483584, 2060265923, 123055963, 0, 0, 0, 1880507953, 1212955855, 1070170973, 632176688, 0],[1307660199, 1155498358, 1008460372, 372544239, 1471308258, 0, 0, 0, 1687011107, 422511195, 674405057, 0, 0, 1744846205, 1091838793, 368970753, 0, 0, 1002537261, 170566223, 0, 0, 1538919851, 329251186, 1414444853, 751394953, 0, 0, 0, 0, 298039677, 0, -1, 844466836, 1658495662, 0, 652028404, 0, 1066331251, 1810571234, 0, 0, 0, 0, 999951220, 0, 0, 1116105145, 0, 1662330460, 1795673875, 1705553717, 0, 1310867473, 0, 614690334, 1917413209, 1372749012, 927632151, 1116782249, 2048153697, 1129648575, 49378898, 0, 1744366289, 1957466530, 1270746133, 954042760, 1062404320, 0, 1117372276, 0, 1557000897, 1819592868, 1036523016, 0, 19793133, 1239701274, 214935143, 0, 0, 1360541720, 1479141461, 1755110458, 1002875112, 137654553, 0, 159215896, 1293294640, 318340671, 1031547145, 0, 611894478, 1278053029, 1892673807, 0],[0, 2007128377, 0, 264746362, 1925187406, 0, 1104427449, 0, 1778426463, 0, 524998092, 1497830407, 0, 0, 0, 1380670835, 0, 0, 2097578629, 1432914053, 1494764569, 1662619882, 0, 1760631127, 0, 0, 2126498461, 0, 1982749813, 0, 2024612754, 0, 844466836, -1, 1453141067, 1565566992, 0, 0, 1691280892, 701237979, 1251235189, 1057307593, 732779828, 1578180936, 918968572, 0, 1423164339, 0, 0, 1577565778, 561968502, 53519051, 1887494454, 1841654918, 1042133268, 1502588738, 398671109, 1722611276, 0, 0, 1837466894, 0, 295246107, 2019678202, 183498844, 1455565716, 144733139, 23421399, 663749652, 1507796282, 352306937, 0, 1939619265, 0, 0, 0, 283682036, 0, 1716462697, 569833393, 1580747530, 0, 1183382684, 127233497, 1878777953, 904684836, 0, 55412528, 2044570963, 1449537328, 1827041546, 1176958221, 657315139, 697536576, 2001342550, 376027762],[1599030727, 251678249, 1347418460, 0, 0, 1582449339, 945232390, 144859675, 0, 0, 0, 176195439, 0, 40487187, 761314417, 0, 0, 1400811700, 0, 1039246493, 783821216, 1062412757, 1014974143, 0, 0, 0, 258502712, 158701183, 274645150, 0, 0, 1843220379, 1658495662, 1453141067, -1, 322177024, 1388687012, 0, 249544971, 1074163678, 0, 1587743448, 0, 1784627621, 1643196631, 0, 482538882, 691691815, 1150330380, 1427747526, 1540231918, 858436566, 624935225, 1831827676, 1260234585, 1653532037, 0, 0, 1793226232, 0, 0, 1720468799, 1800443143, 0, 445639281, 751941312, 919335846, 262704415, 820671258, 1566299209, 449410627, 872382535, 268423670, 0, 1620364385, 986966088, 581146251, 1831055633, 0, 1422473355, 0, 1666995672, 0, 455415455, 799686612, 1934232122, 21523418, 1954368746, 1347423738, 0, 1698696384, 1313923474, 1998703653, 1899667613, 0, 0],[1848948652, 1658700451, 0, 958109644, 1127403258, 778311510, 0, 0, 247044548, 0, 992125746, 0, 0, 74763187, 0, 0, 377491616, 2141876723, 0, 0, 2107833363, 1290411935, 1252573483, 1681626833, 0, 0, 830416353, 1436695188, 393486372, 0, 1028174781, 480493389, 0, 1565566992, 322177024, -1, 1435827091, 0, 1574228652, 0, 559099980, 1057560036, 866746089, 561392294, 823867924, 1052611495, 1636555329, 1874339627, 0, 1582103544, 71537739, 538757024, 0, 763086447, 506216862, 0, 230528481, 829425772, 31923543, 400967806, 0, 880031156, 0, 759687702, 941210785, 0, 226984753, 691949881, 0, 60656236, 1586276052, 1740895532, 0, 0, 553475870, 0, 2076159826, 0, 0, 0, 1220367369, 229180033, 0, 1665539213, 0, 0, 484041064, 0, 778574857, 1738903109, 0, 542753857, 65680255, 626198148, 817721092, 753720102],[0, 1993759545, 1889157153, 1133341377, 1950880624, 1250117601, 745955862, 2137282576, 795265746, 1221940046, 1128876522, 1883412296, 1476482003, 1306457768, 0, 1349532094, 529770851, 1686012218, 1744215054, 1800876075, 0, 0, 1590803797, 927244815, 0, 1882561633, 625530540, 1796948024, 0, 921994143, 1085814541, 0, 652028404, 0, 1388687012, 1435827091, -1, 1875923589, 1960253643, 917781562, 1233601790, 52771445, 1970576709, 0, 1501133970, 0, 0, 1880417926, 788634022, 1270829761, 883347306, 58233219, 0, 0, 535435674, 1122122843, 1116100783, 0, 0, 811342312, 952525843, 1071946085, 0, 26797790, 0, 181851035, 0, 1396023444, 1950366764, 0, 272580908, 0, 1764795350, 286514902, 0, 497711497, 996645617, 2012107028, 817357020, 1073303119, 709679345, 1101273347, 0, 880114847, 0, 912282718, 1020648674, 0, 0, 0, 923986244, 831368074, 0, 82104396, 1537150974, 0],[2124103261, 0, 614571277, 0, 466503519, 0, 0, 1833999492, 1828075411, 0, 763228888, 0, 1412783740, 0, 159056604, 0, 0, 782492000, 160638847, 1643009289, 0, 0, 1292711701, 891526747, 0, 0, 1046657569, 2024793730, 772924227, 0, 0, 406785817, 0, 0, 0, 0, 1875923589, -1, 0, 902186121, 0, 0, 1756583703, 0, 0, 894493180, 707218112, 101041392, 2031628157, 1251790064, 1823408448, 713486153, 1607638126, 1444999036, 0, 1555002403, 0, 1697639205, 1938520200, 1851880593, 0, 0, 1217642915, 967922525, 1245754123, 1502421084, 1875471514, 1716746581, 0, 0, 1397227252, 2003144623, 992954888, 0, 1534095129, 948003873, 1900631920, 1513374397, 346042354, 1754518595, 2086994726, 0, 362494041, 0, 127132977, 367080764, 1388076123, 0, 1630514183, 1450447419, 1040330391, 1571769861, 1485738959, 533013618, 1936145735, 0],[349633196, 983804649, 0, 1881763029, 434658238, 0, 978353523, 0, 0, 228444342, 0, 231548855, 0, 0, 246369249, 1128800360, 597110702, 624727867, 0, 567875039, 0, 0, 1847262382, 267117709, 0, 0, 0, 42536519, 0, 598055416, 454930389, 142984969, 1066331251, 1691280892, 249544971, 1574228652, 1960253643, 0, -1, 649627577, 109821420, 0, 0, 0, 1506292043, 1282916355, 0, 0, 1415317161, 1546044908, 150538180, 1380693010, 1341603307, 1028235007, 1510924652, 178422870, 0, 0, 1704135714, 2079785327, 36740873, 925874324, 1973615876, 0, 257495299, 1662179055, 1360012051, 141169506, 0, 0, 400870652, 1991156366, 0, 1023186002, 99773294, 1459848139, 931709896, 0, 645482965, 1536939014, 676445855, 647460296, 498270195, 1679427113, 451805634, 0, 1187986785, 190379699, 370329226, 0, 1873432981, 1532190165, 317378239, 2091014705, 2073817761, 1570397524],[1968011996, 0, 1282904829, 663576753, 2010264260, 0, 141048749, 1327587366, 2077430613, 683316933, 1997807308, 2049598653, 1465424880, 1731736814, 1791613577, 670263995, 1350406336, 753529467, 0, 308717334, 0, 1691861502, 64094778, 0, 0, 0, 0, 0, 0, 1102003457, 0, 1332824413, 1810571234, 701237979, 1074163678, 0, 917781562, 902186121, 649627577, -1, 1543314861, 0, 1980161240, 672375541, 627091474, 623110341, 2064142891, 1119126993, 1011229501, 0, 1068988938, 1957016785, 0, 2112534297, 0, 1844438400, 680294329, 0, 788316352, 0, 688193353, 0, 0, 0, 1458155499, 1844231663, 20223060, 838110259, 0, 0, 0, 0, 0, 1079493096, 1629339223, 0, 0, 0, 0, 1705870763, 197387759, 1877922758, 0, 1454882225, 1707543776, 1566494664, 549477189, 1540068671, 1631493224, 0, 580455392, 0, 0, 1316742958, 1875447386, 425850824],[187051186, 0, 1603610663, 457608092, 690350528, 1896495108, 1330473280, 1898855147, 1230043136, 1971554006, 329003010, 1812968562, 1959944398, 1063318281, 478757647, 1691860999, 0, 1923665924, 866417126, 0, 1844334126, 676864429, 489094575, 1203610506, 0, 357683557, 935739546, 674588410, 1952902953, 0, 513616647, 1390214926, 0, 1251235189, 0, 559099980, 1233601790, 0, 109821420, 1543314861, -1, 489995267, 1258337115, 1380993509, 1950105528, 2064638513, 0, 265738854, 758436962, 1692109995, 0, 0, 0, 140115968, 928615307, 1786801720, 0, 1503194526, 759329468, 1369970417, 833618116, 1683015958, 1264245566, 0, 0, 1127324844, 444791827, 686547851, 1799591300, 0, 0, 1949849732, 0, 0, 346797758, 2067531463, 0, 456773359, 1730408095, 472141687, 0, 507435264, 1797787492, 1945676275, 849068690, 1624674943, 318476722, 345654407, 0, 0, 0, 660621178, 2048866830, 0, 1338687346, 1161575077],[0, 0, 26595982, 138523397, 657727934, 1485833263, 589009197, 0, 257630930, 0, 1824307115, 2099412634, 440701120, 0, 0, 1665592344, 1085990844, 0, 1743109303, 440032423, 637809206, 0, 0, 1019260470, 1654203774, 419872382, 1480143713, 896168594, 0, 157115403, 805071340, 297182457, 0, 1057307593, 1587743448, 1057560036, 52771445, 0, 0, 0, 489995267, -1, 1520383026, 887980909, 0, 0, 765641048, 359708109, 0, 2038783004, 1246202084, 0, 1463595785, 1793367772, 522329533, 510419745, 249100124, 1798981624, 1011628719, 0, 736375475, 0, 0, 1903484659, 1714387422, 998559403, 0, 1527070013, 115002613, 0, 0, 1619309432, 1934376278, 1792290383, 1669359387, 63497755, 884320684, 311733685, 1090720197, 689339465, 1574063674, 491722560, 989090136, 772676041, 165357593, 0, 976631311, 1881873558, 1734543433, 1343371792, 335697281, 319339092, 0, 380211545, 84841883, 0],[142694668, 1999150557, 0, 830399123, 0, 0, 0, 376333838, 1356705532, 0, 0, 195589328, 712397633, 956521812, 2138429718, 1136480177, 375034887, 1936344591, 0, 0, 0, 2106534302, 1250416826, 0, 658834348, 1769390047, 692002735, 2048612361, 1639654364, 1722849597, 1982981188, 358413511, 0, 732779828, 0, 866746089, 1970576709, 1756583703, 0, 1980161240, 1258337115, 1520383026, -1, 163311376, 0, 684923751, 0, 1748711703, 0, 0, 0, 242649281, 0, 1966741450, 1826027178, 1162916696, 965847771, 0, 0, 0, 690328401, 724699033, 0, 1962740271, 331714932, 729465179, 0, 0, 1617985715, 0, 465857938, 1148545890, 0, 809370200, 1020933240, 0, 1304950171, 465598125, 0, 282033584, 0, 1894800833, 709731281, 0, 115675498, 39810776, 1240550022, 1536923697, 1271617228, 0, 1455831615, 520160960, 2142939612, 0, 1858207413, 0],[1861587812, 23263336, 219733817, 1965373510, 1403591372, 543160341, 0, 2028157189, 16396337, 0, 266601553, 0, 0, 1984686759, 968450274, 910878011, 0, 0, 818653903, 1709374334, 0, 0, 645892662, 1287262948, 0, 629485214, 0, 0, 0, 612482065, 396190464, 31935625, 0, 1578180936, 1784627621, 561392294, 0, 0, 0, 672375541, 1380993509, 887980909, 163311376, -1, 1587132956, 1987529658, 0, 1496969206, 1366974431, 0, 2073413016, 65459584, 0, 1288570814, 0, 736349465, 602304632, 231387959, 262613109, 0, 0, 1237406207, 1622974302, 1304760541, 1601772969, 0, 1599061326, 0, 792843053, 899103238, 0, 1528931550, 0, 2051450887, 0, 869020018, 1586897419, 1514108100, 2081508816, 0, 0, 1201530352, 0, 526200950, 1499293382, 0, 216910020, 1472745979, 105999637, 0, 1456757369, 86979237, 0, 2037575230, 1916807752, 0],[743479772, 131789468, 276530034, 839941760, 0, 739936873, 0, 228775537, 175209174, 0, 0, 211845708, 1387093335, 1357719944, 0, 844187687, 731494210, 1608178654, 847089396, 30048758, 1445036918, 552938308, 0, 8182113, 0, 1531790071, 607339656, 950569346, 1547195156, 0, 1725714777, 0, 999951220, 918968572, 1643196631, 823867924, 1501133970, 0, 1506292043, 627091474, 1950105528, 0, 0, 1587132956, -1, 1734395622, 622234818, 0, 564265916, 1160341191, 0, 156766631, 966885147, 0, 1377910117, 0, 468686920, 924104029, 1850438399, 2103539021, 0, 120155969, 0, 0, 0, 0, 682550389, 685587921, 1690602525, 0, 2036700847, 625818565, 711167428, 2077139153, 1138068236, 1060573898, 693365253, 1089615738, 1229257846, 144803994, 0, 0, 0, 0, 1772760997, 2028495655, 770083429, 1586768145, 0, 1561004167, 0, 1234039280, 1926869804, 0, 0, 1473878938],[0, 0, 889201586, 1527024238, 0, 609447810, 283900859, 0, 742953615, 969551417, 648464869, 477032991, 0, 1039338194, 1562607784, 0, 150121871, 0, 0, 1873694602, 1204093864, 1355658860, 882068247, 0, 1786986609, 1955998731, 563466545, 1956781232, 1542130659, 1367141154, 554456226, 0, 0, 0, 0, 1052611495, 0, 894493180, 1282916355, 623110341, 2064638513, 0, 684923751, 1987529658, 1734395622, -1, 0, 0, 0, 819550793, 489657853, 0, 755583098, 1745410472, 547991721, 2050406632, 1259745090, 507559845, 1842571674, 767665856, 1005060433, 669440574, 0, 0, 0, 510468454, 345087773, 1505104874, 0, 0, 0, 0, 1423619470, 722664948, 942079199, 0, 0, 1980285555, 0, 0, 1870711586, 0, 0, 759988024, 1200653068, 0, 1465478924, 744429698, 1995845843, 1792413574, 1498783394, 1148021415, 1386023953, 1982349991, 46106600, 1365521679],[0, 1733303455, 53204462, 0, 0, 785116052, 1617654117, 2016757249, 2102071195, 0, 438098039, 520593549, 401911860, 2040256630, 99087739, 299149699, 0, 0, 532028834, 808232654, 0, 871520323, 1674589159, 1856251376, 1688601939, 887463530, 646066809, 254803386, 1450191050, 1669572008, 1961335394, 1395793106, 0, 1423164339, 482538882, 1636555329, 0, 707218112, 0, 2064142891, 0, 765641048, 0, 0, 622234818, 0, -1, 1359923302, 0, 1403370290, 0, 151038874, 1589069636, 499125942, 0, 945809521, 320906412, 0, 0, 2093321836, 1201872812, 0, 1182694718, 1260811974, 1163971025, 633273816, 2130896506, 756252975, 622402170, 561519389, 149134485, 0, 1553494285, 219826816, 0, 0, 0, 0, 0, 529374596, 1834992966, 774734701, 410131752, 0, 0, 0, 1356956290, 487598144, 0, 655670129, 0, 1122810714, 1253648192, 425611551, 442706048, 900212020],[1361294716, 1268481505, 0, 0, 0, 1737393840, 2084363063, 20510052, 1700726762, 625564777, 1083057883, 1147408283, 1694835927, 907497902, 0, 1234151270, 0, 316738648, 0, 1743738645, 2028715257, 0, 0, 0, 0, 104686139, 886483200, 0, 2644398, 0, 0, 1448447869, 1116105145, 0, 691691815, 1874339627, 1880417926, 101041392, 0, 1119126993, 265738854, 359708109, 1748711703, 1496969206, 0, 0, 1359923302, -1, 581287242, 0, 0, 767523243, 1461328540, 0, 0, 0, 0, 0, 1470358620, 0, 0, 0, 0, 0, 129989742, 1920193191, 475558143, 291191198, 0, 675893486, 515259802, 1230005488, 1951068370, 1520269296, 0, 419414800, 1977513449, 331759194, 1086762508, 3939020, 0, 918954340, 1507951388, 1351956610, 2125647315, 1000276937, 666764681, 2102215310, 0, 393273833, 0, 0, 385787113, 0, 0, 303260544],[2065895338, 986495618, 491560342, 263559716, 1303026492, 2061045368, 1249113422, 182129603, 1485261590, 2058389071, 973944369, 0, 1541357044, 2094601498, 1391979294, 0, 0, 1531518597, 1965545698, 540873653, 54692143, 1477202022, 0, 423225648, 0, 542128655, 1737871112, 1123693565, 1320288395, 1809497153, 212038682