34
[[-1, 2025709850, 1261653447, 1798246732, 1970764115, 1254329228, 0, 813951303, 0, 0, 1347422548, 1531784808, 0, 925794423, 175828444, 0, 0, 230957425, 92598015, 666666551, 176446845, 0, 0, 0, 105619209, 1985638896, 944805358, 1986151295, 332269830, 841843014, 580251548, 0, 33198989, 291409573],[2025709850, -1, 1265843295, 675618791, 1766900338, 1875893565, 1060399095, 1529296588, 1209105817, 873558429, 0, 0, 1110826382, 1650671716, 0, 143888501, 1150859243, 1273953975, 0, 336104690, 2013879976, 1486652564, 1903723592, 0, 1482459857, 0, 1060482509, 1597762500, 717438838, 0, 899746776, 0, 165224003, 1336120455],[1261653447, 1265843295, -1, 1359809776, 611740023, 1167317555, 1173600499, 52991504, 1434915690, 1944254517, 1768552946, 741929426, 139374592, 344560479, 0, 1695421989, 1543804278, 0, 1049452673, 798090261, 0, 0, 0, 1041879211, 0, 0, 2124607679, 1737992884, 0, 1811304133, 273469776, 44675861, 1610451061, 795517144],[1798246732, 675618791, 1359809776, -1, 470380812, 1392169582, 425057096, 970036502, 1080210638, 1919127757, 1700999477, 963168353, 0, 1168113800, 315551225, 1648961286, 987251621, 1943784112, 642031110, 478134921, 485196244, 0, 0, 0, 219154806, 1820964938, 0, 539066970, 297868230, 1813760719, 1905557119, 0, 568586786, 573202999],[1970764115, 1766900338, 611740023, 470380812, -1, 523098835, 0, 0, 705328542, 1936213206, 0, 346923206, 781669047, 1700885228, 1842694054, 0, 309479268, 985725483, 183558065, 181769193, 209926332, 0, 530777170, 1716667094, 0, 1375216787, 0, 288192389, 0, 593831808, 0, 409436055, 1070243919, 569168968],[1254329228, 1875893565, 1167317555, 1392169582, 523098835, -1, 445346594, 2019814517, 1789065465, 86439534, 1056046186, 0, 1933975575, 0, 1140165426, 0, 217880926, 1782514236, 604561107, 597797999, 1772824489, 1257956135, 0, 0, 139000018, 527288194, 1694781544, 0, 0, 0, 358057279, 0, 1692328467, 1064361822],[0, 1060399095, 1173600499, 425057096, 0, 445346594, -1, 309727585, 254570701, 0, 0, 108360036, 680025214, 717069728, 1556791818, 1445893934, 0, 1496671878, 2123634455, 1664185483, 168402118, 0, 1526323415, 1005759651, 186007714, 997374671, 0, 461069297, 143459611, 2122546928, 0, 885617517, 0, 1399884171],[813951303, 1529296588, 52991504, 970036502, 0, 2019814517, 309727585, -1, 0, 0, 1589856053, 955270331, 505512104, 1377169859, 875911868, 1030777692, 362414053, 238453380, 0, 861363839, 882812582, 0, 731102032, 0, 595298687, 347080712, 0, 0, 777806961, 637302784, 0, 2006075337, 0, 0],[0, 1209105817, 1434915690, 1080210638, 705328542, 1789065465, 254570701, 0, -1, 0, 0, 0, 1810278989, 228774509, 1389894460, 936072884, 548695005, 293962475, 571081330, 679351839, 994788491, 565397747, 0, 0, 1692526459, 0, 1733967057, 416986062, 931238203, 1649157388, 344222798, 1784518392, 161387457, 1734196813],[0, 873558429, 1944254517, 1919127757, 1936213206, 86439534, 0, 0, 0, -1, 1327453629, 0, 0, 0, 0, 1852666918, 0, 0, 672057815, 1101895370, 1359747361, 0, 2050719645, 1706991344, 1547886502, 791261156, 676602399, 609618355, 789138219, 0, 624916039, 0, 84054541, 1659505557],[1347422548, 0, 1768552946, 1700999477, 0, 1056046186, 0, 1589856053, 0, 1327453629, -1, 1589289754, 1108572324, 0, 0, 0, 1788246453, 1369862954, 2118666417, 1911395365, 1122607452, 1436913964, 0, 0, 0, 0, 811650541, 254032640, 1846480184, 1624574617, 426931312, 2018119924, 6437144, 356597491],[1531784808, 0, 741929426, 963168353, 346923206, 0, 108360036, 955270331, 0, 0, 1589289754, -1, 0, 417794832, 0, 930393390, 1046476910, 0, 191175236, 1178045229, 813567913, 0, 1651837927, 454212903, 0, 1402963135, 780581165, 1417828384, 1669080838, 0, 0, 0, 172106508, 1216542333],[0, 1110826382, 139374592, 0, 781669047, 1933975575, 680025214, 505512104, 1810278989, 0, 1108572324, 0, -1, 1960683322, 564898332, 449784466, 440366166, 1197561765, 1431380397, 1903035793, 865145511, 1484189051, 755493962, 1109701066, 0, 1283715543, 0, 0, 539888699, 804247375, 871584318, 1296620401, 620645609, 47271694],[925794423, 1650671716, 344560479, 1168113800, 1700885228, 0, 717069728, 1377169859, 228774509, 0, 0, 417794832, 1960683322, -1, 748384189, 948588293, 646217035, 0, 25985513, 0, 0, 1302950700, 699296235, 0, 0, 0, 0, 850551528, 1275064, 0, 353202812, 1221678737, 1680334926, 209240355],[175828444, 0, 0, 315551225, 1842694054, 1140165426, 1556791818, 875911868, 1389894460, 0, 0, 0, 564898332, 748384189, -1, 0, 0, 1261417080, 722353940, 0, 1349522941, 0, 1704654015, 0, 23080707, 1761332690, 461056473, 359694029, 0, 1631354671, 1859932337, 0, 506040437, 0],[0, 143888501, 1695421989, 1648961286, 0, 0, 1445893934, 1030777692, 936072884, 1852666918, 0, 930393390, 449784466, 948588293, 0, -1, 1702239776, 1923796622, 2136008896, 395812949, 2085613290, 423466274, 1039839563, 0, 1488876776, 0, 0, 1457107795, 0, 1250596222, 1311848029, 0, 0, 788273421],[0, 1150859243, 1543804278, 987251621, 309479268, 217880926, 0, 362414053, 548695005, 0, 1788246453, 1046476910, 440366166, 646217035, 0, 1702239776, -1, 0, 0, 220236464, 1025297165, 686952989, 610281929, 821011833, 0, 0, 984370224, 468571763, 285713043, 0, 97718913, 151678387, 2049216844, 1809030238],[230957425, 1273953975, 0, 1943784112, 985725483, 1782514236, 1496671878, 238453380, 293962475, 0, 1369862954, 0, 1197561765, 0, 1261417080, 1923796622, 0, -1, 1433296230, 856419545, 1945992702, 290024851, 524565311, 0, 296220335, 0, 1805330555, 0, 1348027888, 1222931133, 1355334480, 0, 333155633, 1318260923],[92598015, 0, 1049452673, 642031110, 183558065, 604561107, 2123634455, 0, 571081330, 672057815, 2118666417, 191175236, 1431380397, 25985513, 722353940, 2136008896, 0, 1433296230, -1, 0, 1072217124, 0, 1070430274, 0, 0, 0, 918101595, 756062947, 1269178875, 1661062141, 981132622, 0, 6083946, 0],[666666551, 336104690, 798090261, 478134921, 181769193, 597797999, 1664185483, 861363839, 679351839, 1101895370, 1911395365, 1178045229, 1903035793, 0, 0, 395812949, 220236464, 856419545, 0, -1, 0, 126816837, 319119712, 1136795327, 0, 0, 1645461989, 0, 1636772719, 1251379937, 394829987, 92113989, 1059925809, 445999615],[176446845, 2013879976, 0, 485196244, 209926332, 1772824489, 168402118, 882812582, 994788491, 1359747361, 1122607452, 813567913, 865145511, 0, 1349522941, 2085613290, 1025297165, 1945992702, 1072217124, 0, -1, 1438373997, 0, 30072192, 0, 507560155, 1123752027, 1799753302, 2019743610, 0, 254804227, 481519570, 0, 0],[0, 1486652564, 0, 0, 0, 1257956135, 0, 0, 565397747, 0, 1436913964, 0, 1484189051, 1302950700, 0, 423466274, 686952989, 290024851, 0, 126816837, 1438373997, -1, 0, 1321163931, 1090890470, 1042622850, 0, 0, 604005837, 1470969978, 560041696, 1326745225, 980434086, 1318993782],[0, 1903723592, 0, 0, 530777170, 0, 1526323415, 731102032, 0, 2050719645, 0, 1651837927, 755493962, 699296235, 1704654015, 1039839563, 610281929, 524565311, 1070430274, 319119712, 0, 0, -1, 0, 0, 153205757, 0, 2102957556, 0, 1745449681, 975173608, 1293306578, 686988490, 1992192277],[0, 0, 1041879211, 0, 1716667094, 0, 1005759651, 0, 0, 1706991344, 0, 454212903, 1109701066, 0, 0, 0, 821011833, 0, 0, 1136795327, 30072192, 1321163931, 0, -1, 1511092232, 289695134, 0, 0, 0, 0, 851950576, 823180823, 1284142365, 1282608929],[105619209, 1482459857, 0, 219154806, 0, 139000018, 186007714, 595298687, 1692526459, 1547886502, 0, 0, 0, 0, 23080707, 1488876776, 0, 296220335, 0, 0, 0, 1090890470, 0, 1511092232, -1, 19962762, 1652896095, 1363339403, 0, 1554029552, 1873551543, 168933363, 0, 0],[1985638896, 0, 0, 1820964938, 1375216787, 527288194, 997374671, 347080712, 0, 791261156, 0, 1402963135, 1283715543, 0, 1761332690, 0, 0, 0, 0, 0, 507560155, 1042622850, 153205757, 289695134, 19962762, -1, 1877248668, 1613089073, 1233447855, 194471252, 0, 1936534221, 1938973852, 0],[944805358, 1060482509, 2124607679, 0, 0, 1694781544, 0, 0, 1733967057, 676602399, 811650541, 780581165, 0, 0, 461056473, 0, 984370224, 1805330555, 918101595, 1645461989, 1123752027, 0, 0, 0, 1652896095, 1877248668, -1, 1244602854, 1439811634, 465141039, 1057809095, 1746412897, 439888620, 186269626],[1986151295, 1597762500, 1737992884, 539066970, 288192389, 0, 461069297, 0, 416986062, 609618355, 254032640, 1417828384, 0, 850551528, 359694029, 1457107795, 468571763, 0, 756062947, 0, 1799753302, 0, 2102957556, 0, 1363339403, 1613089073, 1244602854, -1, 102252158, 1715834700, 0, 732834138, 0, 1292495114],[332269830, 717438838, 0, 297868230, 0, 0, 143459611, 777806961, 931238203, 789138219, 1846480184, 1669080838, 539888699, 1275064, 0, 0, 285713043, 1348027888, 1269178875, 1636772719, 2019743610, 604005837, 0, 0, 0, 1233447855, 1439811634, 102252158, -1, 934675837, 1552015116, 1527780295, 0, 1704492074],[841843014, 0, 1811304133, 1813760719, 593831808, 0, 2122546928, 637302784, 1649157388, 0, 1624574617, 0, 804247375, 0, 1631354671, 1250596222, 0, 1222931133, 1661062141, 1251379937, 0, 1470969978, 1745449681, 0, 1554029552, 194471252, 465141039, 1715834700, 934675837, -1, 0, 1353134022, 1333793038, 994736486],[580251548, 899746776, 273469776, 1905557119, 0, 358057279, 0, 0, 344222798, 624916039, 426931312, 0, 871584318, 353202812, 1859932337, 1311848029, 97718913, 1355334480, 981132622, 394829987, 254804227, 560041696, 975173608, 851950576, 1873551543, 0, 1057809095, 0, 1552015116, 0, -1, 0, 1473836392, 0],[0, 0, 44675861, 0, 409436055, 0, 885617517, 2006075337, 1784518392, 0, 2018119924, 0, 1296620401, 1221678737, 0, 0, 151678387, 0, 0, 92113989, 481519570, 1326745225, 1293306578, 823180823, 168933363, 1936534221, 1746412897, 732834138, 1527780295, 1353134022, 0, -1, 0, 936503966],[33198989, 165224003, 1610451061, 568586786, 1070243919, 1692328467, 0, 0, 161387457, 84054541, 6437144, 172106508, 620645609, 1680334926, 506040437, 0, 2049216844, 333155633, 6083946, 1059925809, 0, 980434086, 686988490, 1284142365, 0, 1938973852, 439888620, 0, 0, 1333793038, 1473836392, 0, -1, 1094369165],[291409573, 1336120455, 795517144, 573202999, 569168968, 1064361822, 1399884171, 0, 1734196813, 1659505557, 356597491, 1216542333, 47271694, 209240355, 0, 788273421, 1809030238, 1318260923, 0, 445999615, 0, 1318993782, 1992192277, 1282608929, 0, 0, 186269626, 1292495114, 1704492074, 994736486, 0, 936503966, 1094369165, -1]]