46
[[-1, 1855061231, 1592089455, 715423015, 459340765, 816930460, 1330292022, 1482217771, 1765801931, 0, 0, 757608058, 1638621983, 2091049913, 1008677058, 1717674943, 2023181538, 781358135, 0, 1991315169, 0, 0, 0, 0, 554013411, 481730763, 1160404527, 1427297274, 0, 0, 1283219484, 1238118846, 1815729609, 780349877, 1763851640, 870150395, 978990596, 0, 0, 473651564, 1350450959, 0, 779830214, 980327624, 1152559770, 21945237],[1855061231, -1, 1904992971, 0, 2143583041, 300144976, 324135013, 1574998206, 274762234, 774642837, 825944395, 994342410, 1512609865, 1551018142, 0, 300808236, 0, 488628256, 262143939, 2091578393, 0, 2119656126, 755560156, 0, 990722370, 1749059520, 627111979, 496860982, 0, 0, 150400228, 1818158254, 283451217, 1509449415, 1586570872, 1618831431, 1574080361, 0, 1368339929, 63939486, 59385808, 274362512, 398420677, 7160993, 0, 279496738],[1592089455, 1904992971, -1, 566093949, 0, 1596802270, 0, 1418938446, 2073723185, 1956376612, 1520015804, 1144286594, 0, 1659781432, 1269740243, 1347784331, 0, 940926560, 89446464, 0, 0, 1803273426, 1891769361, 1970434139, 822104433, 408986251, 0, 6735330, 0, 564999521, 412086228, 1025663969, 77563304, 909127337, 1112490617, 2031963921, 30904100, 908895265, 0, 941273665, 655436186, 0, 2066729617, 411419809, 0, 1754772919],[715423015, 0, 566093949, -1, 0, 0, 1835060268, 291074518, 113086360, 2109957482, 534071711, 1524061320, 0, 1880502346, 1035178173, 566061725, 0, 1265594724, 0, 217477414, 0, 0, 0, 861141037, 425934342, 573921983, 1995843232, 1236211020, 2126866964, 703419574, 1025281282, 0, 1666278651, 835287683, 0, 1172408240, 0, 0, 0, 1524254642, 0, 487946886, 0, 0, 1754064106, 0],[459340765, 2143583041, 0, 0, -1, 701322194, 1282962298, 0, 1585262821, 662850062, 856987846, 142456049, 1859244167, 1207009433, 1029064350, 2093168215, 932736915, 728364694, 1940048631, 0, 987373807, 499618509, 1726626886, 525986610, 1995295912, 13987415, 234027730, 907685194, 0, 0, 992756930, 0, 911455769, 0, 2126479893, 542591783, 0, 713756302, 1772861061, 1443763257, 0, 433724981, 0, 2001140684, 0, 0],[816930460, 300144976, 1596802270, 0, 701322194, -1, 185631585, 0, 0, 1135538256, 185214808, 618245046, 988019395, 907430964, 0, 1922792548, 580579418, 289841288, 1574654176, 496230554, 0, 1827062485, 0, 525968496, 121741809, 1045007821, 657503003, 1467107752, 1386836678, 928142160, 0, 0, 126608199, 2038361622, 708414595, 1044420722, 980735808, 842779, 0, 102058120, 213304693, 2044392303, 1372148027, 861184384, 241258523, 1972653878],[1330292022, 324135013, 0, 1835060268, 1282962298, 185631585, -1, 0, 0, 0, 145833983, 0, 24000611, 0, 190009669, 0, 0, 1681760786, 0, 525443792, 1852540382, 1659353126, 2113975393, 1085374259, 1135679608, 0, 447044716, 1547558251, 575558377, 733422013, 711227451, 0, 1585832310, 336303464, 0, 168120805, 0, 606746454, 0, 442775522, 2032132816, 254420204, 1311603052, 0, 0, 1534373049],[1482217771, 1574998206, 1418938446, 291074518, 0, 0, 0, -1, 1600523761, 1336748119, 0, 0, 1101064827, 2135537277, 79459270, 1321268870, 562201274, 0, 0, 613276966, 0, 0, 124377878, 1157458104, 804885868, 414292085, 903740723, 2086942067, 357060659, 1083988345, 406632050, 547440147, 774120065, 891430560, 0, 1465706893, 1243846580, 0, 0, 0, 1160008783, 1720241168, 1075904839, 0, 1467291987, 596485579],[1765801931, 274762234, 2073723185, 113086360, 1585262821, 0, 0, 1600523761, -1, 0, 0, 0, 1906131701, 0, 517439991, 0, 0, 1540135924, 224123549, 1145310762, 735654232, 0, 0, 0, 1875338400, 1884769295, 0, 2098484270, 1434041536, 1305989377, 1516565903, 0, 815247428, 0, 1564778364, 0, 1084975303, 108528383, 1104228696, 624303059, 0, 944047455, 2114205776, 992878722, 91478443, 0],[0, 774642837, 1956376612, 2109957482, 662850062, 1135538256, 0, 1336748119, 0, -1, 866407019, 1022220143, 0, 61088274, 1012142386, 0, 0, 1601968079, 0, 1940302567, 0, 0, 0, 0, 987389210, 0, 0, 79984929, 1800546620, 0, 91611574, 0, 1323688434, 784258222, 520299433, 1581405366, 950213160, 1247762625, 2098664891, 0, 0, 0, 2051935790, 1177147051, 0, 986358662],[0, 825944395, 1520015804, 534071711, 856987846, 185214808, 145833983, 0, 0, 866407019, -1, 392447069, 610352502, 946748782, 266810594, 0, 543268295, 1946894013, 1755159504, 0, 330174053, 0, 217277412, 59351613, 167601559, 259891801, 936786272, 0, 367168971, 2124507751, 1794521977, 0, 1659256668, 788837098, 2082407606, 0, 0, 1181915517, 638670149, 1470147123, 0, 1415264018, 1231137642, 2106493850, 1473530029, 306320155],[757608058, 994342410, 1144286594, 1524061320, 142456049, 618245046, 0, 0, 0, 1022220143, 392447069, -1, 0, 1713916468, 0, 0, 2002415566, 555473349, 536980732, 1576291636, 0, 1249253324, 0, 1618911122, 0, 1010535121, 0, 919051421, 0, 2049096838, 90690897, 509103191, 0, 1405962351, 0, 1480749336, 1806058576, 1782757112, 0, 0, 0, 0, 207022055, 1626659796, 1395546049, 567648743],[1638621983, 1512609865, 0, 0, 1859244167, 988019395, 24000611, 1101064827, 1906131701, 0, 610352502, 0, -1, 191198200, 1609981747, 0, 1703424091, 1135112517, 1076308659, 0, 0, 1034569402, 93276325, 0, 0, 1924359652, 0, 680544120, 1257726829, 1153263464, 759993462, 0, 1027663700, 0, 0, 710175994, 0, 1911161617, 0, 1751655157, 634426015, 2132522798, 1795415029, 1484905731, 1016360818, 812239333],[2091049913, 1551018142, 1659781432, 1880502346, 1207009433, 907430964, 0, 2135537277, 0, 61088274, 946748782, 1713916468, 191198200, -1, 0, 0, 896073307, 874760706, 0, 339333365, 0, 1129133454, 709271990, 435668424, 1110799561, 1716445549, 175917991, 0, 59965609, 2089936159, 0, 1698158525, 1444487215, 0, 1345701256, 1164153568, 1853184319, 1516131633, 0, 0, 0, 137870252, 216667866, 280750069, 316941737, 1810504302],[1008677058, 0, 1269740243, 1035178173, 1029064350, 0, 190009669, 79459270, 517439991, 1012142386, 266810594, 0, 1609981747, 0, -1, 385516381, 1603477027, 1384691540, 632769187, 2103695711, 1247899291, 1813871760, 0, 0, 637072345, 0, 1235901590, 1826506222, 569883829, 0, 80165200, 397235784, 1083013911, 0, 1659573778, 1244613989, 148615046, 517403236, 0, 0, 599431803, 1048325754, 0, 0, 0, 203804916],[1717674943, 300808236, 1347784331, 566061725, 2093168215, 1922792548, 0, 1321268870, 0, 0, 0, 0, 0, 0, 385516381, -1, 1124556214, 0, 1374544653, 1666290081, 0, 1835017941, 212391587, 1899192319, 0, 1252628159, 1833385491, 448491628, 1841632211, 0, 631399589, 1772531865, 1307310165, 1506790969, 1801548319, 0, 0, 258689838, 863914281, 737346892, 1074742698, 2112685680, 1200094904, 853961843, 0, 285455146],[2023181538, 0, 0, 0, 932736915, 580579418, 0, 562201274, 0, 0, 543268295, 2002415566, 1703424091, 896073307, 1603477027, 1124556214, -1, 1591655539, 0, 2006657322, 332982477, 1419145437, 1342130777, 0, 869537143, 0, 1297560367, 0, 1773354501, 303267032, 1867403182, 0, 0, 0, 0, 976905948, 280935245, 1829683232, 567482876, 0, 1050495829, 1596216413, 0, 1034507129, 0, 1403137298],[781358135, 488628256, 940926560, 1265594724, 728364694, 289841288, 1681760786, 0, 1540135924, 1601968079, 1946894013, 555473349, 1135112517, 874760706, 1384691540, 0, 1591655539, -1, 877904284, 813743337, 416081489, 274012115, 1101683650, 1550176118, 475968469, 745304400, 0, 459785129, 1634507277, 486945538, 366032129, 1901446800, 1038632638, 281768489, 0, 0, 596370987, 1071562620, 1507290774, 0, 371828695, 1578878401, 990275566, 752012363, 837190427, 1171302386],[0, 262143939, 89446464, 0, 1940048631, 1574654176, 0, 0, 224123549, 0, 1755159504, 536980732, 1076308659, 0, 632769187, 1374544653, 0, 877904284, -1, 0, 0, 0, 0, 0, 463111367, 2145741316, 0, 1615361468, 280255883, 1706062173, 0, 0, 1522523836, 0, 1912581300, 0, 716814538, 1299951240, 0, 1748128293, 0, 1552971041, 594438824, 0, 1309263913, 1229107220],[1991315169, 2091578393, 0, 217477414, 0, 496230554, 525443792, 613276966, 1145310762, 1940302567, 0, 1576291636, 0, 339333365, 2103695711, 1666290081, 2006657322, 813743337, 0, -1, 1471206929, 1259839439, 169745725, 0, 588636089, 121207906, 1918963821, 1981984627, 41713800, 0, 343585571, 0, 1354729339, 0, 814321124, 1636268789, 497098665, 2063216510, 0, 1084590401, 2072906474, 581517501, 0, 0, 0, 385065624],[0, 0, 0, 0, 987373807, 0, 1852540382, 0, 735654232, 0, 330174053, 0, 0, 0, 1247899291, 0, 332982477, 416081489, 0, 1471206929, -1, 1071687145, 1558598477, 990320943, 363706537, 0, 2071078553, 0, 467781599, 1498912602, 1028219799, 0, 1198697772, 0, 0, 0, 0, 1073837683, 295438741, 2130792621, 606337091, 1503490480, 0, 2081017392, 855318281, 668431718],[0, 2119656126, 1803273426, 0, 499618509, 1827062485, 1659353126, 0, 0, 0, 0, 1249253324, 1034569402, 1129133454, 1813871760, 1835017941, 1419145437, 274012115, 0, 1259839439, 1071687145, -1, 0, 1259268143, 0, 189358738, 0, 0, 0, 1964611090, 1777735533, 1746473603, 0, 734722316, 0, 1535831969, 0, 1879343081, 874312369, 1354446810, 0, 35669070, 0, 1688928950, 70544284, 65974065],[0, 755560156, 1891769361, 0, 1726626886, 0, 2113975393, 124377878, 0, 0, 217277412, 0, 93276325, 709271990, 0, 212391587, 1342130777, 1101683650, 0, 169745725, 1558598477, 0, -1, 0, 1821830385, 0, 0, 1286752420, 719146076, 0, 656246238, 0, 41638029, 0, 928190131, 1575887812, 0, 1179589294, 0, 1652905990, 358245839, 0, 2013585583, 1925435663, 954467565, 636313225],[0, 0, 1970434139, 861141037, 525986610, 525968496, 1085374259, 1157458104, 0, 0, 59351613, 1618911122, 0, 435668424, 0, 1899192319, 0, 1550176118, 0, 0, 990320943, 1259268143, 0, -1, 0, 1330894178, 0, 0, 0, 489025552, 0, 0, 0, 0, 1837856726, 0, 1922585194, 654103928, 406388636, 61053509, 1638337936, 720178890, 2066214894, 1335962714, 1040583558, 1536165524],[554013411, 990722370, 822104433, 425934342, 1995295912, 121741809, 1135679608, 804885868, 1875338400, 987389210, 167601559, 0, 0, 1110799561, 637072345, 0, 869537143, 475968469, 463111367, 588636089, 363706537, 0, 1821830385, 0, -1, 1493020488, 407364214, 1079724812, 111898585, 0, 1042874981, 2076756108, 1228034869, 981037048, 104901270, 714459606, 983731806, 1895761219, 1089383255, 291434955, 555609823, 2071024065, 1908724528, 0, 0, 0],[481730763, 1749059520, 408986251, 573921983, 13987415, 1045007821, 0, 414292085, 1884769295, 0, 259891801, 1010535121, 1924359652, 1716445549, 0, 1252628159, 0, 745304400, 2145741316, 121207906, 0, 189358738, 0, 1330894178, 1493020488, -1, 1651307035, 1883492047, 11423023, 2008851839, 1558668967, 0, 705933493, 1093867257, 696628036, 1387184591, 2079116444, 1698182189, 1267412288, 0, 672887712, 0, 2132098231, 1182246143, 921095073, 0],[1160404527, 627111979, 0, 1995843232, 234027730, 657503003, 447044716, 903740723, 0, 0, 936786272, 0, 0, 175917991, 1235901590, 1833385491, 1297560367, 0, 0, 1918963821, 2071078553, 0, 0, 0, 407364214, 1651307035, -1, 2039448336, 1828346139, 1288624140, 0, 1172601589, 0, 0, 249630043, 851237755, 1676415462, 0, 1443656785, 1946062015, 0, 2002188914, 680459310, 1738980046, 0, 797731354],[1427297274, 496860982, 6735330, 1236211020, 907685194, 1467107752, 1547558251, 2086942067, 2098484270, 79984929, 0, 919051421, 680544120, 0, 1826506222, 448491628, 0, 459785129, 1615361468, 1981984627, 0, 0, 1286752420, 0, 1079724812, 1883492047, 2039448336, -1, 85919754, 0, 0, 1236560209, 817961863, 2106558629, 339191823, 1646538228, 573513525, 62451956, 1586471258, 2012156513, 648773383, 394271477, 1751956848, 0, 0, 1040599528],[0, 0, 0, 2126866964, 0, 1386836678, 575558377, 357060659, 1434041536, 1800546620, 367168971, 0, 1257726829, 59965609, 569883829, 1841632211, 1773354501, 1634507277, 280255883, 41713800, 467781599, 0, 719146076, 0, 111898585, 11423023, 1828346139, 85919754, -1, 796181949, 999225287, 153094082, 144492836, 1287899041, 0, 0, 992089448, 1664494099, 1902492217, 996371495, 0, 2064827492, 1849756348, 1909442044, 502682982, 804308980],[0, 0, 564999521, 703419574, 0, 928142160, 733422013, 1083988345, 1305989377, 0, 2124507751, 2049096838, 1153263464, 2089936159, 0, 0, 303267032, 486945538, 1706062173, 0, 1498912602, 1964611090, 0, 489025552, 0, 2008851839, 1288624140, 0, 796181949, -1, 1642745418, 0, 1421459390, 1868477304, 1808250130, 0, 173595604, 2023806086, 1976546004, 0, 1906127743, 603169973, 1392489869, 1601447017, 348816347, 0],[1283219484, 150400228, 412086228, 1025281282, 992756930, 0, 711227451, 406632050, 1516565903, 91611574, 1794521977, 90690897, 759993462, 0, 80165200, 631399589, 1867403182, 366032129, 0, 343585571, 1028219799, 1777735533, 656246238, 0, 1042874981, 1558668967, 0, 0, 999225287, 1642745418, -1, 0, 1026661559, 0, 698935027, 202778108, 743852819, 0, 0, 0, 1040865965, 1628963149, 1430906765, 1607423365, 0, 0],[1238118846, 1818158254, 1025663969, 0, 0, 0, 0, 547440147, 0, 0, 0, 509103191, 0, 1698158525, 397235784, 1772531865, 0, 1901446800, 0, 0, 0, 1746473603, 0, 0, 2076756108, 0, 1172601589, 1236560209, 153094082, 0, 0, -1, 1997777618, 442222272, 113736866, 95539103, 702823720, 0, 940780082, 587568370, 741918377, 1691888588, 604716224, 1642947541, 1191732005, 118237079],[1815729609, 283451217, 77563304, 1666278651, 911455769, 126608199, 1585832310, 774120065, 815247428, 1323688434, 1659256668, 0, 1027663700, 1444487215, 1083013911, 1307310165, 0, 1038632638, 1522523836, 1354729339, 1198697772, 0, 41638029, 0, 1228034869, 705933493, 0, 817961863, 144492836, 1421459390, 1026661559, 1997777618, -1, 1782835827, 0, 1241465793, 0, 0, 146705739, 651826276, 1577905396, 0, 0, 27310518, 981000762, 979294502],[780349877, 1509449415, 909127337, 835287683, 0, 2038361622, 336303464, 891430560, 0, 784258222, 788837098, 1405962351, 0, 0, 0, 1506790969, 0, 281768489, 0, 0, 0, 734722316, 0, 0, 981037048, 1093867257, 0, 2106558629, 1287899041, 1868477304, 0, 442222272, 1782835827, -1, 155785223, 698495332, 1614714758, 100062185, 0, 1248090580, 689828929, 934620443, 1728652154, 1618373601, 54982736, 1637015048],[1763851640, 1586570872, 1112490617, 0, 2126479893, 708414595, 0, 0, 1564778364, 520299433, 2082407606, 0, 0, 1345701256, 1659573778, 1801548319, 0, 0, 1912581300, 814321124, 0, 0, 928190131, 1837856726, 104901270, 696628036, 249630043, 339191823, 0, 1808250130, 698935027, 113736866, 0, 155785223, -1, 0, 1351305196, 0, 0, 0, 2103541492, 1718893721, 830535262, 0, 762310421, 0],[870150395, 1618831431, 2031963921, 1172408240, 542591783, 1044420722, 168120805, 1465706893, 0, 1581405366, 0, 1480749336, 710175994, 1164153568, 1244613989, 0, 976905948, 0, 0, 1636268789, 0, 1535831969, 1575887812, 0, 714459606, 1387184591, 851237755, 1646538228, 0, 0, 202778108, 95539103, 1241465793, 698495332, 0, -1, 280912408, 0, 572335030, 0, 1354369135, 0, 1366417288, 1970352881, 1917864123, 1235117600],[978990596, 1574080361, 30904100, 0, 0, 980735808, 0, 1243846580, 1084975303, 950213160, 0, 1806058576, 0, 1853184319, 148615046, 0, 280935245, 596370987, 716814538, 497098665, 0, 0, 0, 1922585194, 983731806, 2079116444, 1676415462, 573513525, 992089448, 173595604, 743852819, 702823720, 0, 1614714758, 1351305196, 280912408, -1, 1327947403, 158641327, 574033269, 0, 0, 0, 0, 974206227, 0],[0, 0, 908895265, 0, 713756302, 842779, 606746454, 0, 108528383, 1247762625, 1181915517, 1782757112, 1911161617, 1516131633, 517403236, 258689838, 1829683232, 1071562620, 1299951240, 2063216510, 1073837683, 1879343081, 1179589294, 654103928, 1895761219, 1698182189, 0, 62451956, 1664494099, 2023806086, 0, 0, 0, 100062185, 0, 0, 1327947403, -1, 880769775, 184539197, 0, 943935222, 1072200192, 1416829342, 0, 2120898642],[0, 1368339929, 0, 0, 1772861061, 0, 0, 0, 1104228696, 2098664891, 638670149, 0, 0, 0, 0, 863914281, 567482876, 1507290774, 0, 0, 295438741, 874312369, 0, 406388636, 1089383255, 1267412288, 1443656785, 1586471258, 1902492217, 1976546004, 0, 940780082, 146705739, 0, 0, 572335030, 158641327, 880769775, -1, 1434057564, 609757225, 0, 1646305807, 1933116130, 954528145, 2017089488],[473651564, 63939486, 941273665, 1524254642, 1443763257, 102058120, 442775522, 0, 624303059, 0, 1470147123, 0, 1751655157, 0, 0, 737346892, 0, 0, 1748128293, 1084590401, 2130792621, 1354446810, 1652905990, 61053509, 291434955, 0, 1946062015, 2012156513, 996371495, 0, 0, 587568370, 651826276, 1248090580, 0, 0, 574033269, 184539197, 1434057564, -1, 1309152135, 0, 0, 1976174704, 0, 326185518],[1350450959, 59385808, 655436186, 0, 0, 213304693, 2032132816, 1160008783, 0, 0, 0, 0, 634426015, 0, 599431803, 1074742698, 1050495829, 371828695, 0, 2072906474, 606337091, 0, 358245839, 1638337936, 555609823, 672887712, 0, 648773383, 0, 1906127743, 1040865965, 741918377, 1577905396, 689828929, 2103541492, 1354369135, 0, 0, 609757225, 1309152135, -1, 163241131, 0, 1618908762, 0, 1538875717],[0, 274362512, 0, 487946886, 433724981, 2044392303, 254420204, 1720241168, 944047455, 0, 1415264018, 0, 2132522798, 137870252, 1048325754, 2112685680, 1596216413, 1578878401, 1552971041, 581517501, 1503490480, 35669070, 0, 720178890, 2071024065, 0, 2002188914, 394271477, 2064827492, 603169973, 1628963149, 1691888588, 0, 934620443, 1718893721, 0, 0, 943935222, 0, 0, 163241131, -1, 0, 585646725, 0, 0],[779830214, 398420677, 2066729617, 0, 0, 1372148027, 1311603052, 1075904839, 2114205776, 2051935790, 1231137642, 207022055, 1795415029, 216667866, 0, 1200094904, 0, 990275566, 594438824, 0, 0, 0, 2013585583, 2066214894, 1908724528, 2132098231, 680459310, 1751956848, 1849756348, 1392489869, 1430906765, 604716224, 0, 1728652154, 830535262, 1366417288, 0, 1072200192, 1646305807, 0, 0, 0, -1, 536792699, 1602691919, 1728151782],[980327624, 7160993, 411419809, 0, 2001140684, 861184384, 0, 0, 992878722, 1177147051, 2106493850, 1626659796, 1484905731, 280750069, 0, 853961843, 1034507129, 752012363, 0, 0, 2081017392, 1688928950, 1925435663, 1335962714, 0, 1182246143, 1738980046, 0, 1909442044, 1601447017, 1607423365, 1642947541, 27310518, 1618373601, 0, 1970352881, 0, 1416829342, 1933116130, 1976174704, 1618908762, 585646725, 536792699, -1, 1749254101, 1348887288],[1152559770, 0, 0, 1754064106, 0, 241258523, 0, 1467291987, 91478443, 0, 1473530029, 1395546049, 1016360818, 316941737, 0, 0, 0, 837190427, 1309263913, 0, 855318281, 70544284, 954467565, 1040583558, 0, 921095073, 0, 0, 502682982, 348816347, 0, 1191732005, 981000762, 54982736, 762310421, 1917864123, 974206227, 0, 954528145, 0, 0, 0, 1602691919, 1749254101, -1, 1117294717],[21945237, 279496738, 1754772919, 0, 0, 1972653878, 1534373049, 596485579, 0, 986358662, 306320155, 567648743, 812239333, 1810504302, 203804916, 285455146, 1403137298, 1171302386, 1229107220, 385065624, 668431718, 65974065, 636313225, 1536165524, 0, 0, 797731354, 1040599528, 804308980, 0, 0, 118237079, 979294502, 1637015048, 0, 1235117600, 0, 2120898642, 2017089488, 326185518, 1538875717, 0, 1728151782, 1348887288, 1117294717, -1]]