15
[[-1, 893268716, 726220006, 1581171749, 0, 508207689, 0, 0, 203986403, 151814895, 0, 0, 853148582, 1158399098, 957963816],[893268716, -1, 0, 1339238217, 0, 0, 1460085589, 494646421, 0, 0, 1803892228, 1133392827, 665655891, 0, 1408422901],[726220006, 0, -1, 1376058983, 491907242, 2107965387, 1325449968, 432863057, 1221332055, 1191408361, 1663333939, 638911324, 32619814, 1444189034, 1770341981],[1581171749, 1339238217, 1376058983, -1, 230824899, 0, 1344413396, 680889034, 1102473746, 0, 0, 864772318, 104209379, 368085237, 0],[0, 0, 491907242, 230824899, -1, 0, 630588772, 1342030940, 2070441799, 1536010480, 0, 1467788794, 517317680, 1373555808, 0],[508207689, 0, 2107965387, 0, 0, -1, 136732140, 1118990700, 0, 0, 822813055, 222823066, 1689301709, 562218640, 476721001],[0, 1460085589, 1325449968, 1344413396, 630588772, 136732140, -1, 1900982055, 449566881, 1165396555, 1362082009, 2099047308, 0, 2055389202, 804356538],[0, 494646421, 432863057, 680889034, 1342030940, 1118990700, 1900982055, -1, 497710603, 780336219, 1409152877, 1052665208, 0, 2057319287, 0],[203986403, 0, 1221332055, 1102473746, 2070441799, 0, 449566881, 497710603, -1, 282885320, 0, 500279327, 1348530998, 683567173, 0],[151814895, 0, 1191408361, 0, 1536010480, 0, 1165396555, 780336219, 282885320, -1, 475933154, 327666461, 1625977783, 992506849, 0],[0, 1803892228, 1663333939, 0, 0, 822813055, 1362082009, 1409152877, 0, 475933154, -1, 0, 888464662, 1723510217, 2087602164],[0, 1133392827, 638911324, 864772318, 1467788794, 222823066, 2099047308, 1052665208, 500279327, 327666461, 0, -1, 519095329, 0, 0],[853148582, 665655891, 32619814, 104209379, 517317680, 1689301709, 0, 0, 1348530998, 1625977783, 888464662, 519095329, -1, 0, 577184892],[1158399098, 0, 1444189034, 368085237, 1373555808, 562218640, 2055389202, 2057319287, 683567173, 992506849, 1723510217, 0, 0, -1, 0],[957963816, 1408422901, 1770341981, 0, 0, 476721001, 804356538, 0, 0, 0, 2087602164, 0, 577184892, 0, -1]]