57
[[-1, 1191185901, 0, 1194281877, 1296011303, 1455314623, 1786330416, 0, 812182835, 567094827, 725203917, 1080451867, 1348035721, 2061263094, 0, 0, 0, 1765428717, 103921060, 820479468, 0, 913827498, 1970313391, 1565473954, 51136076, 1707024481, 516244759, 133151831, 1781605142, 0, 1688514419, 1693404126, 0, 934141716, 1031534672, 1355414682, 0, 369764867, 0, 1535194837, 0, 376326695, 663528371, 1424102629, 63938936, 0, 1429833544, 0, 52301535, 13979456, 832463196, 0, 452931888, 984944238, 1611931289, 1586250802, 294953022],[1191185901, -1, 1435363543, 1438794988, 0, 1080153891, 936803057, 1080554784, 0, 0, 136402920, 0, 520350578, 535527682, 0, 207817628, 0, 852651453, 0, 0, 0, 0, 1792114197, 0, 1503579972, 1024038019, 860055638, 707639262, 1512704835, 0, 1892353673, 0, 1945861618, 0, 0, 447222914, 1786195373, 1547196264, 773035605, 0, 1258752166, 539007107, 258637268, 0, 48342727, 0, 0, 1975101248, 0, 32493835, 1936491909, 0, 0, 0, 0, 980462700, 1340911986],[0, 1435363543, -1, 1201199008, 808852883, 0, 322409055, 604806525, 1563955547, 578714130, 688636133, 407030645, 1530723371, 0, 904512679, 540928912, 0, 2018261804, 1647403509, 1355412649, 0, 890106000, 1140883567, 684462708, 69185870, 0, 546950196, 946900986, 1469673821, 423337125, 824536044, 0, 1409340533, 537423259, 143003078, 0, 0, 0, 0, 0, 646778364, 34763536, 0, 820461616, 0, 0, 801953427, 0, 2134464291, 1728115344, 0, 0, 1163933159, 2065068222, 1304094670, 1434644122, 791066923],[1194281877, 1438794988, 1201199008, -1, 1275506406, 45916230, 596182089, 496440519, 0, 1292943413, 312287185, 1771140382, 0, 0, 0, 0, 824953046, 0, 1075413184, 1277853661, 1160781172, 0, 1812108710, 202736929, 0, 0, 0, 1430570611, 0, 1737344163, 0, 1481124723, 741482511, 919806514, 1788652692, 0, 516636773, 410517203, 0, 0, 2022808195, 0, 0, 273626915, 2098189402, 0, 189505458, 0, 227153498, 1081649738, 498758023, 391231746, 0, 0, 1324355005, 582555655, 0],[1296011303, 0, 808852883, 1275506406, -1, 1539634340, 0, 1832731488, 0, 1947019024, 111646949, 2012746872, 2019470438, 1419162807, 1571083761, 654143948, 122589016, 113274273, 2056778510, 184695598, 589934109, 1690012962, 1776421163, 1847870655, 0, 0, 248314222, 1734869445, 2012738464, 1126379330, 0, 0, 278632728, 0, 1452781412, 0, 1387613749, 0, 0, 1807740033, 543191100, 0, 1151252479, 0, 811088961, 1514905824, 44812754, 1554537736, 1882554913, 1703396900, 1721898867, 273865262, 1679859712, 322588462, 0, 234800739, 1526030910],[1455314623, 1080153891, 0, 45916230, 1539634340, -1, 0, 1642788758, 1346837672, 0, 0, 203215466, 1882243931, 147983955, 0, 172603108, 938224227, 1259801417, 0, 765782935, 936670536, 1458192886, 219136001, 0, 1762288187, 873976218, 0, 55554227, 460458445, 1983175625, 951463369, 78673947, 1713520870, 919848577, 0, 1601021288, 1643331305, 587726608, 345255093, 840898918, 1875210832, 0, 2073781340, 1511479251, 302893166, 767988640, 1696140179, 0, 1102622537, 0, 0, 778261463, 0, 1908925102, 374539318, 2118107359, 1828783916],[1786330416, 936803057, 322409055, 596182089, 0, 0, -1, 487328364, 581293250, 0, 0, 0, 1616099047, 992774987, 1990460437, 1257267720, 495344321, 1471524472, 1143595374, 581253591, 981966588, 902505971, 0, 246843009, 861719768, 0, 759407733, 997948474, 962617635, 0, 582574672, 804046296, 1199525413, 1791969375, 2067372511, 618959440, 578295850, 1347555107, 1224869056, 52230523, 0, 484272165, 1224562898, 0, 1793141266, 1267836869, 453826002, 848226991, 1740632867, 1354966797, 1057945979, 0, 0, 0, 0, 0, 0],[0, 1080554784, 604806525, 496440519, 1832731488, 1642788758, 487328364, -1, 0, 861418047, 0, 807931296, 0, 865944399, 2025198496, 93141392, 861148539, 0, 0, 522571626, 0, 130598588, 0, 1811539728, 756691971, 1709230174, 211033258, 0, 0, 796994451, 0, 0, 0, 447363629, 1251061578, 2099143632, 1370799243, 1463001516, 1433512378, 2060346732, 1647759908, 1370094175, 1271221823, 0, 151735729, 0, 715002379, 264429385, 892370807, 0, 612287843, 1927801686, 1870682105, 203781916, 1173697155, 693878684, 735431508],[812182835, 0, 1563955547, 0, 0, 1346837672, 581293250, 0, -1, 1548544590, 380326383, 1532317262, 135467258, 1839167863, 957074542, 378079790, 0, 383814311, 0, 1430273471, 0, 609492891, 1371834476, 2071298507, 1978360092, 816322311, 0, 0, 1184095556, 0, 258404119, 2069732412, 0, 1710102295, 0, 0, 451400887, 281072069, 916196478, 0, 1895413685, 0, 399171506, 0, 0, 1566988814, 711125172, 583541029, 0, 1341734296, 606819701, 130691765, 0, 0, 0, 1964449210, 418834267],[567094827, 0, 578714130, 1292943413, 1947019024, 0, 0, 861418047, 1548544590, -1, 1356726833, 1685743332, 301075043, 1092153955, 0, 810182121, 0, 358814316, 0, 2103455722, 0, 0, 5624873, 1572090670, 1852200881, 0, 1500672592, 293981059, 1201052333, 0, 1590776964, 1334030051, 0, 1131878946, 881111900, 1041942257, 1123776489, 736830546, 2014888952, 26534275, 1669918325, 1979274466, 1530805203, 2095025558, 0, 1652683365, 0, 337432090, 2144412936, 1351454419, 867003088, 252722108, 873582407, 220508051, 2004101235, 405641768, 602686367],[725203917, 136402920, 688636133, 312287185, 111646949, 0, 0, 0, 380326383, 1356726833, -1, 668751385, 934985794, 0, 1577304879, 472739257, 0, 2052661176, 1000020133, 2140638670, 834084550, 970235027, 0, 1644470879, 1562224361, 0, 1184971575, 0, 1684070009, 0, 1481215024, 1050993549, 1767334596, 969471104, 1076949999, 234483019, 53737858, 1550078146, 1395559651, 2057310071, 1100823917, 41396479, 0, 88238748, 833254815, 0, 0, 0, 1288947447, 637035303, 0, 469137704, 0, 0, 0, 949794027, 1024566849],[1080451867, 0, 407030645, 1771140382, 2012746872, 203215466, 0, 807931296, 1532317262, 1685743332, 668751385, -1, 1431689719, 1257620984, 270579443, 546706625, 177159901, 1212656485, 0, 0, 0, 0, 1491304843, 0, 2083218217, 1957486276, 0, 0, 1149640727, 1902370426, 0, 246160635, 985243820, 1038138359, 399486871, 0, 1277132627, 0, 859045417, 1450176497, 1522069603, 901529281, 0, 426001890, 0, 0, 778851992, 1190943329, 1532187999, 1826884259, 1676807775, 0, 82829238, 522350714, 1768360064, 0, 0],[1348035721, 520350578, 1530723371, 0, 2019470438, 1882243931, 1616099047, 0, 135467258, 301075043, 934985794, 1431689719, -1, 510807902, 2083038901, 989164098, 1287467591, 0, 1424845013, 2083338590, 0, 1972280728, 963162821, 1345180465, 0, 1177839530, 315406307, 1715219752, 0, 1801997281, 159310726, 952609330, 1075090377, 583575753, 630459113, 0, 0, 0, 1470928606, 1147306276, 849651412, 0, 0, 1755292585, 370263595, 2044359856, 364671501, 121723347, 1573235508, 612968852, 908650144, 1084646966, 1720499688, 624801123, 964010723, 425827253, 504585755],[2061263094, 535527682, 0, 0, 1419162807, 147983955, 992774987, 865944399, 1839167863, 1092153955, 0, 1257620984, 510807902, -1, 1749937079, 1079103673, 0, 284253141, 837675701, 177854670, 0, 1001561982, 0, 0, 1681582634, 1945555001, 313105626, 0, 0, 819182318, 1099711586, 0, 0, 0, 422044594, 2038965899, 0, 1489734582, 0, 0, 612810537, 709312089, 1905923903, 1810956750, 0, 0, 1262802840, 1320455335, 466032137, 0, 2081985301, 0, 2117799660, 0, 606736470, 0, 1224533105],[0, 0, 904512679, 0, 1571083761, 0, 1990460437, 2025198496, 957074542, 0, 1577304879, 270579443, 2083038901, 1749937079, -1, 0, 220280980, 1622917693, 0, 848738853, 649921181, 461778950, 0, 0, 1591074391, 0, 0, 1565786453, 334875483, 0, 885077329, 446170737, 1452799837, 1850808002, 0, 1108936047, 565611391, 252037831, 602842387, 1975163285, 15031785, 0, 1746252078, 193912790, 0, 0, 0, 804909722, 1081326472, 0, 1337171820, 671049567, 0, 1966221929, 0, 1909180643, 341706299],[0, 207817628, 540928912, 0, 654143948, 172603108, 1257267720, 93141392, 378079790, 810182121, 472739257, 546706625, 989164098, 1079103673, 0, -1, 1099660342, 1318836754, 606394643, 1030273261, 760072907, 1135985477, 1000182829, 927363134, 0, 0, 894637689, 534818953, 2096744585, 696805267, 0, 339002136, 1013505286, 1428068065, 0, 0, 458612206, 1362456285, 1685744377, 2003215079, 1208369644, 1884965229, 1311719235, 1465058688, 0, 325630933, 572784978, 930983793, 1790373526, 346304351, 1242546326, 0, 0, 1946776126, 655619857, 1925097912, 11325768],[0, 0, 0, 824953046, 122589016, 938224227, 495344321, 861148539, 0, 0, 0, 177159901, 1287467591, 0, 220280980, 1099660342, -1, 1201338026, 1172007850, 0, 0, 1981623055, 0, 921345202, 1561698503, 1030246014, 600067817, 0, 2055055957, 2081227113, 0, 0, 196268329, 500877221, 1445382366, 1025619248, 1608409392, 1312361259, 1652443168, 1600419299, 0, 1168788777, 135885209, 848742704, 0, 0, 0, 483259208, 143349417, 0, 1056954603, 1253085792, 1358598972, 0, 1693957410, 0, 2063889748],[1765428717, 852651453, 2018261804, 0, 113274273, 1259801417, 1471524472, 0, 383814311, 358814316, 2052661176, 1212656485, 0, 284253141, 1622917693, 1318836754, 1201338026, -1, 2093158902, 0, 1901393966, 0, 0, 330854714, 1803574542, 0, 0, 0, 0, 1348865335, 836878544, 1125320081, 0, 896635090, 809319073, 1480897646, 0, 0, 0, 1630473611, 0, 1175381272, 0, 1027487552, 1376134150, 0, 542033182, 1828177, 129166119, 174983741, 0, 1988042610, 0, 1276098286, 1419533770, 1961318795, 0],[103921060, 0, 1647403509, 1075413184, 2056778510, 0, 1143595374, 0, 0, 0, 1000020133, 0, 1424845013, 837675701, 0, 606394643, 1172007850, 2093158902, -1, 761908440, 1691153078, 422926119, 797936665, 532810895, 0, 0, 568858382, 1272714349, 605027347, 1227007198, 132321078, 1666866823, 1043082590, 1270606379, 285272597, 182802327, 659052531, 1171452267, 852701991, 484015961, 1624598906, 0, 0, 1883905973, 360120003, 1154185046, 0, 0, 10216861, 952211429, 391795993, 0, 1237017687, 0, 370689562, 0, 0],[820479468, 0, 1355412649, 1277853661, 184695598, 765782935, 581253591, 522571626, 1430273471, 2103455722, 2140638670, 0, 2083338590, 177854670, 848738853, 1030273261, 0, 0, 761908440, -1, 323688958, 112996148, 115356787, 1718792663, 1289991828, 815756926, 0, 1106839372, 1681226044, 801942488, 108756843, 0, 0, 0, 114327994, 700884775, 0, 732699504, 1126562100, 0, 1919863042, 194925946, 0, 1250371671, 989934967, 1129191501, 1200964097, 1278643441, 1528294068, 1531519832, 0, 778451749, 123294344, 0, 1264535087, 1549854047, 0],[0, 0, 0, 1160781172, 589934109, 936670536, 981966588, 0, 0, 0, 834084550, 0, 0, 0, 649921181, 760072907, 0, 1901393966, 1691153078, 323688958, -1, 0, 1229637529, 0, 1502673564, 377781888, 1192363054, 533905460, 254645889, 0, 554395651, 1521492874, 858135460, 0, 0, 0, 965991279, 387947463, 0, 1000065041, 0, 0, 2095611942, 1106257686, 611520967, 616560421, 0, 1422168505, 0, 273975590, 0, 1129759671, 0, 479214445, 1576361006, 1473431880, 1734542206],[913827498, 0, 890106000, 0, 1690012962, 1458192886, 902505971, 130598588, 609492891, 0, 970235027, 0, 1972280728, 1001561982, 461778950, 1135985477, 1981623055, 0, 422926119, 112996148, 0, -1, 0, 1855730363, 332587580, 0, 417437484, 917545946, 0, 0, 933455646, 130880105, 1790080778, 225187591, 1146091313, 0, 1039483097, 1945519425, 0, 1269214720, 816097388, 1290929817, 0, 305932266, 0, 457934605, 1738775451, 145815994, 0, 818531065, 640538898, 754099411, 1601784581, 700617164, 1710230212, 1225751426, 1328442632],[1970313391, 1792114197, 1140883567, 1812108710, 1776421163, 219136001, 0, 0, 1371834476, 5624873, 0, 1491304843, 963162821, 0, 0, 1000182829, 0, 0, 797936665, 115356787, 1229637529, 0, -1, 1718899586, 437795786, 1579231793, 896156493, 1579789189, 104684260, 1047043986, 240208859, 0, 1824399091, 125840553, 0, 1854275326, 1828463430, 1537907445, 1964505783, 0, 0, 103985420, 35836025, 0, 540643153, 326603634, 0, 231211002, 983201006, 0, 621819741, 943316089, 133982398, 360657867, 1655627436, 1015052700, 0],[1565473954, 0, 684462708, 202736929, 1847870655, 0, 246843009, 1811539728, 2071298507, 1572090670, 1644470879, 0, 1345180465, 0, 0, 927363134, 921345202, 330854714, 532810895, 1718792663, 0, 1855730363, 1718899586, -1, 1619973529, 0, 0, 709680048, 0, 1897090616, 0, 57480618, 0, 821263756, 1174851829, 1084365708, 1725429382, 0, 1699057613, 897930489, 111619254, 527199195, 1757478560, 0, 831032269, 0, 1256608038, 0, 0, 88081390, 1592322272, 0, 0, 0, 0, 433589391, 0],[51136076, 1503579972, 69185870, 0, 0, 1762288187, 861719768, 756691971, 1978360092, 1852200881, 1562224361, 2083218217, 0, 1681582634, 1591074391, 0, 1561698503, 1803574542, 0, 1289991828, 1502673564, 332587580, 437795786, 1619973529, -1, 1179019887, 1028452025, 1162946871, 1104454312, 0, 169795062, 31309259, 0, 1544088765, 0, 2100513281, 0, 0, 1962594136, 234685583, 1796173101, 427327857, 0, 24534483, 1337444125, 498892373, 0, 275739491, 1955582394, 1259473496, 768840860, 2143465579, 2102700589, 0, 0, 0, 0],[1707024481, 1024038019, 0, 0, 0, 873976218, 0, 1709230174, 816322311, 0, 0, 1957486276, 1177839530, 1945555001, 0, 0, 1030246014, 0, 0, 815756926, 377781888, 0, 1579231793, 0, 1179019887, -1, 0, 0, 0, 0, 0, 0, 651175587, 586012202, 887304533, 0, 0, 21585211, 0, 274249141, 659583040, 716514370, 878047723, 730347305, 0, 683813074, 0, 1021097776, 417817507, 1539149817, 76657081, 1907705722, 353179771, 0, 642706777, 787364272, 0],[516244759, 860055638, 546950196, 0, 248314222, 0, 759407733, 211033258, 0, 1500672592, 1184971575, 0, 315406307, 313105626, 0, 894637689, 600067817, 0, 568858382, 0, 1192363054, 417437484, 896156493, 0, 1028452025, 0, -1, 2142000450, 0, 1610687941, 2116867302, 0, 227476483, 0, 426306019, 847700171, 1801898686, 1613091930, 0, 0, 275408537, 0, 1395465902, 937159626, 328565812, 2020812119, 260802149, 1572069419, 491556458, 1590094898, 364402771, 0, 0, 1827978037, 1039838998, 1596288071, 2037592163],[133151831, 707639262, 946900986, 1430570611, 1734869445, 55554227, 997948474, 0, 0, 293981059, 0, 0, 1715219752, 0, 1565786453, 534818953, 0, 0, 1272714349, 1106839372, 533905460, 917545946, 1579789189, 709680048, 1162946871, 0, 2142000450, -1, 307064625, 1537334600, 0, 0, 335098216, 0, 1183904171, 1766369885, 0, 1864804382, 958570245, 0, 1779018627, 601707396, 2063932053, 0, 0, 0, 2086044180, 1489187442, 0, 2005028104, 0, 694565792, 1981331809, 997966727, 775475696, 1462390632, 0],[1781605142, 1512704835, 1469673821, 0, 2012738464, 460458445, 962617635, 0, 1184095556, 1201052333, 1684070009, 1149640727, 0, 0, 334875483, 2096744585, 2055055957, 0, 605027347, 1681226044, 254645889, 0, 104684260, 0, 1104454312, 0, 0, 307064625, -1, 1658317606, 0, 1473247405, 264435433, 0, 295840468, 1141200078, 0, 527726990, 0, 859692358, 1914065401, 1431191993, 1188346407, 982660351, 2012812446, 753119709, 0, 0, 1856816533, 0, 709898333, 0, 1414131571, 1682131081, 1346824190, 1764490855, 1920469575],[0, 0, 423337125, 1737344163, 1126379330, 1983175625, 0, 796994451, 0, 0, 0, 1902370426, 1801997281, 819182318, 0, 696805267, 2081227113, 1348865335, 1227007198, 801942488, 0, 0, 1047043986, 1897090616, 0, 0, 1610687941, 1537334600, 1658317606, -1, 201694594, 1479188386, 14932471, 0, 0, 1818306796, 1294309774, 0, 464479791, 0, 1975729268, 1612031186, 118789264, 672675445, 0, 216932080, 1175216493, 179733238, 1907227948, 1206181094, 780083075, 231605955, 0, 1670439779, 389215221, 1592645017, 0],[1688514419, 1892353673, 824536044, 0, 0, 951463369, 582574672, 0, 258404119, 1590776964, 1481215024, 0, 159310726, 1099711586, 885077329, 0, 0, 836878544, 132321078, 108756843, 554395651, 933455646, 240208859, 0, 169795062, 0, 2116867302, 0, 0, 201694594, -1, 0, 862170168, 2113083248, 0, 549307276, 116170837, 579746739, 0, 921331269, 0, 0, 2057730238, 158785904, 0, 353141873, 0, 0, 1351819500, 1475903980, 0, 0, 596982905, 0, 0, 81577039, 1364706935],[1693404126, 0, 0, 1481124723, 0, 78673947, 804046296, 0, 2069732412, 1334030051, 1050993549, 246160635, 952609330, 0, 446170737, 339002136, 0, 1125320081, 1666866823, 0, 1521492874, 130880105, 0, 57480618, 31309259, 0, 0, 0, 1473247405, 1479188386, 0, -1, 267177801, 0, 763938771, 557577596, 0, 0, 128118120, 155246275, 1768214138, 209247082, 305266376, 0, 0, 510403191, 1928814568, 1707069775, 0, 452257813, 315951802, 0, 926269863, 1732199849, 987652764, 409126799, 81358423],[0, 1945861618, 1409340533, 741482511, 278632728, 1713520870, 1199525413, 0, 0, 0, 1767334596, 985243820, 1075090377, 0, 1452799837, 1013505286, 196268329, 0, 1043082590, 0, 858135460, 1790080778, 1824399091, 0, 0, 651175587, 227476483, 335098216, 264435433, 14932471, 862170168, 267177801, -1, 0, 1998564384, 1182872028, 0, 41586741, 1303800829, 2002354603, 1684791947, 577259754, 1016523352, 887931480, 0, 687634964, 726742997, 1186319091, 1330229090, 1086491421, 0, 912652149, 215124702, 0, 0, 1344143385, 0],[934141716, 0, 537423259, 919806514, 0, 919848577, 1791969375, 447363629, 1710102295, 1131878946, 969471104, 1038138359, 583575753, 0, 1850808002, 1428068065, 500877221, 896635090, 1270606379, 0, 0, 225187591, 125840553, 821263756, 1544088765, 586012202, 0, 0, 0, 0, 2113083248, 0, 0, -1, 0, 376795306, 0, 851242832, 703140842, 332642431, 492238152, 189785487, 0, 1365857430, 1333226443, 1133812112, 1077389597, 2033497301, 314434094, 0, 0, 0, 0, 1616237944, 1053172995, 0, 1511681843],[1031534672, 0, 143003078, 1788652692, 1452781412, 0, 2067372511, 1251061578, 0, 881111900, 1076949999, 399486871, 630459113, 422044594, 0, 0, 1445382366, 809319073, 285272597, 114327994, 0, 1146091313, 0, 1174851829, 0, 887304533, 426306019, 1183904171, 295840468, 0, 0, 763938771, 1998564384, 0, -1, 1717207841, 250605042, 1114713439, 0, 1530194250, 644140288, 915342915, 2130915808, 1259142398, 1270790386, 0, 21718722, 581736148, 1032805120, 0, 0, 1944325064, 0, 187757793, 29491694, 0, 1464828933],[1355414682, 447222914, 0, 0, 0, 1601021288, 618959440, 2099143632, 0, 1041942257, 234483019, 0, 0, 2038965899, 1108936047, 0, 1025619248, 1480897646, 182802327, 700884775, 0, 0, 1854275326, 1084365708, 2100513281, 0, 847700171, 1766369885, 1141200078, 1818306796, 549307276, 557577596, 1182872028, 376795306, 1717207841, -1, 414518971, 0, 0, 1332101561, 384233511, 593180159, 455856521, 0, 926827515, 1247844662, 0, 1768232605, 1385187166, 1951864950, 926171294, 710577095, 0, 0, 701042467, 1717614304, 1969364368],[0, 1786195373, 0, 516636773, 1387613749, 1643331305, 578295850, 1370799243, 451400887, 1123776489, 53737858, 1277132627, 0, 0, 565611391, 458612206, 1608409392, 0, 659052531, 0, 965991279, 1039483097, 1828463430, 1725429382, 0, 0, 1801898686, 0, 0, 1294309774, 116170837, 0, 0, 0, 250605042, 414518971, -1, 0, 0, 0, 1600583605, 1798672918, 367940333, 222991230, 0, 0, 316571508, 0, 1080297298, 489820594, 1819566958, 2136603043, 110957142, 777333708, 75186430, 0, 0],[369764867, 1547196264, 0, 410517203, 0, 587726608, 1347555107, 1463001516, 281072069, 736830546, 1550078146, 0, 0, 1489734582, 252037831, 1362456285, 1312361259, 0, 1171452267, 732699504, 387947463, 1945519425, 1537907445, 0, 0, 21585211, 1613091930, 1864804382, 527726990, 0, 579746739, 0, 41586741, 851242832, 1114713439, 0, 0, -1, 616577601, 0, 0, 1138985005, 1725794994, 1448726632, 1747601688, 1154702854, 442787080, 1963861140, 1047027596, 0, 506396894, 1663125952, 1611157805, 0, 1922706234, 0, 0],[0, 773035605, 0, 0, 0, 345255093, 1224869056, 1433512378, 916196478, 2014888952, 1395559651, 859045417, 1470928606, 0, 602842387, 1685744377, 1652443168, 0, 852701991, 1126562100, 0, 0, 1964505783, 1699057613, 1962594136, 0, 0, 958570245, 0, 464479791, 0, 128118120, 1303800829, 703140842, 0, 0, 0, 616577601, -1, 95612795, 1703598958, 1135339859, 1447653883, 0, 0, 0, 1411571707, 1594625087, 2133004216, 708729460, 0, 661301224, 925020297, 667477411, 1982758703, 91170253, 0],[1535194837, 0, 0, 0, 1807740033, 840898918, 52230523, 2060346732, 0, 26534275, 2057310071, 1450176497, 1147306276, 0, 1975163285, 2003215079, 1600419299, 1630473611, 484015961, 0, 1000065041, 1269214720, 0, 897930489, 234685583, 274249141, 0, 0, 859692358, 0, 921331269, 155246275, 2002354603, 332642431, 1530194250, 1332101561, 0, 0, 95612795, -1, 1787043102, 276192915, 0, 1949224188, 0, 516460861, 1016588675, 305396514, 1937833975, 0, 1260132219, 640902023, 645272494, 0, 288699453, 0, 0],[0, 1258752166, 646778364, 2022808195, 543191100, 1875210832, 0, 1647759908, 1895413685, 1669918325, 1100823917, 1522069603, 849651412, 612810537, 15031785, 1208369644, 0, 0, 1624598906, 1919863042, 0, 816097388, 0, 111619254, 1796173101, 659583040, 275408537, 1779018627, 1914065401, 1975729268, 0, 1768214138, 1684791947, 492238152, 644140288, 384233511, 1600583605, 0, 1703598958, 1787043102, -1, 1828354084, 1464479057, 1905681060, 292107041, 0, 0, 0, 0, 0, 0, 0, 0, 963231088, 1269759531, 1568085786, 730384643],[376326695, 539007107, 34763536, 0, 0, 0, 484272165, 1370094175, 0, 1979274466, 41396479, 901529281, 0, 709312089, 0, 1884965229, 1168788777, 1175381272, 0, 194925946, 0, 1290929817, 103985420, 527199195, 427327857, 716514370, 0, 601707396, 1431191993, 1612031186, 0, 209247082, 577259754, 189785487, 915342915, 593180159, 1798672918, 1138985005, 1135339859, 276192915, 1828354084, -1, 557093563, 603079795, 0, 1157025225, 0, 0, 1861373296, 247498585, 826884365, 1597771145, 1008426034, 2068200701, 531944957, 0, 0],[663528371, 258637268, 0, 0, 1151252479, 2073781340, 1224562898, 1271221823, 399171506, 1530805203, 0, 0, 0, 1905923903, 1746252078, 1311719235, 135885209, 0, 0, 0, 2095611942, 0, 35836025, 1757478560, 0, 878047723, 1395465902, 2063932053, 1188346407, 118789264, 2057730238, 305266376, 1016523352, 0, 2130915808, 455856521, 367940333, 1725794994, 1447653883, 0, 1464479057, 557093563, -1, 0, 2139547923, 2056340280, 406241441, 0, 0, 989784829, 0, 1839837185, 1856200919, 0, 845050266, 1539725806, 1439481776],[1424102629, 0, 820461616, 273626915, 0, 1511479251, 0, 0, 0, 2095025558, 88238748, 426001890, 1755292585, 1810956750, 193912790, 1465058688, 848742704, 1027487552, 1883905973, 1250371671, 1106257686, 305932266, 0, 0, 24534483, 730347305, 937159626, 0, 982660351, 672675445, 158785904, 0, 887931480, 1365857430, 1259142398, 0, 222991230, 1448726632, 0, 1949224188, 1905681060, 603079795, 0, -1, 0, 546150523, 1605612493, 671125839, 727167821, 431248908, 916757988, 0, 0, 613224387, 0, 1098769660, 2145361439],[63938936, 48342727, 0, 2098189402, 811088961, 302893166, 1793141266, 151735729, 0, 0, 833254815, 0, 370263595, 0, 0, 0, 0, 1376134150, 360120003, 989934967, 611520967, 0, 540643153, 831032269, 1337444125, 0, 328565812, 0, 2012812446, 0, 0, 0, 0, 1333226443, 1270790386, 926827515, 0, 1747601688, 0, 0, 292107041, 0, 2139547923, 0, -1, 0, 427105837, 0, 0, 1649183243, 0, 0, 0, 830897314, 0, 606905458, 0],[0, 0, 0, 0, 1514905824, 767988640, 1267836869, 0, 1566988814, 1652683365, 0, 0, 2044359856, 0, 0, 325630933, 0, 0, 1154185046, 1129191501, 616560421, 457934605, 326603634, 0, 498892373, 683813074, 2020812119, 0, 753119709, 216932080, 353141873, 510403191, 687634964, 1133812112, 0, 1247844662, 0, 1154702854, 0, 516460861, 0, 1157025225, 2056340280, 546150523, 0, -1, 100091588, 1392948160, 0, 0, 0, 0, 1226435778, 0, 19933565, 64539179, 2114196526],[1429833544, 0, 801953427, 189505458, 44812754, 1696140179, 453826002, 715002379, 711125172, 0, 0, 778851992, 364671501, 1262802840, 0, 572784978, 0, 542033182, 0, 1200964097, 0, 1738775451, 0, 1256608038, 0, 0, 260802149, 2086044180, 0, 1175216493, 0, 1928814568, 726742997, 1077389597, 21718722, 0, 316571508, 442787080, 1411571707, 1016588675, 0, 0, 406241441, 1605612493, 427105837, 100091588, -1, 0, 0, 1715113508, 1663245713, 1736481008, 1238174017, 0, 1299181834, 1303123617, 1435788068],[0, 1975101248, 0, 0, 1554537736, 0, 848226991, 264429385, 583541029, 337432090, 0, 1190943329, 121723347, 1320455335, 804909722, 930983793, 483259208, 1828177, 0, 1278643441, 1422168505, 145815994, 231211002, 0, 275739491, 1021097776, 1572069419, 1489187442, 0, 179733238, 0, 1707069775, 1186319091, 2033497301, 581736148, 1768232605, 0, 1963861140, 1594625087, 305396514, 0, 0, 0, 671125839, 0, 1392948160, 0, -1, 1634260232, 0, 0, 525784357, 1131954142, 474373695, 479151384, 1590325685, 0],[52301535, 0, 2134464291, 227153498, 1882554913, 1102622537, 1740632867, 892370807, 0, 2144412936, 1288947447, 1532187999, 1573235508, 466032137, 1081326472, 1790373526, 143349417, 129166119, 10216861, 1528294068, 0, 0, 983201006, 0, 1955582394, 417817507, 491556458, 0, 1856816533, 1907227948, 1351819500, 0, 1330229090, 314434094, 1032805120, 1385187166, 1080297298, 1047027596, 2133004216, 1937833975, 0, 1861373296, 0, 727167821, 0, 0, 0, 1634260232, -1, 1519854071, 1463732077, 1495674681, 1043846529, 32478367, 0, 1549616656, 1526517],[13979456, 32493835, 1728115344, 1081649738, 1703396900, 0, 1354966797, 0, 1341734296, 1351454419, 637035303, 1826884259, 612968852, 0, 0, 346304351, 0, 174983741, 952211429, 1531519832, 273975590, 818531065, 0, 88081390, 1259473496, 1539149817, 1590094898, 2005028104, 0, 1206181094, 1475903980, 452257813, 1086491421, 0, 0, 1951864950, 489820594, 0, 708729460, 0, 0, 247498585, 989784829, 431248908, 1649183243, 0, 1715113508, 0, 1519854071, -1, 0, 1008695485, 575393806, 372994954, 2059558732, 180802935, 967203208],[832463196, 1936491909, 0, 498758023, 1721898867, 0, 1057945979, 612287843, 606819701, 867003088, 0, 1676807775, 908650144, 2081985301, 1337171820, 1242546326, 1056954603, 0, 391795993, 0, 0, 640538898, 621819741, 1592322272, 768840860, 76657081, 364402771, 0, 709898333, 780083075, 0, 315951802, 0, 0, 0, 926171294, 1819566958, 506396894, 0, 1260132219, 0, 826884365, 0, 916757988, 0, 0, 1663245713, 0, 1463732077, 0, -1, 0, 134787633, 1958911056, 1242286185, 0, 1898314516],[0, 0, 0, 391231746, 273865262, 778261463, 0, 1927801686, 130691765, 252722108, 469137704, 0, 1084646966, 0, 671049567, 0, 1253085792, 1988042610, 0, 778451749, 1129759671, 754099411, 943316089, 0, 2143465579, 1907705722, 0, 694565792, 0, 231605955, 0, 0, 912652149, 0, 1944325064, 710577095, 2136603043, 1663125952, 661301224, 640902023, 0, 1597771145, 1839837185, 0, 0, 0, 1736481008, 525784357, 1495674681, 1008695485, 0, -1, 752593340, 266805245, 0, 2018692809, 1663998373],[452931888, 0, 1163933159, 0, 1679859712, 0, 0, 1870682105, 0, 873582407, 0, 82829238, 1720499688, 2117799660, 0, 0, 1358598972, 0, 1237017687, 123294344, 0, 1601784581, 133982398, 0, 2102700589, 353179771, 0, 1981331809, 1414131571, 0, 596982905, 926269863, 215124702, 0, 0, 0, 110957142, 1611157805, 925020297, 645272494, 0, 1008426034, 1856200919, 0, 0, 1226435778, 1238174017, 1131954142, 1043846529, 575393806, 134787633, 752593340, -1, 1402545822, 1316721658, 1513239551, 0],[984944238, 0, 2065068222, 0, 322588462, 1908925102, 0, 203781916, 0, 220508051, 0, 522350714, 624801123, 0, 1966221929, 1946776126, 0, 1276098286, 0, 0, 479214445, 700617164, 360657867, 0, 0, 0, 1827978037, 997966727, 1682131081, 1670439779, 0, 1732199849, 0, 1616237944, 187757793, 0, 777333708, 0, 667477411, 0, 963231088, 2068200701, 0, 613224387, 830897314, 0, 0, 474373695, 32478367, 372994954, 1958911056, 266805245, 1402545822, -1, 791465824, 164467647, 1673079652],[1611931289, 0, 1304094670, 1324355005, 0, 374539318, 0, 1173697155, 0, 2004101235, 0, 1768360064, 964010723, 606736470, 0, 655619857, 1693957410, 1419533770, 370689562, 1264535087, 1576361006, 1710230212, 1655627436, 0, 0, 642706777, 1039838998, 775475696, 1346824190, 389215221, 0, 987652764, 0, 1053172995, 29491694, 701042467, 75186430, 1922706234, 1982758703, 288699453, 1269759531, 531944957, 845050266, 0, 0, 19933565, 1299181834, 479151384, 0, 2059558732, 1242286185, 0, 1316721658, 791465824, -1, 0, 384630692],[1586250802, 980462700, 1434644122, 582555655, 234800739, 2118107359, 0, 693878684, 1964449210, 405641768, 949794027, 0, 425827253, 0, 1909180643, 1925097912, 0, 1961318795, 0, 1549854047, 1473431880, 1225751426, 1015052700, 433589391, 0, 787364272, 1596288071, 1462390632, 1764490855, 1592645017, 81577039, 409126799, 1344143385, 0, 0, 1717614304, 0, 0, 91170253, 0, 1568085786, 0, 1539725806, 1098769660, 606905458, 64539179, 1303123617, 1590325685, 1549616656, 180802935, 0, 2018692809, 1513239551, 164467647, 0, -1, 1469769719],[294953022, 1340911986, 791066923, 0, 1526030910, 1828783916, 0, 735431508, 418834267, 602686367, 1024566849, 0, 504585755, 1224533105, 341706299, 11325768, 2063889748, 0, 0, 0, 1734542206, 1328442632, 0, 0, 0, 0, 2037592163, 0, 1920469575, 0, 1364706935, 81358423, 0, 1511681843, 1464828933, 1969364368, 0, 0, 0, 0, 730384643, 0, 1439481776, 2145361439, 0, 2114196526, 1435788068, 0, 1526517, 967203208, 1898314516, 1663998373, 0, 1673079652, 384630692, 1469769719, -1]]