59
[[-1, 422213264, 0, 1668839401, 1713008150, 319885405, 2074164848, 0, 0, 1382710397, 1584501237, 0, 356701981, 224104561, 1684147098, 1214685037, 1103173499, 1198852841, 0, 0, 1531113230, 1592311901, 1273312912, 0, 918996939, 2017818038, 0, 1054594318, 448781312, 0, 450698360, 0, 0, 1547514950, 1360245359, 0, 552052079, 1449858915, 0, 0, 1655118053, 0, 0, 1626189843, 0, 390008484, 621103623, 625365615, 0, 1525687535, 0, 2032412382, 128139680, 613011542, 752810657, 1771475744, 423364124, 452241289, 697440652],[422213264, -1, 599784156, 0, 69169652, 0, 0, 0, 1248352628, 1136219916, 1203162628, 0, 0, 0, 0, 1639956677, 1337895433, 0, 2066764339, 2051027438, 343858883, 845688703, 0, 0, 1685242191, 0, 596413073, 1935297552, 1516010337, 2111798000, 0, 773338674, 1206025035, 569784118, 1359196104, 1512082488, 1225736571, 712092758, 384756724, 0, 920099503, 555538356, 0, 2111702076, 1439106673, 548013001, 1845876629, 1168804767, 0, 748324979, 0, 494203951, 0, 0, 822360972, 194318953, 2130913677, 0, 0],[0, 599784156, -1, 771796058, 1469549413, 57672699, 0, 269547588, 0, 0, 59194661, 652258627, 0, 2052011120, 957535349, 575626839, 622789922, 99554576, 1131756678, 279821828, 1549828335, 1591032053, 84983768, 407351607, 0, 0, 1408502161, 192152997, 543154239, 0, 1885281030, 0, 0, 0, 757030975, 0, 871305596, 140891433, 1420881707, 602019432, 0, 1071339418, 1272063179, 1890592261, 1371829281, 1466728420, 0, 0, 1765478000, 0, 0, 0, 1739970058, 508341642, 0, 0, 0, 1388721717, 1678945227],[1668839401, 0, 771796058, -1, 0, 578621867, 2073908959, 1658274020, 18206965, 483455780, 1401608593, 1845778104, 0, 283468139, 0, 1377795430, 1216926365, 326501634, 0, 599892497, 0, 144791558, 0, 2119600033, 994510497, 592738747, 773570653, 0, 852562874, 558208138, 583016205, 0, 1585347857, 1923301092, 0, 197991800, 175746420, 0, 454624013, 1401603580, 1545241235, 0, 814534202, 0, 1377789309, 516906938, 605282000, 1575534606, 0, 0, 1580543063, 346985781, 0, 338775695, 1443706425, 1077889469, 0, 0, 0],[1713008150, 69169652, 1469549413, 0, -1, 1145402841, 823944021, 309115453, 1784196849, 772877129, 1353697086, 0, 1949007416, 1079846919, 0, 1417125908, 433721210, 0, 0, 1886697273, 0, 1462335754, 22963338, 415386727, 1147862442, 0, 0, 1453242127, 0, 178939477, 1146577199, 0, 0, 0, 1698764612, 0, 1877389746, 1345026387, 1625570614, 0, 0, 0, 0, 1599305771, 1447413393, 1919978831, 0, 1214249404, 0, 512787900, 0, 310114490, 76995215, 0, 0, 1764266080, 1525358364, 857302607, 196758704],[319885405, 0, 57672699, 578621867, 1145402841, -1, 1173753953, 689884095, 1171371250, 406010545, 1649716206, 313446808, 1178700638, 581588564, 806063964, 1733473716, 0, 245462281, 44947232, 577723142, 0, 1049824801, 315104852, 1701439518, 1980024149, 0, 0, 351000937, 977633328, 2022485980, 1711218159, 617081999, 2031976356, 0, 0, 0, 1116783366, 1918558339, 361542307, 2094841519, 1710362170, 817234570, 1490508610, 67075663, 1737551251, 1162839398, 708556564, 684654076, 0, 1431785652, 263711851, 762202968, 0, 604281832, 1154932954, 0, 0, 2142272803, 428972486],[2074164848, 0, 0, 2073908959, 823944021, 1173753953, -1, 941321754, 854093310, 0, 886545086, 1807672218, 0, 758173219, 0, 1807862720, 1298623369, 0, 1371489074, 443262969, 0, 562204213, 0, 252874037, 611929331, 582577003, 0, 913361681, 0, 0, 2871433, 1185566428, 0, 816048621, 332253521, 0, 1749286075, 995864578, 1972306717, 0, 0, 594766403, 1419818629, 870071621, 694231578, 1761875693, 1010738312, 0, 1630313076, 885174680, 405346698, 1360782421, 338303390, 1685001848, 1331038316, 768621589, 1679081386, 147588371, 1824217416],[0, 0, 269547588, 1658274020, 309115453, 689884095, 941321754, -1, 0, 1120972668, 1484118569, 1505083490, 7340765, 1283299700, 1238494106, 1517571723, 1391400943, 1672157318, 0, 1505337257, 763887498, 0, 1435630582, 0, 0, 0, 0, 0, 0, 0, 0, 922046569, 0, 2106932998, 693622334, 1623659525, 0, 0, 408634708, 0, 61868513, 2027482824, 0, 1095452337, 782243889, 892596176, 9148961, 0, 0, 0, 0, 210827579, 0, 165129508, 0, 0, 1061532960, 823687659, 0],[0, 1248352628, 0, 18206965, 1784196849, 1171371250, 854093310, 0, -1, 1423357316, 533383719, 0, 751086614, 397563381, 0, 1763298864, 1437670012, 819786122, 0, 666721583, 55947967, 1514747503, 1101867483, 1333760327, 1123887163, 0, 363716541, 1722744464, 582974774, 0, 969965936, 2118725584, 1640990326, 0, 785639125, 0, 292043917, 0, 723959600, 1666230579, 559324073, 1827351976, 1387997417, 70855328, 0, 1657973230, 1369699483, 1098775356, 302090315, 0, 1186057646, 0, 830571583, 0, 1548623609, 0, 1713708155, 2060146513, 57693289],[1382710397, 1136219916, 0, 483455780, 772877129, 406010545, 0, 1120972668, 1423357316, -1, 1341369304, 0, 241527774, 1258052227, 495140994, 0, 1699029457, 1339038071, 53332848, 443448102, 0, 1829358894, 0, 939795538, 764990638, 585239381, 767530632, 1383533754, 0, 85005505, 897598901, 1593093950, 1465556458, 0, 877747233, 1806791806, 250547671, 869803689, 386942069, 0, 1697228258, 252787129, 1361981196, 510728648, 1778178169, 914433943, 469552323, 1034285411, 1847549616, 0, 918490343, 1243084088, 0, 1864878111, 0, 0, 1766362887, 1834472988, 646852008],[1584501237, 1203162628, 59194661, 1401608593, 1353697086, 1649716206, 886545086, 1484118569, 533383719, 1341369304, -1, 1887135417, 1518271969, 828709320, 239146763, 0, 1659167925, 1140810481, 0, 0, 970280154, 0, 0, 1112049542, 0, 431252891, 1564159223, 241846611, 0, 1395686831, 1513947823, 1956971662, 666963071, 1675948490, 467747565, 1668254286, 1867636580, 0, 0, 1125922924, 905228449, 2123632341, 0, 1376865258, 138619679, 1553740976, 0, 1427688043, 746955746, 1767665059, 1188481756, 312903412, 883005990, 461479955, 0, 2008994025, 1735157522, 1412590618, 1734167021],[0, 0, 652258627, 1845778104, 0, 313446808, 1807672218, 1505083490, 0, 0, 1887135417, -1, 1677328925, 0, 0, 1140954532, 1597225444, 1881941175, 1435869004, 1157347791, 0, 445132895, 104854309, 1004090469, 0, 863032223, 1975393227, 762779929, 0, 0, 405431829, 680770579, 0, 1073479979, 724395851, 1331328231, 401649609, 206915497, 0, 0, 0, 1806696571, 0, 1726598150, 0, 89619455, 2069663403, 0, 1817826089, 0, 0, 0, 904187356, 0, 0, 835476, 0, 934375811, 2006243360],[356701981, 0, 0, 0, 1949007416, 1178700638, 0, 7340765, 751086614, 241527774, 1518271969, 1677328925, -1, 709532333, 1986149842, 2098858767, 1434958871, 1679534378, 1483313713, 0, 813887295, 237746094, 0, 37294168, 1920924591, 1968240895, 0, 0, 0, 536205535, 694619018, 0, 753276139, 1163654580, 847214066, 1775352639, 0, 1402482710, 1178795502, 0, 0, 2025931425, 0, 0, 598956241, 0, 1841904761, 670740091, 2063483759, 1230327216, 1420152370, 0, 2076829448, 0, 0, 1478760245, 193633833, 1453561982, 73620178],[224104561, 0, 2052011120, 283468139, 1079846919, 581588564, 758173219, 1283299700, 397563381, 1258052227, 828709320, 0, 709532333, -1, 1841204547, 890820268, 1284437913, 0, 1797113363, 2135022183, 37422862, 0, 1348628862, 0, 1962553474, 0, 1672660793, 312442570, 1061418162, 1949769069, 1986236728, 1797034546, 0, 204669868, 0, 0, 1180005299, 788128442, 44064238, 0, 1334076245, 0, 796604640, 0, 0, 15688891, 0, 1278522040, 1392046334, 1792058049, 173677820, 1731771241, 1155543988, 0, 0, 1099741298, 0, 577976153, 0],[1684147098, 0, 957535349, 0, 0, 806063964, 0, 1238494106, 0, 495140994, 239146763, 0, 1986149842, 1841204547, -1, 2109183567, 1343309988, 109546434, 0, 831225118, 1631053096, 51586380, 0, 1047792014, 1745981888, 1498266372, 956289380, 0, 1976155714, 0, 743267993, 0, 0, 0, 554974523, 1418255980, 0, 1643244226, 733761503, 396698746, 2094220449, 1310886126, 0, 1370737806, 0, 1364158554, 457232704, 1677701296, 159244708, 0, 2041035527, 1073130931, 1344872755, 0, 5855743, 1348422266, 1935310074, 2128317413, 1892471856],[1214685037, 1639956677, 575626839, 1377795430, 1417125908, 1733473716, 1807862720, 1517571723, 1763298864, 0, 0, 1140954532, 2098858767, 890820268, 2109183567, -1, 0, 1689989675, 1897786983, 1419480712, 839917741, 1977271277, 1551540283, 1015886513, 1570544933, 0, 573151527, 1053586426, 0, 1612669619, 749740653, 728484340, 1490348918, 192963284, 1057446096, 614805306, 1954430272, 47060730, 0, 0, 1869693900, 0, 1206610393, 145217510, 0, 1531266878, 0, 1687660579, 680043737, 588997070, 626629412, 2008092075, 757178987, 1140100769, 0, 0, 1449191711, 0, 1107088830],[1103173499, 1337895433, 622789922, 1216926365, 433721210, 0, 1298623369, 1391400943, 1437670012, 1699029457, 1659167925, 1597225444, 1434958871, 1284437913, 1343309988, 0, -1, 751379385, 1234580607, 683490292, 939303623, 1502076302, 0, 1276394674, 0, 0, 1776146330, 1627962786, 0, 811044481, 602448647, 504723930, 1781209517, 1373692328, 1898312883, 243530530, 597486799, 1814845246, 1442057806, 0, 0, 906917071, 6438290, 1227815766, 199598495, 1117499495, 821621489, 298878044, 0, 0, 0, 1791879741, 873504562, 737976600, 1990773398, 0, 135272705, 2123565935, 390199589],[1198852841, 0, 99554576, 326501634, 0, 245462281, 0, 1672157318, 819786122, 1339038071, 1140810481, 1881941175, 1679534378, 0, 109546434, 1689989675, 751379385, -1, 0, 0, 336144893, 1097832624, 264492898, 952978476, 2130893415, 1573400094, 31450674, 655347833, 443948101, 0, 669446358, 877749645, 833339769, 550975080, 590472877, 1334466785, 1639534947, 556566089, 1954050187, 0, 830346767, 1758368926, 0, 0, 1228759160, 1042161011, 0, 0, 0, 0, 0, 0, 0, 0, 1708369099, 0, 0, 1152214067, 30149136],[0, 2066764339, 1131756678, 0, 0, 44947232, 1371489074, 0, 0, 53332848, 0, 1435869004, 1483313713, 1797113363, 0, 1897786983, 1234580607, 0, -1, 0, 0, 916034385, 2105844059, 1460999924, 217477418, 10560559, 1035307158, 420300242, 0, 1510830135, 1563199723, 0, 2101561689, 0, 423391434, 0, 1096367723, 0, 222522644, 236736564, 375429322, 1483355458, 2124554694, 1458786012, 444469282, 0, 332592624, 0, 617317124, 1626044991, 1625542046, 25246797, 1508457242, 0, 2013877835, 1475495598, 138186861, 1784172312, 202079144],[0, 2051027438, 279821828, 599892497, 1886697273, 577723142, 443262969, 1505337257, 666721583, 443448102, 0, 1157347791, 0, 2135022183, 831225118, 1419480712, 683490292, 0, 0, -1, 174756275, 1178630854, 0, 1879262634, 125117924, 0, 1803821280, 2110350272, 0, 1094427060, 504224953, 1980739079, 0, 1753788284, 0, 0, 1827940093, 959218590, 28260344, 546328392, 1311228953, 1248799171, 187510886, 2053316578, 924029136, 0, 0, 1341505351, 1794995134, 40997139, 1799306354, 1226728366, 143825993, 0, 0, 0, 19429148, 0, 896373515],[1531113230, 343858883, 1549828335, 0, 0, 0, 0, 763887498, 55947967, 0, 970280154, 0, 813887295, 37422862, 1631053096, 839917741, 939303623, 336144893, 0, 174756275, -1, 0, 0, 910649836, 0, 0, 0, 0, 0, 0, 0, 0, 1964702151, 0, 0, 22649396, 618121049, 80473419, 1668851700, 2068831700, 841764671, 0, 1098404249, 1192950252, 2126469244, 0, 1800598644, 1414435123, 1945873718, 886550436, 1327020203, 677166670, 0, 1227166254, 141713314, 1457506167, 0, 1206273472, 1044254010],[1592311901, 845688703, 1591032053, 144791558, 1462335754, 1049824801, 562204213, 0, 1514747503, 1829358894, 0, 445132895, 237746094, 0, 51586380, 1977271277, 1502076302, 1097832624, 916034385, 1178630854, 0, -1, 748015262, 897751069, 151055489, 1540446635, 0, 0, 0, 1414187108, 2021010115, 2144780104, 369912647, 1839671533, 1148740972, 1538260805, 1663896815, 565452916, 138307933, 1703431146, 1396468288, 0, 1834118121, 1668342747, 1828318017, 1128543205, 1632114026, 0, 552695129, 0, 1836222125, 0, 0, 0, 0, 1032176173, 106676232, 0, 0],[1273312912, 0, 84983768, 0, 22963338, 315104852, 0, 1435630582, 1101867483, 0, 0, 104854309, 0, 1348628862, 0, 1551540283, 0, 264492898, 2105844059, 0, 0, 748015262, -1, 1722735026, 1300465060, 0, 2041248144, 0, 0, 2084833495, 1499977781, 1421491145, 0, 135817856, 0, 1212094590, 0, 0, 1509019989, 1768944266, 396655345, 262196211, 0, 0, 0, 2079226589, 5385045, 1206318236, 946487447, 0, 49345632, 0, 513803072, 254216255, 1613842473, 0, 0, 1398718693, 767007562],[0, 0, 407351607, 2119600033, 415386727, 1701439518, 252874037, 0, 1333760327, 939795538, 1112049542, 1004090469, 37294168, 0, 1047792014, 1015886513, 1276394674, 952978476, 1460999924, 1879262634, 910649836, 897751069, 1722735026, -1, 1425902209, 1075734554, 362865759, 0, 1018010906, 677823504, 1147688860, 0, 1012010755, 0, 0, 0, 1757150197, 935404605, 0, 2028854146, 903894487, 0, 1800412779, 1510699294, 0, 0, 622174368, 1010985877, 1667932902, 0, 0, 220134924, 1150541180, 0, 812668610, 1807752515, 308033226, 0, 0],[918996939, 1685242191, 0, 994510497, 1147862442, 1980024149, 611929331, 0, 1123887163, 764990638, 0, 0, 1920924591, 1962553474, 1745981888, 1570544933, 0, 2130893415, 217477418, 125117924, 0, 151055489, 1300465060, 1425902209, -1, 0, 729489007, 792259533, 0, 0, 12341647, 0, 0, 0, 1596416183, 0, 0, 0, 0, 1873196654, 1791670548, 1512378229, 1506272421, 1494543503, 0, 1474960033, 514105781, 0, 0, 983982721, 1777507513, 24827965, 1515626189, 1220849706, 0, 0, 0, 1651318424, 0],[2017818038, 0, 0, 592738747, 0, 0, 582577003, 0, 0, 585239381, 431252891, 863032223, 1968240895, 0, 1498266372, 0, 0, 1573400094, 10560559, 0, 0, 1540446635, 0, 1075734554, 0, -1, 1953862079, 1559557815, 484812307, 1630520381, 986821733, 388915989, 1961654086, 1096538160, 0, 209663739, 91849757, 0, 1843581705, 0, 0, 1875755482, 0, 225376572, 508085833, 910476138, 2091931988, 1504188963, 1753731425, 0, 1510209092, 1537757344, 494142000, 173066754, 45056946, 282590164, 0, 1102707995, 1535190504],[0, 596413073, 1408502161, 773570653, 0, 0, 0, 0, 363716541, 767530632, 1564159223, 1975393227, 0, 1672660793, 956289380, 573151527, 1776146330, 31450674, 1035307158, 1803821280, 0, 0, 2041248144, 362865759, 729489007, 1953862079, -1, 695728747, 0, 643700192, 1919918799, 0, 1655874852, 0, 0, 25993018, 2145115611, 2081221730, 1121174488, 0, 2094788652, 0, 54980827, 1282475097, 2116367604, 306965917, 1653330350, 1396028329, 755088184, 857366298, 1748069079, 720720525, 0, 946397526, 0, 1601041643, 1406134883, 0, 269426686],[1054594318, 1935297552, 192152997, 0, 1453242127, 351000937, 913361681, 0, 1722744464, 1383533754, 241846611, 762779929, 0, 312442570, 0, 1053586426, 1627962786, 655347833, 420300242, 2110350272, 0, 0, 0, 0, 792259533, 1559557815, 695728747, -1, 0, 354603391, 0, 1150210019, 1639704850, 0, 1793055166, 832024880, 0, 687833278, 745013451, 2023251654, 1306977168, 1677587871, 1255789804, 1284254245, 0, 0, 515278467, 847425576, 0, 803567785, 578118561, 0, 642564920, 0, 0, 81332146, 1971343527, 0, 584353870],[448781312, 1516010337, 543154239, 852562874, 0, 977633328, 0, 0, 582974774, 0, 0, 0, 0, 1061418162, 1976155714, 0, 0, 443948101, 0, 0, 0, 0, 0, 1018010906, 0, 484812307, 0, 0, -1, 1944620085, 2109593367, 0, 1430461902, 0, 0, 1449537569, 0, 2059811574, 289101473, 0, 317540309, 1537996471, 819501940, 0, 570843084, 764690653, 843561572, 0, 1970244433, 1182700379, 131973719, 0, 2068731324, 0, 167850927, 930190783, 0, 0, 447557681],[0, 2111798000, 0, 558208138, 178939477, 2022485980, 0, 0, 0, 85005505, 1395686831, 0, 536205535, 1949769069, 0, 1612669619, 811044481, 0, 1510830135, 1094427060, 0, 1414187108, 2084833495, 677823504, 0, 1630520381, 643700192, 354603391, 1944620085, -1, 243920038, 815860977, 1004422279, 467012014, 1024681704, 1980874077, 481329877, 1184921887, 889238138, 0, 0, 0, 432784262, 0, 0, 498408399, 1064402193, 907467602, 1937720395, 1678802930, 132279378, 310071504, 325056195, 254826792, 0, 1013845098, 1459263944, 1820729475, 1218020495],[450698360, 0, 1885281030, 583016205, 1146577199, 1711218159, 2871433, 0, 969965936, 897598901, 1513947823, 405431829, 694619018, 1986236728, 743267993, 749740653, 602448647, 669446358, 1563199723, 504224953, 0, 2021010115, 1499977781, 1147688860, 12341647, 986821733, 1919918799, 0, 2109593367, 243920038, -1, 2127866855, 940234193, 1098326920, 0, 0, 0, 467596120, 379690089, 0, 0, 222350805, 2057935135, 1564990812, 0, 1036516102, 1167030494, 1372383962, 0, 559930466, 0, 0, 0, 1103648692, 0, 0, 362794703, 1800789534, 1423936060],[0, 773338674, 0, 0, 0, 617081999, 1185566428, 922046569, 2118725584, 1593093950, 1956971662, 680770579, 0, 1797034546, 0, 728484340, 504723930, 877749645, 0, 1980739079, 0, 2144780104, 1421491145, 0, 0, 388915989, 0, 1150210019, 0, 815860977, 2127866855, -1, 161631189, 0, 1516868399, 1124702931, 0, 2048201391, 0, 157282763, 0, 285531698, 0, 72163413, 797793795, 165714590, 589608440, 2114784946, 2120063682, 0, 1289552967, 0, 1368798270, 1275902438, 625213808, 0, 1298338426, 0, 1103529079],[0, 1206025035, 0, 1585347857, 0, 2031976356, 0, 0, 1640990326, 1465556458, 666963071, 0, 753276139, 0, 0, 1490348918, 1781209517, 833339769, 2101561689, 0, 1964702151, 369912647, 0, 1012010755, 0, 1961654086, 1655874852, 1639704850, 1430461902, 1004422279, 940234193, 161631189, -1, 0, 822458963, 0, 1226343727, 1729706905, 740997913, 609022691, 2046554148, 0, 0, 16914642, 0, 0, 0, 1700800879, 2008137005, 1306567219, 1395732321, 949914237, 1249625136, 0, 605160961, 0, 713580183, 588291687, 1821956524],[1547514950, 569784118, 0, 1923301092, 0, 0, 816048621, 2106932998, 0, 0, 1675948490, 1073479979, 1163654580, 204669868, 0, 192963284, 1373692328, 550975080, 0, 1753788284, 0, 1839671533, 135817856, 0, 0, 1096538160, 0, 0, 0, 467012014, 1098326920, 0, 0, -1, 0, 1863093413, 922343201, 723323447, 104950170, 334777185, 0, 1472390085, 0, 0, 1781667909, 0, 1724054501, 1403359764, 0, 1881327398, 0, 0, 464637404, 0, 0, 1784702270, 0, 380644918, 1669260802],[1360245359, 1359196104, 757030975, 0, 1698764612, 0, 332253521, 693622334, 785639125, 877747233, 467747565, 724395851, 847214066, 0, 554974523, 1057446096, 1898312883, 590472877, 423391434, 0, 0, 1148740972, 0, 0, 1596416183, 0, 0, 1793055166, 0, 1024681704, 0, 1516868399, 822458963, 0, -1, 1865730934, 390292428, 1299490486, 0, 0, 1404363588, 1065293385, 0, 1121501688, 193371033, 708596009, 1763527416, 2018049651, 291044566, 942286101, 0, 0, 1909653755, 301956519, 0, 637261715, 130794904, 0, 0],[0, 1512082488, 0, 197991800, 0, 0, 0, 1623659525, 0, 1806791806, 1668254286, 1331328231, 1775352639, 0, 1418255980, 614805306, 243530530, 1334466785, 0, 0, 22649396, 1538260805, 1212094590, 0, 0, 209663739, 25993018, 832024880, 1449537569, 1980874077, 0, 1124702931, 0, 1863093413, 1865730934, -1, 1499810924, 0, 1294268161, 0, 0, 412126586, 58938300, 1619870474, 1380959862, 827794181, 0, 1810327104, 0, 808013217, 2083876906, 1956721883, 1225777663, 2122407929, 1681625964, 183092881, 0, 0, 1243943737],[552052079, 1225736571, 871305596, 175746420, 1877389746, 1116783366, 1749286075, 0, 292043917, 250547671, 1867636580, 401649609, 0, 1180005299, 0, 1954430272, 597486799, 1639534947, 1096367723, 1827940093, 618121049, 1663896815, 0, 1757150197, 0, 91849757, 2145115611, 0, 0, 481329877, 0, 0, 1226343727, 922343201, 390292428, 1499810924, -1, 0, 0, 762435571, 0, 0, 1864831074, 0, 0, 1937786541, 1191423183, 2112854290, 904895151, 314079425, 1973560996, 1835577461, 487117880, 1318456082, 1808941419, 0, 0, 0, 1745290996],[1449858915, 712092758, 140891433, 0, 1345026387, 1918558339, 995864578, 0, 0, 869803689, 0, 206915497, 1402482710, 788128442, 1643244226, 47060730, 1814845246, 556566089, 0, 959218590, 80473419, 565452916, 0, 935404605, 0, 0, 2081221730, 687833278, 2059811574, 1184921887, 467596120, 2048201391, 1729706905, 723323447, 1299490486, 0, 0, -1, 1874569733, 731833528, 1259590280, 337171471, 1122125213, 0, 0, 1241265728, 2066345757, 781420368, 0, 0, 2002105851, 0, 1015483040, 423129739, 181358410, 283638505, 1396362210, 1209970597, 444206561],[0, 384756724, 1420881707, 454624013, 1625570614, 361542307, 1972306717, 408634708, 723959600, 386942069, 0, 0, 1178795502, 44064238, 733761503, 0, 1442057806, 1954050187, 222522644, 28260344, 1668851700, 138307933, 1509019989, 0, 0, 1843581705, 1121174488, 745013451, 289101473, 889238138, 379690089, 0, 740997913, 104950170, 0, 1294268161, 0, 1874569733, -1, 1547049918, 798696628, 0, 1723642853, 60686268, 2014700131, 1424836195, 1928708832, 1651335598, 0, 1787912034, 1692032276, 0, 602448106, 0, 0, 0, 978408751, 0, 283344969],[0, 0, 602019432, 1401603580, 0, 2094841519, 0, 0, 1666230579, 0, 1125922924, 0, 0, 0, 396698746, 0, 0, 0, 236736564, 546328392, 2068831700, 1703431146, 1768944266, 2028854146, 1873196654, 0, 0, 2023251654, 0, 0, 0, 157282763, 609022691, 334777185, 0, 0, 762435571, 731833528, 1547049918, -1, 799350730, 0, 0, 2108848509, 620526944, 0, 319489164, 0, 0, 0, 1681887194, 0, 181812645, 116968650, 1269764745, 434419746, 1849074275, 115304385, 0],[1655118053, 920099503, 0, 1545241235, 0, 1710362170, 0, 61868513, 559324073, 1697228258, 905228449, 0, 0, 1334076245, 2094220449, 1869693900, 0, 830346767, 375429322, 1311228953, 841764671, 1396468288, 396655345, 903894487, 1791670548, 0, 2094788652, 1306977168, 317540309, 0, 0, 0, 2046554148, 0, 1404363588, 0, 0, 1259590280, 798696628, 799350730, -1, 1479082432, 1057388569, 793263307, 254740319, 1027397998, 1521253458, 1590485012, 0, 0, 1481502425, 353554766, 0, 356307501, 0, 1926777488, 1212822089, 0, 900231772],[0, 555538356, 1071339418, 0, 0, 817234570, 594766403, 2027482824, 1827351976, 252787129, 2123632341, 1806696571, 2025931425, 0, 1310886126, 0, 906917071, 1758368926, 1483355458, 1248799171, 0, 0, 262196211, 0, 1512378229, 1875755482, 0, 1677587871, 1537996471, 0, 222350805, 285531698, 0, 1472390085, 1065293385, 412126586, 0, 337171471, 0, 0, 1479082432, -1, 0, 0, 225717917, 173942872, 0, 0, 2022302155, 0, 604694370, 2025750209, 861815899, 2146034085, 0, 1573609043, 0, 1780618741, 0],[0, 0, 1272063179, 814534202, 0, 1490508610, 1419818629, 0, 1387997417, 1361981196, 0, 0, 0, 796604640, 0, 1206610393, 6438290, 0, 2124554694, 187510886, 1098404249, 1834118121, 0, 1800412779, 1506272421, 0, 54980827, 1255789804, 819501940, 432784262, 2057935135, 0, 0, 0, 0, 58938300, 1864831074, 1122125213, 1723642853, 0, 1057388569, 0, -1, 1224716991, 227121872, 1482144796, 0, 68262386, 0, 1508531427, 1842140788, 258733167, 81462392, 151729584, 0, 334798794, 0, 48624918, 1414366855],[1626189843, 2111702076, 1890592261, 0, 1599305771, 67075663, 870071621, 1095452337, 70855328, 510728648, 1376865258, 1726598150, 0, 0, 1370737806, 145217510, 1227815766, 0, 1458786012, 2053316578, 1192950252, 1668342747, 0, 1510699294, 1494543503, 225376572, 1282475097, 1284254245, 0, 0, 1564990812, 72163413, 16914642, 0, 1121501688, 1619870474, 0, 0, 60686268, 2108848509, 793263307, 0, 1224716991, -1, 1904612791, 1716341271, 1716242789, 0, 20492447, 958310679, 1829126933, 1856656540, 0, 2132898553, 0, 1397672183, 0, 596627540, 1752531285],[0, 1439106673, 1371829281, 1377789309, 1447413393, 1737551251, 694231578, 782243889, 0, 1778178169, 138619679, 0, 598956241, 0, 0, 0, 199598495, 1228759160, 444469282, 924029136, 2126469244, 1828318017, 0, 0, 0, 508085833, 2116367604, 0, 570843084, 0, 0, 797793795, 0, 1781667909, 193371033, 1380959862, 0, 0, 2014700131, 620526944, 254740319, 225717917, 227121872, 1904612791, -1, 1877516928, 283779471, 0, 0, 1672023969, 1640706376, 572015250, 13929179, 0, 0, 1047941233, 783690126, 79285660, 2050939554],[390008484, 548013001, 1466728420, 516906938, 1919978831, 1162839398, 1761875693, 892596176, 1657973230, 914433943, 1553740976, 89619455, 0, 15688891, 1364158554, 1531266878, 1117499495, 1042161011, 0, 0, 0, 1128543205, 2079226589, 0, 1474960033, 910476138, 306965917, 0, 764690653, 498408399, 1036516102, 165714590, 0, 0, 708596009, 827794181, 1937786541, 1241265728, 1424836195, 0, 1027397998, 173942872, 1482144796, 1716341271, 1877516928, -1, 0, 1944635493, 0, 786959064, 1627962038, 0, 0, 0, 116442280, 827289098, 1009231964, 690458647, 564574057],[621103623, 1845876629, 0, 605282000, 0, 708556564, 1010738312, 9148961, 1369699483, 469552323, 0, 2069663403, 1841904761, 0, 457232704, 0, 821621489, 0, 332592624, 0, 1800598644, 1632114026, 5385045, 622174368, 514105781, 2091931988, 1653330350, 515278467, 843561572, 1064402193, 1167030494, 589608440, 0, 1724054501, 1763527416, 0, 1191423183, 2066345757, 1928708832, 319489164, 1521253458, 0, 0, 1716242789, 283779471, 0, -1, 739182943, 2042776663, 642138089, 41435024, 1364469087, 686280624, 1290436849, 1354715685, 61969332, 2101674974, 0, 276543707],[625365615, 1168804767, 0, 1575534606, 1214249404, 684654076, 0, 0, 1098775356, 1034285411, 1427688043, 0, 670740091, 1278522040, 1677701296, 1687660579, 298878044, 0, 0, 1341505351, 1414435123, 0, 1206318236, 1010985877, 0, 1504188963, 1396028329, 847425576, 0, 907467602, 1372383962, 2114784946, 1700800879, 1403359764, 2018049651, 1810327104, 2112854290, 781420368, 1651335598, 0, 1590485012, 0, 68262386, 0, 0, 1944635493, 739182943, -1, 445998201, 456151877, 1532667023, 1481441240, 1829955552, 1143944663, 2007553003, 0, 771217852, 0, 0],[0, 0, 1765478000, 0, 0, 0, 1630313076, 0, 302090315, 1847549616, 746955746, 1817826089, 2063483759, 1392046334, 159244708, 680043737, 0, 0, 617317124, 1794995134, 1945873718, 552695129, 946487447, 1667932902, 0, 1753731425, 755088184, 0, 1970244433, 1937720395, 0, 2120063682, 2008137005, 0, 291044566, 0, 904895151, 0, 0, 0, 0, 2022302155, 0, 20492447, 0, 0, 2042776663, 445998201, -1, 0, 404565033, 675334984, 1120010994, 1869838861, 2083291206, 1619722682, 830622204, 0, 2062097192],[1525687535, 748324979, 0, 0, 512787900, 1431785652, 885174680, 0, 0, 0, 1767665059, 0, 1230327216, 1792058049, 0, 588997070, 0, 0, 1626044991, 40997139, 886550436, 0, 0, 0, 983982721, 0, 857366298, 803567785, 1182700379, 1678802930, 559930466, 0, 1306567219, 1881327398, 942286101, 808013217, 314079425, 0, 1787912034, 0, 0, 0, 1508531427, 958310679, 1672023969, 786959064, 642138089, 456151877, 0, -1, 0, 0, 0, 1566853802, 1180514951, 683646735, 0, 1667445724, 779676960],[0, 0, 0, 1580543063, 0, 263711851, 405346698, 0, 1186057646, 918490343, 1188481756, 0, 1420152370, 173677820, 2041035527, 626629412, 0, 0, 1625542046, 1799306354, 1327020203, 1836222125, 49345632, 0, 1777507513, 1510209092, 1748069079, 578118561, 131973719, 132279378, 0, 1289552967, 1395732321, 0, 0, 2083876906, 1973560996, 2002105851, 1692032276, 1681887194, 1481502425, 604694370, 1842140788, 1829126933, 1640706376, 1627962038, 41435024, 1532667023, 404565033, 0, -1, 1223264191, 64231675, 1289304245, 1795949832, 0, 1131024819, 0, 1307740316],[2032412382, 494203951, 0, 346985781, 310114490, 762202968, 1360782421, 210827579, 0, 1243084088, 312903412, 0, 0, 1731771241, 1073130931, 2008092075, 1791879741, 0, 25246797, 1226728366, 677166670, 0, 0, 220134924, 24827965, 1537757344, 720720525, 0, 0, 310071504, 0, 0, 949914237, 0, 0, 1956721883, 1835577461, 0, 0, 0, 353554766, 2025750209, 258733167, 1856656540, 572015250, 0, 1364469087, 1481441240, 675334984, 0, 1223264191, -1, 0, 125312646, 988018731, 13779596, 0, 0, 672733543],[128139680, 0, 1739970058, 0, 76995215, 0, 338303390, 0, 830571583, 0, 883005990, 904187356, 2076829448, 1155543988, 1344872755, 757178987, 873504562, 0, 1508457242, 143825993, 0, 0, 513803072, 1150541180, 1515626189, 494142000, 0, 642564920, 2068731324, 325056195, 0, 1368798270, 1249625136, 464637404, 1909653755, 1225777663, 487117880, 1015483040, 602448106, 181812645, 0, 861815899, 81462392, 0, 13929179, 0, 686280624, 1829955552, 1120010994, 0, 64231675, 0, -1, 1865697903, 1880612496, 0, 0, 170456991, 0],[613011542, 0, 508341642, 338775695, 0, 604281832, 1685001848, 165129508, 0, 1864878111, 461479955, 0, 0, 0, 0, 1140100769, 737976600, 0, 0, 0, 1227166254, 0, 254216255, 0, 1220849706, 173066754, 946397526, 0, 0, 254826792, 1103648692, 1275902438, 0, 0, 301956519, 2122407929, 1318456082, 423129739, 0, 116968650, 356307501, 2146034085, 151729584, 2132898553, 0, 0, 1290436849, 1143944663, 1869838861, 1566853802, 1289304245, 125312646, 1865697903, -1, 1575074385, 0, 0, 0, 1784095188],[752810657, 822360972, 0, 1443706425, 0, 1154932954, 1331038316, 0, 1548623609, 0, 0, 0, 0, 0, 5855743, 0, 1990773398, 1708369099, 2013877835, 0, 141713314, 0, 1613842473, 812668610, 0, 45056946, 0, 0, 167850927, 0, 0, 625213808, 605160961, 0, 0, 1681625964, 1808941419, 181358410, 0, 1269764745, 0, 0, 0, 0, 0, 116442280, 1354715685, 2007553003, 2083291206, 1180514951, 1795949832, 988018731, 1880612496, 1575074385, -1, 997921010, 2126420597, 1032855547, 0],[1771475744, 194318953, 0, 1077889469, 1764266080, 0, 768621589, 0, 0, 0, 2008994025, 835476, 1478760245, 1099741298, 1348422266, 0, 0, 0, 1475495598, 0, 1457506167, 1032176173, 0, 1807752515, 0, 282590164, 1601041643, 81332146, 930190783, 1013845098, 0, 0, 0, 1784702270, 637261715, 183092881, 0, 283638505, 0, 434419746, 1926777488, 1573609043, 334798794, 1397672183, 1047941233, 827289098, 61969332, 0, 1619722682, 683646735, 0, 13779596, 0, 0, 997921010, -1, 0, 0, 0],[423364124, 2130913677, 0, 0, 1525358364, 0, 1679081386, 1061532960, 1713708155, 1766362887, 1735157522, 0, 193633833, 0, 1935310074, 1449191711, 135272705, 0, 138186861, 19429148, 0, 106676232, 0, 308033226, 0, 0, 1406134883, 1971343527, 0, 1459263944, 362794703, 1298338426, 713580183, 0, 130794904, 0, 0, 1396362210, 978408751, 1849074275, 1212822089, 0, 0, 0, 783690126, 1009231964, 2101674974, 771217852, 830622204, 0, 1131024819, 0, 0, 0, 2126420597, 0, -1, 1569941815, 167084037],[452241289, 0, 1388721717, 0, 857302607, 2142272803, 147588371, 823687659, 2060146513, 1834472988, 1412590618, 934375811, 1453561982, 577976153, 2128317413, 0, 2123565935, 1152214067, 1784172312, 0, 1206273472, 0, 1398718693, 0, 1651318424, 1102707995, 0, 0, 0, 1820729475, 1800789534, 0, 588291687, 380644918, 0, 0, 0, 1209970597, 0, 115304385, 0, 1780618741, 48624918, 596627540, 79285660, 690458647, 0, 0, 0, 1667445724, 0, 0, 170456991, 0, 1032855547, 0, 1569941815, -1, 1074075613],[697440652, 0, 1678945227, 0, 196758704, 428972486, 1824217416, 0, 57693289, 646852008, 1734167021, 2006243360, 73620178, 0, 1892471856, 1107088830, 390199589, 30149136, 202079144, 896373515, 1044254010, 0, 767007562, 0, 0, 1535190504, 269426686, 584353870, 447557681, 1218020495, 1423936060, 1103529079, 1821956524, 1669260802, 0, 1243943737, 1745290996, 444206561, 283344969, 0, 900231772, 0, 1414366855, 1752531285, 2050939554, 564574057, 276543707, 0, 2062097192, 779676960, 1307740316, 672733543, 0, 1784095188, 0, 0, 167084037, 1074075613, -1]]