48
[[-1, 260, 0, 0, 0, 0, 439, 796, 168, 0, 0, 753, 81, 0, 0, 0, 0, 456, 0, 859, 0, 236, 0, 0, 0, 389, 839, 0, 339, 0, 0, 715, 0, 669, 812, 178, 5, 0, 239, 0, 921, 470, 0, 0, 0, 0, 720, 839],[260, -1, 0, 731, 23, 0, 760, 0, 581, 877, 314, 223, 0, 463, 0, 164, 0, 449, 0, 0, 826, 949, 789, 0, 0, 683, 5, 0, 0, 0, 546, 0, 0, 0, 0, 0, 181, 0, 328, 778, 0, 301, 0, 531, 0, 920, 0, 837],[0, 0, -1, 0, 0, 59, 0, 0, 240, 800, 0, 690, 750, 0, 878, 0, 620, 985, 586, 757, 0, 664, 0, 0, 386, 740, 0, 0, 429, 0, 770, 0, 0, 0, 108, 0, 660, 690, 0, 564, 0, 414, 994, 0, 0, 604, 279, 0],[0, 731, 0, -1, 122, 0, 0, 0, 477, 749, 543, 0, 0, 48, 883, 528, 58, 433, 655, 0, 0, 254, 0, 741, 0, 55, 0, 72, 818, 0, 0, 0, 0, 0, 0, 0, 110, 0, 0, 0, 71, 0, 208, 155, 0, 0, 344, 789],[0, 23, 0, 122, -1, 466, 148, 0, 479, 431, 34, 689, 0, 206, 0, 607, 402, 0, 681, 274, 0, 109, 0, 0, 0, 628, 314, 356, 683, 0, 0, 338, 753, 512, 0, 0, 68, 805, 489, 0, 0, 87, 0, 190, 363, 0, 921, 219],[0, 0, 59, 0, 466, -1, 0, 803, 107, 762, 584, 0, 0, 215, 0, 54, 115, 210, 115, 0, 85, 188, 789, 0, 0, 486, 0, 0, 0, 0, 960, 315, 13, 289, 825, 0, 220, 0, 59, 0, 216, 969, 715, 523, 159, 784, 0, 0],[439, 760, 0, 0, 148, 0, -1, 0, 0, 0, 985, 403, 0, 0, 0, 96, 242, 148, 0, 195, 773, 983, 78, 0, 83, 871, 696, 397, 0, 0, 0, 0, 795, 0, 959, 0, 0, 0, 0, 0, 250, 0, 985, 301, 723, 545, 555, 0],[796, 0, 0, 0, 0, 803, 0, -1, 0, 0, 0, 92, 0, 0, 0, 0, 832, 0, 815, 0, 0, 662, 359, 691, 281, 692, 0, 0, 522, 497, 0, 0, 0, 536, 815, 0, 0, 668, 0, 0, 0, 93, 424, 0, 0, 816, 604, 0],[168, 581, 240, 477, 479, 107, 0, 0, -1, 0, 0, 0, 218, 0, 0, 0, 74, 277, 0, 506, 3, 696, 0, 44, 0, 360, 0, 882, 0, 0, 130, 8, 0, 320, 0, 391, 0, 781, 786, 0, 217, 0, 0, 849, 43, 91, 0, 611],[0, 877, 800, 749, 431, 762, 0, 0, 0, -1, 153, 424, 0, 0, 932, 0, 0, 843, 980, 899, 0, 0, 491, 968, 0, 74, 0, 0, 927, 566, 0, 738, 0, 0, 0, 0, 867, 0, 495, 0, 0, 0, 792, 0, 0, 0, 169, 0],[0, 314, 0, 543, 34, 584, 985, 0, 0, 153, -1, 0, 0, 853, 0, 0, 0, 688, 0, 782, 140, 0, 208, 0, 0, 324, 227, 120, 0, 378, 752, 227, 575, 0, 279, 0, 266, 565, 845, 161, 0, 0, 0, 561, 0, 0, 0, 42],[753, 223, 690, 0, 689, 0, 403, 92, 0, 424, 0, -1, 86, 0, 0, 710, 0, 0, 718, 0, 0, 944, 0, 230, 664, 811, 472, 400, 698, 0, 428, 551, 0, 0, 362, 0, 268, 523, 0, 0, 765, 442, 0, 304, 803, 821, 719, 672],[81, 0, 750, 0, 0, 0, 0, 0, 218, 0, 0, 86, -1, 0, 296, 0, 994, 0, 502, 0, 521, 54, 748, 0, 0, 362, 0, 659, 0, 633, 0, 234, 0, 0, 0, 378, 0, 574, 261, 612, 967, 0, 44, 141, 456, 442, 0, 453],[0, 463, 0, 48, 206, 215, 0, 0, 0, 0, 853, 0, 0, -1, 0, 0, 294, 642, 642, 0, 0, 863, 421, 473, 0, 475, 0, 0, 0, 244, 162, 0, 0, 0, 0, 354, 700, 0, 0, 747, 960, 0, 199, 0, 428, 748, 0, 487],[0, 0, 878, 883, 0, 0, 0, 0, 0, 932, 0, 0, 296, 0, -1, 0, 0, 0, 441, 0, 485, 0, 887, 419, 885, 0, 0, 823, 235, 0, 0, 0, 0, 0, 83, 0, 111, 475, 714, 917, 268, 0, 144, 0, 0, 8, 0, 0],[0, 164, 0, 528, 607, 54, 96, 0, 0, 0, 0, 710, 0, 0, 0, -1, 402, 0, 961, 0, 0, 997, 0, 426, 452, 694, 0, 0, 0, 263, 180, 429, 0, 977, 467, 0, 0, 0, 0, 417, 425, 0, 198, 878, 784, 184, 469, 840],[0, 0, 620, 58, 402, 115, 242, 832, 74, 0, 0, 0, 994, 294, 0, 402, -1, 889, 0, 0, 810, 332, 634, 0, 107, 881, 0, 801, 509, 676, 0, 153, 466, 0, 0, 0, 488, 0, 0, 651, 0, 0, 0, 661, 744, 972, 632, 0],[456, 449, 985, 433, 0, 210, 148, 0, 277, 843, 688, 0, 0, 642, 0, 0, 889, -1, 0, 0, 222, 0, 0, 0, 0, 762, 0, 664, 0, 2, 931, 551, 0, 23, 0, 250, 836, 852, 0, 473, 0, 0, 0, 886, 0, 0, 674, 0],[0, 0, 586, 655, 681, 115, 0, 815, 0, 980, 0, 718, 502, 642, 441, 961, 0, 0, -1, 385, 0, 773, 0, 74, 0, 0, 0, 0, 933, 0, 0, 397, 813, 506, 0, 437, 889, 786, 485, 801, 587, 0, 0, 470, 444, 0, 518, 629],[859, 0, 757, 0, 274, 0, 195, 0, 506, 899, 782, 0, 0, 0, 0, 0, 0, 0, 385, -1, 0, 0, 469, 0, 0, 0, 0, 181, 699, 715, 0, 277, 804, 0, 108, 624, 488, 171, 371, 576, 0, 0, 0, 909, 121, 0, 0, 0],[0, 826, 0, 0, 0, 85, 773, 0, 3, 0, 140, 0, 521, 0, 485, 0, 810, 222, 0, 0, -1, 957, 420, 359, 0, 0, 0, 0, 0, 0, 0, 436, 0, 510, 0, 0, 0, 0, 209, 0, 0, 0, 670, 657, 684, 0, 431, 295],[236, 949, 664, 254, 109, 188, 983, 662, 696, 0, 0, 944, 54, 863, 0, 997, 332, 0, 773, 0, 957, -1, 81, 0, 0, 358, 275, 720, 131, 0, 686, 658, 553, 437, 0, 601, 955, 901, 514, 0, 0, 0, 332, 592, 310, 437, 0, 858],[0, 789, 0, 0, 0, 789, 78, 359, 0, 491, 208, 0, 748, 421, 887, 0, 634, 0, 0, 469, 420, 81, -1, 0, 759, 702, 113, 0, 589, 268, 0, 495, 0, 0, 9, 0, 129, 0, 603, 349, 0, 0, 130, 0, 292, 329, 0, 565],[0, 0, 0, 741, 0, 0, 0, 691, 44, 968, 0, 230, 0, 473, 419, 426, 0, 0, 74, 0, 359, 0, 0, -1, 206, 0, 364, 269, 543, 0, 0, 180, 0, 506, 0, 709, 0, 361, 479, 0, 622, 0, 39, 0, 0, 0, 673, 0],[0, 0, 386, 0, 0, 0, 83, 281, 0, 0, 0, 664, 0, 0, 885, 452, 107, 0, 0, 0, 0, 0, 759, 206, -1, 919, 0, 453, 0, 530, 944, 594, 0, 155, 494, 0, 0, 0, 0, 0, 0, 0, 0, 567, 0, 201, 0, 0],[389, 683, 740, 55, 628, 486, 871, 692, 360, 74, 324, 811, 362, 475, 0, 694, 881, 762, 0, 0, 0, 358, 702, 0, 919, -1, 0, 0, 0, 0, 108, 593, 0, 246, 755, 0, 994, 704, 188, 0, 456, 0, 0, 843, 420, 474, 0, 0],[839, 5, 0, 0, 314, 0, 696, 0, 0, 0, 227, 472, 0, 0, 0, 0, 0, 0, 0, 0, 0, 275, 113, 364, 0, 0, -1, 963, 192, 0, 0, 544, 595, 0, 546, 485, 518, 0, 314, 0, 455, 0, 731, 658, 0, 0, 0, 0],[0, 0, 0, 72, 356, 0, 397, 0, 882, 0, 120, 400, 659, 0, 823, 0, 801, 664, 0, 181, 0, 720, 0, 269, 453, 0, 963, -1, 434, 893, 0, 3, 0, 0, 90, 0, 377, 0, 0, 0, 373, 816, 0, 0, 713, 231, 0, 0],[339, 0, 429, 818, 683, 0, 0, 522, 0, 927, 0, 698, 0, 0, 235, 0, 509, 0, 933, 699, 0, 131, 589, 543, 0, 0, 192, 434, -1, 731, 802, 274, 700, 0, 0, 0, 0, 821, 0, 0, 0, 141, 919, 0, 36, 611, 640, 0],[0, 0, 0, 0, 0, 0, 0, 497, 0, 566, 378, 0, 633, 244, 0, 263, 676, 2, 0, 715, 0, 0, 268, 0, 530, 0, 0, 893, 731, -1, 473, 0, 0, 650, 308, 300, 552, 207, 437, 0, 642, 0, 0, 0, 0, 709, 0, 512],[0, 546, 770, 0, 0, 960, 0, 0, 130, 0, 752, 428, 0, 162, 0, 180, 0, 931, 0, 0, 0, 686, 0, 0, 944, 108, 0, 0, 802, 473, -1, 0, 445, 0, 0, 78, 0, 538, 557, 0, 0, 0, 0, 241, 299, 317, 47, 586],[715, 0, 0, 0, 338, 315, 0, 0, 8, 738, 227, 551, 234, 0, 0, 429, 153, 551, 397, 277, 436, 658, 495, 180, 594, 593, 544, 3, 274, 0, 0, -1, 190, 0, 791, 230, 558, 143, 0, 356, 0, 489, 138, 0, 0, 756, 0, 0],[0, 0, 0, 0, 753, 13, 795, 0, 0, 0, 575, 0, 0, 0, 0, 0, 466, 0, 813, 804, 0, 553, 0, 0, 0, 0, 595, 0, 700, 0, 445, 190, -1, 0, 0, 591, 511, 0, 392, 0, 226, 134, 821, 0, 810, 0, 276, 980],[669, 0, 0, 0, 512, 289, 0, 536, 320, 0, 0, 0, 0, 0, 0, 977, 0, 23, 506, 0, 510, 437, 0, 506, 155, 246, 0, 0, 0, 650, 0, 0, 0, -1, 0, 75, 646, 956, 150, 820, 59, 0, 0, 682, 0, 178, 0, 852],[812, 0, 108, 0, 0, 825, 959, 815, 0, 0, 279, 362, 0, 0, 83, 467, 0, 0, 0, 108, 0, 0, 9, 0, 494, 755, 546, 90, 0, 308, 0, 791, 0, 0, -1, 584, 0, 145, 955, 273, 699, 291, 460, 447, 0, 12, 990, 0],[178, 0, 0, 0, 0, 0, 0, 0, 391, 0, 0, 0, 378, 354, 0, 0, 0, 250, 437, 624, 0, 601, 0, 709, 0, 0, 485, 0, 0, 300, 78, 230, 591, 75, 584, -1, 812, 900, 0, 0, 910, 552, 0, 582, 0, 0, 610, 726],[5, 181, 660, 110, 68, 220, 0, 0, 0, 867, 266, 268, 0, 700, 111, 0, 488, 836, 889, 488, 0, 955, 129, 0, 0, 994, 518, 377, 0, 552, 0, 558, 511, 646, 0, 812, -1, 782, 0, 0, 703, 0, 254, 436, 959, 593, 0, 0],[0, 0, 690, 0, 805, 0, 0, 668, 781, 0, 565, 523, 574, 0, 475, 0, 0, 852, 786, 171, 0, 901, 0, 361, 0, 704, 0, 0, 821, 207, 538, 143, 0, 956, 145, 900, 782, -1, 0, 0, 503, 186, 0, 0, 0, 340, 0, 0],[239, 328, 0, 0, 489, 59, 0, 0, 786, 495, 845, 0, 261, 0, 714, 0, 0, 0, 485, 371, 209, 514, 603, 479, 0, 188, 314, 0, 0, 437, 557, 0, 392, 150, 955, 0, 0, 0, -1, 463, 355, 599, 73, 768, 0, 0, 0, 730],[0, 778, 564, 0, 0, 0, 0, 0, 0, 0, 161, 0, 612, 747, 917, 417, 651, 473, 801, 576, 0, 0, 349, 0, 0, 0, 0, 0, 0, 0, 0, 356, 0, 820, 273, 0, 0, 0, 463, -1, 0, 149, 847, 0, 293, 0, 0, 603],[921, 0, 0, 71, 0, 216, 250, 0, 217, 0, 0, 765, 967, 960, 268, 425, 0, 0, 587, 0, 0, 0, 0, 622, 0, 456, 455, 373, 0, 642, 0, 0, 226, 59, 699, 910, 703, 503, 355, 0, -1, 0, 0, 0, 578, 820, 512, 0],[470, 301, 414, 0, 87, 969, 0, 93, 0, 0, 0, 442, 0, 0, 0, 0, 0, 0, 0, 0, 0, 0, 0, 0, 0, 0, 0, 816, 141, 0, 0, 489, 134, 0, 291, 552, 0, 186, 599, 149, 0, -1, 746, 0, 0, 21, 0, 120],[0, 0, 994, 208, 0, 715, 985, 424, 0, 792, 0, 0, 44, 199, 144, 198, 0, 0, 0, 0, 670, 332, 130, 39, 0, 0, 731, 0, 919, 0, 0, 138, 821, 0, 460, 0, 254, 0, 73, 847, 0, 746, -1, 0, 0, 848, 252, 708],[0, 531, 0, 155, 190, 523, 301, 0, 849, 0, 561, 304, 141, 0, 0, 878, 661, 886, 470, 909, 657, 592, 0, 0, 567, 843, 658, 0, 0, 0, 241, 0, 0, 682, 447, 582, 436, 0, 768, 0, 0, 0, 0, -1, 740, 897, 653, 0],[0, 0, 0, 0, 363, 159, 723, 0, 43, 0, 0, 803, 456, 428, 0, 784, 744, 0, 444, 121, 684, 310, 292, 0, 0, 420, 0, 713, 36, 0, 299, 0, 810, 0, 0, 0, 959, 0, 0, 293, 578, 0, 0, 740, -1, 268, 792, 478],[0, 920, 604, 0, 0, 784, 545, 816, 91, 0, 0, 821, 442, 748, 8, 184, 972, 0, 0, 0, 0, 437, 329, 0, 201, 474, 0, 231, 611, 709, 317, 756, 0, 178, 12, 0, 593, 340, 0, 0, 820, 21, 848, 897, 268, -1, 0, 0],[720, 0, 279, 344, 921, 0, 555, 604, 0, 169, 0, 719, 0, 0, 0, 469, 632, 674, 518, 0, 431, 0, 0, 673, 0, 0, 0, 0, 640, 0, 47, 0, 276, 0, 990, 610, 0, 0, 0, 0, 512, 0, 252, 653, 792, 0, -1, 857],[839, 837, 0, 789, 219, 0, 0, 0, 611, 0, 42, 672, 453, 487, 0, 840, 0, 0, 629, 0, 295, 858, 565, 0, 0, 0, 0, 0, 0, 512, 586, 0, 980, 852, 0, 726, 0, 0, 730, 603, 0, 120, 708, 0, 478, 0, 857, -1]]