59
[[-1, 394, 0, 0, 0, 955, 27, 924, 0, 0, 0, 860, 0, 0, 0, 0, 0, 0, 612, 447, 115, 960, 131, 922, 733, 0, 0, 0, 0, 258, 52, 200, 709, 904, 0, 0, 0, 0, 855, 534, 988, 787, 0, 0, 0, 0, 957, 734, 0, 824, 0, 249, 963, 0, 0, 0, 0, 842, 0],[394, -1, 0, 222, 94, 707, 0, 425, 855, 0, 0, 0, 645, 328, 152, 0, 82, 869, 278, 99, 67, 537, 613, 644, 0, 0, 297, 218, 543, 812, 0, 0, 0, 114, 0, 0, 172, 239, 679, 886, 153, 0, 0, 0, 0, 374, 0, 540, 0, 851, 0, 0, 629, 0, 0, 0, 860, 0, 0],[0, 0, -1, 0, 0, 0, 146, 78, 290, 0, 371, 0, 108, 266, 0, 0, 0, 909, 175, 0, 94, 0, 693, 479, 0, 0, 621, 0, 127, 570, 697, 411, 906, 934, 0, 0, 63, 276, 0, 965, 872, 0, 173, 927, 0, 0, 95, 690, 0, 374, 0, 0, 0, 426, 960, 0, 761, 0, 189],[0, 222, 0, -1, 0, 0, 856, 0, 917, 604, 757, 0, 0, 0, 506, 211, 0, 0, 0, 915, 293, 0, 344, 769, 0, 0, 0, 992, 0, 877, 81, 0, 0, 0, 154, 630, 463, 60, 978, 43, 0, 0, 0, 0, 0, 175, 44, 0, 0, 969, 796, 121, 989, 0, 526, 2, 0, 0, 0],[0, 94, 0, 0, -1, 0, 578, 458, 0, 297, 0, 714, 0, 502, 0, 404, 0, 607, 0, 455, 866, 0, 0, 252, 171, 27, 336, 994, 328, 0, 206, 0, 366, 930, 660, 0, 0, 547, 126, 0, 750, 591, 328, 0, 0, 50, 0, 0, 0, 0, 0, 668, 83, 577, 0, 0, 0, 195, 0],[955, 707, 0, 0, 0, -1, 865, 489, 0, 0, 0, 0, 888, 821, 372, 125, 0, 168, 0, 0, 0, 304, 0, 0, 271, 388, 0, 78, 375, 357, 0, 105, 197, 221, 0, 0, 757, 188, 214, 355, 919, 726, 208, 0, 0, 975, 0, 825, 928, 430, 177, 0, 130, 944, 0, 0, 909, 0, 756],[27, 0, 146, 856, 578, 865, -1, 525, 0, 522, 0, 0, 0, 0, 613, 0, 0, 361, 0, 0, 649, 772, 0, 766, 0, 0, 0, 0, 431, 379, 116, 0, 295, 768, 0, 0, 176, 0, 0, 0, 0, 0, 646, 0, 550, 104, 363, 573, 0, 0, 506, 0, 0, 274, 311, 0, 987, 434, 923],[924, 425, 78, 0, 458, 489, 525, -1, 781, 116, 951, 0, 0, 3, 517, 71, 388, 0, 0, 110, 706, 888, 675, 0, 836, 0, 149, 54, 0, 988, 0, 0, 125, 549, 0, 0, 0, 0, 0, 831, 601, 0, 649, 471, 684, 0, 0, 227, 197, 0, 728, 0, 0, 0, 251, 482, 920, 366, 994],[0, 855, 290, 917, 0, 0, 0, 781, -1, 696, 0, 0, 0, 0, 537, 0, 531, 425, 43, 497, 355, 236, 0, 424, 623, 484, 0, 509, 0, 0, 0, 488, 895, 0, 716, 229, 752, 0, 0, 0, 0, 0, 991, 696, 386, 0, 0, 287, 0, 767, 0, 0, 284, 0, 0, 0, 930, 0, 295],[0, 0, 0, 604, 297, 0, 522, 116, 696, -1, 0, 0, 38, 733, 0, 46, 917, 730, 0, 0, 777, 0, 64, 805, 0, 967, 0, 0, 909, 955, 926, 0, 511, 962, 157, 460, 457, 949, 961, 0, 479, 0, 481, 558, 0, 167, 674, 0, 358, 0, 622, 7, 563, 326, 0, 793, 810, 0, 0],[0, 0, 371, 757, 0, 0, 0, 951, 0, 0, -1, 0, 0, 0, 701, 603, 535, 434, 528, 0, 0, 0, 143, 0, 546, 0, 0, 757, 0, 42, 186, 0, 0, 0, 0, 0, 144, 0, 0, 670, 132, 930, 0, 0, 0, 0, 0, 555, 34, 217, 0, 0, 54, 609, 666, 0, 645, 0, 820],[860, 0, 0, 0, 714, 0, 0, 0, 0, 0, 0, -1, 0, 734, 0, 0, 0, 0, 0, 0, 913, 192, 0, 622, 223, 91, 46, 980, 567, 0, 0, 0, 0, 523, 0, 687, 0, 861, 454, 0, 0, 0, 0, 388, 0, 0, 604, 344, 137, 530, 880, 0, 115, 661, 0, 789, 0, 0, 127],[0, 645, 108, 0, 0, 888, 0, 0, 0, 38, 0, 0, -1, 0, 0, 299, 750, 0, 494, 351, 955, 92, 196, 951, 839, 935, 0, 0, 547, 548, 0, 0, 288, 248, 0, 0, 0, 541, 173, 0, 0, 0, 0, 509, 27, 313, 0, 179, 0, 0, 0, 193, 666, 0, 844, 577, 792, 0, 0],[0, 328, 266, 0, 502, 821, 0, 3, 0, 733, 0, 734, 0, -1, 839, 186, 0, 0, 0, 128, 0, 0, 111, 0, 0, 62, 610, 555, 771, 0, 434, 175, 979, 0, 211, 0, 0, 0, 0, 0, 953, 1, 0, 600, 319, 253, 535, 0, 726, 0, 0, 0, 0, 554, 0, 0, 178, 654, 0],[0, 152, 0, 506, 0, 372, 613, 517, 537, 0, 701, 0, 0, 839, -1, 0, 857, 0, 0, 384, 0, 987, 854, 0, 536, 0, 60, 0, 0, 0, 923, 578, 0, 0, 0, 0, 799, 456, 0, 0, 0, 0, 0, 0, 0, 608, 41, 126, 0, 0, 126, 0, 405, 129, 72, 0, 202, 0, 437],[0, 0, 0, 211, 404, 125, 0, 71, 0, 46, 603, 0, 299, 186, 0, -1, 0, 0, 0, 94, 0, 0, 446, 0, 466, 948, 0, 0, 0, 0, 474, 0, 0, 883, 925, 0, 0, 0, 298, 429, 0, 0, 617, 0, 0, 349, 0, 111, 929, 600, 0, 0, 0, 0, 0, 744, 0, 0, 0],[0, 82, 0, 0, 0, 0, 0, 388, 531, 917, 535, 0, 750, 0, 857, 0, -1, 0, 0, 665, 751, 0, 566, 167, 0, 0, 0, 0, 0, 0, 0, 0, 864, 0, 0, 888, 187, 0, 0, 763, 0, 0, 504, 169, 68, 765, 407, 830, 31, 0, 962, 0, 422, 0, 0, 669, 0, 679, 375],[0, 869, 909, 0, 607, 168, 361, 0, 425, 730, 434, 0, 0, 0, 0, 0, 0, -1, 961, 921, 552, 0, 805, 502, 0, 0, 883, 0, 0, 0, 0, 854, 0, 939, 206, 403, 533, 744, 66, 746, 209, 0, 437, 0, 0, 616, 0, 0, 0, 0, 611, 0, 656, 0, 0, 633, 0, 57, 682],[612, 278, 175, 0, 0, 0, 0, 0, 43, 0, 528, 0, 494, 0, 0, 0, 0, 961, -1, 0, 121, 453, 0, 0, 79, 0, 0, 0, 0, 387, 984, 0, 199, 0, 0, 0, 395, 0, 901, 0, 118, 252, 0, 0, 0, 0, 0, 245, 0, 271, 0, 0, 0, 611, 598, 525, 498, 190, 434],[447, 99, 0, 915, 455, 0, 0, 110, 497, 0, 0, 0, 351, 128, 384, 94, 665, 921, 0, -1, 282, 0, 185, 319, 0, 0, 0, 0, 0, 64, 691, 56, 525, 294, 422, 853, 0, 835, 0, 0, 0, 489, 0, 0, 0, 0, 0, 0, 597, 0, 294, 0, 58, 0, 0, 0, 0, 0, 450],[115, 67, 94, 293, 866, 0, 649, 706, 355, 777, 0, 913, 955, 0, 0, 0, 751, 552, 121, 282, -1, 671, 603, 231, 0, 0, 0, 91, 713, 0, 415, 0, 464, 13, 0, 0, 0, 0, 971, 0, 316, 0, 0, 0, 0, 0, 307, 847, 909, 400, 756, 0, 0, 403, 0, 253, 950, 0, 0],[960, 537, 0, 0, 0, 304, 772, 888, 236, 0, 0, 192, 92, 0, 987, 0, 0, 0, 453, 0, 671, -1, 947, 0, 650, 608, 90, 0, 701, 16, 0, 610, 53, 0, 0, 300, 479, 522, 724, 0, 0, 0, 794, 0, 340, 60, 0, 587, 553, 116, 784, 0, 188, 444, 368, 0, 0, 255, 524],[131, 613, 693, 344, 0, 0, 0, 675, 0, 64, 143, 0, 196, 111, 854, 446, 566, 805, 0, 185, 603, 947, -1, 567, 657, 0, 135, 0, 0, 379, 45, 0, 15, 959, 143, 166, 0, 0, 0, 0, 0, 814, 489, 932, 675, 0, 709, 0, 0, 193, 561, 885, 281, 319, 0, 508, 0, 154, 119],[922, 644, 479, 769, 252, 0, 766, 0, 424, 805, 0, 622, 951, 0, 0, 0, 167, 502, 0, 319, 231, 0, 567, -1, 0, 0, 0, 0, 0, 267, 0, 824, 629, 241, 538, 0, 931, 897, 684, 770, 558, 609, 976, 0, 302, 875, 0, 0, 29, 0, 153, 0, 0, 0, 806, 0, 0, 277, 786],[733, 0, 0, 0, 171, 271, 0, 836, 623, 0, 546, 223, 839, 0, 536, 466, 0, 0, 79, 0, 0, 650, 657, 0, -1, 397, 108, 0, 347, 239, 0, 810, 0, 0, 0, 0, 0, 0, 0, 0, 19, 0, 0, 0, 0, 0, 388, 729, 5, 632, 895, 87, 465, 0, 799, 0, 301, 0, 380],[0, 0, 0, 0, 27, 388, 0, 0, 484, 967, 0, 91, 935, 62, 0, 948, 0, 0, 0, 0, 0, 608, 0, 0, 397, -1, 85, 201, 0, 693, 609, 0, 229, 136, 572, 0, 398, 0, 0, 501, 826, 984, 567, 943, 0, 262, 67, 307, 0, 579, 665, 0, 382, 0, 727, 0, 966, 0, 0],[0, 297, 621, 0, 336, 0, 0, 149, 0, 0, 0, 46, 0, 610, 60, 0, 0, 883, 0, 0, 0, 90, 135, 0, 108, 85, -1, 0, 713, 274, 861, 498, 0, 542, 118, 80, 0, 208, 574, 523, 177, 0, 0, 0, 0, 0, 0, 415, 0, 615, 0, 555, 307, 0, 0, 0, 0, 0, 0],[0, 218, 0, 992, 994, 78, 0, 54, 509, 0, 757, 980, 0, 555, 0, 0, 0, 0, 0, 0, 91, 0, 0, 0, 0, 201, 0, -1, 477, 0, 913, 141, 587, 652, 0, 488, 53, 0, 394, 0, 0, 609, 0, 0, 58, 0, 307, 0, 799, 0, 989, 0, 199, 0, 567, 804, 99, 961, 912],[0, 543, 127, 0, 328, 375, 431, 0, 0, 909, 0, 567, 547, 771, 0, 0, 0, 0, 0, 0, 713, 701, 0, 0, 347, 0, 713, 477, -1, 0, 274, 95, 0, 945, 236, 825, 0, 755, 0, 0, 0, 0, 0, 196, 0, 592, 0, 0, 393, 717, 585, 686, 0, 434, 0, 0, 0, 349, 282],[258, 812, 570, 877, 0, 357, 379, 988, 0, 955, 42, 0, 548, 0, 0, 0, 0, 0, 387, 64, 0, 16, 379, 267, 239, 693, 274, 0, 0, -1, 0, 152, 0, 0, 0, 143, 787, 917, 0, 413, 0, 301, 480, 19, 0, 0, 0, 0, 509, 0, 515, 0, 0, 390, 0, 985, 0, 0, 0],[52, 0, 697, 81, 206, 0, 116, 0, 0, 926, 186, 0, 0, 434, 923, 474, 0, 0, 984, 691, 415, 0, 45, 0, 0, 609, 861, 913, 274, 0, -1, 765, 692, 0, 0, 481, 569, 0, 0, 820, 704, 0, 0, 0, 621, 0, 0, 856, 0, 0, 0, 255, 162, 263, 0, 52, 449, 390, 549],[200, 0, 411, 0, 0, 105, 0, 0, 488, 0, 0, 0, 0, 175, 578, 0, 0, 854, 0, 56, 0, 610, 0, 824, 810, 0, 498, 141, 95, 152, 765, -1, 0, 0, 0, 773, 0, 638, 243, 0, 0, 0, 0, 816, 664, 772, 0, 0, 853, 0, 0, 0, 496, 756, 0, 828, 0, 0, 0],[709, 0, 906, 0, 366, 197, 295, 125, 895, 511, 0, 0, 288, 979, 0, 0, 864, 0, 199, 525, 464, 53, 15, 629, 0, 229, 0, 587, 0, 0, 692, 0, -1, 134, 260, 0, 0, 0, 0, 132, 907, 947, 880, 0, 534, 523, 525, 0, 0, 0, 159, 0, 0, 116, 757, 98, 449, 80, 0],[904, 114, 934, 0, 930, 221, 768, 549, 0, 962, 0, 523, 248, 0, 0, 883, 0, 939, 0, 294, 13, 0, 959, 241, 0, 136, 542, 652, 945, 0, 0, 0, 134, -1, 0, 931, 608, 0, 858, 0, 730, 0, 248, 401, 0, 0, 565, 856, 0, 0, 0, 375, 920, 237, 0, 0, 46, 0, 529],[0, 0, 0, 154, 660, 0, 0, 0, 716, 157, 0, 0, 0, 211, 0, 925, 0, 206, 0, 422, 0, 0, 143, 538, 0, 572, 118, 0, 236, 0, 0, 0, 260, 0, -1, 462, 894, 0, 0, 0, 89, 737, 0, 0, 0, 0, 871, 861, 98, 749, 0, 0, 901, 0, 0, 0, 0, 5, 0],[0, 0, 0, 630, 0, 0, 0, 0, 229, 460, 0, 687, 0, 0, 0, 0, 888, 403, 0, 853, 0, 300, 166, 0, 0, 0, 80, 488, 825, 143, 481, 773, 0, 931, 462, -1, 0, 0, 381, 0, 0, 0, 0, 0, 831, 512, 109, 923, 0, 312, 688, 358, 0, 0, 0, 487, 849, 440, 577],[0, 172, 63, 463, 0, 757, 176, 0, 752, 457, 144, 0, 0, 0, 799, 0, 187, 533, 395, 0, 0, 479, 0, 931, 0, 398, 0, 53, 0, 787, 569, 0, 0, 608, 894, 0, -1, 252, 0, 0, 792, 0, 790, 0, 398, 0, 0, 87, 273, 481, 0, 247, 0, 23, 0, 0, 540, 224, 0],[0, 239, 276, 60, 547, 188, 0, 0, 0, 949, 0, 861, 541, 0, 456, 0, 0, 744, 0, 835, 0, 522, 0, 897, 0, 0, 208, 0, 755, 917, 0, 638, 0, 0, 0, 0, 252, -1, 0, 0, 457, 879, 409, 0, 0, 409, 258, 884, 615, 277, 346, 731, 0, 0, 0, 0, 0, 116, 861],[855, 679, 0, 978, 126, 214, 0, 0, 0, 961, 0, 454, 173, 0, 0, 298, 0, 66, 901, 0, 971, 724, 0, 684, 0, 0, 574, 394, 0, 0, 0, 243, 0, 858, 0, 381, 0, 0, -1, 0, 970, 833, 447, 943, 0, 0, 0, 948, 282, 704, 134, 0, 844, 0, 311, 977, 432, 360, 233],[534, 886, 965, 43, 0, 355, 0, 831, 0, 0, 670, 0, 0, 0, 0, 429, 763, 746, 0, 0, 0, 0, 0, 770, 0, 501, 523, 0, 0, 413, 820, 0, 132, 0, 0, 0, 0, 0, 0, -1, 127, 0, 0, 885, 488, 0, 125, 0, 215, 743, 0, 112, 143, 681, 445, 0, 0, 830, 325],[988, 153, 872, 0, 750, 919, 0, 601, 0, 479, 132, 0, 0, 953, 0, 0, 0, 209, 118, 0, 316, 0, 0, 558, 19, 826, 177, 0, 0, 0, 704, 0, 907, 730, 89, 0, 792, 457, 970, 127, -1, 222, 0, 815, 0, 0, 213, 0, 705, 635, 778, 479, 0, 628, 0, 0, 0, 0, 0],[787, 0, 0, 0, 591, 726, 0, 0, 0, 0, 930, 0, 0, 1, 0, 0, 0, 0, 252, 489, 0, 0, 814, 609, 0, 984, 0, 609, 0, 301, 0, 0, 947, 0, 737, 0, 0, 879, 833, 0, 222, -1, 0, 0, 0, 851, 0, 984, 0, 0, 752, 92, 1000, 69, 634, 95, 0, 0, 840],[0, 0, 173, 0, 328, 208, 646, 649, 991, 481, 0, 0, 0, 0, 0, 617, 504, 437, 0, 0, 0, 794, 489, 976, 0, 567, 0, 0, 0, 480, 0, 0, 880, 248, 0, 0, 790, 409, 447, 0, 0, 0, -1, 67, 543, 0, 0, 0, 0, 238, 936, 0, 208, 652, 0, 0, 379, 0, 0],[0, 0, 927, 0, 0, 0, 0, 471, 696, 558, 0, 388, 509, 600, 0, 0, 169, 0, 0, 0, 0, 0, 932, 0, 0, 943, 0, 0, 196, 19, 0, 816, 0, 401, 0, 0, 0, 0, 943, 885, 815, 0, 67, -1, 46, 773, 769, 0, 938, 500, 334, 13, 915, 0, 540, 0, 0, 164, 0],[0, 0, 0, 0, 0, 0, 550, 684, 386, 0, 0, 0, 27, 319, 0, 0, 68, 0, 0, 0, 0, 340, 675, 302, 0, 0, 0, 58, 0, 0, 621, 664, 534, 0, 0, 831, 398, 0, 0, 488, 0, 0, 543, 46, -1, 0, 0, 0, 915, 227, 0, 0, 0, 664, 0, 0, 771, 63, 0],[0, 374, 0, 175, 50, 975, 104, 0, 0, 167, 0, 0, 313, 253, 608, 349, 765, 616, 0, 0, 0, 60, 0, 875, 0, 262, 0, 0, 592, 0, 0, 772, 523, 0, 0, 512, 0, 409, 0, 0, 0, 851, 0, 773, 0, -1, 101, 93, 0, 562, 0, 0, 209, 397, 988, 354, 444, 0, 0],[957, 0, 95, 44, 0, 0, 363, 0, 0, 674, 0, 604, 0, 535, 41, 0, 407, 0, 0, 0, 307, 0, 709, 0, 388, 67, 0, 307, 0, 0, 0, 0, 525, 565, 871, 109, 0, 258, 0, 125, 213, 0, 0, 769, 0, 101, -1, 656, 122, 465, 769, 0, 0, 0, 22, 418, 94, 83, 0],[734, 540, 690, 0, 0, 825, 573, 227, 287, 0, 555, 344, 179, 0, 126, 111, 830, 0, 245, 0, 847, 587, 0, 0, 729, 307, 415, 0, 0, 0, 856, 0, 0, 856, 861, 923, 87, 884, 948, 0, 0, 984, 0, 0, 0, 93, 656, -1, 816, 0, 0, 112, 0, 957, 732, 154, 0, 0, 0],[0, 0, 0, 0, 0, 928, 0, 197, 0, 358, 34, 137, 0, 726, 0, 929, 31, 0, 0, 597, 909, 553, 0, 29, 5, 0, 0, 799, 393, 509, 0, 853, 0, 0, 98, 0, 273, 615, 282, 215, 705, 0, 0, 938, 915, 0, 122, 816, -1, 833, 0, 0, 0, 0, 288, 0, 578, 401, 0],[824, 851, 374, 969, 0, 430, 0, 0, 767, 0, 217, 530, 0, 0, 0, 600, 0, 0, 271, 0, 400, 116, 193, 0, 632, 579, 615, 0, 717, 0, 0, 0, 0, 0, 749, 312, 481, 277, 704, 743, 635, 0, 238, 500, 227, 562, 465, 0, 833, -1, 0, 0, 0, 263, 259, 873, 0, 0, 860],[0, 0, 0, 796, 0, 177, 506, 728, 0, 622, 0, 880, 0, 0, 126, 0, 962, 611, 0, 294, 756, 784, 561, 153, 895, 665, 0, 989, 585, 515, 0, 0, 159, 0, 0, 688, 0, 346, 134, 0, 778, 752, 936, 334, 0, 0, 769, 0, 0, 0, -1, 0, 0, 0, 0, 704, 0, 0, 582],[249, 0, 0, 121, 668, 0, 0, 0, 0, 7, 0, 0, 193, 0, 0, 0, 0, 0, 0, 0, 0, 0, 885, 0, 87, 0, 555, 0, 686, 0, 255, 0, 0, 375, 0, 358, 247, 731, 0, 112, 479, 92, 0, 13, 0, 0, 0, 112, 0, 0, 0, -1, 0, 0, 391, 0, 162, 20, 817],[963, 629, 0, 989, 83, 130, 0, 0, 284, 563, 54, 115, 666, 0, 405, 0, 422, 656, 0, 58, 0, 188, 281, 0, 465, 382, 307, 199, 0, 0, 162, 496, 0, 920, 901, 0, 0, 0, 844, 143, 0, 1000, 208, 915, 0, 209, 0, 0, 0, 0, 0, 0, -1, 535, 0, 0, 12, 553, 983],[0, 0, 426, 0, 577, 944, 274, 0, 0, 326, 609, 661, 0, 554, 129, 0, 0, 0, 611, 0, 403, 444, 319, 0, 0, 0, 0, 0, 434, 390, 263, 756, 116, 237, 0, 0, 23, 0, 0, 681, 628, 69, 652, 0, 664, 397, 0, 957, 0, 263, 0, 0, 535, -1, 335, 807, 0, 36, 227],[0, 0, 960, 526, 0, 0, 311, 251, 0, 0, 666, 0, 844, 0, 72, 0, 0, 0, 598, 0, 0, 368, 0, 806, 799, 727, 0, 567, 0, 0, 0, 0, 757, 0, 0, 0, 0, 0, 311, 445, 0, 634, 0, 540, 0, 988, 22, 732, 288, 259, 0, 391, 0, 335, -1, 868, 650, 857, 0],[0, 0, 0, 2, 0, 0, 0, 482, 0, 793, 0, 789, 577, 0, 0, 744, 669, 633, 525, 0, 253, 0, 508, 0, 0, 0, 0, 804, 0, 985, 52, 828, 98, 0, 0, 487, 0, 0, 977, 0, 0, 95, 0, 0, 0, 354, 418, 154, 0, 873, 704, 0, 0, 807, 868, -1, 65, 0, 173],[0, 860, 761, 0, 0, 909, 987, 920, 930, 810, 645, 0, 792, 178, 202, 0, 0, 0, 498, 0, 950, 0, 0, 0, 301, 966, 0, 99, 0, 0, 449, 0, 449, 46, 0, 849, 540, 0, 432, 0, 0, 0, 379, 0, 771, 444, 94, 0, 578, 0, 0, 162, 12, 0, 650, 65, -1, 0, 0],[842, 0, 0, 0, 195, 0, 434, 366, 0, 0, 0, 0, 0, 654, 0, 0, 679, 57, 190, 0, 0, 255, 154, 277, 0, 0, 0, 961, 349, 0, 390, 0, 80, 0, 5, 440, 224, 116, 360, 830, 0, 0, 0, 164, 63, 0, 83, 0, 401, 0, 0, 20, 553, 36, 857, 0, 0, -1, 236],[0, 0, 189, 0, 0, 756, 923, 994, 295, 0, 820, 127, 0, 0, 437, 0, 375, 682, 434, 450, 0, 524, 119, 786, 380, 0, 0, 912, 282, 0, 549, 0, 0, 529, 0, 577, 0, 861, 233, 325, 0, 840, 0, 0, 0, 0, 0, 0, 0, 860, 582, 817, 983, 227, 0, 173, 0, 236, -1]]