48
[[-1, 2088191777, 0, 1858761196, 0, 1866179215, 962178640, 186870809, 2128481667, 0, 1363867774, 0, 0, 0, 1745499650, 1623700736, 2094617082, 0, 845914285, 2075773128, 0, 0, 0, 1649556570, 698693801, 264517271, 0, 842013227, 574627534, 0, 0, 0, 0, 0, 0, 2005896493, 440705657, 1149618204, 391319893, 1300380745, 0, 0, 1099349110, 0, 1796064199, 1890307323, 0, 936361157],[2088191777, -1, 1350079598, 228308694, 0, 859774780, 2106141812, 1849793091, 947884895, 1653650723, 1903781853, 0, 1656697508, 0, 1117938735, 0, 0, 783470781, 0, 0, 2059253961, 911354790, 971343721, 0, 1622410424, 0, 1449208501, 0, 652122893, 0, 1717798324, 0, 1667335334, 824919522, 128084078, 839361505, 779973645, 0, 0, 135420326, 1174001309, 0, 534730823, 663945472, 0, 2066368068, 1607846175, 428156317],[0, 1350079598, -1, 896897209, 719568991, 2028655898, 0, 555103791, 1089178161, 557743835, 0, 1195495010, 1408197992, 2002143065, 1916583595, 969602753, 0, 1382484434, 0, 859877654, 0, 2134952481, 848125474, 1879497633, 1609530500, 0, 0, 1606270844, 429926361, 0, 0, 1108054861, 72627228, 0, 0, 0, 75229754, 948083902, 1323438187, 0, 387238926, 2055337666, 0, 1238636742, 321664100, 0, 623996645, 1278222000],[1858761196, 228308694, 896897209, -1, 956272773, 0, 565142288, 0, 0, 1011518685, 831671653, 209471402, 1217646277, 0, 1346782691, 1738779180, 2126267568, 1929352329, 1556118280, 2076949432, 0, 0, 1886129657, 813429895, 1380425393, 1789387232, 2061261977, 0, 0, 1319531050, 959702749, 0, 912295921, 1732854622, 2011290103, 10127648, 930154135, 903982697, 162035068, 918080321, 1441307870, 1915722303, 0, 1817940512, 2130461193, 977328849, 1040960150, 1675760909],[0, 0, 719568991, 956272773, -1, 1235881848, 0, 1465367925, 0, 706335435, 0, 2116409405, 0, 106617743, 66764696, 729634261, 0, 1903470886, 0, 2070845927, 561219034, 0, 0, 416861479, 0, 1780216090, 0, 1343036374, 1604132519, 884161054, 0, 602686599, 0, 1392863962, 707506837, 780856016, 1615594837, 449869106, 0, 0, 0, 782620071, 1843094781, 323533805, 1594666440, 316570271, 0, 1409670236],[1866179215, 859774780, 2028655898, 0, 1235881848, -1, 0, 0, 57757447, 1765832203, 0, 1057582204, 2059869020, 1324225478, 0, 188218086, 1990363715, 950491364, 1953652576, 1012766873, 526907238, 1569343335, 1698308935, 0, 2091584475, 199899574, 0, 0, 0, 1229075917, 0, 166402845, 685880349, 0, 0, 1044629000, 721055924, 795851978, 1771231390, 0, 1325727555, 1415546233, 1007221378, 0, 683787218, 1409740617, 1995825325, 0],[962178640, 2106141812, 0, 565142288, 0, 0, -1, 1638681742, 2050013174, 1659186298, 185318410, 1164999438, 0, 0, 0, 1972019722, 0, 0, 1422945311, 1622130438, 1470595544, 2040036878, 828022218, 1714887548, 776159919, 1733075487, 0, 142711950, 1848106438, 1406075974, 1710594958, 1035662524, 1578204332, 2136626730, 1006661727, 0, 0, 425699501, 1556120616, 918527103, 2072757208, 428036947, 102980491, 13992571, 1979559835, 1111019017, 0, 2118203253],[186870809, 1849793091, 555103791, 0, 1465367925, 0, 1638681742, -1, 0, 647481464, 0, 1977568279, 0, 1077544166, 2084104296, 1705461767, 1876143874, 1124480282, 1819345166, 1972667346, 543614462, 1894728025, 0, 0, 1596002655, 0, 911296267, 1319345882, 1836993154, 0, 635805691, 1571542203, 351270349, 0, 0, 1496509120, 1659372053, 1845865791, 888407688, 1455627748, 0, 545552168, 0, 1242022834, 483770028, 1281378148, 1346177300, 0],[2128481667, 947884895, 1089178161, 0, 0, 57757447, 2050013174, 0, -1, 0, 1850523215, 967034626, 789536736, 1629281227, 0, 787133779, 248976576, 2127654415, 0, 881515090, 0, 289511909, 308933165, 60986240, 0, 27811406, 599489250, 0, 34204494, 248028430, 262298737, 1105379335, 2049422424, 93696696, 534153557, 411865047, 0, 308850052, 0, 131608745, 1145107021, 1718973116, 128350802, 1978939764, 0, 1222359134, 1449370236, 1565270707],[0, 1653650723, 557743835, 1011518685, 706335435, 1765832203, 1659186298, 647481464, 0, -1, 1638745355, 878914693, 0, 0, 1464736599, 1314500502, 872711834, 817143354, 776236551, 0, 1017642352, 0, 0, 0, 1793648799, 2098725337, 0, 1806998358, 0, 1443100538, 2024662997, 0, 0, 916034741, 0, 237567852, 247620480, 0, 925995535, 0, 976931288, 366828219, 267714991, 0, 754729927, 874776754, 281862508, 2081242282],[1363867774, 1903781853, 0, 831671653, 0, 0, 185318410, 0, 1850523215, 1638745355, -1, 1056389816, 1305713150, 630364423, 209658613, 0, 0, 288595048, 1154085687, 930898133, 1284979591, 0, 246922840, 2112435529, 998717028, 116557512, 603701089, 1277789585, 0, 0, 303644921, 1192904647, 669997403, 1171301066, 366486323, 0, 804438664, 1604846690, 872128590, 1310943285, 0, 2085275077, 1551749647, 0, 0, 1788655051, 1511454967, 0],[0, 0, 1195495010, 209471402, 2116409405, 1057582204, 1164999438, 1977568279, 967034626, 878914693, 1056389816, -1, 0, 2097791843, 741229966, 1583472701, 0, 414809732, 1108690422, 1438064769, 0, 1116516958, 473559427, 1739858402, 581199160, 0, 434628937, 0, 1423679627, 1636442274, 0, 0, 137087072, 1088713950, 972657414, 0, 0, 580584757, 873131156, 1567887167, 1069051894, 47015401, 319731963, 0, 2030652211, 1684486798, 1133162285, 525655024],[0, 1656697508, 1408197992, 1217646277, 0, 2059869020, 0, 0, 789536736, 0, 1305713150, 0, -1, 2108441628, 1902776956, 2055506574, 1057542577, 143014247, 1548644304, 544525586, 96698686, 705393584, 916491700, 0, 0, 1928915838, 0, 1609815396, 1999469328, 1237403804, 1040534000, 1481943068, 216037330, 374466318, 1153476465, 1246908549, 2127109351, 1822594593, 576833705, 594864157, 0, 370779021, 873459535, 56599757, 893877520, 0, 136695273, 0],[0, 0, 2002143065, 0, 106617743, 1324225478, 0, 1077544166, 1629281227, 0, 630364423, 2097791843, 2108441628, -1, 1267256906, 449710979, 0, 0, 0, 0, 105968061, 1791757478, 1307067058, 2100127193, 0, 138919455, 830592034, 1361588407, 0, 200936623, 1328735095, 495268368, 749503779, 742606834, 1093166899, 1513666253, 0, 1909319492, 1949466661, 1686271995, 1329780401, 0, 0, 1348961228, 2056820126, 0, 821772721, 0],[1745499650, 1117938735, 1916583595, 1346782691, 66764696, 0, 0, 2084104296, 0, 1464736599, 209658613, 741229966, 1902776956, 1267256906, -1, 0, 1792266641, 322926815, 1474520283, 2085354442, 1076653164, 0, 51729710, 1807890962, 619278158, 571975493, 0, 269645154, 668054368, 0, 0, 528640829, 1208522382, 176973463, 924228921, 0, 0, 119637069, 0, 0, 669462575, 843771548, 850551231, 482233901, 2028524516, 0, 1170258411, 904140505],[1623700736, 0, 969602753, 1738779180, 729634261, 188218086, 1972019722, 1705461767, 787133779, 1314500502, 0, 1583472701, 2055506574, 449710979, 0, -1, 1600287543, 1017451029, 701376012, 0, 920466727, 1716032453, 0, 493957185, 1012432654, 1187174937, 1811355822, 0, 0, 0, 1855458726, 1406979726, 147356725, 1668523473, 2077973592, 146817867, 253708342, 1521410570, 0, 0, 0, 1754252920, 837729484, 0, 2068758113, 1954248370, 1087159513, 901373300],[2094617082, 0, 0, 2126267568, 0, 1990363715, 0, 1876143874, 248976576, 872711834, 0, 0, 1057542577, 0, 1792266641, 1600287543, -1, 0, 0, 0, 1042417794, 2087256616, 0, 0, 0, 2097956192, 249965344, 1905857534, 0, 1992383521, 0, 1333897372, 0, 1766413072, 0, 2019091379, 0, 571115631, 0, 0, 2011191467, 869334506, 0, 1686179698, 0, 0, 1640316747, 377243498],[0, 783470781, 1382484434, 1929352329, 1903470886, 950491364, 0, 1124480282, 2127654415, 817143354, 288595048, 414809732, 143014247, 0, 322926815, 1017451029, 0, -1, 1988813879, 1245583338, 1081683251, 0, 1939695847, 0, 0, 0, 0, 1269780506, 7470119, 960036775, 2059533671, 746675759, 1397864369, 690630223, 0, 0, 1281014965, 584682487, 0, 952611260, 402800663, 0, 1659106861, 1727379142, 1523988990, 629701797, 216921399, 925439372],[845914285, 0, 0, 1556118280, 0, 1953652576, 1422945311, 1819345166, 0, 776236551, 1154085687, 1108690422, 1548644304, 0, 1474520283, 701376012, 0, 1988813879, -1, 0, 0, 1193805726, 1214643362, 0, 0, 938086436, 1384300397, 1004758371, 1208146840, 1722636073, 2014070237, 1008251535, 1927351768, 1366394579, 855604159, 1292774101, 1430026405, 0, 2009087590, 318307733, 113313773, 1622801831, 0, 592639973, 0, 726731088, 0, 578851577],[2075773128, 0, 859877654, 2076949432, 2070845927, 1012766873, 1622130438, 1972667346, 881515090, 0, 930898133, 1438064769, 544525586, 0, 2085354442, 0, 0, 1245583338, 0, -1, 745882052, 1008493010, 213219583, 323281762, 0, 0, 755992261, 0, 2064275604, 0, 0, 404361705, 105002069, 1474101137, 0, 1335999515, 0, 1257161139, 0, 1135078683, 2106633258, 2131589880, 1989234504, 1846452660, 1329561729, 1753933521, 0, 0],[0, 2059253961, 0, 0, 561219034, 526907238, 1470595544, 543614462, 0, 1017642352, 1284979591, 0, 96698686, 105968061, 1076653164, 920466727, 1042417794, 1081683251, 0, 745882052, -1, 1859315692, 0, 1464945620, 0, 1589405238, 179519486, 2101975947, 1341044431, 156273231, 0, 1080488154, 1445089666, 0, 0, 741334484, 467747080, 1195222109, 780683910, 639040912, 1873362856, 1283303188, 0, 763535378, 0, 0, 0, 0],[0, 911354790, 2134952481, 0, 0, 1569343335, 2040036878, 1894728025, 289511909, 0, 0, 1116516958, 705393584, 1791757478, 0, 1716032453, 2087256616, 0, 1193805726, 1008493010, 1859315692, -1, 1736411176, 295736528, 1124410112, 734146440, 2011609530, 138646240, 0, 866566252, 243408112, 0, 0, 1798112376, 0, 1751342879, 0, 0, 2068158930, 2004864517, 784862478, 1512286995, 0, 0, 981666771, 0, 419048833, 1383220265],[0, 971343721, 848125474, 1886129657, 0, 1698308935, 828022218, 0, 308933165, 0, 246922840, 473559427, 916491700, 1307067058, 51729710, 0, 0, 1939695847, 1214643362, 213219583, 0, 1736411176, -1, 102661062, 1445319735, 934606394, 0, 1989377430, 813057449, 0, 270499008, 0, 60169455, 233744871, 478512940, 701515093, 720299556, 0, 0, 1334946376, 0, 911665125, 0, 0, 53378702, 662978939, 0, 0],[1649556570, 0, 1879497633, 813429895, 416861479, 0, 1714887548, 0, 60986240, 0, 2112435529, 1739858402, 0, 2100127193, 1807890962, 493957185, 0, 0, 0, 323281762, 1464945620, 295736528, 102661062, -1, 0, 594990454, 852072690, 0, 1265132691, 1676047302, 1650025147, 1479364430, 384709446, 1323110709, 151843887, 1394699912, 121013433, 1365078329, 430736052, 870205312, 1296908645, 0, 0, 445233708, 1604150711, 790935736, 1435403508, 995367553],[698693801, 1622410424, 1609530500, 1380425393, 0, 2091584475, 776159919, 1596002655, 0, 1793648799, 998717028, 581199160, 0, 0, 619278158, 1012432654, 0, 0, 0, 0, 0, 1124410112, 1445319735, 0, -1, 1804754338, 0, 1871200148, 1752727007, 0, 1166044576, 233224132, 183752274, 0, 1638846280, 332650714, 0, 603590744, 0, 0, 0, 83023052, 562943672, 0, 33719241, 0, 0, 0],[264517271, 0, 0, 1789387232, 1780216090, 199899574, 1733075487, 0, 27811406, 2098725337, 116557512, 0, 1928915838, 138919455, 571975493, 1187174937, 2097956192, 0, 938086436, 0, 1589405238, 734146440, 934606394, 594990454, 1804754338, -1, 1321034851, 0, 667648216, 1920192271, 2114073518, 0, 117320352, 2013438318, 0, 0, 1473548419, 2008816491, 0, 1768458979, 0, 2052140008, 16948821, 1910479421, 0, 0, 91773134, 1682631150],[0, 1449208501, 0, 2061261977, 0, 0, 0, 911296267, 599489250, 0, 603701089, 434628937, 0, 830592034, 0, 1811355822, 249965344, 0, 1384300397, 755992261, 179519486, 2011609530, 0, 852072690, 0, 1321034851, -1, 539342516, 1777166439, 1902103944, 900642150, 0, 1710209827, 1631469621, 0, 1245328792, 1860222455, 0, 0, 365158876, 0, 693048431, 1966854843, 1838123704, 1724584949, 0, 185979093, 0],[842013227, 0, 1606270844, 0, 1343036374, 0, 142711950, 1319345882, 0, 1806998358, 1277789585, 0, 1609815396, 1361588407, 269645154, 0, 1905857534, 1269780506, 1004758371, 0, 2101975947, 138646240, 1989377430, 0, 1871200148, 0, 539342516, -1, 0, 835848273, 0, 0, 990211660, 0, 1946497216, 581292812, 2022949002, 0, 0, 1290783377, 2109694320, 2033336113, 2017223066, 113356473, 1506524763, 0, 1686274241, 0],[574627534, 652122893, 429926361, 0, 1604132519, 0, 1848106438, 1836993154, 34204494, 0, 0, 1423679627, 1999469328, 0, 668054368, 0, 0, 7470119, 1208146840, 2064275604, 1341044431, 0, 813057449, 1265132691, 1752727007, 667648216, 1777166439, 0, -1, 432139854, 716676758, 1354204345, 586352017, 1225568411, 0, 0, 879262533, 1634192004, 0, 0, 1141331307, 0, 69153171, 0, 1535248648, 0, 0, 509330791],[0, 0, 0, 1319531050, 884161054, 1229075917, 1406075974, 0, 248028430, 1443100538, 0, 1636442274, 1237403804, 200936623, 0, 0, 1992383521, 960036775, 1722636073, 0, 156273231, 866566252, 0, 1676047302, 0, 1920192271, 1902103944, 835848273, 432139854, -1, 500447798, 1572362610, 0, 514274162, 556618871, 0, 1594917032, 1988134029, 0, 73072720, 871797483, 1238903996, 1331568826, 561865541, 778356037, 723054655, 0, 0],[0, 1717798324, 0, 959702749, 0, 0, 1710594958, 635805691, 262298737, 2024662997, 303644921, 0, 1040534000, 1328735095, 0, 1855458726, 0, 2059533671, 2014070237, 0, 0, 243408112, 270499008, 1650025147, 1166044576, 2114073518, 900642150, 0, 716676758, 500447798, -1, 1834480524, 1889808723, 0, 1626715711, 1414936305, 0, 0, 0, 0, 1908616131, 1700472722, 0, 0, 1160858965, 0, 859383516, 1268919191],[0, 0, 1108054861, 0, 602686599, 166402845, 1035662524, 1571542203, 1105379335, 0, 1192904647, 0, 1481943068, 495268368, 528640829, 1406979726, 1333897372, 746675759, 1008251535, 404361705, 1080488154, 0, 0, 1479364430, 233224132, 0, 0, 0, 1354204345, 1572362610, 1834480524, -1, 225874364, 728734596, 1320564059, 0, 566855841, 0, 361475623, 1474357919, 1446556004, 1474590215, 0, 1262908602, 87203609, 0, 0, 730995558],[0, 1667335334, 72627228, 912295921, 0, 685880349, 1578204332, 351270349, 2049422424, 0, 669997403, 137087072, 216037330, 749503779, 1208522382, 147356725, 0, 1397864369, 1927351768, 105002069, 1445089666, 0, 60169455, 384709446, 183752274, 117320352, 1710209827, 990211660, 586352017, 0, 1889808723, 225874364, -1, 0, 0, 2062109696, 0, 220525615, 1014753356, 1618478243, 2115613624, 1759632740, 1004725864, 2074690268, 1091606581, 0, 0, 319770167],[0, 824919522, 0, 1732854622, 1392863962, 0, 2136626730, 0, 93696696, 916034741, 1171301066, 1088713950, 374466318, 742606834, 176973463, 1668523473, 1766413072, 690630223, 1366394579, 1474101137, 0, 1798112376, 233744871, 1323110709, 0, 2013438318, 1631469621, 0, 1225568411, 514274162, 0, 728734596, 0, -1, 1119867434, 224642423, 2263836, 0, 0, 1432568228, 702768504, 0, 0, 892006369, 0, 0, 0, 1467756302],[0, 128084078, 0, 2011290103, 707506837, 0, 1006661727, 0, 534153557, 0, 366486323, 972657414, 1153476465, 1093166899, 924228921, 2077973592, 0, 0, 855604159, 0, 0, 0, 478512940, 151843887, 1638846280, 0, 0, 1946497216, 0, 556618871, 1626715711, 1320564059, 0, 1119867434, -1, 744848226, 0, 0, 322330659, 2083758310, 1304144114, 1472191229, 1388322172, 958500570, 1968621099, 0, 901907799, 762557243],[2005896493, 839361505, 0, 10127648, 780856016, 1044629000, 0, 1496509120, 411865047, 237567852, 0, 0, 1246908549, 1513666253, 0, 146817867, 2019091379, 0, 1292774101, 1335999515, 741334484, 1751342879, 701515093, 1394699912, 332650714, 0, 1245328792, 581292812, 0, 0, 1414936305, 0, 2062109696, 224642423, 744848226, -1, 1860463857, 1712238426, 1102166314, 447955565, 0, 1395737830, 0, 1651599077, 757622059, 0, 1842978717, 698725373],[440705657, 779973645, 75229754, 930154135, 1615594837, 721055924, 0, 1659372053, 0, 247620480, 804438664, 0, 2127109351, 0, 0, 253708342, 0, 1281014965, 1430026405, 0, 467747080, 0, 720299556, 121013433, 0, 1473548419, 1860222455, 2022949002, 879262533, 1594917032, 0, 566855841, 0, 2263836, 0, 1860463857, -1, 1970752786, 1323136369, 920679015, 399283954, 0, 1622378015, 399355085, 0, 489916968, 0, 564131146],[1149618204, 0, 948083902, 903982697, 449869106, 795851978, 425699501, 1845865791, 308850052, 0, 1604846690, 580584757, 1822594593, 1909319492, 119637069, 1521410570, 571115631, 584682487, 0, 1257161139, 1195222109, 0, 0, 1365078329, 603590744, 2008816491, 0, 0, 1634192004, 1988134029, 0, 0, 220525615, 0, 0, 1712238426, 1970752786, -1, 2004346981, 1397660928, 146195510, 1414862513, 1491973524, 1957001148, 1333260403, 586205306, 1034600102, 1205816485],[391319893, 0, 1323438187, 162035068, 0, 1771231390, 1556120616, 888407688, 0, 925995535, 872128590, 873131156, 576833705, 1949466661, 0, 0, 0, 0, 2009087590, 0, 780683910, 2068158930, 0, 430736052, 0, 0, 0, 0, 0, 0, 0, 361475623, 1014753356, 0, 322330659, 1102166314, 1323136369, 2004346981, -1, 1349648838, 0, 1815910343, 1009161669, 202291318, 0, 670721374, 417679241, 884455353],[1300380745, 135420326, 0, 918080321, 0, 0, 918527103, 1455627748, 131608745, 0, 1310943285, 1567887167, 594864157, 1686271995, 0, 0, 0, 952611260, 318307733, 1135078683, 639040912, 2004864517, 1334946376, 870205312, 0, 1768458979, 365158876, 1290783377, 0, 73072720, 0, 1474357919, 1618478243, 1432568228, 2083758310, 447955565, 920679015, 1397660928, 1349648838, -1, 0, 1149912637, 0, 219877720, 1061841400, 0, 2136926333, 0],[0, 1174001309, 387238926, 1441307870, 0, 1325727555, 2072757208, 0, 1145107021, 976931288, 0, 1069051894, 0, 1329780401, 669462575, 0, 2011191467, 402800663, 113313773, 2106633258, 1873362856, 784862478, 0, 1296908645, 0, 0, 0, 2109694320, 1141331307, 871797483, 1908616131, 1446556004, 2115613624, 702768504, 1304144114, 0, 399283954, 146195510, 0, 0, -1, 133839022, 1834271227, 1779781307, 295262585, 1759352628, 1554411796, 78220161],[0, 0, 2055337666, 1915722303, 782620071, 1415546233, 428036947, 545552168, 1718973116, 366828219, 2085275077, 47015401, 370779021, 0, 843771548, 1754252920, 869334506, 0, 1622801831, 2131589880, 1283303188, 1512286995, 911665125, 0, 83023052, 2052140008, 693048431, 2033336113, 0, 1238903996, 1700472722, 1474590215, 1759632740, 0, 1472191229, 1395737830, 0, 1414862513, 1815910343, 1149912637, 133839022, -1, 1683085548, 1790610100, 0, 637855757, 0, 0],[1099349110, 534730823, 0, 0, 1843094781, 1007221378, 102980491, 0, 128350802, 267714991, 1551749647, 319731963, 873459535, 0, 850551231, 837729484, 0, 1659106861, 0, 1989234504, 0, 0, 0, 0, 562943672, 16948821, 1966854843, 2017223066, 69153171, 1331568826, 0, 0, 1004725864, 0, 1388322172, 0, 1622378015, 1491973524, 1009161669, 0, 1834271227, 1683085548, -1, 573699587, 836257450, 1544388229, 1932619495, 129312894],[0, 663945472, 1238636742, 1817940512, 323533805, 0, 13992571, 1242022834, 1978939764, 0, 0, 0, 56599757, 1348961228, 482233901, 0, 1686179698, 1727379142, 592639973, 1846452660, 763535378, 0, 0, 445233708, 0, 1910479421, 1838123704, 113356473, 0, 561865541, 0, 1262908602, 2074690268, 892006369, 958500570, 1651599077, 399355085, 1957001148, 202291318, 219877720, 1779781307, 1790610100, 573699587, -1, 1165899689, 814916280, 0, 4639833],[1796064199, 0, 321664100, 2130461193, 1594666440, 683787218, 1979559835, 483770028, 0, 754729927, 0, 2030652211, 893877520, 2056820126, 2028524516, 2068758113, 0, 1523988990, 0, 1329561729, 0, 981666771, 53378702, 1604150711, 33719241, 0, 1724584949, 1506524763, 1535248648, 778356037, 1160858965, 87203609, 1091606581, 0, 1968621099, 757622059, 0, 1333260403, 0, 1061841400, 295262585, 0, 836257450, 1165899689, -1, 1465224401, 509942101, 1548587670],[1890307323, 2066368068, 0, 977328849, 316570271, 1409740617, 1111019017, 1281378148, 1222359134, 874776754, 1788655051, 1684486798, 0, 0, 0, 1954248370, 0, 629701797, 726731088, 1753933521, 0, 0, 662978939, 790935736, 0, 0, 0, 0, 0, 723054655, 0, 0, 0, 0, 0, 0, 489916968, 586205306, 670721374, 0, 1759352628, 637855757, 1544388229, 814916280, 1465224401, -1, 0, 838463662],[0, 1607846175, 623996645, 1040960150, 0, 1995825325, 0, 1346177300, 1449370236, 281862508, 1511454967, 1133162285, 136695273, 821772721, 1170258411, 1087159513, 1640316747, 216921399, 0, 0, 0, 419048833, 0, 1435403508, 0, 91773134, 185979093, 1686274241, 0, 0, 859383516, 0, 0, 0, 901907799, 1842978717, 0, 1034600102, 417679241, 2136926333, 1554411796, 0, 1932619495, 0, 509942101, 0, -1, 432254724],[936361157, 428156317, 1278222000, 1675760909, 1409670236, 0, 2118203253, 0, 1565270707, 2081242282, 0, 525655024, 0, 0, 904140505, 901373300, 377243498, 925439372, 578851577, 0, 0, 1383220265, 0, 995367553, 0, 1682631150, 0, 0, 509330791, 0, 1268919191, 730995558, 319770167, 1467756302, 762557243, 698725373, 564131146, 1205816485, 884455353, 0, 78220161, 0, 129312894, 4639833, 1548587670, 838463662, 432254724, -1]]