79
[[-1, 0, 0, 0, 0, 0, 1867690824, 40938356, 1246048906, 1800691368, 445421679, 0, 1525178899, 395364909, 432984264, 897283865, 503863064, 1361758276, 1515721022, 0, 0, 0, 0, 187558782, 1275028963, 1323516997, 579328982, 1208275336, 1977538734, 751920529, 1290992333, 0, 1966901523, 0, 1849457835, 0, 942929252, 1979781623, 1265228431, 1199023434, 0, 758443351, 1192744758, 1649429728, 1218221487, 0, 636602375, 1714190202, 0, 0, 1525870054, 423346523, 1094015897, 1231170353, 1693046801, 1746555725, 519731408, 194490997, 2082603399, 0, 2126738544, 1147704867, 0, 859459142, 461739476, 34708643, 574115372, 0, 0, 367292294, 551538844, 0, 0, 0, 1321092187, 0, 0, 1012700060, 0],[0, -1, 1647394106, 20050980, 1650011188, 1517688938, 640728267, 1843361125, 0, 1862013474, 967626005, 1143624475, 121711853, 301357716, 2055637376, 359866358, 978538966, 1013561284, 0, 514419330, 1650622863, 945136529, 1702927025, 0, 0, 114895134, 349643712, 667518209, 0, 2022944653, 0, 1039997160, 0, 796793785, 1243777514, 0, 194055574, 821255457, 0, 1783640792, 769198396, 0, 13695966, 1027316610, 988857034, 1089164657, 0, 0, 0, 1480327688, 0, 874760812, 0, 844298901, 1334651082, 2042604436, 59266804, 230031228, 1417637835, 997810966, 2039207669, 1516891091, 2108247806, 2007881719, 0, 0, 0, 1188265136, 61318042, 1016151274, 0, 119207018, 0, 1493975233, 609781900, 89721339, 1730012880, 0, 0],[0, 1647394106, -1, 1566280559, 902829728, 0, 0, 1822590011, 1019141206, 0, 2037895973, 0, 1597378969, 1791119005, 0, 0, 1923239794, 905191913, 0, 1366821769, 1859856480, 0, 1700501552, 1676921530, 1299879806, 2010103398, 1107818461, 1746918590, 942604403, 675788982, 1673004260, 0, 1912138704, 0, 483891677, 1162450941, 941624267, 0, 0, 1981541404, 677916257, 1968592618, 0, 0, 0, 48344717, 1114637465, 557537180, 1072857966, 1344473646, 1913228487, 585691170, 1365698115, 0, 1904718749, 1098394673, 39303833, 1968729651, 1604749708, 37675288, 1854502118, 0, 485570449, 0, 1940734929, 141605644, 0, 0, 1466833042, 130832468, 1140073237, 1366385894, 0, 1375774448, 1933728454, 694550305, 1480097586, 208741110, 0],[0, 20050980, 1566280559, -1, 1086950489, 0, 1283778632, 0, 12499245, 0, 0, 2087076927, 1460459695, 1290527719, 0, 0, 480722266, 1054824954, 446908099, 0, 1053231741, 0, 0, 0, 2000389794, 0, 0, 725937359, 0, 0, 1174468186, 286689237, 477757506, 0, 268582765, 0, 0, 253707865, 0, 0, 0, 0, 1358020492, 985661786, 81353466, 1441231063, 1593334590, 1000811262, 0, 1188778596, 1422803744, 652143161, 768761377, 2139937330, 521462107, 1973025801, 374093272, 807456331, 990804052, 496760537, 1814646697, 1194858767, 0, 2074126775, 303423534, 667884899, 144151764, 1057592263, 813584773, 0, 1391177126, 0, 2084249826, 0, 0, 0, 0, 1714475171, 1964164976],[0, 1650011188, 902829728, 1086950489, -1, 750479921, 1502889218, 792063941, 1577229450, 1518036671, 0, 1527105751, 0, 0, 252405537, 896168071, 0, 611377448, 0, 0, 1203046747, 0, 580330618, 0, 0, 0, 1835373840, 0, 613300704, 1615638734, 1607600001, 1298925164, 1591371026, 391628176, 698138889, 342389255, 0, 758005048, 0, 1622171669, 2082924296, 1557792940, 1501770218, 1649512942, 736983582, 347459379, 1247465555, 0, 1307950117, 1788078850, 1636877986, 0, 746858819, 617158050, 0, 198976960, 0, 0, 1482179410, 0, 1811472202, 102625513, 962927322, 30472573, 0, 0, 0, 0, 599013259, 1294001303, 0, 1896366344, 718291429, 0, 0, 0, 0, 0, 0],[0, 1517688938, 0, 0, 750479921, -1, 2069348299, 0, 1504807060, 0, 0, 1640956799, 2018518306, 388759876, 1226021781, 0, 1927090213, 675574571, 0, 710211422, 1409993495, 1635084634, 455248053, 831806778, 701294933, 0, 0, 1281818823, 1337669298, 779446190, 19940245, 0, 1031358757, 901407949, 67412360, 0, 0, 259734288, 2139141005, 758757520, 743134481, 0, 220284551, 0, 1720000886, 1702361849, 0, 1187097599, 1242341538, 604841527, 0, 0, 2101480965, 2034459004, 395144637, 2085182744, 0, 865724051, 2143906657, 547551470, 671881648, 0, 740544105, 0, 0, 0, 1166888179, 1022810058, 593463996, 1428373660, 295713955, 256714633, 0, 0, 0, 1256206150, 119752504, 0, 1087355746],[1867690824, 640728267, 0, 1283778632, 1502889218, 2069348299, -1, 1543068806, 1239221720, 0, 0, 972908758, 924988481, 1165156342, 2078131282, 1896362711, 784396170, 621025347, 1448455425, 881490480, 1387670598, 1157638285, 1137315222, 1585829642, 357350160, 55916636, 368816186, 0, 1782604839, 1576241369, 89211359, 1262284060, 1439879075, 1138155262, 0, 398051745, 244431374, 2041555167, 0, 1624237346, 0, 0, 1020365820, 0, 0, 613910132, 0, 176658548, 1878893085, 1104350036, 96802447, 834220243, 0, 1218041363, 411514254, 420963838, 1328195506, 1408327859, 0, 1991286403, 0, 306219230, 0, 383366287, 380082658, 1860555587, 664099958, 0, 2022643069, 2370136, 647071335, 0, 846377855, 0, 608228798, 1922335763, 0, 628898495, 0],[40938356, 1843361125, 1822590011, 0, 792063941, 0, 1543068806, -1, 0, 185022314, 0, 811710894, 828893999, 0, 0, 1400786921, 1095958161, 0, 0, 92726253, 470855023, 1728934130, 1283535613, 251504419, 101300525, 0, 0, 0, 1810850151, 1059587145, 290525668, 0, 972065363, 0, 0, 682065262, 0, 87107643, 1084105296, 0, 1500513952, 642251929, 0, 0, 678298955, 2085417386, 810230106, 1868623818, 351849636, 0, 0, 0, 930322970, 541629896, 590428599, 940917798, 683655499, 0, 1690399345, 1223336483, 1767754948, 1103083785, 0, 747322748, 2121626662, 0, 737745678, 0, 390565725, 1201034407, 287892931, 208862658, 1665620449, 0, 0, 1907950976, 0, 1404416850, 355848676],[1246048906, 0, 1019141206, 12499245, 1577229450, 1504807060, 1239221720, 0, -1, 0, 1306821588, 168412806, 791806104, 0, 957880587, 896981294, 0, 0, 304907402, 685300883, 0, 228309521, 1927683939, 502129704, 1658420191, 910725440, 1101653150, 15502378, 1142708898, 0, 323019998, 1594488314, 1800587319, 927705511, 1974980297, 0, 2076849506, 0, 485982119, 1105909400, 0, 0, 1280703259, 1080469414, 0, 1582883812, 0, 1809292563, 0, 1278000798, 1952372685, 2144566643, 2128692016, 0, 754346957, 0, 1919097841, 0, 228915167, 669215816, 0, 0, 888703470, 0, 1849806349, 0, 823695474, 0, 1151083407, 268771550, 312447692, 1285588378, 0, 1196901253, 0, 292561107, 1908189125, 0, 0],[1800691368, 1862013474, 0, 0, 1518036671, 0, 0, 185022314, 0, -1, 76025451, 0, 492969054, 1553721738, 747486371, 427474129, 0, 0, 1999655042, 657079771, 522434971, 222907654, 664908683, 349911810, 1779335969, 1380564800, 1429843027, 1453410165, 0, 0, 2114650351, 1721872476, 0, 530091899, 137303713, 0, 1214690147, 1641777164, 0, 1472055507, 775425951, 915148582, 2100769906, 1454063603, 2086973485, 265335396, 0, 1571482608, 789170599, 1385963742, 1393334430, 387525762, 0, 1598265865, 1980960901, 0, 1288001018, 10285794, 1767246895, 0, 1076315532, 619830143, 1040011852, 1486323053, 0, 406271486, 1566861807, 981737117, 0, 1413913073, 1037042759, 1752223884, 0, 593592703, 207268287, 1375877290, 376716843, 0, 0],[445421679, 967626005, 2037895973, 0, 0, 0, 0, 0, 1306821588, 76025451, -1, 1057747802, 687472175, 2066134026, 183939240, 213561423, 0, 1957343788, 1870027540, 1246897387, 24813503, 0, 0, 0, 2045487863, 0, 0, 1088434499, 1549457435, 1271340869, 0, 0, 0, 1107195556, 969626953, 889381128, 35749742, 0, 0, 2072141299, 0, 31768271, 106513638, 885424659, 0, 1605433316, 1794409345, 1211522701, 907193218, 33429598, 24580768, 1952725641, 0, 1445843140, 0, 0, 422420, 102432115, 0, 1537506171, 657114140, 0, 0, 195711744, 1373658566, 1757569988, 1250623425, 1085482923, 1815004609, 1938050677, 1527921171, 1337728406, 1279859730, 0, 0, 1821301892, 0, 0, 0],[0, 1143624475, 0, 2087076927, 1527105751, 1640956799, 972908758, 811710894, 168412806, 0, 1057747802, -1, 1991947641, 824040512, 607789302, 0, 1703266972, 1703060765, 0, 1490943500, 1803046326, 1271395248, 1651808702, 86742873, 0, 0, 467029306, 109517125, 1025896035, 1907550883, 1320006216, 774788223, 0, 1593046386, 485229940, 0, 1947290300, 1667847138, 530571477, 398053277, 1993934133, 0, 111207767, 446336376, 0, 0, 0, 2080762262, 0, 334728704, 793679596, 1916264162, 0, 507723622, 0, 1747244465, 0, 0, 0, 1013413046, 792270931, 1106228009, 1709958635, 0, 0, 1910049399, 0, 193011199, 371822726, 1799004250, 0, 1216343479, 1731877530, 1031761193, 0, 0, 0, 0, 519405038],[1525178899, 121711853, 1597378969, 1460459695, 0, 2018518306, 924988481, 828893999, 791806104, 492969054, 687472175, 1991947641, -1, 0, 491562023, 594074743, 0, 0, 1411175020, 1899109696, 2076257460, 0, 919388869, 679587784, 0, 1003673577, 0, 1101900633, 500194553, 1789883197, 0, 595514291, 1556259612, 0, 0, 0, 1550671768, 0, 0, 357078085, 450856715, 1078283763, 0, 1632169696, 1657216675, 153386184, 816373532, 0, 1270186329, 0, 0, 1073920917, 0, 0, 864081359, 952639430, 729114722, 347442326, 0, 1008908439, 1202580843, 0, 1579155063, 2030137723, 0, 1810717885, 257096736, 1467661654, 0, 0, 0, 0, 0, 138309087, 1456013835, 843399860, 0, 854636355, 945536764],[395364909, 301357716, 1791119005, 1290527719, 0, 388759876, 1165156342, 0, 0, 1553721738, 2066134026, 824040512, 0, -1, 1650736971, 1984909625, 909983885, 465009575, 0, 1553569620, 0, 0, 1918184694, 0, 689547761, 1728891593, 2132553069, 1551992493, 1605080412, 1552417664, 0, 0, 1295429144, 1628290368, 1855042659, 1726535799, 288084692, 0, 0, 0, 1776889446, 843941620, 0, 189265477, 0, 1970627684, 140853698, 944824563, 1677296934, 594951608, 0, 1392944979, 1678628754, 0, 2024504453, 1620870192, 16913568, 0, 1671373351, 1508598056, 0, 1082871566, 1420690548, 946026408, 0, 1044383231, 0, 0, 702852074, 0, 1322104331, 31335677, 1671704271, 0, 1747037463, 0, 1856873898, 1644695153, 1648216828],[432984264, 2055637376, 0, 0, 252405537, 1226021781, 2078131282, 0, 957880587, 747486371, 183939240, 607789302, 491562023, 1650736971, -1, 1326308180, 944506630, 1309335986, 0, 1529227750, 1705815121, 891256474, 502513238, 1191789908, 48117764, 0, 2053983430, 459876855, 1904782809, 1343287488, 0, 1290033501, 1239408802, 310008030, 0, 0, 100662499, 0, 988344428, 0, 776413125, 1133891956, 0, 127534361, 561070956, 596199220, 1795539320, 1937719161, 0, 1575776903, 1709231260, 347913031, 1347688645, 0, 0, 283510071, 1570538447, 1047532366, 621940177, 895332522, 0, 1548813035, 1071203515, 1614896092, 704734032, 0, 0, 4540711, 230033315, 1442594034, 0, 1247508958, 1528674076, 772524042, 2096787172, 126241412, 651097328, 1583088720, 1350216645],[897283865, 359866358, 0, 0, 896168071, 0, 1896362711, 1400786921, 896981294, 427474129, 213561423, 0, 594074743, 1984909625, 1326308180, -1, 0, 0, 100512819, 2101094773, 0, 0, 945193523, 1875717262, 2129315929, 571422178, 0, 655545380, 245146791, 176610840, 1849346103, 1841848799, 0, 863486408, 923158217, 0, 0, 600423024, 1786643290, 758115011, 1388096418, 667672368, 0, 897034516, 1042489354, 0, 0, 751872512, 0, 6771919, 774283440, 1411682780, 737384914, 0, 163073093, 1178431544, 1380492061, 0, 1368719386, 972424944, 0, 0, 430197588, 0, 1987562270, 1026089859, 1295949848, 759494750, 1471378485, 0, 1245373296, 1325680700, 1986063631, 0, 0, 1144001441, 1731340752, 997772295, 0],[503863064, 978538966, 1923239794, 480722266, 0, 1927090213, 784396170, 1095958161, 0, 0, 0, 1703266972, 0, 909983885, 944506630, 0, -1, 0, 0, 607355233, 0, 228267226, 68377395, 0, 1326503338, 397130497, 0, 1392811864, 166270628, 1236793437, 0, 0, 0, 312191014, 519353122, 431566905, 0, 1945693484, 1875127534, 1670706631, 0, 837638593, 2029509088, 0, 1103374218, 1987118324, 0, 0, 0, 580409470, 1444779753, 439011968, 0, 1580308560, 796548085, 838623131, 2003265344, 0, 0, 0, 0, 293905369, 0, 2059261361, 843666942, 1673897988, 1522509631, 0, 333714480, 0, 1185721988, 0, 1812244023, 0, 710695352, 0, 0, 2006418442, 1491076157],[1361758276, 1013561284, 905191913, 1054824954, 611377448, 675574571, 621025347, 0, 0, 0, 1957343788, 1703060765, 0, 465009575, 1309335986, 0, 0, -1, 470722866, 1874197995, 1409076766, 0, 985838353, 717423738, 0, 670102762, 116094571, 1645556583, 0, 265729003, 743669956, 610234118, 979634737, 0, 842502853, 381180646, 2085592225, 0, 1824328366, 422848348, 0, 2012930085, 1543220364, 0, 1529077112, 0, 1721672493, 650191336, 495360324, 1579088613, 1887001472, 1992427336, 0, 0, 0, 1398657108, 0, 494055923, 0, 1264997187, 2027166348, 1923070970, 1132593363, 641530965, 1979763197, 0, 0, 0, 0, 198921305, 184187015, 1961179922, 1298036989, 1255967174, 812705068, 0, 256141287, 1797552360, 1070139595],[1515721022, 0, 0, 446908099, 0, 0, 1448455425, 0, 304907402, 1999655042, 1870027540, 0, 1411175020, 0, 0, 100512819, 0, 470722866, -1, 982789457, 732724232, 778248460, 2050218679, 254312889, 173630938, 1757681228, 424212335, 1443403526, 0, 312711294, 8651373, 1779398198, 249860940, 860325077, 873082955, 0, 1182563703, 1440475088, 1050562648, 416080095, 717968183, 0, 703679529, 188059959, 0, 723435996, 0, 0, 441561099, 0, 566888137, 1703587770, 1221440122, 0, 738237364, 0, 241452902, 0, 65095987, 1613333906, 0, 1337103538, 1117304090, 1296984971, 2046037184, 1956243305, 0, 1807131812, 1232651918, 0, 288815189, 0, 977838461, 0, 1947874087, 76831119, 855688421, 646118650, 0],[0, 514419330, 1366821769, 0, 0, 710211422, 881490480, 92726253, 685300883, 657079771, 1246897387, 1490943500, 1899109696, 1553569620, 1529227750, 2101094773, 607355233, 1874197995, 982789457, -1, 543725105, 0, 0, 667667831, 2096078730, 726177062, 1369760841, 1401186431, 1151806513, 428844495, 0, 1148675780, 1256543509, 692272275, 0, 647918688, 336440845, 1741364025, 568638862, 688952884, 874974576, 0, 1188709280, 82655919, 0, 1660604118, 0, 2006479311, 118355905, 0, 1709202317, 823718348, 1988128923, 0, 1547537381, 712302545, 512031781, 0, 564958511, 1638827543, 914807703, 0, 0, 654609117, 0, 1039421835, 0, 0, 1188123057, 1667443829, 1228049291, 824033006, 44333802, 999915922, 603199291, 2108629875, 0, 0, 1757056682],[0, 1650622863, 1859856480, 1053231741, 1203046747, 1409993495, 1387670598, 470855023, 0, 522434971, 24813503, 1803046326, 2076257460, 0, 1705815121, 0, 0, 1409076766, 732724232, 543725105, -1, 247574779, 0, 1682807025, 1312552326, 1474185632, 0, 1907987355, 351127618, 91350930, 1848984001, 1923197569, 0, 0, 0, 338008851, 1995378500, 614772315, 790541753, 0, 2046889371, 0, 0, 0, 307314300, 309266688, 0, 1119423806, 962895141, 1854872968, 184560400, 2985783, 0, 1861994858, 0, 1597105586, 230562889, 374168610, 0, 0, 1922235363, 1111665890, 0, 944328221, 0, 1656067484, 0, 1424397493, 1152454097, 1462977697, 0, 727500054, 238665832, 1060483026, 921266013, 1154981940, 1061003612, 1678938661, 1647805367],[0, 945136529, 0, 0, 0, 1635084634, 1157638285, 1728934130, 228309521, 222907654, 0, 1271395248, 0, 0, 891256474, 0, 228267226, 0, 778248460, 0, 247574779, -1, 0, 272481811, 1337252692, 0, 0, 518681422, 1717982225, 0, 1306987134, 1089988636, 0, 0, 1867830348, 2145945412, 0, 1500471882, 2001772225, 909001007, 1985252725, 0, 1635862661, 0, 0, 0, 0, 0, 0, 0, 761864843, 0, 1740886029, 1901066200, 0, 1362895528, 409636006, 372428061, 0, 782064230, 0, 985373551, 0, 1059207630, 859076562, 0, 91660035, 388035515, 1468835470, 1284965101, 0, 2080354964, 2015618684, 0, 1130859740, 2067524236, 0, 934469656, 0],[0, 1702927025, 1700501552, 0, 580330618, 455248053, 1137315222, 1283535613, 1927683939, 664908683, 0, 1651808702, 919388869, 1918184694, 502513238, 945193523, 68377395, 985838353, 2050218679, 0, 0, 0, -1, 0, 694154738, 0, 0, 0, 0, 306775250, 421721728, 640455163, 749695835, 0, 0, 521547625, 1257736312, 64902563, 932530200, 0, 303264013, 0, 0, 946634643, 838479493, 1677265140, 1694534143, 0, 0, 333791205, 247488986, 1874450804, 863274659, 0, 0, 91145043, 1935616570, 1554874284, 0, 1771118705, 0, 0, 1523270339, 1137483292, 1928711825, 234156895, 794642145, 322762402, 55624401, 1843146119, 203996956, 1516177729, 0, 0, 1555438619, 0, 0, 870689456, 0],[187558782, 0, 1676921530, 0, 0, 831806778, 1585829642, 251504419, 502129704, 349911810, 0, 86742873, 679587784, 0, 1191789908, 1875717262, 0, 717423738, 254312889, 667667831, 1682807025, 272481811, 0, -1, 1130568501, 624444572, 0, 971932282, 0, 1132924919, 0, 0, 250231432, 1459229724, 1602817630, 0, 0, 0, 608090901, 1768270327, 943920934, 0, 0, 2079150043, 467611969, 671475553, 0, 0, 1430169281, 0, 266952234, 291476166, 0, 1145664453, 1955565222, 13099995, 0, 87516296, 727034215, 1803862826, 1787194675, 0, 0, 468221291, 16267677, 624207449, 64277503, 0, 1348926746, 0, 202765382, 1135120621, 0, 59569310, 697690466, 807980793, 0, 0, 0],[1275028963, 0, 1299879806, 2000389794, 0, 701294933, 357350160, 101300525, 1658420191, 1779335969, 2045487863, 0, 0, 689547761, 48117764, 2129315929, 1326503338, 0, 173630938, 2096078730, 1312552326, 1337252692, 694154738, 1130568501, -1, 331582018, 452045869, 1881048458, 317068730, 0, 1169674928, 0, 1605209648, 0, 0, 972161311, 0, 0, 140507235, 0, 565937309, 1486029862, 0, 0, 194067977, 1720043871, 1383342388, 0, 0, 0, 922923960, 607791368, 0, 0, 0, 0, 377007420, 0, 0, 74572584, 0, 0, 1116499132, 1000190306, 1222255940, 2046733968, 1850269131, 0, 0, 604833426, 45865106, 19626295, 2024980933, 0, 1490037142, 1237839086, 2085981223, 0, 562544490],[1323516997, 114895134, 2010103398, 0, 0, 0, 55916636, 0, 910725440, 1380564800, 0, 0, 1003673577, 1728891593, 0, 571422178, 397130497, 670102762, 1757681228, 726177062, 1474185632, 0, 0, 624444572, 331582018, -1, 750113161, 1992604553, 15116477, 1819707596, 233778828, 1465725031, 562004081, 131515957, 1441073674, 1931373222, 0, 0, 1701724994, 1880847557, 1851475848, 0, 0, 1897460888, 376447460, 538899550, 454757848, 1386520516, 1570503325, 0, 648259180, 529751967, 0, 1538301127, 1235916477, 0, 1031809844, 733739167, 3369183, 0, 0, 2135720353, 40595475, 1921908111, 1762648341, 1197140630, 0, 31209704, 470394446, 1423631465, 1902385642, 1852479411, 1412255927, 189530204, 152392184, 0, 353348620, 141145953, 1018087951],[579328982, 349643712, 1107818461, 0, 1835373840, 0, 368816186, 0, 1101653150, 1429843027, 0, 467029306, 0, 2132553069, 2053983430, 0, 0, 116094571, 424212335, 1369760841, 0, 0, 0, 0, 452045869, 750113161, -1, 0, 1746022843, 60852837, 474566880, 585237433, 1732331576, 0, 679397403, 0, 558254561, 0, 0, 1887994012, 0, 2146204791, 588488355, 1610484891, 2080359987, 0, 2079791296, 134199401, 1491091372, 1130696704, 1094792648, 0, 1838253980, 1645353382, 1973680438, 1750271640, 0, 0, 135807611, 1074860673, 703852661, 1688094347, 336277600, 1470096231, 0, 0, 0, 373960633, 0, 1458004190, 0, 149377933, 186693301, 1451474708, 714377775, 276490939, 1600934321, 1573825831, 923012376],[1208275336, 667518209, 1746918590, 725937359, 0, 1281818823, 0, 0, 15502378, 1453410165, 1088434499, 109517125, 1101900633, 1551992493, 459876855, 655545380, 1392811864, 1645556583, 1443403526, 1401186431, 1907987355, 518681422, 0, 971932282, 1881048458, 1992604553, 0, -1, 0, 2047464950, 0, 0, 1483383889, 950866900, 371198931, 82356857, 1694777068, 0, 0, 1153912784, 1862457548, 0, 1664119865, 0, 948206366, 158649225, 0, 65062273, 42824345, 2107104847, 1743635435, 1697458352, 0, 0, 1255903605, 418135492, 1976139848, 1516235066, 1156616503, 0, 0, 1677763877, 449122134, 1381575330, 1334471878, 0, 1072022295, 1600244450, 0, 1268975517, 59395950, 250539853, 160360299, 0, 1160749182, 1173232157, 1664850540, 0, 247231004],[1977538734, 0, 942604403, 0, 613300704, 1337669298, 1782604839, 1810850151, 1142708898, 0, 1549457435, 1025896035, 500194553, 1605080412, 1904782809, 245146791, 166270628, 0, 0, 1151806513, 351127618, 1717982225, 0, 0, 317068730, 15116477, 1746022843, 0, -1, 0, 1941656499, 0, 933218192, 704053022, 211641624, 951888284, 1744603232, 0, 0, 409232275, 1292793317, 301237214, 930187240, 1137450247, 0, 2118656489, 207049683, 581803017, 0, 0, 0, 1539941252, 0, 0, 0, 1588623947, 0, 334415221, 1519675851, 198627991, 2037381152, 72429956, 0, 0, 728319009, 986587217, 1709514877, 1707459969, 0, 1041738253, 1960290184, 945619917, 112552544, 1998748320, 1799131884, 1502365602, 1810580919, 631184367, 297020405],[751920529, 2022944653, 675788982, 0, 1615638734, 779446190, 1576241369, 1059587145, 0, 0, 1271340869, 1907550883, 1789883197, 1552417664, 1343287488, 176610840, 1236793437, 265729003, 312711294, 428844495, 91350930, 0, 306775250, 1132924919, 0, 1819707596, 60852837, 2047464950, 0, -1, 712764775, 2029419681, 378538592, 0, 952365119, 1167901239, 0, 0, 1311492046, 423844747, 1662250334, 0, 163039260, 1818546181, 0, 0, 1089429047, 119693424, 10528395, 1641589756, 1892087545, 0, 0, 701567040, 0, 872156117, 1162735179, 555407675, 0, 0, 1354437979, 746850910, 1942060611, 0, 0, 695684619, 0, 2110698918, 1596427379, 0, 1605380195, 0, 0, 1884669542, 763683015, 0, 955052860, 2112440773, 145518681],[1290992333, 0, 1673004260, 1174468186, 1607600001, 19940245, 89211359, 290525668, 323019998, 2114650351, 0, 1320006216, 0, 0, 0, 1849346103, 0, 743669956, 8651373, 0, 1848984001, 1306987134, 421721728, 0, 1169674928, 233778828, 474566880, 0, 1941656499, 712764775, -1, 1063782354, 1399703668, 953582775, 0, 0, 1490164726, 0, 1154191391, 212742626, 0, 0, 0, 895226559, 1581746930, 149234436, 0, 0, 603184955, 726472124, 464363363, 0, 0, 0, 587380012, 1515721871, 698211215, 413683463, 720562748, 478456950, 1878938183, 0, 0, 2056395309, 1655740845, 568771873, 620057087, 1490611558, 0, 1114888570, 553756443, 2055066024, 0, 128818624, 717484982, 0, 932604476, 0, 0],[0, 1039997160, 0, 286689237, 1298925164, 0, 1262284060, 0, 1594488314, 1721872476, 0, 774788223, 595514291, 0, 1290033501, 1841848799, 0, 610234118, 1779398198, 1148675780, 1923197569, 1089988636, 640455163, 0, 0, 1465725031, 585237433, 0, 0, 2029419681, 1063782354, -1, 1840507180, 375343418, 80307801, 1322414008, 1312546655, 1954740445, 0, 1783713526, 773682058, 0, 1627071891, 0, 1617980907, 0, 706400389, 470303332, 2025303487, 695109287, 1243316428, 95585919, 0, 1912657084, 1607883944, 1687094926, 413069522, 1869755087, 550036671, 2083201503, 994208590, 341464735, 0, 1420919993, 1035426517, 0, 0, 1258347847, 0, 1142861477, 2053030410, 997857546, 831102479, 0, 1315509481, 1816987661, 0, 375293692, 158753176],[1966901523, 0, 1912138704, 477757506, 1591371026, 1031358757, 1439879075, 972065363, 1800587319, 0, 0, 0, 1556259612, 1295429144, 1239408802, 0, 0, 979634737, 249860940, 1256543509, 0, 0, 749695835, 250231432, 1605209648, 562004081, 1732331576, 1483383889, 933218192, 378538592, 1399703668, 1840507180, -1, 0, 910031541, 1036178794, 879246690, 0, 0, 1168496301, 378863090, 0, 0, 427787953, 178889786, 2041270381, 322522987, 205247, 526290849, 0, 475476917, 342371517, 0, 0, 567446794, 836530924, 1392571256, 0, 1130906284, 0, 901421228, 1624327131, 1424999025, 0, 994612067, 0, 0, 0, 0, 686776618, 0, 1568725030, 146477492, 1203679495, 217481037, 516271477, 1579001190, 0, 2092983759],[0, 796793785, 0, 0, 391628176, 901407949, 1138155262, 0, 927705511, 530091899, 1107195556, 1593046386, 0, 1628290368, 310008030, 863486408, 312191014, 0, 860325077, 692272275, 0, 0, 0, 1459229724, 0, 131515957, 0, 950866900, 704053022, 0, 953582775, 375343418, 0, -1, 0, 2042160898, 0, 6838619, 248439886, 834646900, 1520064214, 1187343385, 1975377129, 671062991, 385957718, 991459389, 587422787, 1630759002, 0, 0, 1013180040, 449924011, 698671276, 2051470077, 748314876, 216477031, 1558742389, 325056384, 0, 1502649204, 967724272, 1813544950, 0, 1356597550, 381119860, 400976624, 1181378399, 1980043486, 0, 937181566, 1963297234, 0, 1850480320, 1735048757, 656294056, 0, 132293042, 0, 352047383],[1849457835, 1243777514, 483891677, 268582765, 698138889, 67412360, 0, 0, 1974980297, 137303713, 969626953, 485229940, 0, 1855042659, 0, 923158217, 519353122, 842502853, 873082955, 0, 0, 1867830348, 0, 1602817630, 0, 1441073674, 679397403, 371198931, 211641624, 952365119, 0, 80307801, 910031541, 0, -1, 1994827795, 963805994, 0, 0, 2114649504, 1789030435, 0, 0, 1401065973, 1961975425, 0, 683964734, 168141346, 0, 1905905606, 0, 534784945, 0, 0, 548170663, 367191580, 1286649903, 0, 151448031, 0, 119416393, 52268057, 0, 285223095, 0, 837281992, 2089870313, 0, 1503077842, 0, 431631705, 0, 825120681, 0, 1222032382, 1352758438, 0, 0, 0],[0, 0, 1162450941, 0, 342389255, 0, 398051745, 682065262, 0, 0, 889381128, 0, 0, 1726535799, 0, 0, 431566905, 381180646, 0, 647918688, 338008851, 2145945412, 521547625, 0, 972161311, 1931373222, 0, 82356857, 951888284, 1167901239, 0, 1322414008, 1036178794, 2042160898, 1994827795, -1, 0, 0, 341314422, 1012696102, 0, 0, 319833428, 0, 639479056, 84208291, 463950951, 0, 1421258792, 1115389335, 0, 708573894, 0, 0, 0, 2091285156, 0, 0, 1120892379, 2085934579, 1655649707, 189702954, 0, 658258891, 1015043187, 2100903391, 0, 1353506089, 0, 1593271963, 368900517, 0, 1076055583, 1875776440, 975945397, 1686023962, 0, 1566083344, 1987063960],[942929252, 194055574, 941624267, 0, 0, 0, 244431374, 0, 2076849506, 1214690147, 35749742, 1947290300, 1550671768, 288084692, 100662499, 0, 0, 2085592225, 1182563703, 336440845, 1995378500, 0, 1257736312, 0, 0, 0, 558254561, 1694777068, 1744603232, 0, 1490164726, 1312546655, 879246690, 0, 963805994, 0, -1, 123035560, 729725971, 1676891751, 1054781347, 835717740, 1886006287, 732845460, 144481983, 0, 1610228730, 1249462370, 1603270443, 0, 455299275, 0, 1347556198, 1705679043, 0, 1607885622, 0, 14564537, 5745588, 0, 0, 27896574, 551435849, 0, 615889482, 1139231260, 0, 735499458, 0, 1538447012, 0, 1484731927, 0, 1017524769, 0, 1932058540, 911289998, 1831826858, 558116331],[1979781623, 821255457, 0, 253707865, 758005048, 259734288, 2041555167, 87107643, 0, 1641777164, 0, 1667847138, 0, 0, 0, 600423024, 1945693484, 0, 1440475088, 1741364025, 614772315, 1500471882, 64902563, 0, 0, 0, 0, 0, 0, 0, 0, 1954740445, 0, 6838619, 0, 0, 123035560, -1, 1189644637, 231035774, 1809878731, 0, 283706594, 0, 0, 0, 325388539, 1889348992, 1646572162, 0, 427812159, 377814616, 1389611777, 524464323, 0, 1972812127, 680119701, 0, 1870110384, 2136067416, 0, 0, 1195675629, 1065607735, 1729163569, 629805790, 0, 0, 1552872494, 1343215365, 1978394755, 0, 890943344, 394751828, 403663037, 0, 1789818635, 0, 0],[1265228431, 0, 0, 0, 0, 2139141005, 0, 1084105296, 485982119, 0, 0, 530571477, 0, 0, 988344428, 1786643290, 1875127534, 1824328366, 1050562648, 568638862, 790541753, 2001772225, 932530200, 608090901, 140507235, 1701724994, 0, 0, 0, 1311492046, 1154191391, 0, 0, 248439886, 0, 341314422, 729725971, 1189644637, -1, 1255071217, 995003801, 1953985294, 0, 0, 0, 686939630, 0, 0, 0, 796374942, 592145125, 1352489676, 674250664, 36440921, 1145505236, 1479716016, 539373341, 0, 1240871138, 1649606960, 0, 777151239, 0, 0, 0, 2014034964, 524865157, 0, 2012185865, 72460062, 0, 0, 1075660829, 404775339, 1783328564, 1737759244, 0, 604787472, 646726993],[1199023434, 1783640792, 1981541404, 0, 1622171669, 758757520, 1624237346, 0, 1105909400, 1472055507, 2072141299, 398053277, 357078085, 0, 0, 758115011, 1670706631, 422848348, 416080095, 688952884, 0, 909001007, 0, 1768270327, 0, 1880847557, 1887994012, 1153912784, 409232275, 423844747, 212742626, 1783713526, 1168496301, 834646900, 2114649504, 1012696102, 1676891751, 231035774, 1255071217, -1, 1993733209, 1440787918, 84492478, 1033731051, 0, 0, 0, 1708783812, 260162782, 0, 0, 1046301028, 1173352154, 556092876, 1343083556, 0, 1439894379, 1376401310, 909777291, 2051729280, 744898451, 0, 1852004288, 0, 868971548, 208797234, 0, 1966462042, 0, 0, 1521213189, 281787693, 1027748366, 1099168528, 0, 328511713, 0, 1088024439, 0],[0, 769198396, 677916257, 0, 2082924296, 743134481, 0, 1500513952, 0, 775425951, 0, 1993934133, 450856715, 1776889446, 776413125, 1388096418, 0, 0, 717968183, 874974576, 2046889371, 1985252725, 303264013, 943920934, 565937309, 1851475848, 0, 1862457548, 1292793317, 1662250334, 0, 773682058, 378863090, 1520064214, 1789030435, 0, 1054781347, 1809878731, 995003801, 1993733209, -1, 0, 2135066528, 0, 0, 2097489375, 0, 2094913192, 0, 0, 0, 1296660516, 1424210795, 0, 945246673, 0, 0, 0, 1148092451, 525270500, 0, 217531332, 0, 1353345451, 1158130586, 962706168, 1294704225, 0, 300328580, 549641586, 0, 0, 1833042137, 819296934, 147373253, 1410421119, 0, 1597360964, 769404643],[758443351, 0, 1968592618, 0, 1557792940, 0, 0, 642251929, 0, 915148582, 31768271, 0, 1078283763, 843941620, 1133891956, 667672368, 837638593, 2012930085, 0, 0, 0, 0, 0, 0, 1486029862, 0, 2146204791, 0, 301237214, 0, 0, 0, 0, 1187343385, 0, 0, 835717740, 0, 1953985294, 1440787918, 0, -1, 547969307, 695104711, 1625508353, 1651174871, 1424868765, 374332427, 1965655777, 1354761200, 814014993, 88608800, 165380908, 799974925, 31875870, 0, 1760452188, 1237759142, 0, 408620948, 0, 259708351, 0, 0, 804897703, 0, 0, 0, 2095073730, 0, 0, 255074064, 104738366, 0, 0, 1911968156, 581766928, 0, 1668154143],[1192744758, 13695966, 0, 1358020492, 1501770218, 220284551, 1020365820, 0, 1280703259, 2100769906, 106513638, 111207767, 0, 0, 0, 0, 2029509088, 1543220364, 703679529, 1188709280, 0, 1635862661, 0, 0, 0, 0, 588488355, 1664119865, 930187240, 163039260, 0, 1627071891, 0, 1975377129, 0, 319833428, 1886006287, 283706594, 0, 84492478, 2135066528, 547969307, -1, 2011084324, 1296461330, 2110663045, 1039994598, 259127621, 347962436, 394895190, 930725271, 0, 1726506287, 157912114, 857146739, 1027829473, 699229821, 1588983263, 1120717462, 208163637, 2037212612, 1752104352, 0, 513362537, 1332149325, 0, 1707291105, 0, 0, 0, 0, 2105428911, 2037113408, 0, 115143195, 1480776769, 800207973, 565776934, 955054366],[1649429728, 1027316610, 0, 985661786, 1649512942, 0, 0, 0, 1080469414, 1454063603, 885424659, 446336376, 1632169696, 189265477, 127534361, 897034516, 0, 0, 188059959, 82655919, 0, 0, 946634643, 2079150043, 0, 1897460888, 1610484891, 0, 1137450247, 1818546181, 895226559, 0, 427787953, 671062991, 1401065973, 0, 732845460, 0, 0, 1033731051, 0, 695104711, 2011084324, -1, 1607023706, 1135927404, 634994429, 1385325726, 0, 1630295812, 743515797, 0, 1860095750, 605369920, 0, 0, 1752900105, 0, 1427567471, 0, 0, 818238803, 95820940, 1079315750, 818108129, 0, 351227123, 0, 2142139592, 1608048516, 288357460, 0, 0, 0, 87617309, 1917137145, 1128833357, 2107199929, 0],[1218221487, 988857034, 0, 81353466, 736983582, 1720000886, 0, 678298955, 0, 2086973485, 0, 0, 1657216675, 0, 561070956, 1042489354, 1103374218, 1529077112, 0, 0, 307314300, 0, 838479493, 467611969, 194067977, 376447460, 2080359987, 948206366, 0, 0, 1581746930, 1617980907, 178889786, 385957718, 1961975425, 639479056, 144481983, 0, 0, 0, 0, 1625508353, 1296461330, 1607023706, -1, 2019659573, 0, 677209840, 1498945764, 594378729, 1634239734, 325865850, 1522237489, 509104972, 0, 1292929342, 229665218, 1210022719, 1958984259, 1045358663, 1117613346, 1762950897, 1568867853, 165836838, 1386124840, 1114276796, 0, 1460952369, 0, 1475897206, 1163062188, 946300006, 823586853, 0, 1529187141, 0, 0, 862777479, 0],[0, 1089164657, 48344717, 1441231063, 347459379, 1702361849, 613910132, 2085417386, 1582883812, 265335396, 1605433316, 0, 153386184, 1970627684, 596199220, 0, 1987118324, 0, 723435996, 1660604118, 309266688, 0, 1677265140, 671475553, 1720043871, 538899550, 0, 158649225, 2118656489, 0, 149234436, 0, 2041270381, 991459389, 0, 84208291, 0, 0, 686939630, 0, 2097489375, 1651174871, 2110663045, 1135927404, 2019659573, -1, 231286406, 0, 1234644992, 0, 948566517, 1374935285, 38786837, 1123658899, 1696388380, 1213648890, 0, 0, 1114833656, 0, 31327757, 1796407303, 662000900, 0, 0, 553568793, 0, 1020103959, 546195967, 0, 372957685, 2018518065, 0, 0, 0, 0, 978161949, 1630207651, 1715152022],[636602375, 0, 1114637465, 1593334590, 1247465555, 0, 0, 810230106, 0, 0, 1794409345, 0, 816373532, 140853698, 1795539320, 0, 0, 1721672493, 0, 0, 0, 0, 1694534143, 0, 1383342388, 454757848, 2079791296, 0, 207049683, 1089429047, 0, 706400389, 322522987, 587422787, 683964734, 463950951, 1610228730, 325388539, 0, 0, 0, 1424868765, 1039994598, 634994429, 0, 231286406, -1, 1987051270, 944483677, 0, 760793600, 1770290681, 307026075, 461479859, 236640060, 1761909371, 1586869695, 175322149, 2120644940, 2026579626, 298637215, 0, 0, 0, 1351184299, 1229063514, 0, 1890641786, 1050338029, 779058565, 975696834, 0, 255394144, 1174026204, 0, 1456803496, 1648720394, 1608814700, 1243467439],[1714190202, 0, 557537180, 1000811262, 0, 1187097599, 176658548, 1868623818, 1809292563, 1571482608, 1211522701, 2080762262, 0, 944824563, 1937719161, 751872512, 0, 650191336, 0, 2006479311, 1119423806, 0, 0, 0, 0, 1386520516, 134199401, 65062273, 581803017, 119693424, 0, 470303332, 205247, 1630759002, 168141346, 0, 1249462370, 1889348992, 0, 1708783812, 2094913192, 374332427, 259127621, 1385325726, 677209840, 0, 1987051270, -1, 182216037, 1487154060, 638638991, 2079886409, 378111426, 0, 1128367969, 1178987589, 1595689675, 0, 0, 0, 566736656, 0, 1920693049, 131251418, 0, 955445882, 725657027, 0, 1303844903, 0, 587595111, 2026304095, 0, 1188891480, 0, 1462849995, 1090306847, 1744189536, 0],[0, 0, 1072857966, 0, 1307950117, 1242341538, 1878893085, 351849636, 0, 789170599, 907193218, 0, 1270186329, 1677296934, 0, 0, 0, 495360324, 441561099, 118355905, 962895141, 0, 0, 1430169281, 0, 1570503325, 1491091372, 42824345, 0, 10528395, 603184955, 2025303487, 526290849, 0, 0, 1421258792, 1603270443, 1646572162, 0, 260162782, 0, 1965655777, 347962436, 0, 1498945764, 1234644992, 944483677, 182216037, -1, 0, 0, 605674212, 1062743997, 695789939, 0, 490600465, 0, 228937598, 815150945, 0, 0, 1188038127, 537240102, 907362449, 372611903, 259190321, 0, 0, 0, 2007214356, 377565080, 280981455, 1069791391, 1568583898, 1807584776, 1924726384, 618899466, 0, 1025010713],[0, 1480327688, 1344473646, 1188778596, 1788078850, 604841527, 1104350036, 0, 1278000798, 1385963742, 33429598, 334728704, 0, 594951608, 1575776903, 6771919, 580409470, 1579088613, 0, 0, 1854872968, 0, 333791205, 0, 0, 0, 1130696704, 2107104847, 0, 1641589756, 726472124, 695109287, 0, 0, 1905905606, 1115389335, 0, 0, 796374942, 0, 0, 1354761200, 394895190, 1630295812, 594378729, 0, 0, 1487154060, 0, -1, 1080620805, 0, 530620092, 0, 1720729050, 2138118175, 1668738177, 1340539235, 980467810, 917798958, 83488209, 0, 1662326466, 708456735, 0, 1741305390, 952309223, 205209036, 549699464, 0, 0, 0, 784989920, 391469390, 0, 0, 893705301, 0, 1778525113],[1525870054, 0, 1913228487, 1422803744, 1636877986, 0, 96802447, 0, 1952372685, 1393334430, 24580768, 793679596, 0, 0, 1709231260, 774283440, 1444779753, 1887001472, 566888137, 1709202317, 184560400, 761864843, 247488986, 266952234, 922923960, 648259180, 1094792648, 1743635435, 0, 1892087545, 464363363, 1243316428, 475476917, 1013180040, 0, 0, 455299275, 427812159, 592145125, 0, 0, 814014993, 930725271, 743515797, 1634239734, 948566517, 760793600, 638638991, 0, 1080620805, -1, 1789300350, 141029479, 0, 1584382788, 0, 0, 0, 1358614603, 1932928118, 1587538966, 0, 870111411, 0, 1289810447, 191347423, 38219710, 0, 1190087878, 180539751, 2054263264, 447360719, 0, 321508579, 1840775564, 0, 262080163, 2041427002, 413326548],[423346523, 874760812, 585691170, 652143161, 0, 0, 834220243, 0, 2144566643, 387525762, 1952725641, 1916264162, 1073920917, 1392944979, 347913031, 1411682780, 439011968, 1992427336, 1703587770, 823718348, 2985783, 0, 1874450804, 291476166, 607791368, 529751967, 0, 1697458352, 1539941252, 0, 0, 95585919, 342371517, 449924011, 534784945, 708573894, 0, 377814616, 1352489676, 1046301028, 1296660516, 88608800, 0, 0, 325865850, 1374935285, 1770290681, 2079886409, 605674212, 0, 1789300350, -1, 393767629, 1722597061, 2145445574, 0, 0, 1186349270, 698522562, 272099513, 790678047, 788132308, 590676287, 1828788929, 1561135615, 232939595, 505144196, 1736324666, 126846992, 1222021092, 36353528, 1580320494, 1482987155, 0, 235922076, 342966691, 176759757, 2094460123, 1170682186],[1094015897, 0, 1365698115, 768761377, 746858819, 2101480965, 0, 930322970, 2128692016, 0, 0, 0, 0, 1678628754, 1347688645, 737384914, 0, 0, 1221440122, 1988128923, 0, 1740886029, 863274659, 0, 0, 0, 1838253980, 0, 0, 0, 0, 0, 0, 698671276, 0, 0, 1347556198, 1389611777, 674250664, 1173352154, 1424210795, 165380908, 1726506287, 1860095750, 1522237489, 38786837, 307026075, 378111426, 1062743997, 530620092, 141029479, 393767629, -1, 202192504, 0, 0, 0, 103274087, 1385383846, 1922680393, 207211008, 1185352394, 836258775, 1947367811, 0, 493817400, 0, 93240660, 0, 1972244376, 1154886566, 0, 1150315934, 477986990, 0, 1418220975, 471146981, 2050782019, 386784018],[1231170353, 844298901, 0, 2139937330, 617158050, 2034459004, 1218041363, 541629896, 0, 1598265865, 1445843140, 507723622, 0, 0, 0, 0, 1580308560, 0, 0, 0, 1861994858, 1901066200, 0, 1145664453, 0, 1538301127, 1645353382, 0, 0, 701567040, 0, 1912657084, 0, 2051470077, 0, 0, 1705679043, 524464323, 36440921, 556092876, 0, 799974925, 157912114, 605369920, 509104972, 1123658899, 461479859, 0, 695789939, 0, 0, 1722597061, 202192504, -1, 0, 2064098262, 1567616352, 1170850603, 0, 0, 1848227712, 2000648012, 1612782012, 757676, 249505904, 1564807730, 0, 1485391388, 700828461, 1628763237, 761299023, 0, 1463648814, 315844852, 601600350, 203565757, 608643158, 811788445, 0],[1693046801, 1334651082, 1904718749, 521462107, 0, 395144637, 411514254, 590428599, 754346957, 1980960901, 0, 0, 864081359, 2024504453, 0, 163073093, 796548085, 0, 738237364, 1547537381, 0, 0, 0, 1955565222, 0, 1235916477, 1973680438, 1255903605, 0, 0, 587380012, 1607883944, 567446794, 748314876, 548170663, 0, 0, 0, 1145505236, 1343083556, 945246673, 31875870, 857146739, 0, 0, 1696388380, 236640060, 1128367969, 0, 1720729050, 1584382788, 2145445574, 0, 0, -1, 572242209, 0, 0, 374551236, 725937131, 0, 1262539662, 1937111426, 191027594, 0, 797833902, 797480306, 648563333, 401001768, 321867404, 0, 553534672, 1524166998, 0, 715816517, 0, 1374493352, 1183631049, 1354953040],[1746555725, 2042604436, 1098394673, 1973025801, 198976960, 2085182744, 420963838, 940917798, 0, 0, 0, 1747244465, 952639430, 1620870192, 283510071, 1178431544, 838623131, 1398657108, 0, 712302545, 1597105586, 1362895528, 91145043, 13099995, 0, 0, 1750271640, 418135492, 1588623947, 872156117, 1515721871, 1687094926, 836530924, 216477031, 367191580, 2091285156, 1607885622, 1972812127, 1479716016, 0, 0, 0, 1027829473, 0, 1292929342, 1213648890, 1761909371, 1178987589, 490600465, 2138118175, 0, 0, 0, 2064098262, 572242209, -1, 719875112, 437670833, 1743662944, 428508672, 1284257879, 0, 809822319, 486533741, 2023578743, 1441671159, 478899421, 1169955426, 585946654, 0, 0, 0, 0, 943808169, 0, 383969645, 0, 0, 456218759],[519731408, 59266804, 39303833, 374093272, 0, 0, 1328195506, 683655499, 1919097841, 1288001018, 422420, 0, 729114722, 16913568, 1570538447, 1380492061, 2003265344, 0, 241452902, 512031781, 230562889, 409636006, 1935616570, 0, 377007420, 1031809844, 0, 1976139848, 0, 1162735179, 698211215, 413069522, 1392571256, 1558742389, 1286649903, 0, 0, 680119701, 539373341, 1439894379, 0, 1760452188, 699229821, 1752900105, 229665218, 0, 1586869695, 1595689675, 0, 1668738177, 0, 0, 0, 1567616352, 0, 719875112, -1, 1303389737, 1438394890, 1682698556, 1959569487, 1808324917, 0, 0, 0, 67467239, 0, 0, 142097923, 2045735522, 635416308, 1681444144, 633987588, 0, 1256922538, 0, 1990247320, 370990767, 0],[194490997, 230031228, 1968729651, 807456331, 0, 865724051, 1408327859, 0, 0, 10285794, 102432115, 0, 347442326, 0, 1047532366, 0, 0, 494055923, 0, 0, 374168610, 372428061, 1554874284, 87516296, 0, 733739167, 0, 1516235066, 334415221, 555407675, 413683463, 1869755087, 0, 325056384, 0, 0, 14564537, 0, 0, 1376401310, 0, 1237759142, 1588983263, 0, 1210022719, 0, 175322149, 0, 228937598, 1340539235, 0, 1186349270, 103274087, 1170850603, 0, 437670833, 1303389737, -1, 1472966295, 138794711, 0, 554704115, 0, 966528754, 1990045519, 1922797228, 0, 1560648297, 1399164087, 1918151708, 1139182786, 1490456735, 1906961589, 2084601337, 992337181, 478668665, 1876388674, 1647397374, 240112071],[2082603399, 1417637835, 1604749708, 990804052, 1482179410, 2143906657, 0, 1690399345, 228915167, 1767246895, 0, 0, 0, 1671373351, 621940177, 1368719386, 0, 0, 65095987, 564958511, 0, 0, 0, 727034215, 0, 3369183, 135807611, 1156616503, 1519675851, 0, 720562748, 550036671, 1130906284, 0, 151448031, 1120892379, 5745588, 1870110384, 1240871138, 909777291, 1148092451, 0, 1120717462, 1427567471, 1958984259, 1114833656, 2120644940