17
[[-1, 0, 0, 1030980806, 1009696524, 1921955369, 1105800218, 1942582952, 160492350, 995995196, 761841237, 1087098000, 0, 1849165040, 110339520, 0, 0],[0, -1, 331676302, 302316717, 0, 0, 1072193645, 879779368, 511530055, 392884755, 2144941703, 166216626, 370047863, 1845918065, 10487213, 0, 8151160],[0, 331676302, -1, 1603727225, 2009525854, 0, 1581627908, 901983297, 0, 1255828379, 1485085193, 0, 0, 1293504635, 1613347093, 1779194629, 82310584],[1030980806, 302316717, 1603727225, -1, 0, 928761761, 432556476, 347565254, 0, 45307720, 1384284971, 389433549, 0, 1680526041, 1686898073, 568327144, 0],[1009696524, 0, 2009525854, 0, -1, 2065928164, 375890265, 0, 0, 0, 0, 1884241398, 1256431073, 1768792816, 1213023592, 0, 1250369350],[1921955369, 0, 0, 928761761, 2065928164, -1, 627106666, 1966387632, 2123817911, 1310133184, 0, 1970430641, 1368357809, 1321706134, 1889973482, 1176175451, 840577750],[1105800218, 1072193645, 1581627908, 432556476, 375890265, 627106666, -1, 0, 0, 0, 1415196837, 0, 1237784757, 1123199953, 0, 1925613814, 0],[1942582952, 879779368, 901983297, 347565254, 0, 1966387632, 0, -1, 1827928530, 771686360, 1487411577, 0, 0, 267078171, 1409657345, 1166921476, 0],[160492350, 511530055, 0, 0, 0, 2123817911, 0, 1827928530, -1, 0, 2043347820, 0, 1673528790, 0, 800777117, 919255868, 832701802],[995995196, 392884755, 1255828379, 45307720, 0, 1310133184, 0, 771686360, 0, -1, 1811644818, 1987405018, 0, 0, 1353650181, 826163586, 0],[761841237, 2144941703, 1485085193, 1384284971, 0, 0, 1415196837, 1487411577, 2043347820, 1811644818, -1, 694530642, 725207666, 1609663603, 1478992147, 0, 204816403],[1087098000, 166216626, 0, 389433549, 1884241398, 1970430641, 0, 0, 0, 1987405018, 694530642, -1, 1975814816, 0, 0, 170658960, 1850449427],[0, 370047863, 0, 0, 1256431073, 1368357809, 1237784757, 0, 1673528790, 0, 725207666, 1975814816, -1, 1519103109, 259906097, 0, 2066568036],[1849165040, 1845918065, 1293504635, 1680526041, 1768792816, 1321706134, 1123199953, 267078171, 0, 0, 1609663603, 0, 1519103109, -1, 202709509, 0, 256871350],[110339520, 10487213, 1613347093, 1686898073, 1213023592, 1889973482, 0, 1409657345, 800777117, 1353650181, 1478992147, 0, 259906097, 202709509, -1, 1439906598, 0],[0, 0, 1779194629, 568327144, 0, 1176175451, 1925613814, 1166921476, 919255868, 826163586, 0, 170658960, 0, 0, 1439906598, -1, 1043176358],[0, 8151160, 82310584, 0, 1250369350, 840577750, 0, 0, 832701802, 0, 204816403, 1850449427, 2066568036, 256871350, 0, 1043176358, -1]]