34
[[-1, 0, 582, 630, 889, 544, 318, 0, 0, 0, 120, 983, 231, 256, 739, 0, 814, 0, 0, 0, 143, 734, 0, 151, 54, 0, 446, 613, 475, 452, 696, 0, 28, 925],[0, -1, 566, 0, 0, 0, 973, 615, 0, 157, 464, 601, 605, 27, 473, 63, 419, 0, 0, 368, 737, 0, 304, 0, 149, 328, 0, 0, 0, 0, 849, 0, 0, 608],[582, 566, -1, 0, 0, 0, 0, 903, 0, 801, 0, 0, 70, 799, 0, 32, 0, 24, 0, 926, 0, 0, 0, 195, 0, 0, 569, 294, 0, 0, 569, 0, 196, 0],[630, 0, 0, -1, 0, 0, 0, 0, 0, 0, 178, 737, 0, 0, 925, 0, 0, 0, 0, 0, 0, 748, 755, 0, 537, 172, 0, 0, 0, 0, 1000, 358, 899, 0],[889, 0, 0, 0, -1, 727, 233, 644, 0, 616, 0, 704, 138, 0, 49, 0, 513, 260, 0, 0, 0, 464, 539, 0, 530, 0, 0, 153, 452, 0, 0, 0, 0, 950],[544, 0, 0, 0, 727, -1, 0, 0, 0, 0, 0, 245, 117, 0, 447, 0, 283, 0, 310, 509, 760, 0, 303, 0, 167, 0, 283, 748, 0, 939, 0, 537, 0, 156],[318, 973, 0, 0, 233, 0, -1, 0, 0, 0, 0, 628, 209, 32, 0, 739, 0, 272, 267, 0, 556, 0, 118, 0, 453, 0, 0, 375, 0, 908, 762, 0, 351, 986],[0, 615, 903, 0, 644, 0, 0, -1, 424, 762, 0, 119, 912, 429, 0, 338, 0, 0, 379, 0, 246, 267, 404, 0, 400, 628, 0, 195, 376, 32, 0, 223, 422, 0],[0, 0, 0, 0, 0, 0, 0, 424, -1, 847, 987, 446, 0, 0, 104, 0, 0, 0, 539, 631, 752, 0, 672, 108, 0, 249, 178, 387, 0, 258, 0, 888, 0, 202],[0, 157, 801, 0, 616, 0, 0, 762, 847, -1, 0, 0, 0, 0, 0, 0, 0, 831, 0, 510, 431, 697, 345, 652, 781, 910, 0, 26, 0, 979, 333, 354, 79, 208],[120, 464, 0, 178, 0, 0, 0, 0, 987, 0, -1, 122, 241, 849, 666, 0, 768, 206, 324, 945, 142, 273, 144, 200, 890, 522, 0, 0, 396, 588, 867, 727, 0, 0],[983, 601, 0, 737, 704, 245, 628, 119, 446, 0, 122, -1, 0, 0, 0, 0, 0, 0, 471, 15, 0, 461, 154, 0, 0, 273, 0, 0, 933, 0, 0, 608, 396, 0],[231, 605, 70, 0, 138, 117, 209, 912, 0, 0, 241, 0, -1, 0, 0, 277, 0, 144, 820, 0, 697, 0, 0, 0, 139, 0, 733, 839, 0, 605, 0, 0, 455, 0],[256, 27, 799, 0, 0, 0, 32, 429, 0, 0, 849, 0, 0, -1, 807, 160, 969, 0, 0, 983, 648, 0, 765, 1, 626, 345, 0, 0, 840, 401, 0, 315, 587, 0],[739, 473, 0, 925, 49, 447, 0, 0, 104, 0, 666, 0, 0, 807, -1, 288, 0, 0, 742, 745, 0, 0, 185, 0, 154, 0, 587, 0, 0, 0, 543, 0, 0, 914],[0, 63, 32, 0, 0, 0, 739, 338, 0, 0, 0, 0, 277, 160, 288, -1, 215, 560, 528, 760, 446, 239, 0, 0, 644, 215, 0, 543, 0, 596, 0, 906, 27, 0],[814, 419, 0, 0, 513, 283, 0, 0, 0, 0, 768, 0, 0, 969, 0, 215, -1, 484, 882, 0, 356, 985, 0, 525, 415, 0, 0, 0, 13, 0, 893, 0, 492, 554],[0, 0, 24, 0, 260, 0, 272, 0, 0, 831, 206, 0, 144, 0, 0, 560, 484, -1, 0, 0, 0, 0, 0, 0, 578, 0, 710, 735, 612, 432, 0, 0, 363, 303],[0, 0, 0, 0, 0, 310, 267, 379, 539, 0, 324, 471, 820, 0, 742, 528, 882, 0, -1, 0, 0, 587, 245, 440, 0, 934, 517, 345, 634, 0, 455, 742, 323, 0],[0, 368, 926, 0, 0, 509, 0, 0, 631, 510, 945, 15, 0, 983, 745, 760, 0, 0, 0, -1, 0, 0, 0, 910, 0, 0, 0, 602, 214, 471, 300, 267, 0, 202],[143, 737, 0, 0, 0, 760, 556, 246, 752, 431, 142, 0, 697, 648, 0, 446, 356, 0, 0, 0, -1, 0, 224, 477, 998, 0, 0, 8, 28, 803, 66, 920, 0, 361],[734, 0, 0, 748, 464, 0, 0, 267, 0, 697, 273, 461, 0, 0, 0, 239, 985, 0, 587, 0, 0, -1, 0, 0, 0, 295, 559, 0, 0, 106, 0, 0, 186, 0],[0, 304, 0, 755, 539, 303, 118, 404, 672, 345, 144, 154, 0, 765, 185, 0, 0, 0, 245, 0, 224, 0, -1, 298, 0, 563, 0, 590, 0, 0, 971, 57, 926, 950],[151, 0, 195, 0, 0, 0, 0, 0, 108, 652, 200, 0, 0, 1, 0, 0, 525, 0, 440, 910, 477, 0, 298, -1, 930, 192, 0, 548, 0, 0, 0, 123, 137, 0],[54, 149, 0, 537, 530, 167, 453, 400, 0, 781, 890, 0, 139, 626, 154, 644, 415, 578, 0, 0, 998, 0, 0, 930, -1, 185, 692, 689, 90, 588, 224, 274, 106, 716],[0, 328, 0, 172, 0, 0, 0, 628, 249, 910, 522, 273, 0, 345, 0, 215, 0, 0, 934, 0, 0, 295, 563, 192, 185, -1, 0, 971, 0, 0, 0, 884, 0, 611],[446, 0, 569, 0, 0, 283, 0, 0, 178, 0, 0, 0, 733, 0, 587, 0, 0, 710, 517, 0, 0, 559, 0, 0, 692, 0, -1, 0, 0, 0, 5, 211, 0, 0],[613, 0, 294, 0, 153, 748, 375, 195, 387, 26, 0, 0, 839, 0, 0, 543, 0, 735, 345, 602, 8, 0, 590, 548, 689, 971, 0, -1, 0, 414, 0, 695, 0, 0],[475, 0, 0, 0, 452, 0, 0, 376, 0, 0, 396, 933, 0, 840, 0, 0, 13, 612, 634, 214, 28, 0, 0, 0, 90, 0, 0, 0, -1, 0, 578, 0, 0, 0],[452, 0, 0, 0, 0, 939, 908, 32, 258, 979, 588, 0, 605, 401, 0, 596, 0, 432, 0, 471, 803, 106, 0, 0, 588, 0, 0, 414, 0, -1, 657, 667, 0, 66],[696, 849, 569, 1000, 0, 0, 762, 0, 0, 333, 867, 0, 0, 0, 543, 0, 893, 0, 455, 300, 66, 0, 971, 0, 224, 0, 5, 0, 578, 657, -1, 225, 199, 182],[0, 0, 0, 358, 0, 537, 0, 223, 888, 354, 727, 608, 0, 315, 0, 906, 0, 0, 742, 267, 920, 0, 57, 123, 274, 884, 211, 695, 0, 667, 225, -1, 0, 254],[28, 0, 196, 899, 0, 0, 351, 422, 0, 79, 0, 396, 455, 587, 0, 27, 492, 363, 323, 0, 0, 186, 926, 137, 106, 0, 0, 0, 0, 0, 199, 0, -1, 0],[925, 608, 0, 0, 950, 156, 986, 0, 202, 208, 0, 0, 0, 0, 914, 0, 554, 303, 0, 202, 361, 0, 950, 0, 716, 611, 0, 0, 0, 66, 182, 254, 0, -1]]