24
[[-1, 1382409430, 0, 293434487, 345240004, 0, 451493016, 0, 303974633, 1369648003, 28207301, 0, 2070599808, 1606536049, 0, 1205400778, 0, 1222372211, 0, 1690754700, 500856717, 1932253202, 285554920, 651782703],[1382409430, -1, 2094401164, 1215669313, 1276354626, 1996081688, 1756736302, 0, 1351699331, 261541134, 232577535, 305020423, 2113360496, 0, 81654289, 0, 394180775, 1538532835, 442023678, 0, 740403437, 1893571785, 0, 1279708069],[0, 2094401164, -1, 903526446, 953478436, 1052764839, 535647116, 0, 1593865164, 356446428, 1150991625, 113362810, 1459276579, 216312618, 1520250450, 890037423, 0, 941040707, 275895718, 429456390, 821428873, 430044610, 1096226746, 1671391549],[293434487, 1215669313, 903526446, -1, 329742798, 922587916, 76381402, 0, 539882243, 0, 0, 890674640, 671142049, 676953792, 1802088205, 0, 1116655169, 1295902934, 0, 1035409939, 1228956262, 327432906, 701950282, 2078821636],[345240004, 1276354626, 953478436, 329742798, -1, 0, 1207662354, 1326466291, 933117477, 1918417495, 0, 489502716, 356668267, 213817885, 1062313163, 293295781, 1375850463, 0, 842285902, 0, 1946459013, 0, 1060589120, 1697718419],[0, 1996081688, 1052764839, 922587916, 0, -1, 1386667230, 833408951, 1565899048, 1791210694, 1345782371, 1121335072, 0, 0, 175975777, 1772039728, 0, 1757002383, 735781792, 34899875, 1192676351, 856988542, 0, 0],[451493016, 1756736302, 535647116, 76381402, 1207662354, 1386667230, -1, 417107641, 1097060999, 993473681, 1496335735, 0, 813989696, 0, 0, 1269703684, 0, 290079555, 964942474, 0, 2018739789, 780840992, 1903082612, 984408424],[0, 0, 0, 0, 1326466291, 833408951, 417107641, -1, 835673970, 1129157084, 2044240635, 0, 353510454, 1487985060, 273997423, 786272997, 28056983, 1013172213, 606413676, 1205725075, 1377752315, 102758786, 1078133352, 0],[303974633, 1351699331, 1593865164, 539882243, 933117477, 1565899048, 1097060999, 835673970, -1, 1914339693, 391375939, 0, 1546806541, 0, 0, 822227109, 1541927123, 1821943943, 453734600, 776056755, 1834484226, 1346078054, 889742559, 2015823692],[1369648003, 261541134, 356446428, 0, 1918417495, 1791210694, 993473681, 1129157084, 1914339693, -1, 369724796, 2043587518, 815392124, 1496130735, 1162193659, 648677419, 0, 480001716, 0, 0, 0, 1019588138, 24913123, 12014873],[28207301, 232577535, 1150991625, 0, 0, 1345782371, 1496335735, 2044240635, 391375939, 369724796, -1, 0, 1850175085, 2138481622, 0, 1224681436, 1656699599, 801855362, 374445805, 0, 1670955982, 1891018932, 796920713, 1820720673],[0, 305020423, 113362810, 890674640, 489502716, 1121335072, 0, 0, 0, 2043587518, 0, -1, 1823812937, 1006446902, 996299537, 0, 0, 0, 841700611, 0, 1142086336, 0, 732453979, 0],[2070599808, 2113360496, 1459276579, 671142049, 356668267, 0, 813989696, 353510454, 1546806541, 815392124, 1850175085, 1823812937, -1, 512434858, 739662484, 0, 1296046855, 164546329, 278862717, 1014624224, 309252368, 1491540257, 0, 0],[1606536049, 0, 216312618, 676953792, 213817885, 0, 0, 1487985060, 0, 1496130735, 2138481622, 1006446902, 512434858, -1, 0, 0, 0, 0, 283248856, 1929773801, 1456808736, 1117602620, 475226623, 563032191],[0, 81654289, 1520250450, 1802088205, 1062313163, 175975777, 0, 273997423, 0, 1162193659, 0, 996299537, 739662484, 0, -1, 0, 635178857, 1706948605, 1337750742, 1854324052, 321054189, 360073872, 0, 1014135852],[1205400778, 0, 890037423, 0, 293295781, 1772039728, 1269703684, 786272997, 822227109, 648677419, 1224681436, 0, 0, 0, 0, -1, 887285345, 276485547, 0, 0, 0, 1166145475, 993006150, 1832489320],[0, 394180775, 0, 1116655169, 1375850463, 0, 0, 28056983, 1541927123, 0, 1656699599, 0, 1296046855, 0, 635178857, 887285345, -1, 915175856, 1172425354, 0, 883222521, 229279638, 0, 1022927198],[1222372211, 1538532835, 941040707, 1295902934, 0, 1757002383, 290079555, 1013172213, 1821943943, 480001716, 801855362, 0, 164546329, 0, 1706948605, 276485547, 915175856, -1, 0, 333800991, 1932401241, 1450172023, 210668913, 1190499318],[0, 442023678, 275895718, 0, 842285902, 735781792, 964942474, 606413676, 453734600, 0, 374445805, 841700611, 278862717, 283248856, 1337750742, 0, 1172425354, 0, -1, 1426118392, 672321962, 0, 1131322209, 0],[1690754700, 0, 429456390, 1035409939, 0, 34899875, 0, 1205725075, 776056755, 0, 0, 0, 1014624224, 1929773801, 1854324052, 0, 0, 333800991, 1426118392, -1, 1408578137, 257410472, 0, 1425417914],[500856717, 740403437, 821428873, 1228956262, 1946459013, 1192676351, 2018739789, 1377752315, 1834484226, 0, 1670955982, 1142086336, 309252368, 1456808736, 321054189, 0, 883222521, 1932401241, 672321962, 1408578137, -1, 0, 0, 1052365861],[1932253202, 1893571785, 430044610, 327432906, 0, 856988542, 780840992, 102758786, 1346078054, 1019588138, 1891018932, 0, 1491540257, 1117602620, 360073872, 1166145475, 229279638, 1450172023, 0, 257410472, 0, -1, 590388778, 883436220],[285554920, 0, 1096226746, 701950282, 1060589120, 0, 1903082612, 1078133352, 889742559, 24913123, 796920713, 732453979, 0, 475226623, 0, 993006150, 0, 210668913, 1131322209, 0, 0, 590388778, -1, 1985599912],[651782703, 1279708069, 1671391549, 2078821636, 1697718419, 0, 984408424, 0, 2015823692, 12014873, 1820720673, 0, 0, 563032191, 1014135852, 1832489320, 1022927198, 1190499318, 0, 1425417914, 1052365861, 883436220, 1985599912, -1]]