59
[[-1, 0, 0, 255, 0, 661, 435, 107, 0, 672, 0, 0, 494, 910, 0, 438, 0, 0, 0, 865, 261, 0, 0, 908, 0, 0, 0, 0, 127, 247, 579, 611, 0, 729, 553, 617, 450, 0, 0, 442, 987, 234, 0, 0, 868, 0, 609, 0, 605, 0, 0, 0, 0, 0, 0, 0, 610, 413, 0],[0, -1, 0, 740, 0, 0, 0, 0, 125, 0, 619, 961, 0, 805, 0, 0, 341, 0, 956, 0, 0, 408, 0, 237, 0, 191, 325, 0, 363, 0, 591, 0, 122, 0, 0, 0, 0, 888, 247, 0, 952, 12, 778, 0, 273, 268, 205, 493, 0, 0, 26, 273, 439, 328, 723, 74, 0, 638, 0],[0, 0, -1, 0, 299, 291, 348, 771, 0, 0, 0, 529, 544, 606, 770, 455, 0, 321, 0, 0, 0, 754, 0, 0, 0, 908, 0, 0, 0, 0, 44, 711, 0, 144, 0, 0, 261, 0, 0, 423, 0, 194, 559, 709, 0, 604, 397, 0, 0, 0, 775, 292, 774, 0, 0, 264, 0, 251, 305],[255, 740, 0, -1, 776, 234, 418, 0, 0, 0, 0, 486, 393, 993, 0, 259, 873, 0, 530, 0, 951, 864, 0, 0, 793, 874, 0, 365, 0, 882, 0, 0, 0, 0, 0, 794, 0, 945, 0, 881, 101, 334, 560, 0, 0, 11, 0, 670, 560, 0, 0, 0, 0, 278, 639, 421, 935, 744, 0],[0, 0, 299, 776, -1, 508, 72, 0, 0, 0, 0, 0, 826, 1, 14, 0, 0, 579, 0, 0, 0, 0, 0, 0, 0, 0, 469, 878, 0, 550, 0, 330, 741, 27, 0, 0, 0, 623, 0, 0, 0, 0, 162, 0, 23, 0, 0, 356, 784, 427, 0, 917, 0, 388, 903, 673, 217, 0, 0],[661, 0, 291, 234, 508, -1, 0, 0, 281, 933, 200, 690, 369, 0, 789, 183, 0, 385, 0, 462, 48, 766, 0, 0, 0, 0, 50, 28, 138, 0, 0, 857, 628, 413, 0, 929, 816, 0, 319, 0, 0, 0, 921, 284, 29, 288, 62, 0, 665, 0, 623, 0, 0, 0, 8, 87, 0, 0, 0],[435, 0, 348, 418, 72, 0, -1, 944, 225, 703, 0, 846, 220, 0, 784, 648, 493, 103, 755, 549, 724, 546, 0, 0, 635, 0, 0, 199, 0, 74, 0, 0, 273, 0, 237, 433, 442, 838, 0, 0, 864, 0, 0, 321, 0, 763, 845, 48, 0, 0, 0, 0, 378, 36, 0, 0, 0, 485, 760],[107, 0, 771, 0, 0, 0, 944, -1, 576, 910, 557, 563, 0, 538, 0, 568, 591, 0, 714, 0, 819, 0, 477, 0, 179, 0, 0, 0, 0, 52, 0, 0, 0, 410, 791, 0, 0, 892, 767, 151, 242, 0, 0, 45, 974, 0, 66, 22, 951, 557, 170, 0, 0, 0, 0, 0, 938, 632, 0],[0, 125, 0, 0, 0, 281, 225, 576, -1, 575, 0, 419, 0, 527, 0, 108, 0, 0, 95, 0, 36, 240, 587, 134, 321, 0, 0, 0, 68, 356, 0, 0, 0, 0, 870, 0, 455, 572, 0, 0, 0, 0, 0, 910, 450, 527, 0, 324, 0, 752, 0, 93, 0, 0, 0, 0, 0, 0, 450],[672, 0, 0, 0, 0, 933, 703, 910, 575, -1, 511, 0, 0, 0, 700, 263, 0, 585, 0, 226, 0, 942, 0, 0, 391, 197, 258, 0, 771, 0, 132, 40, 0, 0, 289, 388, 700, 0, 815, 540, 0, 0, 0, 0, 180, 0, 233, 287, 421, 912, 223, 403, 0, 0, 0, 797, 0, 0, 26],[0, 619, 0, 0, 0, 200, 0, 557, 0, 511, -1, 0, 330, 0, 0, 0, 873, 744, 918, 231, 628, 59, 0, 229, 261, 635, 755, 0, 0, 748, 0, 0, 770, 323, 842, 320, 694, 0, 0, 0, 253, 0, 0, 616, 276, 314, 513, 697, 619, 0, 530, 658, 0, 0, 0, 0, 48, 664, 918],[0, 961, 529, 486, 0, 690, 846, 563, 419, 0, 0, -1, 0, 0, 874, 157, 796, 806, 491, 0, 0, 0, 0, 0, 70, 0, 0, 0, 0, 0, 765, 282, 0, 927, 112, 60, 0, 0, 0, 415, 239, 928, 13, 867, 903, 246, 50, 873, 0, 799, 92, 157, 138, 0, 0, 862, 768, 0, 0],[494, 0, 544, 393, 826, 369, 220, 0, 0, 0, 330, 0, -1, 371, 0, 0, 0, 0, 399, 434, 0, 101, 727, 0, 299, 988, 583, 834, 0, 33, 110, 0, 275, 0, 781, 0, 51, 933, 191, 259, 533, 224, 0, 271, 251, 0, 179, 882, 0, 442, 0, 0, 144, 990, 643, 0, 998, 0, 137],[910, 805, 606, 993, 1, 0, 0, 538, 527, 0, 0, 0, 371, -1, 470, 0, 0, 774, 0, 801, 778, 462, 0, 0, 0, 336, 0, 270, 217, 0, 0, 359, 359, 0, 879, 775, 773, 553, 0, 0, 476, 498, 0, 280, 345, 52, 115, 76, 662, 0, 736, 224, 971, 0, 244, 420, 363, 577, 898],[0, 0, 770, 0, 14, 789, 784, 0, 0, 700, 0, 874, 0, 470, -1, 0, 442, 215, 0, 517, 0, 0, 0, 0, 0, 0, 0, 0, 0, 543, 70, 0, 783, 693, 365, 0, 826, 0, 0, 0, 598, 0, 8, 0, 931, 361, 0, 280, 0, 951, 0, 692, 72, 0, 918, 0, 295, 541, 602],[438, 0, 455, 259, 0, 183, 648, 568, 108, 263, 0, 157, 0, 0, 0, -1, 0, 204, 0, 404, 0, 0, 628, 219, 0, 620, 0, 404, 113, 0, 0, 796, 909, 882, 443, 202, 743, 0, 0, 0, 0, 904, 901, 431, 0, 0, 0, 309, 0, 733, 31, 0, 0, 758, 0, 833, 673, 211, 585],[0, 341, 0, 873, 0, 0, 493, 591, 0, 0, 873, 796, 0, 0, 442, 0, -1, 0, 0, 290, 569, 477, 0, 784, 473, 355, 346, 0, 613, 0, 947, 246, 0, 0, 236, 0, 609, 0, 405, 0, 553, 0, 0, 0, 164, 0, 0, 769, 75, 997, 0, 962, 995, 0, 660, 279, 804, 0, 201],[0, 0, 321, 0, 579, 385, 103, 0, 0, 585, 744, 806, 0, 774, 215, 204, 0, -1, 342, 0, 0, 881, 0, 0, 524, 0, 992, 909, 0, 0, 0, 412, 0, 0, 0, 0, 268, 0, 0, 376, 73, 0, 382, 515, 214, 236, 0, 0, 0, 259, 0, 820, 908, 804, 707, 576, 0, 0, 0],[0, 956, 0, 530, 0, 0, 755, 714, 95, 0, 918, 491, 399, 0, 0, 0, 0, 342, -1, 0, 0, 872, 57, 0, 0, 940, 162, 173, 0, 947, 0, 108, 0, 0, 828, 124, 0, 692, 203, 516, 459, 980, 440, 0, 311, 0, 0, 0, 330, 0, 0, 0, 133, 0, 0, 827, 0, 304, 0],[865, 0, 0, 0, 0, 462, 549, 0, 0, 226, 231, 0, 434, 801, 517, 404, 290, 0, 0, -1, 0, 0, 0, 432, 213, 0, 186, 431, 723, 336, 0, 0, 0, 0, 0, 0, 631, 215, 468, 993, 445, 0, 932, 0, 0, 0, 863, 0, 0, 669, 162, 0, 882, 69, 476, 226, 11, 140, 0],[261, 0, 0, 951, 0, 48, 724, 819, 36, 0, 628, 0, 0, 778, 0, 0, 569, 0, 0, 0, -1, 0, 0, 542, 885, 0, 0, 0, 418, 0, 0, 0, 208, 0, 824, 222, 0, 701, 0, 281, 0, 0, 0, 939, 381, 0, 0, 634, 0, 0, 772, 0, 0, 804, 719, 0, 51, 0, 0],[0, 408, 754, 864, 0, 766, 546, 0, 240, 942, 59, 0, 101, 462, 0, 0, 477, 881, 872, 0, 0, -1, 0, 592, 0, 0, 0, 0, 374, 188, 109, 877, 566, 0, 393, 613, 828, 0, 0, 911, 318, 0, 0, 0, 214, 764, 0, 612, 0, 0, 0, 9, 0, 275, 498, 0, 579, 917, 0],[0, 0, 0, 0, 0, 0, 0, 477, 587, 0, 0, 0, 727, 0, 0, 628, 0, 0, 57, 0, 0, 0, -1, 0, 226, 199, 207, 174, 391, 0, 914, 180, 588, 233, 0, 423, 545, 96, 0, 387, 0, 939, 0, 0, 0, 0, 129, 0, 0, 259, 0, 0, 90, 0, 876, 979, 0, 549, 494],[908, 237, 0, 0, 0, 0, 0, 0, 134, 0, 229, 0, 0, 0, 0, 219, 784, 0, 0, 432, 542, 592, 0, -1, 201, 0, 0, 0, 0, 613, 712, 692, 0, 0, 0, 735, 0, 0, 982, 585, 0, 353, 34, 0, 451, 71, 0, 114, 920, 180, 0, 963, 260, 317, 0, 0, 0, 0, 837],[0, 0, 0, 793, 0, 0, 635, 179, 321, 391, 261, 70, 299, 0, 0, 0, 473, 524, 0, 213, 885, 0, 226, 201, -1, 926, 227, 0, 45, 159, 854, 880, 192, 0, 287, 0, 0, 0, 0, 806, 341, 937, 929, 0, 0, 0, 258, 26, 0, 892, 820, 0, 866, 382, 565, 0, 409, 164, 0],[0, 191, 908, 874, 0, 0, 0, 0, 0, 197, 635, 0, 988, 336, 0, 620, 355, 0, 940, 0, 0, 0, 199, 0, 926, -1, 0, 858, 0, 284, 0, 0, 312, 0, 420, 0, 0, 288, 429, 0, 0, 534, 0, 0, 925, 381, 651, 68, 0, 799, 803, 0, 0, 0, 274, 0, 764, 847, 784],[0, 325, 0, 0, 469, 50, 0, 0, 0, 258, 755, 0, 583, 0, 0, 0, 346, 992, 162, 186, 0, 0, 207, 0, 227, 0, -1, 0, 728, 0, 0, 326, 241, 428, 26, 0, 0, 0, 0, 338, 490, 0, 0, 526, 0, 0, 0, 0, 457, 0, 825, 458, 584, 134, 912, 0, 0, 167, 952],[0, 0, 0, 365, 878, 28, 199, 0, 0, 0, 0, 0, 834, 270, 0, 404, 0, 909, 173, 431, 0, 0, 174, 0, 0, 858, 0, -1, 0, 272, 556, 0, 0, 44, 0, 550, 432, 0, 0, 0, 708, 0, 816, 0, 0, 0, 306, 0, 0, 0, 453, 810, 701, 741, 0, 815, 0, 685, 0],[127, 363, 0, 0, 0, 138, 0, 0, 68, 771, 0, 0, 0, 217, 0, 113, 613, 0, 0, 723, 418, 374, 391, 0, 45, 0, 728, 0, -1, 566, 0, 0, 0, 0, 264, 151, 969, 0, 0, 397, 0, 0, 334, 779, 0, 774, 650, 0, 283, 0, 295, 0, 0, 0, 187, 507, 945, 221, 746],[247, 0, 0, 882, 550, 0, 74, 52, 356, 0, 748, 0, 33, 0, 543, 0, 0, 0, 947, 336, 0, 188, 0, 613, 159, 284, 0, 272, 566, -1, 784, 501, 0, 0, 0, 0, 0, 54, 503, 0, 683, 981, 280, 0, 22, 193, 0, 343, 924, 33, 0, 0, 0, 0, 0, 0, 0, 986, 925],[579, 591, 44, 0, 0, 0, 0, 0, 0, 132, 0, 765, 110, 0, 70, 0, 947, 0, 0, 0, 0, 109, 914, 712, 854, 0, 0, 556, 0, 784, -1, 0, 267, 0, 343, 146, 0, 129, 0, 401, 0, 0, 0, 608, 862, 506, 980, 162, 0, 798, 335, 0, 0, 0, 746, 431, 266, 0, 277],[611, 0, 711, 0, 330, 857, 0, 0, 0, 40, 0, 282, 0, 359, 0, 796, 246, 412, 108, 0, 0, 877, 180, 692, 880, 0, 326, 0, 0, 501, 0, -1, 88, 0, 286, 186, 0, 216, 0, 0, 504, 0, 133, 0, 553, 119, 506, 0, 0, 480, 0, 0, 0, 0, 936, 874, 0, 993, 203],[0, 122, 0, 0, 741, 628, 273, 0, 0, 0, 770, 0, 275, 359, 783, 909, 0, 0, 0, 0, 208, 566, 588, 0, 192, 312, 241, 0, 0, 0, 267, 88, -1, 209, 370, 0, 424, 415, 506, 299, 0, 0, 0, 943, 794, 0, 0, 0, 0, 0, 616, 0, 0, 954, 0, 0, 0, 758, 729],[729, 0, 144, 0, 27, 413, 0, 410, 0, 0, 323, 927, 0, 0, 693, 882, 0, 0, 0, 0, 0, 0, 233, 0, 0, 0, 428, 44, 0, 0, 0, 0, 209, -1, 0, 507, 582, 351, 315, 0, 660, 620, 224, 0, 0, 0, 0, 961, 304, 0, 876, 66, 0, 25, 0, 96, 0, 863, 172],[553, 0, 0, 0, 0, 0, 237, 791, 870, 289, 842, 112, 781, 879, 365, 443, 236, 0, 828, 0, 824, 393, 0, 0, 287, 420, 26, 0, 264, 0, 343, 286, 370, 0, -1, 0, 0, 672, 0, 0, 0, 525, 0, 300, 0, 0, 0, 0, 636, 0, 9, 0, 0, 750, 725, 5, 0, 0, 593],[617, 0, 0, 794, 0, 929, 433, 0, 0, 388, 320, 60, 0, 775, 0, 202, 0, 0, 124, 0, 222, 613, 423, 735, 0, 0, 0, 550, 151, 0, 146, 186, 0, 507, 0, -1, 890, 90, 172, 436, 236, 401, 407, 933, 138, 0, 859, 0, 0, 217, 0, 289, 960, 0, 986, 339, 991, 524, 0],[450, 0, 261, 0, 0, 816, 442, 0, 455, 700, 694, 0, 51, 773, 826, 743, 609, 268, 0, 631, 0, 828, 545, 0, 0, 0, 0, 432, 969, 0, 0, 0, 424, 582, 0, 890, -1, 0, 0, 1000, 0, 749, 0, 0, 812, 391, 649, 493, 0, 0, 0, 0, 0, 946, 0, 355, 119, 233, 954],[0, 888, 0, 945, 623, 0, 838, 892, 572, 0, 0, 0, 933, 553, 0, 0, 0, 0, 692, 215, 701, 0, 96, 0, 0, 288, 0, 0, 0, 54, 129, 216, 415, 351, 672, 90, 0, -1, 0, 491, 0, 163, 0, 735, 0, 0, 174, 180, 214, 0, 0, 0, 361, 0, 0, 345, 0, 849, 894],[0, 247, 0, 0, 0, 319, 0, 767, 0, 815, 0, 0, 191, 0, 0, 0, 405, 0, 203, 468, 0, 0, 0, 982, 0, 429, 0, 0, 0, 503, 0, 0, 506, 315, 0, 172, 0, 0, -1, 244, 0, 409, 0, 0, 339, 224, 0, 295, 0, 0, 47, 0, 578, 0, 0, 0, 0, 990, 0],[442, 0, 423, 881, 0, 0, 0, 151, 0, 540, 0, 415, 259, 0, 0, 0, 0, 376, 516, 993, 281, 911, 387, 585, 806, 0, 338, 0, 397, 0, 401, 0, 299, 0, 0, 436, 1000, 491, 244, -1, 879, 0, 171, 333, 0, 0, 171, 0, 491, 89, 0, 394, 721, 0, 835, 0, 588, 435, 817],[987, 952, 0, 101, 0, 0, 864, 242, 0, 0, 253, 239, 533, 476, 598, 0, 553, 73, 459, 445, 0, 318, 0, 0, 341, 0, 490, 708, 0, 683, 0, 504, 0, 660, 0, 236, 0, 0, 0, 879, -1, 723, 0, 0, 0, 0, 999, 0, 833, 486, 702, 0, 220, 412, 100, 0, 531, 0, 0],[234, 12, 194, 334, 0, 0, 0, 0, 0, 0, 0, 928, 224, 498, 0, 904, 0, 0, 980, 0, 0, 0, 939, 353, 937, 534, 0, 0, 0, 981, 0, 0, 0, 620, 525, 401, 749, 163, 409, 0, 723, -1, 906, 0, 268, 811, 612, 205, 353, 0, 0, 0, 0, 573, 289, 0, 543, 0, 0],[0, 778, 559, 560, 162, 921, 0, 0, 0, 0, 0, 13, 0, 0, 8, 901, 0, 382, 440, 932, 0, 0, 0, 34, 929, 0, 0, 816, 334, 280, 0, 133, 0, 224, 0, 407, 0, 0, 0, 171, 0, 906, -1, 871, 0, 0, 530, 295, 352, 0, 0, 81, 784, 855, 793, 0, 0, 837, 0],[0, 0, 709, 0, 0, 284, 321, 45, 910, 0, 616, 867, 271, 280, 0, 431, 0, 515, 0, 0, 939, 0, 0, 0, 0, 0, 526, 0, 779, 0, 608, 0, 943, 0, 300, 933, 0, 735, 0, 333, 0, 0, 871, -1, 0, 718, 317, 309, 473, 0, 403, 182, 116, 222, 0, 267, 184, 0, 678],[868, 273, 0, 0, 23, 29, 0, 974, 450, 180, 276, 903, 251, 345, 931, 0, 164, 214, 311, 0, 381, 214, 0, 451, 0, 925, 0, 0, 0, 22, 862, 553, 794, 0, 0, 138, 812, 0, 339, 0, 0, 268, 0, 0, -1, 0, 77, 190, 712, 87, 160, 0, 0, 0, 0, 966, 580, 151, 259],[0, 268, 604, 11, 0, 288, 763, 0, 527, 0, 314, 246, 0, 52, 361, 0, 0, 236, 0, 0, 0, 764, 0, 71, 0, 381, 0, 0, 774, 193, 506, 119, 0, 0, 0, 0, 391, 0, 224, 0, 0, 811, 0, 718, 0, -1, 0, 0, 84, 0, 879, 257, 0, 406, 0, 0, 63, 933, 0],[609, 205, 397, 0, 0, 62, 845, 66, 0, 233, 513, 50, 179, 115, 0, 0, 0, 0, 0, 863, 0, 0, 129, 0, 258, 651, 0, 306, 650, 0, 980, 506, 0, 0, 0, 859, 649, 174, 0, 171, 999, 612, 530, 317, 77, 0, -1, 0, 0, 942, 0, 0, 0, 524, 0, 0, 284, 730, 73],[0, 493, 0, 670, 356, 0, 48, 22, 324, 287, 697, 873, 882, 76, 280, 309, 769, 0, 0, 0, 634, 612, 0, 114, 26, 68, 0, 0, 0, 343, 162, 0, 0, 961, 0, 0, 493, 180, 295, 0, 0, 205, 295, 309, 190, 0, 0, -1, 574, 0, 0, 0, 386, 135, 774, 185, 172, 0, 0],[605, 0, 0, 560, 784, 665, 0, 951, 0, 421, 619, 0, 0, 662, 0, 0, 75, 0, 330, 0, 0, 0, 0, 920, 0, 0, 457, 0, 283, 924, 0, 0, 0, 304, 636, 0, 0, 214, 0, 491, 833, 353, 352, 473, 712, 84, 0, 574, -1, 784, 614, 542, 856, 365, 0, 18, 0, 28, 401],[0, 0, 0, 0, 427, 0, 0, 557, 752, 912, 0, 799, 442, 0, 951, 733, 997, 259, 0, 669, 0, 0, 259, 180, 892, 799, 0, 0, 0, 33, 798, 480, 0, 0, 0, 217, 0, 0, 0, 89, 486, 0, 0, 0, 87, 0, 942, 0, 784, -1, 782, 653, 0, 0, 116, 0, 562, 411, 879],[0, 26, 775, 0, 0, 623, 0, 170, 0, 223, 530, 92, 0, 736, 0, 31, 0, 0, 0, 162, 772, 0, 0, 0, 820, 803, 825, 453, 295, 0, 335, 0, 616, 876, 9, 0, 0, 0, 47, 0, 702, 0, 0, 403, 160, 879, 0, 0, 614, 782, -1, 490, 0, 310, 942, 3, 0, 0, 340],[0, 273, 292, 0, 917, 0, 0, 0, 93, 403, 658, 157, 0, 224, 692, 0, 962, 820, 0, 0, 0, 9, 0, 963, 0, 0, 458, 810, 0, 0, 0, 0, 0, 66, 0, 289, 0, 0, 0, 394, 0, 0, 81, 182, 0, 257, 0, 0, 542, 653, 490, -1, 125, 385, 403, 725, 0, 0, 0],[0, 439, 774, 0, 0, 0, 378, 0, 0, 0, 0, 138, 144, 971, 72, 0, 995, 908, 133, 882, 0, 0, 90, 260, 866, 0, 584, 701, 0, 0, 0, 0, 0, 0, 0, 960, 0, 361, 578, 721, 220, 0, 784, 116, 0, 0, 0, 386, 856, 0, 0, 125, -1, 0, 0, 0, 607, 0, 951],[0, 328, 0, 278, 388, 0, 36, 0, 0, 0, 0, 0, 990, 0, 0, 758, 0, 804, 0, 69, 804, 275, 0, 317, 382, 0, 134, 741, 0, 0, 0, 0, 954, 25, 750, 0, 946, 0, 0, 0, 412, 573, 855, 222, 0, 406, 524, 135, 365, 0, 310, 385, 0, -1, 0, 451, 0, 544, 0],[0, 723, 0, 639, 903, 8, 0, 0, 0, 0, 0, 0, 643, 244, 918, 0, 660, 707, 0, 476, 719, 498, 876, 0, 565, 274, 912, 0, 187, 0, 746, 936, 0, 0, 725, 986, 0, 0, 0, 835, 100, 289, 793, 0, 0, 0, 0, 774, 0, 116, 942, 403, 0, 0, -1, 324, 138, 0, 712],[0, 74, 264, 421, 673, 87, 0, 0, 0, 797, 0, 862, 0, 420, 0, 833, 279, 576, 827, 226, 0, 0, 979, 0, 0, 0, 0, 815, 507, 0, 431, 874, 0, 96, 5, 339, 355, 345, 0, 0, 0, 0, 0, 267, 966, 0, 0, 185, 18, 0, 3, 725, 0, 451, 324, -1, 2, 395, 165],[610, 0, 0, 935, 217, 0, 0, 938, 0, 0, 48, 768, 998, 363, 295, 673, 804, 0, 0, 11, 51, 579, 0, 0, 409, 764, 0, 0, 945, 0, 266, 0, 0, 0, 0, 991, 119, 0, 0, 588, 531, 543, 0, 184, 580, 63, 284, 172, 0, 562, 0, 0, 607, 0, 138, 2, -1, 637, 298],[413, 638, 251, 744, 0, 0, 485, 632, 0, 0, 664, 0, 0, 577, 541, 211, 0, 0, 304, 140, 0, 917, 549, 0, 164, 847, 167, 685, 221, 986, 0, 993, 758, 863, 0, 524, 233, 849, 990, 435, 0, 0, 837, 0, 151, 933, 730, 0, 28, 411, 0, 0, 0, 544, 0, 395, 637, -1, 766],[0, 0, 305, 0, 0, 0, 760, 0, 450, 26, 918, 0, 137, 898, 602, 585, 201, 0, 0, 0, 0, 0, 494, 837, 0, 784, 952, 0, 746, 925, 277, 203, 729, 172, 593, 0, 954, 894, 0, 817, 0, 0, 0, 678, 259, 0, 73, 0, 401, 879, 340, 0, 951, 0, 712, 165, 298, 766, -1]]