25
[[-1, 1659050479, 0, 1560648260, 1500857680, 1791659376, 1804947073, 1054336018, 29966758, 652452363, 771432554, 1277016344, 0, 0, 2074264158, 379453331, 241435731, 0, 0, 896529004, 741469290, 0, 1472708461, 1265180377, 0],[1659050479, -1, 1838928, 0, 0, 0, 0, 0, 392453813, 1484690290, 343701397, 2144540498, 1456390735, 310545244, 1228830668, 1181781329, 483388747, 0, 938908332, 0, 4643639, 1397322946, 916300416, 864170371, 1383483385],[0, 1838928, -1, 648464255, 587287563, 1505933203, 1761012116, 2052559911, 472783611, 932560946, 970826697, 0, 0, 819317233, 916666565, 142007125, 348266672, 583759314, 2071011263, 0, 0, 468838703, 1258955550, 1605133522, 992694302],[1560648260, 0, 648464255, -1, 2040923072, 1857948328, 577609533, 270170220, 2012284662, 0, 1228088625, 1806689901, 795046569, 0, 0, 1109256266, 1611699531, 75012698, 823512146, 1407976556, 303227471, 1459621022, 2051704896, 1843403028, 0],[1500857680, 0, 587287563, 2040923072, -1, 0, 609243352, 0, 793560560, 0, 1710724725, 1177798772, 0, 402488434, 0, 1408032008, 0, 1961361260, 1426071444, 0, 0, 1488689124, 1533108721, 43978354, 1236930254],[1791659376, 0, 1505933203, 1857948328, 0, -1, 1481843081, 2076680004, 0, 1852804178, 380355381, 0, 304150195, 2102032658, 637655689, 1334002114, 92371445, 902491221, 0, 394025730, 1100119574, 0, 0, 1907739151, 1719274818],[1804947073, 0, 1761012116, 577609533, 609243352, 1481843081, -1, 958595666, 950636863, 1462787096, 672356240, 380650815, 0, 1560248712, 1714044104, 571108275, 552684204, 247776497, 628531853, 324652238, 1753741138, 724531932, 0, 1400608822, 400126918],[1054336018, 0, 2052559911, 270170220, 0, 2076680004, 958595666, -1, 602661274, 398364793, 178070575, 1715087579, 659653416, 1384478737, 933282594, 415103978, 653325067, 893237207, 1739530046, 1919123437, 1190955415, 0, 0, 0, 1504073027],[29966758, 392453813, 472783611, 2012284662, 793560560, 0, 950636863, 602661274, -1, 0, 288451294, 0, 1937527950, 1973073514, 1069810121, 1767444668, 0, 1378566097, 0, 1250460639, 0, 0, 1177472163, 114370267, 623627331],[652452363, 1484690290, 932560946, 0, 0, 1852804178, 1462787096, 398364793, 0, -1, 1409325124, 863845194, 571111045, 0, 0, 0, 2099853383, 0, 0, 1686237839, 322853434, 0, 1328065511, 0, 0],[771432554, 343701397, 970826697, 1228088625, 1710724725, 380355381, 672356240, 178070575, 288451294, 1409325124, -1, 1403030979, 343418864, 1589482934, 886381142, 1551814153, 1488949967, 1278847333, 1610622836, 542048166, 973235707, 0, 763834283, 2010992263, 1352721689],[1277016344, 2144540498, 0, 1806689901, 1177798772, 0, 380650815, 1715087579, 0, 863845194, 1403030979, -1, 79730751, 0, 1247463974, 36003462, 1910821354, 1536157439, 1372434910, 958601471, 1323897642, 2011750187, 974494295, 2064338806, 0],[0, 1456390735, 0, 795046569, 0, 304150195, 0, 659653416, 1937527950, 571111045, 343418864, 79730751, -1, 361072483, 0, 365614822, 143412162, 0, 1810016949, 476296034, 1082734429, 1535656798, 0, 868682758, 0],[0, 310545244, 819317233, 0, 402488434, 2102032658, 1560248712, 1384478737, 1973073514, 0, 1589482934, 0, 361072483, -1, 226153974, 1486907684, 0, 28422139, 1440076930, 1848209071, 1987696208, 840147253, 850352770, 847214883, 486113426],[2074264158, 1228830668, 916666565, 0, 0, 637655689, 1714044104, 933282594, 1069810121, 0, 886381142, 1247463974, 0, 226153974, -1, 1374324079, 1322290277, 653569081, 0, 1327326331, 1541389536, 1848257306, 0, 1745771798, 1290057353],[379453331, 1181781329, 142007125, 1109256266, 1408032008, 1334002114, 571108275, 415103978, 1767444668, 0, 1551814153, 36003462, 365614822, 1486907684, 1374324079, -1, 0, 133667709, 232947287, 0, 2134888879, 447831877, 381995480, 1967814654, 0],[241435731, 483388747, 348266672, 1611699531, 0, 92371445, 552684204, 653325067, 0, 2099853383, 1488949967, 1910821354, 143412162, 0, 1322290277, 0, -1, 1909629913, 159995351, 0, 1963296181, 1559205224, 1942998722, 0, 0],[0, 0, 583759314, 75012698, 1961361260, 902491221, 247776497, 893237207, 1378566097, 0, 1278847333, 1536157439, 0, 28422139, 653569081, 133667709, 1909629913, -1, 1130324224, 1598550931, 0, 522397470, 0, 1562056977, 108692708],[0, 938908332, 2071011263, 823512146, 1426071444, 0, 628531853, 1739530046, 0, 0, 1610622836, 1372434910, 1810016949, 1440076930, 0, 232947287, 159995351, 1130324224, -1, 1446099703, 1653207609, 841347231, 0, 0, 186585319],[896529004, 0, 0, 1407976556, 0, 394025730, 324652238, 1919123437, 1250460639, 1686237839, 542048166, 958601471, 476296034, 1848209071, 1327326331, 0, 0, 1598550931, 1446099703, -1, 918209937, 438703732, 0, 0, 1375323627],[741469290, 4643639, 0, 303227471, 0, 1100119574, 1753741138, 1190955415, 0, 322853434, 973235707, 1323897642, 1082734429, 1987696208, 1541389536, 2134888879, 1963296181, 0, 1653207609, 918209937, -1, 293954343, 1461226451, 0, 922369599],[0, 1397322946, 468838703, 1459621022, 1488689124, 0, 724531932, 0, 0, 0, 0, 2011750187, 1535656798, 840147253, 1848257306, 447831877, 1559205224, 522397470, 841347231, 438703732, 293954343, -1, 248213178, 403139759, 0],[1472708461, 916300416, 1258955550, 2051704896, 1533108721, 0, 0, 0, 1177472163, 1328065511, 763834283, 974494295, 0, 850352770, 0, 381995480, 1942998722, 0, 0, 0, 1461226451, 248213178, -1, 103367423, 0],[1265180377, 864170371, 1605133522, 1843403028, 43978354, 1907739151, 1400608822, 0, 114370267, 0, 2010992263, 2064338806, 868682758, 847214883, 1745771798, 1967814654, 0, 1562056977, 0, 0, 0, 403139759, 103367423, -1, 2063432142],[0, 1383483385, 992694302, 0, 1236930254, 1719274818, 400126918, 1504073027, 623627331, 0, 1352721689, 0, 0, 486113426, 1290057353, 0, 0, 108692708, 186585319, 1375323627, 922369599, 0, 0, 2063432142, -1]]