40
[[-1, 0, 1090447308, 2092131082, 1404460717, 2029821458, 1387218288, 472219605, 1546530990, 0, 0, 1834149925, 0, 1115641303, 1683658272, 0, 1335233292, 130839632, 504113968, 874909920, 562369704, 2143697601, 0, 1474990400, 83504556, 1894007064, 0, 766178783, 268596432, 2046262440, 0, 0, 0, 0, 1713308712, 1859827007, 354874505, 1758216597, 1952397601, 1286161824],[0, -1, 440357010, 1878520082, 815461643, 366894385, 1688280617, 2042532848, 0, 1636167306, 922736588, 295268268, 1551433105, 1449593713, 0, 1351588636, 0, 2069069694, 549511935, 363598848, 1997712630, 0, 1799467187, 740435611, 0, 1305228665, 913618274, 224108379, 0, 0, 0, 0, 1621661951, 0, 553334918, 619571986, 1625305884, 2018770689, 1569343293, 1096433178],[1090447308, 440357010, -1, 1067077987, 1558762214, 1333863600, 554482888, 0, 0, 430416654, 293663448, 0, 1283752305, 0, 1550142224, 1526975454, 1734842196, 1814143719, 2018616877, 1477187992, 110360511, 0, 0, 1733416271, 0, 0, 1256211102, 2054894864, 0, 465623767, 0, 1295867029, 973061676, 1639107518, 355229835, 0, 1707371522, 1131854057, 1040790724, 0],[2092131082, 1878520082, 1067077987, -1, 0, 0, 0, 1564861238, 0, 1525247735, 0, 1722982614, 1537897605, 0, 538964488, 0, 0, 0, 798345853, 1632712627, 1120868594, 0, 1410700526, 662042488, 1538125147, 899890112, 1856640646, 652163458, 0, 0, 220149078, 1280557623, 1499176612, 0, 1602312298, 1292790455, 842449698, 0, 228319985, 1923038812],[1404460717, 815461643, 1558762214, 0, -1, 1221155984, 1973962206, 2014895621, 863085380, 0, 1302763476, 0, 0, 1920097824, 432293666, 2053518094, 1756115472, 1065552755, 0, 0, 0, 0, 2079921332, 1754849549, 1247735525, 0, 509518646, 1182577078, 1358844063, 1579867005, 1358841573, 270282907, 941362825, 1968361353, 1330123280, 800945488, 1315879464, 1763208961, 0, 0],[2029821458, 366894385, 1333863600, 0, 1221155984, -1, 1937028933, 1253585576, 685575271, 0, 0, 1912097590, 960746974, 0, 0, 1427056959, 726388635, 155056163, 0, 0, 0, 1687845560, 467872228, 1790364246, 1707019014, 0, 1131107659, 31665555, 1041956870, 2061494390, 711252258, 1912617018, 875867089, 0, 1343191804, 0, 179417060, 1561045950, 1546187739, 1502224639],[1387218288, 1688280617, 554482888, 0, 1973962206, 1937028933, -1, 111018930, 0, 1332037760, 0, 0, 231481173, 0, 1750512011, 890792582, 325168130, 231278887, 1262329978, 544613015, 1078494647, 1682061948, 0, 806295443, 1332661516, 1318335276, 0, 485004876, 0, 312556189, 1493575351, 0, 148136361, 875774882, 2055415703, 0, 0, 0, 476657903, 524971256],[472219605, 2042532848, 0, 1564861238, 2014895621, 1253585576, 111018930, -1, 0, 148191319, 0, 1109096274, 732811858, 1237789373, 0, 0, 0, 1291584077, 0, 424508272, 458031349, 0, 0, 1042727278, 1407163097, 184203683, 607390323, 0, 0, 0, 725960174, 130346591, 283406829, 0, 0, 0, 664788568, 1053986845, 1158834116, 1426098181],[1546530990, 0, 0, 0, 863085380, 685575271, 0, 0, -1, 0, 1064218620, 0, 0, 1406360456, 229822922, 808027701, 1218695471, 0, 0, 0, 782828933, 448371249, 1367975230, 474917253, 956365043, 0, 212226806, 0, 951257550, 0, 0, 1916229219, 750662612, 1687316754, 672977740, 557247013, 1647330062, 292778087, 0, 0],[0, 1636167306, 430416654, 1525247735, 0, 0, 1332037760, 148191319, 0, -1, 1327169206, 36295720, 0, 39803175, 559743672, 0, 0, 1227143459, 2025563760, 966090737, 330538696, 1583515534, 1377399620, 0, 374582991, 1364548559, 1750576046, 1863845676, 1107585763, 1031796231, 0, 1760335560, 637000929, 0, 142891324, 0, 2045824674, 0, 1393945740, 100141363],[0, 922736588, 293663448, 0, 1302763476, 0, 0, 0, 1064218620, 1327169206, -1, 0, 0, 1067699214, 1101059745, 333138642, 1893867701, 0, 0, 2145407333, 1618652122, 0, 751253553, 312648818, 2048003353, 139590166, 1941671588, 0, 855002691, 1178350509, 1162934527, 1137082227, 1889256888, 0, 1048172154, 0, 14586468, 0, 0, 1505206052],[1834149925, 295268268, 0, 1722982614, 0, 1912097590, 0, 1109096274, 0, 36295720, 0, -1, 0, 1933701291, 1897275975, 460692341, 1293969194, 0, 975634226, 557854193, 0, 0, 7585612, 1832252382, 0, 0, 0, 0, 895423860, 0, 169079066, 679941547, 765639191, 1867735576, 1165634610, 1448491295, 0, 1747580425, 904660591, 1265701830],[0, 1551433105, 1283752305, 1537897605, 0, 960746974, 231481173, 732811858, 0, 0, 0, 0, -1, 344716195, 1358711490, 1709949208, 411208788, 1421689255, 1285632239, 1520273233, 1370110226, 924112507, 743938719, 1220234582, 0, 1726343400, 0, 811646092, 1256570264, 668187748, 1961829226, 0, 104925612, 1861778279, 1448770671, 1605748790, 272173306, 2144540842, 0, 2118808551],[1115641303, 1449593713, 0, 0, 1920097824, 0, 0, 1237789373, 1406360456, 39803175, 1067699214, 1933701291, 344716195, -1, 0, 0, 1170283264, 1772738467, 225635887, 0, 2126689119, 352666901, 0, 0, 0, 0, 1913379607, 0, 1778042457, 42173281, 2122449388, 256166863, 0, 1459909947, 0, 587037525, 1963537302, 0, 475438366, 0],[1683658272, 0, 1550142224, 538964488, 432293666, 0, 1750512011, 0, 229822922, 559743672, 1101059745, 1897275975, 1358711490, 0, -1, 1905751645, 1934508421, 1443670041, 698466991, 0, 1035604905, 1895219946, 2024549132, 0, 1692320896, 212211421, 143807109, 1508205611, 597563166, 463601116, 1406519855, 786762921, 1043607993, 951110233, 194622252, 1228285023, 1371567798, 624840748, 0, 890406044],[0, 1351588636, 1526975454, 0, 2053518094, 1427056959, 890792582, 0, 808027701, 0, 333138642, 460692341, 1709949208, 0, 1905751645, -1, 0, 992619674, 341443671, 0, 1627103974, 1291179132, 905752815, 1349466834, 140737007, 598255082, 1855226931, 1169382329, 1464715357, 436992626, 772932723, 827038716, 1102903068, 242588395, 0, 0, 1811564950, 1850233839, 1315339557, 2039407117],[1335233292, 0, 1734842196, 0, 1756115472, 726388635, 325168130, 0, 1218695471, 0, 1893867701, 1293969194, 411208788, 1170283264, 1934508421, 0, -1, 0, 1153168907, 0, 0, 1358843800, 0, 928527158, 2129311075, 1806134713, 1884856700, 428058642, 0, 0, 0, 406860693, 345723970, 1362764247, 1002466714, 896405185, 1923249501, 0, 10158429, 327360758],[130839632, 2069069694, 1814143719, 0, 1065552755, 155056163, 231278887, 1291584077, 0, 1227143459, 0, 0, 1421689255, 1772738467, 1443670041, 992619674, 0, -1, 398005480, 253232750, 941342519, 1556488576, 1126741213, 1304957229, 81006997, 1669927796, 2008751662, 1599702247, 346353687, 0, 1328536104, 0, 1303575845, 2017143642, 1613312578, 1189230373, 887134277, 1107210327, 0, 0],[504113968, 549511935, 2018616877, 798345853, 0, 0, 1262329978, 0, 0, 2025563760, 0, 975634226, 1285632239, 225635887, 698466991, 341443671, 1153168907, 398005480, -1, 0, 0, 0, 937280486, 386110618, 0, 0, 1343556431, 2123502916, 774750841, 2022238984, 1931978721, 242860899, 0, 2123590963, 1369761901, 0, 1780780353, 1050168566, 1941383926, 853541841],[874909920, 363598848, 1477187992, 1632712627, 0, 0, 544613015, 424508272, 0, 966090737, 2145407333, 557854193, 1520273233, 0, 0, 0, 0, 253232750, 0, -1, 117433093, 0, 958518417, 1889344940, 932815216, 381955869, 1382446866, 65934483, 1700214596, 0, 127724350, 0, 2112035863, 0, 1019644785, 652229221, 0, 1753749737, 66387457, 647483642],[562369704, 1997712630, 110360511, 1120868594, 0, 0, 1078494647, 458031349, 782828933, 330538696, 1618652122, 0, 1370110226, 2126689119, 1035604905, 1627103974, 0, 941342519, 0, 117433093, -1, 7193416, 903578012, 0, 1027957696, 0, 320172484, 1270854261, 939799787, 1454339151, 1107690584, 1865854972, 1051113848, 0, 0, 1555087900, 0, 0, 1353556332, 0],[2143697601, 0, 0, 0, 0, 1687845560, 1682061948, 0, 448371249, 1583515534, 0, 0, 924112507, 352666901, 1895219946, 1291179132, 1358843800, 1556488576, 0, 0, 7193416, -1, 0, 1521165349, 571209043, 2026274184, 0, 927496836, 1729518216, 0, 757909660, 273350848, 0, 1059550071, 1707422907, 0, 1979963615, 1849703681, 797942178, 456285933],[0, 1799467187, 0, 1410700526, 2079921332, 467872228, 0, 0, 1367975230, 1377399620, 751253553, 7585612, 743938719, 0, 2024549132, 905752815, 0, 1126741213, 937280486, 958518417, 903578012, 0, -1, 326164486, 1962984395, 0, 883960558, 1405401633, 2038864118, 1184000441, 1956932336, 1741399058, 2127846780, 1219015978, 1109019227, 1956394718, 2071520170, 1635801477, 0, 619946666],[1474990400, 740435611, 1733416271, 662042488, 1754849549, 1790364246, 806295443, 1042727278, 474917253, 0, 312648818, 1832252382, 1220234582, 0, 0, 1349466834, 928527158, 1304957229, 386110618, 1889344940, 0, 1521165349, 326164486, -1, 0, 0, 1214146796, 556629639, 1499539732, 0, 0, 1819788609, 1381183006, 823912860, 1861067323, 0, 0, 501104742, 0, 0],[83504556, 0, 0, 1538125147, 1247735525, 1707019014, 1332661516, 1407163097, 956365043, 374582991, 2048003353, 0, 0, 0, 1692320896, 140737007, 2129311075, 81006997, 0, 932815216, 1027957696, 571209043, 1962984395, 0, -1, 753060032, 0, 0, 162009002, 0, 0, 676739450, 1541537769, 0, 0, 0, 1812990298, 0, 0, 1307412861],[1894007064, 1305228665, 0, 899890112, 0, 0, 1318335276, 184203683, 0, 1364548559, 139590166, 0, 1726343400, 0, 212211421, 598255082, 1806134713, 1669927796, 0, 381955869, 0, 2026274184, 0, 0, 753060032, -1, 454480988, 148316488, 1608931646, 316747756, 0, 844706513, 0, 677253464, 1901343453, 0, 1591897770, 0, 1413253476, 1456701405],[0, 913618274, 1256211102, 1856640646, 509518646, 1131107659, 0, 607390323, 212226806, 1750576046, 1941671588, 0, 0, 1913379607, 143807109, 1855226931, 1884856700, 2008751662, 1343556431, 1382446866, 320172484, 0, 883960558, 1214146796, 0, 454480988, -1, 550386455, 0, 19761912, 340945998, 1538018638, 1992693052, 1060251045, 308403800, 0, 0, 756050996, 1319894753, 0],[766178783, 224108379, 2054894864, 652163458, 1182577078, 31665555, 485004876, 0, 0, 1863845676, 0, 0, 811646092, 0, 1508205611, 1169382329, 428058642, 1599702247, 2123502916, 65934483, 1270854261, 927496836, 1405401633, 556629639, 0, 148316488, 550386455, -1, 0, 1434524049, 1369673688, 543025656, 0, 781672490, 777318565, 0, 1673522767, 1238627451, 1934281466, 0],[268596432, 0, 0, 0, 1358844063, 1041956870, 0, 0, 951257550, 1107585763, 855002691, 895423860, 1256570264, 1778042457, 597563166, 1464715357, 0, 346353687, 774750841, 1700214596, 939799787, 1729518216, 2038864118, 1499539732, 162009002, 1608931646, 0, 0, -1, 0, 1255576718, 869344738, 510618667, 182588427, 0, 0, 966315201, 1949387073, 0, 10121329],[2046262440, 0, 465623767, 0, 1579867005, 2061494390, 312556189, 0, 0, 1031796231, 1178350509, 0, 668187748, 42173281, 463601116, 436992626, 0, 0, 2022238984, 0, 1454339151, 0, 1184000441, 0, 0, 316747756, 19761912, 1434524049, 0, -1, 0, 0, 0, 1487384149, 0, 750723248, 0, 0, 0, 226364212],[0, 0, 0, 220149078, 1358841573, 711252258, 1493575351, 725960174, 0, 0, 1162934527, 169079066, 1961829226, 2122449388, 1406519855, 772932723, 0, 1328536104, 1931978721, 127724350, 1107690584, 757909660, 1956932336, 0, 0, 0, 340945998, 1369673688, 1255576718, 0, -1, 0, 80127832, 0, 1215450094, 477152105, 0, 0, 362652893, 1939820445],[0, 0, 1295867029, 1280557623, 270282907, 1912617018, 0, 130346591, 1916229219, 1760335560, 1137082227, 679941547, 0, 256166863, 786762921, 827038716, 406860693, 0, 242860899, 0, 1865854972, 273350848, 1741399058, 1819788609, 676739450, 844706513, 1538018638, 543025656, 869344738, 0, 0, -1, 627946229, 0, 1218617339, 0, 897640787, 0, 537900601, 0],[0, 1621661951, 973061676, 1499176612, 941362825, 875867089, 148136361, 283406829, 750662612, 637000929, 1889256888, 765639191, 104925612, 0, 1043607993, 1102903068, 345723970, 1303575845, 0, 2112035863, 1051113848, 0, 2127846780, 1381183006, 1541537769, 0, 1992693052, 0, 510618667, 0, 80127832, 627946229, -1, 1846966448, 0, 138842164, 399127319, 0, 390424806, 366766542],[0, 0, 1639107518, 0, 1968361353, 0, 875774882, 0, 1687316754, 0, 0, 1867735576, 1861778279, 1459909947, 951110233, 242588395, 1362764247, 2017143642, 2123590963, 0, 0, 1059550071, 1219015978, 823912860, 0, 677253464, 1060251045, 781672490, 182588427, 1487384149, 0, 0, 1846966448, -1, 0, 281798900, 0, 0, 581317163, 1822612772],[1713308712, 553334918, 355229835, 1602312298, 1330123280, 1343191804, 2055415703, 0, 672977740, 142891324, 1048172154, 1165634610, 1448770671, 0, 194622252, 0, 1002466714, 1613312578, 1369761901, 1019644785, 0, 1707422907, 1109019227, 1861067323, 0, 1901343453, 308403800, 777318565, 0, 0, 1215450094, 1218617339, 0, 0, -1, 0, 1021618899, 0, 0, 1545032257],[1859827007, 619571986, 0, 1292790455, 800945488, 0, 0, 0, 557247013, 0, 0, 1448491295, 1605748790, 587037525, 1228285023, 0, 896405185, 1189230373, 0, 652229221, 1555087900, 0, 1956394718, 0, 0, 0, 0, 0, 0, 750723248, 477152105, 0, 138842164, 281798900, 0, -1, 2115709065, 0, 1179542710, 615386516],[354874505, 1625305884, 1707371522, 842449698, 1315879464, 179417060, 0, 664788568, 1647330062, 2045824674, 14586468, 0, 272173306, 1963537302, 1371567798, 1811564950, 1923249501, 887134277, 1780780353, 0, 0, 1979963615, 2071520170, 0, 1812990298, 1591897770, 0, 1673522767, 966315201, 0, 0, 897640787, 399127319, 0, 1021618899, 2115709065, -1, 1954383372, 2129283716, 1469653496],[1758216597, 2018770689, 1131854057, 0, 1763208961, 1561045950, 0, 1053986845, 292778087, 0, 0, 1747580425, 2144540842, 0, 624840748, 1850233839, 0, 1107210327, 1050168566, 1753749737, 0, 1849703681, 1635801477, 501104742, 0, 0, 756050996, 1238627451, 1949387073, 0, 0, 0, 0, 0, 0, 0, 1954383372, -1, 1358879554, 312010825],[1952397601, 1569343293, 1040790724, 228319985, 0, 1546187739, 476657903, 1158834116, 0, 1393945740, 0, 904660591, 0, 475438366, 0, 1315339557, 10158429, 0, 1941383926, 66387457, 1353556332, 797942178, 0, 0, 0, 1413253476, 1319894753, 1934281466, 0, 0, 362652893, 537900601, 390424806, 581317163, 0, 1179542710, 2129283716, 1358879554, -1, 0],[1286161824, 1096433178, 0, 1923038812, 0, 1502224639, 524971256, 1426098181, 0, 100141363, 1505206052, 1265701830, 2118808551, 0, 890406044, 2039407117, 327360758, 0, 853541841, 647483642, 0, 456285933, 619946666, 0, 1307412861, 1456701405, 0, 0, 10121329, 226364212, 1939820445, 0, 366766542, 1822612772, 1545032257, 615386516, 1469653496, 312010825, 0, -1]]