21
[[-1, 462557474, 0, 0, 0, 1170569862, 1145980302, 2092110081, 691373307, 1164002437, 0, 1318293603, 248766217, 928903068, 0, 0, 0, 0, 982249810, 0, 1651717018],[462557474, -1, 0, 0, 0, 0, 0, 0, 1920034444, 877847530, 0, 1647382667, 1431418520, 366841157, 1489030166, 904510546, 387371818, 2087457131, 1130396577, 1213273564, 1127678127],[0, 0, -1, 812742821, 1701322522, 417420419, 1118138995, 1757825027, 2005384730, 0, 1094797649, 0, 1105770092, 1055478260, 1769455070, 1607175225, 0, 0, 1496527031, 1577032761, 1035343819],[0, 0, 812742821, -1, 398408309, 1090218843, 0, 0, 337809093, 349560525, 272702134, 1997515700, 973854798, 191868769, 1932048949, 636213541, 1225171940, 0, 1546103305, 695523461, 264586449],[0, 0, 1701322522, 398408309, -1, 0, 1127085880, 0, 986101701, 0, 0, 0, 2076084955, 0, 861192681, 236017063, 1678058956, 1561014527, 756713906, 203531952, 240875714],[1170569862, 0, 417420419, 1090218843, 0, -1, 1481475369, 2123210839, 460195676, 1410446749, 0, 0, 1033626184, 0, 0, 0, 1289082288, 502882731, 810555703, 1188074603, 0],[1145980302, 0, 1118138995, 0, 1127085880, 1481475369, -1, 651780773, 0, 1957613631, 1449380906, 1789137120, 0, 1593368965, 0, 0, 0, 0, 1613971654, 1948487283, 1881893338],[2092110081, 0, 1757825027, 0, 0, 2123210839, 651780773, -1, 996348420, 202339032, 0, 0, 1934634806, 409648872, 0, 0, 369402813, 0, 1275440399, 1549147343, 0],[691373307, 1920034444, 2005384730, 337809093, 986101701, 460195676, 0, 996348420, -1, 105099141, 0, 1888497090, 85448371, 870896359, 2089059814, 1678127593, 0, 0, 254927739, 683843400, 0],[1164002437, 877847530, 0, 349560525, 0, 1410446749, 1957613631, 202339032, 105099141, -1, 1692408895, 0, 326004100, 0, 1754341040, 0, 995045818, 0, 0, 1439874731, 882433602],[0, 0, 1094797649, 272702134, 0, 0, 1449380906, 0, 0, 1692408895, -1, 506684537, 474384504, 0, 0, 0, 393571698, 1946638589, 0, 1261166343, 749544574],[1318293603, 1647382667, 0, 1997515700, 0, 0, 1789137120, 0, 1888497090, 0, 506684537, -1, 0, 1247196841, 1812508119, 323104180, 1413042513, 0, 1238057947, 1589950075, 1412123490],[248766217, 1431418520, 1105770092, 973854798, 2076084955, 1033626184, 0, 1934634806, 85448371, 326004100, 474384504, 0, -1, 0, 0, 398589398, 0, 0, 546358032, 1964994425, 903775146],[928903068, 366841157, 1055478260, 191868769, 0, 0, 1593368965, 409648872, 870896359, 0, 0, 1247196841, 0, -1, 1913461845, 165650280, 0, 963079269, 961328166, 1039459941, 0],[0, 1489030166, 1769455070, 1932048949, 861192681, 0, 0, 0, 2089059814, 1754341040, 0, 1812508119, 0, 1913461845, -1, 1324471518, 1368824304, 1444715350, 195419937, 0, 760938124],[0, 904510546, 1607175225, 636213541, 236017063, 0, 0, 0, 1678127593, 0, 0, 323104180, 398589398, 165650280, 1324471518, -1, 0, 1225051595, 609732171, 407340037, 606030131],[0, 387371818, 0, 1225171940, 1678058956, 1289082288, 0, 369402813, 0, 995045818, 393571698, 1413042513, 0, 0, 1368824304, 0, -1, 0, 0, 594972869, 0],[0, 2087457131, 0, 0, 1561014527, 502882731, 0, 0, 0, 0, 1946638589, 0, 0, 963079269, 1444715350, 1225051595, 0, -1, 1387158830, 0, 1759721873],[982249810, 1130396577, 1496527031, 1546103305, 756713906, 810555703, 1613971654, 1275440399, 254927739, 0, 0, 1238057947, 546358032, 961328166, 195419937, 609732171, 0, 1387158830, -1, 173390770, 72726225],[0, 1213273564, 1577032761, 695523461, 203531952, 1188074603, 1948487283, 1549147343, 683843400, 1439874731, 1261166343, 1589950075, 1964994425, 1039459941, 0, 407340037, 594972869, 0, 173390770, -1, 1543844690],[1651717018, 1127678127, 1035343819, 264586449, 240875714, 0, 1881893338, 0, 0, 882433602, 749544574, 1412123490, 903775146, 0, 760938124, 606030131, 0, 1759721873, 72726225, 1543844690, -1]]