19
[[-1, 0, 0, 292, 0, 0, 0, 0, 0, 646, 944, 419, 0, 779, 956, 540, 0, 231, 349],[0, -1, 0, 926, 0, 312, 976, 0, 784, 476, 0, 777, 721, 0, 0, 307, 644, 881, 405],[0, 0, -1, 889, 962, 784, 0, 837, 0, 0, 618, 0, 506, 0, 0, 0, 675, 545, 0],[292, 926, 889, -1, 823, 150, 874, 232, 0, 448, 0, 0, 404, 533, 362, 0, 915, 225, 0],[0, 0, 962, 823, -1, 0, 0, 687, 909, 0, 0, 311, 262, 0, 994, 141, 0, 443, 524],[0, 312, 784, 150, 0, -1, 0, 0, 790, 0, 0, 0, 0, 39, 0, 481, 136, 24, 0],[0, 976, 0, 874, 0, 0, -1, 0, 432, 966, 703, 0, 573, 0, 0, 0, 434, 0, 771],[0, 0, 837, 232, 687, 0, 0, -1, 0, 137, 0, 0, 0, 900, 0, 0, 0, 0, 0],[0, 784, 0, 0, 909, 790, 432, 0, -1, 0, 0, 23, 725, 737, 950, 957, 424, 0, 0],[646, 476, 0, 448, 0, 0, 966, 137, 0, -1, 882, 0, 599, 0, 0, 962, 0, 0, 0],[944, 0, 618, 0, 0, 0, 703, 0, 0, 882, -1, 699, 0, 262, 481, 0, 11, 42, 128],[419, 777, 0, 0, 311, 0, 0, 0, 23, 0, 699, -1, 20, 0, 499, 436, 96, 131, 0],[0, 721, 506, 404, 262, 0, 573, 0, 725, 599, 0, 20, -1, 809, 0, 0, 874, 684, 0],[779, 0, 0, 533, 0, 39, 0, 900, 737, 0, 262, 0, 809, -1, 0, 0, 476, 0, 778],[956, 0, 0, 362, 994, 0, 0, 0, 950, 0, 481, 499, 0, 0, -1, 224, 138, 101, 530],[540, 307, 0, 0, 141, 481, 0, 0, 957, 962, 0, 436, 0, 0, 224, -1, 0, 14, 928],[0, 644, 675, 915, 0, 136, 434, 0, 424, 0, 11, 96, 874, 476, 138, 0, -1, 904, 613],[231, 881, 545, 225, 443, 24, 0, 0, 0, 0, 42, 131, 684, 0, 101, 14, 904, -1, 0],[349, 405, 0, 0, 524, 0, 771, 0, 0, 0, 128, 0, 0, 778, 530, 928, 613, 0, -1]]