66
[[-1, 832, 418, 966, 0, 0, 0, 0, 668, 0, 0, 195, 398, 721, 0, 0, 0, 0, 0, 169, 13, 55, 0, 417, 537, 0, 385, 279, 77, 858, 99, 0, 607, 0, 0, 488, 501, 0, 402, 562, 500, 0, 0, 0, 165, 139, 749, 514, 0, 0, 618, 832, 0, 85, 0, 0, 90, 0, 0, 0, 861, 444, 0, 958, 528, 0],[832, -1, 0, 0, 375, 0, 0, 805, 0, 627, 0, 658, 272, 0, 103, 775, 0, 0, 0, 628, 0, 0, 75, 379, 0, 0, 689, 149, 0, 0, 0, 0, 0, 0, 837, 771, 0, 256, 53, 382, 0, 447, 0, 0, 0, 319, 0, 0, 877, 469, 112, 0, 0, 0, 0, 330, 0, 656, 499, 0, 0, 0, 684, 0, 176, 354],[418, 0, -1, 0, 939, 0, 0, 28, 0, 0, 0, 23, 155, 0, 0, 0, 0, 390, 843, 0, 0, 0, 0, 376, 0, 408, 246, 799, 0, 0, 457, 108, 857, 811, 214, 89, 159, 0, 586, 0, 0, 49, 0, 0, 0, 0, 0, 710, 70, 0, 582, 789, 196, 69, 0, 537, 793, 0, 0, 0, 0, 729, 0, 0, 74, 677],[966, 0, 0, -1, 208, 159, 0, 0, 662, 748, 0, 0, 0, 0, 216, 700, 0, 594, 0, 486, 207, 0, 0, 0, 0, 461, 0, 0, 915, 307, 237, 0, 0, 557, 0, 0, 298, 804, 538, 562, 0, 0, 0, 0, 0, 0, 0, 726, 0, 359, 0, 0, 537, 369, 0, 0, 397, 0, 138, 183, 0, 675, 0, 100, 0, 28],[0, 375, 939, 208, -1, 0, 0, 808, 0, 774, 0, 0, 440, 46, 0, 984, 0, 0, 87, 919, 0, 0, 0, 0, 58, 487, 922, 696, 0, 10, 0, 0, 0, 0, 0, 0, 0, 589, 0, 231, 0, 0, 893, 938, 0, 0, 626, 464, 679, 642, 0, 0, 829, 132, 0, 751, 0, 0, 0, 0, 0, 0, 0, 322, 775, 820],[0, 0, 0, 159, 0, -1, 0, 0, 0, 0, 968, 42, 0, 0, 663, 0, 0, 0, 6, 0, 0, 0, 529, 0, 0, 333, 523, 317, 501, 327, 188, 382, 0, 559, 775, 962, 0, 720, 0, 576, 0, 0, 217, 963, 0, 631, 0, 0, 0, 0, 702, 785, 0, 0, 836, 0, 500, 496, 272, 0, 447, 429, 0, 903, 840, 0],[0, 0, 0, 0, 0, 0, -1, 573, 307, 987, 359, 0, 941, 0, 0, 905, 0, 0, 0, 912, 0, 0, 692, 0, 0, 0, 690, 429, 245, 527, 309, 0, 0, 0, 491, 918, 0, 0, 759, 674, 0, 121, 811, 0, 74, 442, 903, 892, 611, 153, 677, 389, 445, 0, 0, 0, 394, 0, 0, 470, 392, 290, 751, 705, 124, 126],[0, 805, 28, 0, 808, 0, 573, -1, 0, 890, 0, 354, 0, 0, 88, 579, 298, 0, 160, 305, 430, 474, 0, 362, 0, 774, 0, 0, 0, 0, 9, 0, 0, 0, 268, 676, 0, 830, 0, 703, 100, 0, 0, 0, 0, 218, 6, 814, 805, 0, 0, 858, 0, 87, 698, 532, 0, 0, 0, 418, 0, 503, 0, 747, 0, 588],[668, 0, 0, 662, 0, 0, 307, 0, -1, 0, 0, 0, 0, 0, 193, 381, 78, 0, 0, 0, 392, 234, 0, 0, 0, 0, 565, 0, 0, 0, 771, 706, 0, 540, 0, 526, 293, 0, 21, 0, 0, 504, 916, 579, 0, 0, 522, 238, 162, 0, 0, 0, 0, 80, 784, 4, 341, 841, 0, 275, 0, 0, 821, 718, 0, 156],[0, 627, 0, 748, 774, 0, 987, 890, 0, -1, 127, 55, 420, 0, 310, 436, 0, 158, 0, 770, 0, 834, 0, 760, 0, 0, 109, 990, 0, 0, 462, 144, 491, 786, 0, 0, 0, 0, 418, 0, 0, 866, 733, 0, 712, 0, 410, 747, 0, 0, 0, 0, 0, 0, 0, 563, 393, 0, 672, 0, 911, 0, 0, 388, 449, 0],[0, 0, 0, 0, 0, 968, 359, 0, 0, 127, -1, 0, 0, 0, 405, 0, 0, 701, 750, 638, 794, 0, 0, 0, 832, 0, 0, 0, 0, 555, 0, 0, 832, 840, 281, 0, 0, 0, 213, 912, 0, 648, 0, 129, 0, 870, 795, 0, 903, 0, 0, 0, 0, 836, 0, 178, 850, 468, 0, 865, 0, 338, 772, 0, 0, 720],[195, 658, 23, 0, 0, 42, 0, 354, 0, 55, 0, -1, 0, 269, 0, 0, 823, 0, 0, 1, 90, 0, 0, 0, 803, 0, 0, 569, 0, 389, 407, 443, 488, 0, 399, 0, 311, 497, 0, 972, 0, 0, 0, 146, 694, 0, 0, 0, 301, 0, 0, 0, 0, 0, 582, 0, 0, 0, 956, 0, 0, 28, 918, 496, 684, 0],[398, 272, 155, 0, 440, 0, 941, 0, 0, 420, 0, 0, -1, 26, 0, 498, 876, 616, 0, 644, 0, 352, 982, 640, 0, 0, 472, 0, 0, 0, 268, 193, 0, 0, 0, 0, 0, 0, 86, 0, 774, 941, 927, 231, 651, 0, 972, 464, 29, 14, 317, 996, 506, 0, 0, 794, 0, 0, 0, 918, 0, 204, 0, 590, 469, 860],[721, 0, 0, 0, 46, 0, 0, 0, 0, 0, 0, 269, 26, -1, 295, 640, 0, 0, 912, 0, 0, 0, 0, 718, 0, 0, 953, 686, 557, 361, 431, 0, 56, 0, 458, 66, 276, 0, 503, 0, 0, 468, 0, 740, 0, 770, 0, 0, 0, 0, 348, 0, 259, 0, 0, 0, 0, 552, 223, 0, 0, 586, 962, 880, 608, 45],[0, 103, 0, 216, 0, 663, 0, 88, 193, 310, 405, 0, 0, 295, -1, 0, 677, 455, 0, 131, 0, 349, 302, 0, 760, 356, 0, 618, 979, 639, 0, 73, 795, 990, 577, 0, 533, 0, 0, 369, 0, 411, 0, 53, 0, 0, 575, 0, 0, 683, 226, 0, 0, 155, 449, 696, 0, 0, 0, 211, 0, 0, 775, 236, 919, 51],[0, 775, 0, 700, 984, 0, 905, 579, 381, 436, 0, 0, 498, 640, 0, -1, 555, 0, 0, 0, 0, 763, 667, 0, 565, 0, 0, 0, 0, 0, 0, 425, 0, 0, 63, 163, 0, 0, 0, 958, 0, 0, 0, 0, 0, 0, 0, 0, 0, 744, 324, 0, 0, 0, 0, 600, 0, 0, 185, 0, 670, 0, 367, 189, 477, 206],[0, 0, 0, 0, 0, 0, 0, 298, 78, 0, 0, 823, 876, 0, 677, 555, -1, 0, 0, 0, 217, 0, 0, 0, 0, 490, 217, 0, 0, 271, 0, 773, 783, 0, 372, 313, 0, 622, 0, 764, 674, 0, 327, 849, 181, 0, 0, 0, 0, 26, 0, 0, 793, 0, 19, 592, 541, 484, 26, 0, 354, 0, 0, 477, 0, 0],[0, 0, 390, 594, 0, 0, 0, 0, 0, 158, 701, 0, 616, 0, 455, 0, 0, -1, 239, 260, 313, 970, 152, 0, 0, 0, 992, 0, 0, 448, 461, 838, 0, 675, 0, 0, 297, 379, 306, 0, 0, 0, 0, 796, 0, 0, 0, 0, 518, 342, 0, 676, 0, 564, 0, 0, 0, 0, 0, 0, 331, 323, 0, 514, 0, 0],[0, 0, 843, 0, 87, 6, 0, 160, 0, 0, 750, 0, 0, 912, 0, 0, 0, 239, -1, 0, 0, 0, 0, 0, 0, 0, 0, 974, 0, 540, 0, 905, 0, 147, 18, 0, 128, 8, 0, 0, 151, 0, 643, 0, 636, 226, 118, 180, 0, 0, 463, 49, 0, 17, 789, 908, 45, 432, 106, 0, 0, 0, 0, 0, 0, 860],[169, 628, 0, 486, 919, 0, 912, 305, 0, 770, 638, 1, 644, 0, 131, 0, 0, 260, 0, -1, 0, 663, 139, 802, 91, 0, 0, 0, 825, 250, 366, 0, 445, 67, 595, 881, 0, 442, 214, 0, 821, 964, 0, 0, 0, 0, 0, 233, 30, 0, 941, 452, 0, 0, 0, 0, 0, 0, 404, 0, 589, 471, 497, 0, 913, 0],[13, 0, 0, 207, 0, 0, 0, 430, 392, 0, 794, 90, 0, 0, 0, 0, 217, 313, 0, 0, -1, 70, 0, 2, 0, 0, 0, 423, 501, 723, 212, 0, 150, 0, 259, 0, 548, 891, 768, 763, 0, 326, 0, 508, 640, 0, 989, 173, 0, 0, 0, 0, 0, 592, 0, 675, 2, 584, 0, 0, 808, 0, 0, 456, 0, 0],[55, 0, 0, 0, 0, 0, 0, 474, 234, 834, 0, 0, 352, 0, 349, 763, 0, 970, 0, 663, 70, -1, 0, 390, 432, 0, 0, 0, 227, 0, 625, 312, 0, 60, 0, 0, 0, 0, 116, 738, 822, 899, 786, 0, 0, 721, 0, 254, 0, 539, 0, 0, 0, 0, 696, 611, 836, 0, 0, 0, 0, 0, 0, 0, 0, 498],[0, 75, 0, 0, 0, 529, 692, 0, 0, 0, 0, 0, 982, 0, 302, 667, 0, 152, 0, 139, 0, 0, -1, 0, 0, 588, 0, 131, 942, 977, 49, 141, 196, 0, 0, 154, 0, 832, 0, 285, 734, 0, 0, 490, 0, 0, 538, 0, 0, 347, 0, 898, 202, 0, 223, 724, 0, 132, 349, 412, 901, 0, 0, 0, 642, 361],[417, 379, 376, 0, 0, 0, 0, 362, 0, 760, 0, 0, 640, 718, 0, 0, 0, 0, 0, 802, 2, 390, 0, -1, 209, 0, 0, 0, 767, 586, 0, 857, 949, 0, 0, 0, 0, 391, 0, 0, 0, 0, 0, 351, 0, 196, 0, 0, 756, 479, 0, 0, 45, 39, 760, 0, 0, 659, 440, 127, 0, 129, 778, 917, 0, 725],[537, 0, 0, 0, 58, 0, 0, 0, 0, 0, 832, 803, 0, 0, 760, 565, 0, 0, 0, 91, 0, 432, 0, 209, -1, 0, 115, 0, 188, 0, 92, 622, 357, 0, 0, 0, 580, 0, 610, 0, 0, 0, 848, 0, 0, 0, 868, 366, 769, 29, 0, 912, 727, 0, 633, 0, 710, 0, 266, 0, 0, 434, 59, 462, 0, 0],[0, 0, 408, 461, 487, 333, 0, 774, 0, 0, 0, 0, 0, 0, 356, 0, 490, 0, 0, 0, 0, 0, 588, 0, 0, -1, 331, 943, 0, 937, 0, 349, 0, 66, 0, 0, 687, 0, 955, 0, 0, 0, 0, 861, 0, 356, 0, 0, 0, 0, 142, 0, 0, 0, 229, 0, 652, 0, 0, 50, 0, 0, 0, 0, 745, 0],[385, 689, 246, 0, 922, 523, 690, 0, 565, 109, 0, 0, 472, 953, 0, 0, 217, 992, 0, 0, 0, 0, 0, 0, 115, 331, -1, 102, 599, 0, 0, 0, 825, 0, 0, 244, 877, 569, 925, 882, 779, 0, 260, 162, 569, 72, 769, 0, 660, 67, 0, 0, 0, 889, 0, 106, 0, 442, 288, 0, 0, 776, 0, 688, 820, 553],[279, 149, 799, 0, 696, 317, 429, 0, 0, 990, 0, 569, 0, 686, 618, 0, 0, 0, 974, 0, 423, 0, 131, 0, 0, 943, 102, -1, 0, 0, 0, 0, 0, 316, 557, 0, 351, 0, 997, 423, 247, 0, 125, 661, 0, 0, 0, 0, 0, 0, 0, 0, 0, 0, 0, 0, 0, 0, 620, 0, 0, 490, 952, 0, 849, 721],[77, 0, 0, 915, 0, 501, 245, 0, 0, 0, 0, 0, 0, 557, 979, 0, 0, 0, 0, 825, 501, 227, 942, 767, 188, 0, 599, 0, -1, 921, 0, 0, 0, 0, 944, 0, 9, 923, 623, 0, 0, 671, 757, 0, 463, 311, 0, 82, 0, 0, 0, 0, 598, 0, 938, 453, 0, 253, 472, 0, 0, 811, 613, 0, 645, 0],[858, 0, 0, 307, 10, 327, 527, 0, 0, 0, 555, 389, 0, 361, 639, 0, 271, 448, 540, 250, 723, 0, 977, 586, 0, 937, 0, 0, 921, -1, 47, 384, 0, 0, 21, 0, 0, 0, 0, 0, 0, 0, 52, 746, 532, 464, 0, 926, 0, 809, 220, 0, 0, 0, 0, 170, 399, 667, 341, 104, 0, 518, 0, 0, 0, 736],[99, 0, 457, 237, 0, 188, 309, 9, 771, 462, 0, 407, 268, 431, 0, 0, 0, 461, 0, 366, 212, 625, 49, 0, 92, 0, 0, 0, 0, 47, -1, 820, 666, 108, 47, 507, 0, 0, 0, 582, 580, 742, 0, 0, 211, 0, 156, 23, 0, 557, 685, 4, 0, 600, 62, 0, 241, 911, 403, 0, 0, 0, 666, 0, 0, 603],[0, 0, 108, 0, 0, 382, 0, 0, 706, 144, 0, 443, 193, 0, 73, 425, 773, 838, 905, 0, 0, 312, 141, 857, 622, 349, 0, 0, 0, 384, 820, -1, 919, 0, 541, 0, 674, 376, 702, 0, 0, 0, 0, 0, 681, 732, 556, 0, 0, 233, 399, 646, 258, 0, 378, 648, 0, 712, 468, 0, 653, 779, 0, 115, 0, 766],[607, 0, 857, 0, 0, 0, 0, 0, 0, 491, 832, 488, 0, 56, 795, 0, 783, 0, 0, 445, 150, 0, 196, 949, 357, 0, 825, 0, 0, 0, 666, 919, -1, 0, 137, 195, 0, 0, 0, 176, 438, 602, 768, 370, 380, 882, 206, 382, 0, 694, 0, 0, 0, 0, 13, 878, 898, 591, 0, 143, 0, 559, 0, 727, 326, 224],[0, 0, 811, 557, 0, 559, 0, 0, 540, 786, 840, 0, 0, 0, 990, 0, 0, 675, 147, 67, 0, 60, 0, 0, 0, 66, 0, 316, 0, 0, 108, 0, 0, -1, 636, 300, 157, 272, 698, 0, 0, 0, 953, 550, 234, 791, 380, 760, 534, 0, 448, 0, 0, 0, 319, 648, 0, 0, 0, 691, 0, 0, 0, 637, 0, 779],[0, 837, 214, 0, 0, 775, 491, 268, 0, 0, 281, 399, 0, 458, 577, 63, 372, 0, 18, 595, 259, 0, 0, 0, 0, 0, 0, 557, 944, 21, 47, 541, 137, 636, -1, 807, 0, 460, 633, 263, 0, 791, 425, 523, 0, 0, 0, 0, 0, 591, 0, 922, 348, 0, 0, 0, 0, 605, 0, 747, 906, 0, 0, 0, 0, 0],[488, 771, 89, 0, 0, 962, 918, 676, 526, 0, 0, 0, 0, 66, 0, 163, 313, 0, 0, 881, 0, 0, 154, 0, 0, 0, 244, 0, 0, 0, 507, 0, 195, 300, 807, -1, 118, 0, 0, 0, 50, 640, 0, 870, 0, 0, 0, 0, 331, 887, 335, 359, 769, 0, 821, 0, 603, 0, 468, 569, 547, 298, 327, 0, 729, 0],[501, 0, 159, 298, 0, 0, 0, 0, 293, 0, 0, 311, 0, 276, 533, 0, 0, 297, 128, 0, 548, 0, 0, 0, 580, 687, 877, 351, 9, 0, 0, 674, 0, 157, 0, 118, -1, 620, 0, 222, 0, 0, 0, 0, 112, 468, 0, 0, 0, 86, 265, 0, 650, 290, 0, 0, 0, 86, 953, 634, 13, 0, 378, 0, 369, 542],[0, 256, 0, 804, 589, 720, 0, 830, 0, 0, 0, 497, 0, 0, 0, 0, 622, 379, 8, 442, 891, 0, 832, 391, 0, 0, 569, 0, 923, 0, 0, 376, 0, 272, 460, 0, 620, -1, 443, 660, 715, 0, 920, 598, 283, 0, 0, 0, 25, 159, 0, 906, 246, 0, 46, 32, 0, 0, 139, 0, 131, 325, 0, 724, 0, 0],[402, 53, 586, 538, 0, 0, 759, 0, 21, 418, 213, 0, 86, 503, 0, 0, 0, 306, 0, 214, 768, 116, 0, 0, 610, 955, 925, 997, 623, 0, 0, 702, 0, 698, 633, 0, 0, 443, -1, 552, 0, 662, 277, 0, 459, 0, 0, 996, 684, 0, 216, 293, 480, 216, 0, 479, 0, 0, 847, 0, 0, 661, 922, 178, 801, 0],[562, 382, 0, 562, 231, 576, 674, 703, 0, 0, 912, 972, 0, 0, 369, 958, 764, 0, 0, 0, 763, 738, 285, 0, 0, 0, 882, 423, 0, 0, 582, 0, 176, 0, 263, 0, 222, 660, 552, -1, 0, 690, 0, 593, 626, 0, 771, 0, 725, 0, 0, 0, 591, 896, 756, 0, 0, 51, 576, 139, 0, 0, 0, 965, 0, 536],[500, 0, 0, 0, 0, 0, 0, 100, 0, 0, 0, 0, 774, 0, 0, 0, 674, 0, 151, 821, 0, 822, 734, 0, 0, 0, 779, 247, 0, 0, 580, 0, 438, 0, 0, 50, 0, 715, 0, 0, -1, 182, 739, 407, 930, 156, 0, 0, 0, 890, 581, 12, 0, 0, 0, 992, 0, 0, 0, 379, 0, 0, 0, 632, 0, 782],[0, 447, 49, 0, 0, 0, 121, 0, 504, 866, 648, 0, 941, 468, 411, 0, 0, 0, 0, 964, 326, 899, 0, 0, 0, 0, 0, 0, 671, 0, 742, 0, 602, 0, 791, 640, 0, 0, 662, 690, 182, -1, 270, 349, 154, 180, 0, 0, 0, 0, 644, 610, 0, 0, 0, 107, 0, 265, 0, 0, 78, 758, 303, 0, 0, 0],[0, 0, 0, 0, 893, 217, 811, 0, 916, 733, 0, 0, 927, 0, 0, 0, 327, 0, 643, 0, 0, 786, 0, 0, 848, 0, 260, 125, 757, 52, 0, 0, 768, 953, 425, 0, 0, 920, 277, 0, 739, 270, -1, 828, 114, 0, 451, 82, 0, 0, 699, 0, 120, 141, 124, 0, 0, 700, 0, 0, 0, 72, 320, 700, 0, 241],[0, 0, 0, 0, 938, 963, 0, 0, 579, 0, 129, 146, 231, 740, 53, 0, 849, 796, 0, 0, 508, 0, 490, 351, 0, 861, 162, 661, 0, 746, 0, 0, 370, 550, 523, 870, 0, 598, 0, 593, 407, 349, 828, -1, 0, 448, 0, 0, 0, 160, 636, 21, 164, 0, 884, 0, 0, 0, 0, 472, 386, 892, 0, 376, 760, 931],[165, 0, 0, 0, 0, 0, 74, 0, 0, 712, 0, 694, 651, 0, 0, 0, 181, 0, 636, 0, 640, 0, 0, 0, 0, 0, 569, 0, 463, 532, 211, 681, 380, 234, 0, 0, 112, 283, 459, 626, 930, 154, 114, 0, -1, 633, 618, 124, 665, 964, 375, 0, 0, 0, 0, 546, 218, 566, 0, 0, 769, 0, 517, 276, 0, 0],[139, 319, 0, 0, 0, 631, 442, 218, 0, 0, 870, 0, 0, 770, 0, 0, 0, 0, 226, 0, 0, 721, 0, 196, 0, 356, 72, 0, 311, 464, 0, 732, 882, 791, 0, 0, 468, 0, 0, 0, 156, 180, 0, 448, 633, -1, 0, 0, 214, 0, 614, 634, 468, 279, 352, 483, 0, 0, 0, 0, 0, 0, 0, 64, 262, 566],[749, 0, 0, 0, 626, 0, 903, 6, 522, 410, 795, 0, 972, 0, 575, 0, 0, 0, 118, 0, 989, 0, 538, 0, 868, 0, 769, 0, 0, 0, 156, 556, 206, 380, 0, 0, 0, 0, 0, 771, 0, 0, 451, 0, 618, 0, -1, 667, 936, 971, 0, 471, 0, 0, 275, 0, 0, 0, 51, 383, 0, 990, 547, 0, 916, 0],[514, 0, 710, 726, 464, 0, 892, 814, 238, 747, 0, 0, 464, 0, 0, 0, 0, 0, 180, 233, 173, 254, 0, 0, 366, 0, 0, 0, 82, 926, 23, 0, 382, 760, 0, 0, 0, 0, 996, 0, 0, 0, 82, 0, 124, 0, 667, -1, 0, 0, 723, 0, 371, 0, 0, 0, 849, 729, 367, 0, 0, 0, 469, 82, 719, 0],[0, 877, 70, 0, 679, 0, 611, 805, 162, 0, 903, 301, 29, 0, 0, 0, 0, 518, 0, 30, 0, 0, 0, 756, 769, 0, 660, 0, 0, 0, 0, 0, 0, 534, 0, 331, 0, 25, 684, 725, 0, 0, 0, 0, 665, 214, 936, 0, -1, 0, 883, 419, 0, 0, 0, 108, 0, 0, 433, 0, 881, 0, 0, 765, 547, 0],[0, 469, 0, 359, 642, 0, 153, 0, 0, 0, 0, 0, 14, 0, 683, 744, 26, 342, 0, 0, 0, 539, 347, 479, 29, 0, 67, 0, 0, 809, 557, 233, 694, 0, 591, 887, 86, 159, 0, 0, 890, 0, 0, 160, 964, 0, 971, 0, 0, -1, 0, 0, 0, 105, 508, 0, 368, 476, 55, 0, 0, 557, 280, 0, 0, 322],[618, 112, 582, 0, 0, 702, 677, 0, 0, 0, 0, 0, 317, 348, 226, 324, 0, 0, 463, 941, 0, 0, 0, 0, 0, 142, 0, 0, 0, 220, 685, 399, 0, 448, 0, 335, 265, 0, 216, 0, 581, 644, 699, 636, 375, 614, 0, 723, 883, 0, -1, 0, 0, 0, 0, 0, 0, 208, 452, 4, 0, 0, 0, 683, 0, 0],[832, 0, 789, 0, 0, 785, 389, 858, 0, 0, 0, 0, 996, 0, 0, 0, 0, 676, 49, 452, 0, 0, 898, 0, 912, 0, 0, 0, 0, 0, 4, 646, 0, 0, 922, 359, 0, 906, 293, 0, 12, 610, 0, 21, 0, 634, 471, 0, 419, 0, 0, -1, 780, 0, 594, 68, 861, 0, 325, 0, 462, 0, 693, 0, 185, 0],[0, 0, 196, 537, 829, 0, 445, 0, 0, 0, 0, 0, 506, 259, 0, 0, 793, 0, 0, 0, 0, 0, 202, 45, 727, 0, 0, 0, 598, 0, 0, 258, 0, 0, 348, 769, 650, 246, 480, 591, 0, 0, 120, 164, 0, 468, 0, 371, 0, 0, 0, 780, -1, 0, 155, 537, 0, 0, 140, 0, 796, 839, 812, 0, 961, 641],[85, 0, 69, 369, 132, 0, 0, 87, 80, 0, 836, 0, 0, 0, 155, 0, 0, 564, 17, 0, 592, 0, 0, 39, 0, 0, 889, 0, 0, 0, 600, 0, 0, 0, 0, 0, 290, 0, 216, 896, 0, 0, 141, 0, 0, 279, 0, 0, 0, 105, 0, 0, 0, -1, 0, 513, 0, 0, 0, 0, 0, 0, 155, 0, 0, 0],[0, 0, 0, 0, 0, 836, 0, 698, 784, 0, 0, 582, 0, 0, 449, 0, 19, 0, 789, 0, 0, 696, 223, 760, 633, 229, 0, 0, 938, 0, 62, 378, 13, 319, 0, 821, 0, 46, 0, 756, 0, 0, 124, 884, 0, 352, 275, 0, 0, 508, 0, 594, 155, 0, -1, 690, 68, 300, 807, 689, 733, 225, 0, 542, 144, 0],[0, 330, 537, 0, 751, 0, 0, 532, 4, 563, 178, 0, 794, 0, 696, 600, 592, 0, 908, 0, 675, 611, 724, 0, 0, 0, 106, 0, 453, 170, 0, 648, 878, 648, 0, 0, 0, 32, 479, 0, 992, 107, 0, 0, 546, 483, 0, 0, 108, 0, 0, 68, 537, 513, 690, -1, 678, 232, 0, 0, 0, 0, 0, 786, 749, 0],[90, 0, 793, 397, 0, 500, 394, 0, 341, 393, 850, 0, 0, 0, 0, 0, 541, 0, 45, 0, 2, 836, 0, 0, 710, 652, 0, 0, 0, 399, 241, 0, 898, 0, 0, 603, 0, 0, 0, 0, 0, 0, 0, 0, 218, 0, 0, 849, 0, 368, 0, 861, 0, 0, 68, 678, -1, 268, 930, 285, 890, 152, 822, 0, 0, 639],[0, 656, 0, 0, 0, 496, 0, 0, 841, 0, 468, 0, 0, 552, 0, 0, 484, 0, 432, 0, 584, 0, 132, 659, 0, 0, 442, 0, 253, 667, 911, 712, 591, 0, 605, 0, 86, 0, 0, 51, 0, 265, 700, 0, 566, 0, 0, 729, 0, 476, 208, 0, 0, 0, 300, 232, 268, -1, 735, 0, 387, 0, 6, 0, 621, 489],[0, 499, 0, 138, 0, 272, 0, 0, 0, 672, 0, 956, 0, 223, 0, 185, 26, 0, 106, 404, 0, 0, 349, 440, 266, 0, 288, 620, 472, 341, 403, 468, 0, 0, 0, 468, 953, 139, 847, 576, 0, 0, 0, 0, 0, 0, 51, 367, 433, 55, 452, 325, 140, 0, 807, 0, 930, 735, -1, 150, 569, 266, 452, 810, 618, 848],[0, 0, 0, 183, 0, 0, 470, 418, 275, 0, 865, 0, 918, 0, 211, 0, 0, 0, 0, 0, 0, 0, 412, 127, 0, 50, 0, 0, 0, 104, 0, 0, 143, 691, 747, 569, 634, 0, 0, 139, 379, 0, 0, 472, 0, 0, 383, 0, 0, 0, 4, 0, 0, 0, 689, 0, 285, 0, 150, -1, 178, 263, 0, 0, 451, 529],[861, 0, 0, 0, 0, 447, 392, 0, 0, 911, 0, 0, 0, 0, 0, 670, 354, 331, 0, 589, 808, 0, 901, 0, 0, 0, 0, 0, 0, 0, 0, 653, 0, 0, 906, 547, 13, 131, 0, 0, 0, 78, 0, 386, 769, 0, 0, 0, 881, 0, 0, 462, 796, 0, 733, 0, 890, 387, 569, 178, -1, 0, 581, 532, 0, 732],[444, 0, 729, 675, 0, 429, 290, 503, 0, 0, 338, 28, 204, 586, 0, 0, 0, 323, 0, 471, 0, 0, 0, 129, 434, 0, 776, 490, 811, 518, 0, 779, 559, 0, 0, 298, 0, 325, 661, 0, 0, 758, 72, 892, 0, 0, 990, 0, 0, 557, 0, 0, 839, 0, 225, 0, 152, 0, 266, 263, 0, -1, 0, 915, 778, 0],[0, 684, 0, 0, 0, 0, 751, 0, 821, 0, 772, 918, 0, 962, 775, 367, 0, 0, 0, 497, 0, 0, 0, 778, 59, 0, 0, 952, 613, 0, 666, 0, 0, 0, 0, 327, 378, 0, 922, 0, 0, 303, 320, 0, 517, 0, 547, 469, 0, 280, 0, 693, 812, 155, 0, 0, 822, 6, 452, 0, 581, 0, -1, 707, 431, 608],[958, 0, 0, 100, 322, 903, 705, 747, 718, 388, 0, 496, 590, 880, 236, 189, 477, 514, 0, 0, 456, 0, 0, 917, 462, 0, 688, 0, 0, 0, 0, 115, 727, 637, 0, 0, 0, 724, 178, 965, 632, 0, 700, 376, 276, 64, 0, 82, 765, 0, 683, 0, 0, 0, 542, 786, 0, 0, 810, 0, 532, 915, 707, -1, 0, 0],[528, 176, 74, 0, 775, 840, 124, 0, 0, 449, 0, 684, 469, 608, 919, 477, 0, 0, 0, 913, 0, 0, 642, 0, 0, 745, 820, 849, 645, 0, 0, 0, 326, 0, 0, 729, 369, 0, 801, 0, 0, 0, 0, 760, 0, 262, 916, 719, 547, 0, 0, 185, 961, 0, 144, 749, 0, 621, 618, 451, 0, 778, 431, 0, -1, 0],[0, 354, 677, 28, 820, 0, 126, 588, 156, 0, 720, 0, 860, 45, 51, 206, 0, 0, 860, 0, 0, 498, 361, 725, 0, 0, 553, 721, 0, 736, 603, 766, 224, 779, 0, 0, 542, 0, 0, 536, 782, 0, 241, 931, 0, 566, 0, 0, 0, 322, 0, 0, 641, 0, 0, 0, 639, 489, 848, 529, 732, 0, 608, 0, 0, -1]]