82
[-1, 550, 836, 1094, 849, 728, 902, 1184, 682, 1014, 486, 903, 1111, 835, 1027, 744, 1264, 630, 1272, 738, 1036, 852, 1024, 1065, 638, 357, 822, 1022, 901, 971, 661, 823, 375, 798, 963, 819, 711, 927, 1226, 1136, 834, 779, 749, 869, 1004, 1398, 1030, 894, 1139, 1021, 925, 649, 713, 711, 1023, 697, 835, 643, 1080, 696, 977, 1201, 1025, 576, 868, 1095, 589, 794, 811, 1012, 1042, 896, 998, 1121, 760, 608, 882, 924, 708, 838, 796, 940, 
550, -1, 624, 748, 928, 502, 985, 718, 309, 749, 472, 480, 1050, 934, 927, 321, 908, 459, 992, 604, 995, 800, 1099, 732, 894, 416, 587, 944, 457, 811, 463, 737, 660, 718, 596, 758, 441, 580, 1003, 718, 623, 882, 650, 592, 555, 1138, 547, 524, 639, 957, 614, 800, 452, 442, 887, 685, 889, 638, 867, 814, 812, 943, 867, 423, 929, 703, 604, 744, 895, 936, 755, 887, 884, 1068, 343, 656, 593, 676, 488, 536, 725, 776, 
836, 624, -1, 988, 940, 1025, 819, 1068, 360, 1121, 796, 708, 757, 993, 892, 894, 1022, 223, 1094, 851, 1298, 1174, 1426, 653, 934, 646, 1027, 1357, 766, 748, 715, 815, 913, 1214, 425, 536, 590, 592, 1163, 810, 840, 1149, 1175, 1111, 928, 1246, 904, 870, 892, 1340, 990, 1042, 483, 895, 822, 1068, 1173, 1033, 1227, 1009, 1065, 1139, 875, 284, 907, 805, 528, 924, 1253, 695, 1284, 1043, 1215, 1432, 357, 1028, 224, 893, 733, 969, 1198, 1354, 
1094, 748, 988, -1, 888, 555, 962, 655, 767, 276, 808, 582, 891, 811, 586, 693, 313, 913, 455, 928, 634, 590, 850, 610, 1004, 959, 608, 707, 837, 803, 512, 796, 933, 791, 818, 786, 724, 438, 353, 339, 523, 800, 900, 761, 309, 473, 495, 263, 681, 619, 527, 779, 549, 542, 565, 915, 687, 889, 363, 753, 463, 271, 765, 908, 846, 436, 853, 771, 765, 795, 733, 630, 531, 684, 797, 1042, 905, 486, 439, 700, 968, 955, 
849, 928, 940, 888, -1, 947, 311, 1394, 840, 864, 944, 822, 674, 652, 497, 1006, 876, 805, 749, 1224, 673, 661, 928, 718, 356, 698, 1104, 802, 1033, 1085, 524, 1036, 761, 1151, 1133, 650, 1017, 849, 771, 892, 947, 439, 1245, 1269, 1009, 1099, 1017, 807, 1116, 904, 1133, 545, 678, 728, 665, 1181, 667, 671, 930, 613, 941, 939, 1115, 867, 114, 804, 441, 1023, 759, 535, 1337, 730, 950, 872, 1003, 1225, 876, 1009, 554, 1208, 1316, 1389, 
728, 502, 1025, 555, 947, -1, 1069, 648, 730, 403, 483, 676, 1137, 806, 862, 424, 820, 865, 891, 665, 664, 472, 701, 905, 910, 728, 289, 607, 775, 856, 499, 718, 619, 329, 889, 895, 611, 669, 773, 752, 492, 693, 401, 365, 441, 897, 593, 401, 806, 514, 384, 611, 621, 375, 840, 524, 578, 652, 462, 630, 510, 670, 826, 810, 940, 772, 829, 625, 539, 1029, 400, 658, 479, 655, 759, 624, 989, 516, 474, 409, 514, 470, 
902, 985, 819, 962, 311, 1069, -1, 1429, 840, 1006, 942, 928, 424, 582, 453, 1141, 952, 740, 867, 1179, 874, 866, 1041, 746, 386, 780, 1155, 1052, 1142, 946, 642, 938, 784, 1241, 1034, 460, 961, 801, 866, 936, 922, 679, 1323, 1340, 1101, 1091, 1135, 919, 1219, 1054, 1164, 648, 645, 903, 561, 1194, 784, 911, 1055, 646, 958, 983, 996, 791, 234, 885, 421, 965, 907, 327, 1439, 724, 1025, 1061, 968, 1230, 811, 987, 654, 1238, 1365, 1506, 
1184, 718, 1068, 655, 1394, 648, 1429, -1, 849, 737, 813, 811, 1314, 1194, 1140, 677, 875, 1025, 1067, 721, 1166, 1035, 1212, 999, 1404, 1119, 527, 1140, 863, 847, 890, 836, 1113, 758, 724, 1095, 651, 676, 1001, 729, 639, 1269, 729, 483, 452, 907, 613, 635, 740, 1003, 408, 1163, 808, 816, 1030, 806, 1110, 1174, 794, 1119, 749, 797, 823, 962, 1360, 845, 1173, 832, 1126, 1245, 502, 1028, 847, 1147, 745, 887, 1042, 584, 844, 431, 760, 730, 
682, 309, 360, 767, 840, 730, 840, 849, -1, 851, 642, 402, 868, 941, 829, 538, 836, 232, 911, 757, 1070, 914, 1235, 524, 867, 435, 798, 1068, 446, 786, 460, 787, 782, 969, 468, 612, 494, 486, 985, 619, 704, 941, 930, 853, 641, 1132, 587, 583, 606, 1101, 779, 879, 343, 565, 793, 904, 986, 738, 981, 880, 903, 968, 874, 289, 832, 588, 461, 843, 1037, 754, 1003, 931, 1014, 1187, 201, 880, 284, 754, 490, 752, 989, 1069, 
1014, 749, 1121, 276, 864, 403, 1006, 737, 851, -1, 774, 650, 1035, 800, 677, 629, 507, 997, 558, 949, 448, 371, 669, 769, 951, 922, 547, 461, 866, 933, 500, 859, 848, 639, 988, 900, 805, 630, 411, 560, 580, 645, 776, 685, 378, 622, 549, 287, 769, 397, 538, 660, 656, 436, 700, 844, 538, 748, 176, 674, 459, 376, 882, 984, 845, 590, 885, 785, 567, 924, 620, 606, 410, 457, 908, 978, 1040, 564, 442, 687, 868, 800, 
486, 472, 796, 808, 944, 483, 942, 813, 642, 774, -1, 846, 975, 643, 865, 675, 1053, 653, 1127, 319, 925, 759, 831, 984, 767, 624, 411, 974, 918, 573, 595, 393, 343, 483, 699, 665, 340, 636, 1002, 924, 398, 824, 460, 525, 740, 1035, 878, 684, 1035, 802, 495, 590, 525, 661, 777, 297, 678, 836, 800, 541, 586, 871, 593, 532, 913, 960, 688, 346, 687, 909, 715, 616, 664, 965, 620, 305, 868, 483, 583, 427, 461, 703, 
903, 480, 708, 582, 822, 676, 928, 811, 402, 650, 846, -1, 982, 1042, 801, 433, 573, 604, 636, 995, 908, 773, 1192, 368, 974, 618, 832, 848, 303, 999, 405, 994, 956, 993, 729, 813, 740, 549, 786, 399, 797, 864, 1000, 882, 450, 1026, 281, 383, 303, 982, 800, 913, 492, 390, 829, 1058, 954, 628, 818, 946, 897, 836, 1043, 675, 833, 294, 633, 1008, 996, 838, 941, 966, 960, 1019, 526, 1087, 537, 817, 427, 835, 1097, 1058, 
1111, 1050, 757, 891, 674, 1137, 424, 1314, 868, 1035, 975, 982, -1, 616, 409, 1233, 875, 778, 864, 1114, 1025, 1033, 1145, 725, 724, 996, 1133, 1240, 1224, 723, 767, 808, 940, 1289, 860, 330, 873, 648, 833, 843, 823, 953, 1372, 1336, 1067, 895, 1147, 934, 1223, 1138, 1089, 845, 611, 1039, 371, 1202, 916, 1182, 1065, 769, 882, 873, 777, 801, 570, 865, 629, 884, 1068, 167, 1437, 713, 1019, 1183, 922, 1260, 789, 862, 742, 1192, 1386, 1562, 
835, 934, 993, 811, 652, 806, 582, 1194, 941, 800, 643, 1042, 616, -1, 478, 1079, 971, 891, 957, 859, 689, 680, 597, 979, 489, 896, 794, 924, 1254, 658, 663, 561, 505, 839, 992, 504, 759, 725, 760, 971, 570, 620, 966, 1018, 970, 821, 1128, 825, 1296, 697, 826, 367, 637, 864, 446, 783, 422, 985, 760, 231, 536, 722, 633, 840, 569, 1000, 681, 518, 556, 592, 1102, 237, 591, 788, 991, 878, 1044, 634, 627, 920, 971, 1167, 
1027, 927, 892, 586, 497, 862, 453, 1140, 829, 677, 865, 801, 409, 478, -1, 1015, 594, 830, 546, 1063, 631, 667, 828, 615, 625, 907, 916, 858, 1080, 769, 528, 780, 815, 1043, 919, 459, 834, 553, 452, 643, 666, 639, 1165, 1127, 812, 644, 915, 650, 1043, 772, 886, 592, 522, 763, 215, 1059, 595, 934, 701, 546, 624, 553, 767, 850, 401, 654, 603, 788, 749, 318, 1175, 465, 705, 790, 914, 1157, 857, 694, 483, 1025, 1208, 1314, 
744, 321, 894, 693, 1006, 424, 1141, 677, 538, 629, 675, 433, 1233, 1079, 1015, -1, 845, 735, 922, 816, 919, 719, 1087, 778, 1038, 592, 611, 783, 386, 1030, 517, 947, 831, 703, 828, 982, 685, 716, 953, 698, 749, 872, 659, 564, 442, 1140, 377, 443, 506, 880, 642, 874, 640, 316, 1013, 809, 906, 557, 772, 920, 855, 918, 1051, 731, 1025, 662, 796, 915, 882, 1100, 636, 978, 871, 963, 596, 821, 801, 775, 537, 596, 777, 675, 
1264, 908, 1022, 313, 876, 820, 952, 875, 836, 507, 1053, 573, 875, 971, 594, 845, -1, 977, 224, 1184, 749, 750, 1069, 470, 1088, 1055, 909, 819, 860, 992, 612, 1029, 1142, 1089, 925, 859, 932, 556, 359, 257, 787, 899, 1189, 1047, 505, 587, 551, 443, 654, 845, 826, 951, 660, 673, 633, 1203, 880, 966, 610, 942, 742, 468, 978, 1018, 840, 303, 894, 1031, 975, 769, 1020, 832, 805, 844, 899, 1313, 892, 759, 560, 983, 1265, 1236, 
630, 459, 223, 913, 805, 865, 740, 1025, 232, 997, 653, 604, 778, 891, 830, 735, 977, -1, 1029, 775, 1148, 1004, 1276, 627, 779, 425, 908, 1184, 654, 759, 554, 766, 738, 1062, 504, 512, 529, 572, 1085, 780, 762, 971, 1024, 987, 837, 1218, 810, 754, 830, 1192, 901, 874, 390, 721, 789, 940, 1020, 826, 1107, 864, 974, 1073, 869, 155, 789, 750, 370, 842, 1083, 684, 1160, 939, 1095, 1280, 318, 895, 271, 829, 587, 869, 1063, 1201, 
1272, 992, 1094, 455, 749, 891, 867, 1067, 911, 558, 1127, 636, 864, 957, 546, 922, 224, 1029, -1, 1305, 658, 698, 1040, 499, 1011, 1053, 1023, 741, 929, 1110, 614, 1129, 1149, 1164, 1072, 888, 1055, 690, 324, 429, 900, 795, 1279, 1171, 657, 688, 671, 537, 768, 835, 967, 907, 731, 690, 659, 1293, 842, 909, 655, 922, 825, 558, 1098, 1087, 726, 388, 869, 1120, 939, 743, 1142, 842, 852, 787, 1014, 1400, 954, 888, 577, 1120, 1364, 1330, 
738, 604, 851, 928, 1224, 665, 1179, 721, 757, 949, 319, 995, 1114, 859, 1063, 816, 1184, 775, 1305, -1, 1181, 1025, 1054, 1130, 1057, 863, 467, 1230, 1035, 511, 838, 379, 640, 603, 627, 808, 312, 705, 1177, 1024, 464, 1128, 520, 517, 826, 1102, 983, 843, 1119, 1014, 493, 887, 680, 888, 923, 329, 941, 1113, 964, 810, 699, 985, 535, 630, 1180, 1099, 924, 393, 956, 1079, 734, 814, 821, 1197, 647, 309, 959, 512, 814, 370, 453, 747, 
1036, 995, 1298, 634, 673, 664, 874, 1166, 1070, 448, 925, 908, 1025, 689, 631, 919, 749, 1148, 658, 1181, -1, 222, 458, 945, 762, 987, 835, 310, 1134, 1122, 615, 1019, 820, 815, 1276, 956, 1057, 896, 474, 867, 813, 356, 989, 1002, 800, 799, 913, 638, 1107, 320, 879, 485, 840, 630, 748, 1010, 334, 732, 422, 552, 635, 597, 1070, 1149, 668, 842, 895, 924, 371, 914, 955, 559, 507, 206, 1177, 1138, 1229, 831, 584, 1009, 1075, 1047, 
852, 800, 1174, 590, 661, 472, 866, 1035, 914, 371, 759, 773, 1033, 680, 667, 719, 750, 1004, 698, 1025, 222, -1, 486, 882, 707, 809, 684, 252, 964, 1045, 474, 922, 676, 656, 1151, 897, 912, 809, 558, 806, 711, 306, 807, 828, 675, 858, 776, 511, 976, 311, 749, 406, 724, 442, 756, 854, 313, 557, 397, 494, 590, 624, 1006, 998, 668, 774, 786, 825, 299, 910, 804, 554, 474, 305, 1020, 964, 1106, 741, 455, 847, 905, 868, 
1024, 1099, 1426, 850, 928, 701, 1041, 1212, 1235, 669, 831, 1192, 1145, 597, 828, 1087, 1069, 1276, 1040, 1054, 458, 486, -1, 1253, 831, 1125, 754, 636, 1382, 1049, 843, 890, 708, 646, 1347, 1029, 1044, 1027, 774, 1140, 763, 581, 848, 936, 987, 879, 1171, 869, 1388, 299, 838, 466, 976, 870, 855, 807, 281, 977, 551, 464, 561, 727, 966, 1222, 898, 1163, 1064, 752, 252, 1082, 907, 468, 389, 387, 1293, 956, 1424, 788, 804, 946, 886, 946, 
1065, 732, 653, 610, 718, 905, 746, 999, 524, 769, 984, 368, 725, 979, 615, 778, 470, 627, 499, 1130, 945, 882, 1253, -1, 935, 777, 1012, 989, 629, 958, 497, 1012, 1052, 1197, 734, 669, 830, 499, 702, 340, 852, 911, 1239, 1126, 647, 934, 567, 546, 561, 1080, 951, 954, 481, 644, 659, 1223, 996, 842, 907, 960, 932, 804, 1011, 724, 700, 241, 590, 1058, 1090, 590, 1188, 938, 1031, 1096, 639, 1269, 478, 867, 497, 1034, 1314, 1337, 
638, 894, 934, 1004, 356, 910, 386, 1404, 867, 951, 767, 974, 724, 489, 625, 1038, 1088, 779, 1011, 1057, 762, 707, 831, 935, -1, 642, 1020, 902, 1138, 976, 605, 879, 500, 1025, 1115, 603, 920, 896, 944, 1064, 871, 470, 1106, 1187, 1093, 1179, 1148, 907, 1272, 895, 1082, 392, 695, 804, 712, 990, 595, 733, 983, 443, 895, 1021, 1008, 787, 348, 1011, 448, 854, 667, 631, 1292, 643, 906, 920, 996, 1012, 948, 953, 631, 1121, 1151, 1293, 
357, 416, 646, 959, 698, 728, 780, 1119, 435, 922, 624, 618, 996, 896, 907, 592, 1055, 425, 1053, 863, 987, 809, 1125, 777, 642, -1, 878, 950, 617, 995, 474, 908, 587, 929, 847, 736, 706, 787, 1094, 911, 851, 739, 896, 928, 857, 1326, 808, 734, 871, 1047, 937, 711, 560, 541, 935, 888, 880, 473, 1036, 773, 997, 1123, 1065, 460, 733, 833, 384, 910, 888, 866, 1077, 935, 1037, 1111, 588, 834, 613, 929, 545, 885, 972, 1044, 
822, 587, 1027, 608, 1104, 289, 1155, 527, 798, 547, 411, 832, 1133, 794, 916, 611, 909, 908, 1023, 467, 835, 684, 754, 1012, 1020, 878, -1, 851, 931, 678, 663, 536, 655, 274, 797, 879, 489, 636, 860, 819, 338, 890, 328, 241, 518, 834, 733, 542, 934, 621, 164, 719, 650, 622, 826, 352, 675, 915, 546, 674, 413, 663, 627, 814, 1070, 894, 936, 443, 665, 1061, 344, 637, 458, 806, 757, 496, 1041, 342, 618, 195, 364, 466, 
1022, 944, 1357, 707, 802, 607, 1052, 1140, 1068, 461, 974, 848, 1240, 924, 858, 783, 819, 1184, 741, 1230, 310, 252, 636, 989, 902, 950, 851, -1, 1016, 1278, 643, 1160, 898, 798, 1339, 1124, 1120, 997, 653, 907, 929, 446, 941, 950, 764, 995, 820, 626, 1008, 430, 914, 637, 925, 527, 969, 1048, 539, 582, 502, 740, 795, 763, 1237, 1193, 833, 852, 968, 1060, 488, 1107, 879, 793, 654, 329, 1185, 1153, 1260, 947, 636, 1006, 1057, 937, 
901, 457, 766, 837, 1033, 775, 1142, 863, 446, 866, 918, 303, 1224, 1254, 1080, 386, 860, 654, 929, 1035, 1134, 964, 1382, 629, 1138, 617, 931, 1016, -1, 1155, 619, 1134, 1055, 1068, 805, 1012, 825, 765, 1073, 669, 967, 1050, 1018, 905, 616, 1291, 404, 609, 331, 1176, 919, 1092, 688, 526, 1093, 1117, 1156, 674, 1033, 1137, 1104, 1095, 1213, 719, 1060, 584, 778, 1150, 1167, 1084, 989, 1191, 1159, 1226, 543, 1103, 606, 992, 658, 887, 1119, 1051, 
971, 811, 748, 803, 1085, 856, 946, 847, 786, 933, 573, 999, 723, 658, 769, 1030, 992, 759, 1110, 511, 1122, 1045, 1049, 958, 976, 995, 678, 1278, 1155, -1, 814, 223, 767, 880, 517, 508, 390, 490, 971, 868, 384, 1113, 908, 852, 855, 813, 1033, 834, 1156, 1026, 614, 870, 553, 983, 570, 688, 901, 1243, 930, 743, 589, 786, 146, 652, 1002, 975, 843, 372, 999, 746, 997, 637, 789, 1181, 694, 754, 866, 410, 764, 669, 864, 1119, 
661, 463, 715, 512, 524, 499, 642, 890, 460, 500, 595, 405, 767, 663, 528, 517, 612, 554, 614, 838, 615, 474, 843, 497, 605, 474, 663, 643, 619, 814, -1, 752, 605, 773, 760, 571, 615, 476, 622, 529, 577, 511, 832, 794, 518, 882, 544, 333, 684, 698, 678, 511, 315, 277, 576, 825, 580, 484, 621, 549, 639, 671, 839, 580, 521, 473, 398, 735, 639, 622, 871, 612, 681, 750, 595, 877, 633, 628, 82, 737, 917, 954, 
823, 737, 815, 796, 1036, 718, 938, 836, 787, 859, 393, 994, 808, 561, 780, 947, 1029, 766, 1129, 379, 1019, 922, 890, 1012, 879, 908, 536, 1160, 1134, 223, 752, -1, 586, 694, 623, 552, 350, 554, 962, 918, 290, 993, 727, 719, 827, 849, 1017, 791, 1168, 891, 522, 724, 555, 895, 613, 483, 761, 1132, 843, 599, 495, 775, 220, 643, 963, 1007, 810, 162, 835, 805, 873, 533, 664, 1061, 717, 561, 926, 350, 707, 554, 678, 955, 
375, 660, 913, 933, 761, 619, 784, 1113, 782, 848, 343, 956, 940, 505, 815, 831, 1142, 738, 1149, 640, 820, 676, 708, 1052, 500, 587, 655, 898, 1055, 767, 605, 586, -1, 620, 948, 672, 631, 810, 1017, 1063, 608, 623, 659, 790, 932, 1135, 1044, 808, 1204, 766, 760, 370, 636, 710, 791, 518, 540, 746, 859, 364, 693, 960, 782, 657, 742, 1059, 611, 515, 542, 866, 935, 565, 708, 889, 836, 522, 974, 700, 613, 737, 680, 884, 
798, 718, 1214, 791, 1151, 329, 1241, 758, 969, 639, 483, 993, 1289, 839, 1043, 703, 1089, 1062, 1164, 603, 815, 656, 646, 1197, 1025, 929, 274, 798, 1068, 880, 773, 694, 620, -1, 1039, 1035, 698, 871, 978, 1032, 549, 852, 214, 332, 716, 1001, 902, 705, 1112, 563, 431, 687, 835, 692, 986, 333, 636, 898, 607, 673, 543, 815, 821, 968, 1132, 1078, 1036, 558, 564, 1211, 378, 696, 484, 749, 959, 475, 1229, 571, 742, 408, 279, 344, 
963, 596, 425, 818, 1133, 889, 1034, 724, 468, 988, 699, 729, 860, 992, 919, 828, 925, 504, 1072, 627, 1276, 1151, 1347, 734, 1115, 847, 797, 1339, 805, 517, 760, 623, 948, 1039, -1, 623, 369, 417, 1077, 698, 620, 1228, 996, 871, 733, 1031, 792, 758, 822, 1232, 712, 1076, 476, 887, 778, 891, 1140, 1152, 1071, 1008, 869, 955, 624, 446, 1082, 778, 774, 742, 1217, 824, 1034, 964, 1050, 1361, 303, 889, 505, 638, 739, 702, 997, 1157, 
819, 758, 536, 786, 650, 895, 460, 1095, 612, 900, 665, 813, 330, 504, 459, 982, 859, 512, 888, 808, 956, 897, 1029, 669, 603, 736, 879, 1124, 1012, 508, 571, 552, 672, 1035, 623, -1, 570, 463, 839, 758, 589, 844, 1086, 1063, 883, 899, 971, 761, 1063, 1010, 853, 680, 356, 834, 365, 914, 787, 991, 945, 601, 725, 817, 589, 497, 566, 783, 429, 635, 912, 296, 1197, 594, 872, 1096, 651, 950, 608, 651, 552, 916, 1098, 1292, 
711, 441, 590, 724, 1017, 611, 961, 651, 494, 805, 340, 740, 873, 759, 834, 685, 932, 529, 1055, 312, 1057, 912, 1044, 830, 920, 706, 489, 1120, 825, 390, 615, 350, 631, 698, 369, 570, -1, 416, 976, 752, 347, 1001, 663, 592, 641, 946, 771, 635, 888, 960, 458, 801, 393, 718, 698, 528, 864, 974, 858, 730, 620, 823, 458, 406, 969, 823, 694, 422, 917, 822, 781, 716, 776, 1115, 389, 541, 674, 402, 588, 420, 656, 862, 
927, 580, 592, 438, 849, 669, 801, 676, 486, 630, 636, 549, 648, 725, 553, 716, 556, 572, 690, 705, 896, 809, 1027, 499, 896, 787, 636, 997, 765, 490, 476, 554, 810, 871, 417, 463, 416, -1, 660, 388, 401, 909, 912, 790, 480, 673, 600, 438, 708, 887, 545, 795, 242, 638, 435, 830, 811, 944, 708, 732, 557, 565, 529, 552, 789, 487, 629, 616, 910, 577, 886, 645, 726, 991, 465, 901, 572, 408, 422, 645, 944, 1055, 
1226, 1003, 1163, 353, 771, 773, 866, 1001, 985, 411, 1002, 786, 833, 760, 452, 953, 359, 1085, 324, 1177, 474, 558, 774, 702, 944, 1094, 860, 653, 1073, 971, 622, 962, 1017, 978, 1077, 839, 976, 660, -1, 548, 729, 703, 1131, 1045, 643, 445, 771, 523, 935, 589, 812, 746, 720, 706, 530, 1117, 622, 955, 422, 733, 575, 296, 922, 1099, 723, 582, 908, 924, 732, 742, 1000, 599, 582, 566, 1057, 1256, 1076, 709, 558, 994, 1198, 1195, 
1136, 718, 810, 339, 892, 752, 936, 729, 619, 560, 924, 399, 843, 971, 643, 698, 257, 780, 429, 1024, 867, 806, 1140, 340, 1064, 911, 819, 907, 669, 868, 529, 918, 1063, 1032, 698, 758, 752, 388, 548, -1, 695, 945, 1089, 931, 389, 696, 401, 363, 478, 924, 726, 954, 502, 597, 632, 1098, 928, 915, 690, 938, 742, 566, 882, 820, 859, 176, 783, 945, 1014, 735, 951, 853, 844, 965, 662, 1181, 679, 676, 486, 847, 1160, 1154, 
834, 623, 840, 523, 947, 492, 922, 639, 704, 580, 398, 797, 823, 570, 666, 749, 787, 762, 900, 464, 813, 711, 763, 852, 871, 851, 338, 929, 967, 384, 577, 290, 608, 549, 620, 589, 347, 401, 729, 695, -1, 850, 622, 555, 560, 655, 776, 530, 953, 678, 293, 639, 446, 678, 528, 485, 620, 972, 575, 542, 276, 530, 337, 671, 885, 790, 772, 262, 690, 777, 662, 439, 454, 844, 661, 611, 880, 97, 515, 409, 622, 801, 
779, 882, 1149, 800, 439, 693, 679, 1269, 941, 645, 824, 864, 953, 620, 639, 872, 899, 971, 795, 1128, 356, 306, 581, 911, 470, 739, 890, 446, 1050, 1113, 511, 993, 623, 852, 1228, 844, 1001, 909, 703, 945, 850, -1, 981, 1042, 898, 1032, 957, 705, 1122, 553, 964, 312, 762, 578, 772, 975, 363, 522, 675, 451, 770, 825, 1099, 983, 471, 880, 668, 913, 382, 826, 1065, 604, 687, 513, 1080, 1050, 1093, 905, 524, 1038, 1067, 1087, 
749, 650, 1175, 900, 1245, 401, 1323, 729, 930, 776, 460, 1000, 1372, 966, 1165, 659, 1189, 1024, 1279, 520, 989, 807, 848, 1239, 1106, 896, 328, 941, 1018, 908, 832, 727, 659, 214, 996, 1086, 663, 912, 1131, 1089, 622, 981, -1, 249, 758, 1150, 912, 774, 1098, 764, 476, 815, 865, 735, 1097, 298, 809, 926, 779, 805, 697, 966, 874, 920, 1233, 1131, 1062, 619, 738, 1292, 391, 851, 679, 941, 898, 363, 1201, 651, 814, 352, 145, 261, 
869, 592, 1111, 761, 1269, 365, 1340, 483, 853, 685, 525, 882, 1336, 1018, 1127, 564, 1047, 987, 1171, 517, 1002, 828, 936, 1126, 1187, 928, 241, 950, 905, 852, 794, 719, 790, 332, 871, 1063, 592, 790, 1045, 931, 555, 1042, 249, -1, 578, 1034, 746, 652, 928, 786, 319, 901, 797, 685, 1045, 426, 871, 959, 710, 880, 649, 859, 818, 894, 1250, 994, 1067, 641, 831, 1255, 236, 872, 670, 959, 796, 508, 1116, 555, 765, 192, 312, 301, 
1004, 555, 928, 309, 1009, 441, 1101, 452, 641, 378, 740, 450, 1067, 970, 812, 442, 505, 837, 657, 826, 800, 675, 987, 647, 1093, 857, 518, 764, 616, 855, 518, 827, 932, 716, 733, 883, 641, 480, 643, 389, 560, 898, 758, 578, -1, 745, 265, 205, 476, 741, 446, 874, 557, 435, 777, 840, 824, 812, 512, 869, 604, 552, 841, 826, 989, 456, 870, 806, 855, 957, 572, 807, 664, 830, 650, 932, 836, 534, 472, 545, 843, 780, 
1398, 1138, 1246, 473, 1099, 897, 1091, 907, 1132, 622, 1035, 1026, 895, 821, 644, 1140, 587, 1218, 688, 1102, 799, 858, 879, 934, 1179, 1326, 834, 995, 1291, 813, 882, 849, 1135, 1001, 1031, 899, 946, 673, 445, 696, 655, 1032, 1150, 1034, 745, -1, 956, 722, 1121, 747, 736, 948, 834, 978, 565, 1081, 806, 1291, 554, 864, 494, 249, 722, 1189, 1020, 823, 1133, 829, 921, 876, 991, 632, 588, 812, 1126, 1244, 1216, 592, 801, 945, 1171, 1229, 
1030, 547, 904, 495, 1017, 593, 1135, 613, 587, 549, 878, 281, 1147, 1128, 915, 377, 551, 810, 671, 983, 913, 776, 1171, 567, 1148, 808, 733, 820, 404, 1033, 544, 1017, 1044, 902, 792, 971, 771, 600, 771, 401, 776, 957, 912, 746, 265, 956, -1, 323, 230, 920, 683, 994, 626, 421, 917, 1020, 979, 744, 715, 1017, 844, 764, 1047, 839, 1020, 380, 861, 1011, 1002, 1017, 754, 998, 892, 972, 637, 1076, 761, 767, 533, 732, 1014, 914, 
894, 524, 870, 263, 807, 401, 919, 635, 583, 287, 684, 383, 934, 825, 650, 443, 443, 754, 537, 843, 638, 511, 869, 546, 907, 734, 542, 626, 609, 834, 333, 791, 808, 705, 758, 761, 635, 438, 523, 363, 530, 705, 774, 652, 205, 722, 323, -1, 529, 637, 508, 705, 449, 295, 653, 828, 670, 663, 444, 715, 550, 499, 826, 757, 791, 379, 710, 763, 714, 810, 664, 680, 593, 706, 645, 919, 772, 530, 284, 614, 866, 831, 
1139, 639, 892, 681, 1116, 806, 1219, 740, 606, 769, 1035, 303, 1223, 1296, 1043, 506, 654, 830, 768, 1119, 1107, 976, 1388, 561, 1272, 871, 934, 1008, 331, 1156, 684, 1168, 1204, 1112, 822, 1063, 888, 708, 935, 478, 953, 1122, 1098, 928, 476, 1121, 230, 529, -1, 1143, 876, 1173, 732, 592, 1049, 1201, 1181, 850, 936, 1199, 1050, 952, 1191, 886, 1125, 426, 928, 1185, 1210, 1093, 954, 1187, 1113, 1183, 656, 1233, 719, 947, 689, 903, 1196, 1100, 
1021, 957, 1340, 619, 904, 514, 1054, 1003, 1101, 397, 802, 982, 1138, 697, 772, 880, 845, 1192, 835, 1014, 320, 311, 299, 1080, 895, 1047, 621, 430, 1176, 1026, 698, 891, 766, 563, 1232, 1010, 960, 887, 589, 924, 678, 553, 764, 786, 741, 747, 920, 637, 1143, -1, 684, 522, 865, 667, 807, 798, 318, 845, 282, 542, 467, 546, 947, 1153, 884, 946, 1012, 765, 290, 1048, 714, 506, 270, 204, 1160, 953, 1302, 683, 652, 813, 835, 809, 
925, 614, 990, 527, 1133, 384, 1164, 408, 779, 538, 495, 800, 1089, 826, 886, 642, 826, 901, 967, 493, 879, 749, 838, 951, 1082, 937, 164, 914, 919, 614, 678, 522, 760, 431, 712, 853, 458, 545, 812, 726, 293, 964, 476, 319, 446, 736, 683, 508, 876, 684, -1, 801, 618, 659, 775, 472, 746, 992, 544, 741, 390, 589, 559, 813, 1091, 827, 956, 465, 765, 1025, 393, 657, 490, 859, 716, 608, 999, 257, 622, 211, 496, 583, 
649, 800, 1042, 779, 545, 611, 648, 1163, 879, 660, 590, 913, 845, 367, 592, 874, 951, 874, 907, 887, 485, 406, 466, 954, 392, 711, 719, 637, 1092, 870, 511, 724, 370, 687, 1076, 680, 801, 795, 746, 954, 639, 312, 815, 901, 874, 948, 994, 705, 1173, 522, 801, -1, 650, 633, 645, 732, 227, 674, 652, 156, 589, 763, 851, 841, 523, 936, 621, 637, 287, 752, 966, 380, 544, 588, 973, 813, 1044, 709, 503, 865, 867, 980, 
713, 452, 483, 549, 678, 621, 645, 808, 343, 656, 525, 492, 611, 637, 522, 640, 660, 390, 731, 680, 840, 724, 976, 481, 695, 560, 650, 925, 688, 553, 315, 555, 636, 835, 476, 356, 393, 242, 720, 502, 446, 762, 865, 797, 557, 834, 626, 449, 732, 865, 618, 650, -1, 530, 459, 779, 727, 767, 748, 613, 614, 683, 615, 382, 632, 522, 399, 603, 816, 506, 922, 612, 746, 960, 399, 819, 468, 501, 293, 671, 909, 1031, 
711, 442, 895, 542, 728, 375, 903, 816, 565, 436, 661, 390, 1039, 864, 763, 316, 673, 721, 690, 888, 630, 442, 870, 644, 804, 541, 622, 527, 526, 983, 277, 895, 710, 692, 887, 834, 718, 638, 706, 597, 678, 578, 735, 685, 435, 978, 421, 295, 592, 667, 659, 633, 530, -1, 810, 829, 657, 379, 585, 700, 713, 739, 992, 737, 750, 533, 632, 849, 654, 895, 722, 767, 703, 713, 682, 880, 791, 712, 301, 693, 852, 788, 
1023, 887, 822, 565, 665, 840, 561, 1030, 793, 700, 777, 829, 371, 446, 215, 1013, 633, 789, 659, 923, 748, 756, 855, 659, 712, 935, 826, 969, 1093, 570, 576, 613, 791, 986, 778, 365, 698, 435, 530, 632, 528, 772, 1097, 1045, 777, 565, 917, 653, 1049, 807, 775, 645, 459, 810, -1, 957, 644, 1032, 709, 554, 528, 512, 568, 778, 565, 692, 646, 645, 797, 338, 1111, 418, 667, 873, 832, 1059, 826, 550, 518, 916, 1118, 1263, 
697, 685, 1068, 915, 1181, 524, 1194, 806, 904, 844, 297, 1058, 1202, 783, 1059, 809, 1203, 940, 1293, 329, 1010, 854, 807, 1223, 990, 888, 352, 1048, 1117, 688, 825, 483, 518, 333, 891, 914, 528, 830, 1117, 1098, 485, 975, 298, 426, 840, 1081, 1020, 828, 1201, 798, 472, 732, 779, 829, 957, -1, 754, 1020, 824, 674, 605, 933, 656, 812, 1147, 1157, 977, 375, 726, 1151, 598, 707, 644, 989, 853, 194, 1141, 535, 799, 379, 222, 551, 
835, 889, 1173, 687, 667, 578, 784, 1110, 986, 538, 678, 954, 916, 422, 595, 906, 880, 1020, 842, 941, 334, 313, 281, 996, 595, 880, 675, 539, 1156, 901, 580, 761, 540, 636, 1140, 787, 864, 811, 622, 928, 620, 363, 809, 871, 824, 806, 979, 670, 1181, 318, 746, 227, 727, 657, 644, 754, -1, 767, 482, 249, 475, 621, 849, 983, 636, 932, 788, 651, 165, 832, 885, 314, 372, 393, 1065, 879, 1160, 664, 546, 851, 864, 938, 
643, 638, 1033, 889, 671, 652, 911, 1174, 738, 748, 836, 628, 1182, 985, 934, 557, 966, 826, 909, 1113, 732, 557, 977, 842, 733, 473, 915, 582, 674, 1243, 484, 1132, 746, 898, 1152, 991, 974, 944, 955, 915, 972, 522, 926, 959, 812, 1291, 744, 663, 850, 845, 992, 674, 767, 379, 1032, 1020, 767, -1, 869, 798, 1001, 1052, 1266, 868, 743, 803, 651, 1078, 730, 1027, 1009, 956, 953, 841, 901, 1028, 929, 1028, 550, 988, 1047, 983, 
1080, 867, 1227, 363, 930, 462, 1055, 794, 981, 176, 800, 818, 1065, 760, 701, 772, 610, 1107, 655, 964, 422, 397, 551, 907, 983, 1036, 546, 502, 1033, 930, 621, 843, 859, 607, 1071, 945, 858, 708, 422, 690, 575, 675, 779, 710, 512, 554, 715, 444, 936, 282, 544, 652, 748, 585, 709, 824, 482, 869, -1, 645, 379, 327, 854, 1077, 899, 740, 981, 749, 513, 973, 625, 541, 280, 375, 1023, 982, 1169, 551, 557, 713, 854, 808, 
696, 814, 1009, 753, 613, 630, 646, 1119, 880, 674, 541, 946, 769, 231, 546, 920, 942, 864, 922, 810, 552, 494, 464, 960, 443, 773, 674, 740, 1137, 743, 549, 599, 364, 673, 1008, 601, 730, 732, 733, 938, 542, 451, 805, 880, 869, 864, 1017, 715, 1199, 542, 741, 156, 613, 700, 554, 674, 249, 798, 645, -1, 496, 705, 716, 814, 563, 948, 644, 515, 352, 701, 955, 253, 490, 639, 948, 769, 1034, 613, 523, 818, 835, 991, 
977, 812, 1065, 463, 941, 510, 958, 749, 903, 459, 586, 897, 882, 536, 624, 855, 742, 974, 825, 699, 635, 590, 561, 932, 895, 997, 413, 795, 1104, 589, 639, 495, 693, 543, 869, 725, 620, 557, 575, 742, 276, 770, 697, 649, 604, 494, 844, 550, 1050, 467, 390, 589, 614, 713, 528, 605, 475, 1001, 379, 496, -1, 355, 495, 904, 877, 834, 895, 407, 554, 835, 665, 318, 213, 632, 897, 773, 1075, 256, 565, 566, 712, 830, 
1201, 943, 1139, 271, 939, 670, 983, 797, 968, 376, 871, 836, 873, 722, 553, 918, 468, 1073, 558, 985, 597, 624, 727, 804, 1021, 1123, 663, 763, 1095, 786, 671, 775, 960, 815, 955, 817, 823, 565, 296, 566, 530, 825, 966, 859, 552, 249, 764, 499, 952, 546, 589, 763, 683, 739, 512, 933, 621, 1052, 327, 705, 355, -1, 709, 1049, 876, 669, 970, 732, 722, 813, 815, 513, 416, 617, 986, 1090, 1091, 481, 590, 792, 1010, 1038, 
1025, 867, 875, 765, 1115, 826, 996, 823, 874, 882, 593, 1043, 777, 633, 767, 1051, 978, 869, 1098, 535, 1070, 1006, 966, 1011, 1008, 1065, 627, 1237, 1213, 146, 839, 220, 782, 821, 624, 589, 458, 529, 922, 882, 337, 1099, 874, 818, 841, 722, 1047, 826, 1191, 947, 559, 851, 615, 992, 568, 656, 849, 1266, 854, 716, 495, 709, -1, 763, 1030, 1000, 919, 321, 945, 800, 939, 575, 696, 1109, 790, 756, 975, 343, 780, 644, 826, 1074, 
576, 423, 284, 908, 867, 810, 791, 962, 289, 984, 532, 675, 801, 840, 850, 731, 1018, 155, 1087, 630, 1149, 998, 1222, 724, 787, 460, 814, 1193, 719, 652, 580, 643, 657, 968, 446, 497, 406, 552, 1099, 820, 671, 983, 920, 894, 826, 1189, 839, 757, 886, 1153, 813, 841, 382, 737, 778, 812, 983, 868, 1077, 814, 904, 1049, 763, -1, 841, 817, 440, 723, 1041, 724, 1083, 884, 1033, 1263, 295, 760, 395, 743, 601, 765, 944, 1115, 
868, 929, 907, 846, 114, 940, 234, 1360, 832, 845, 913, 833, 570, 569, 401, 1025, 840, 789, 726, 1180, 668, 668, 898, 700, 348, 733, 1070, 833, 1060, 1002, 521, 963, 742, 1132, 1082, 566, 969, 789, 723, 859, 885, 471, 1233, 1250, 989, 1020, 1020, 791, 1125, 884, 1091, 523, 632, 750, 565, 1147, 636, 743, 899, 563, 877, 876, 1030, 841, -1, 790, 436, 957, 748, 438, 1320, 656, 903, 865, 979, 1200, 859, 945, 536, 1176, 1294, 1387, 
1095, 703, 805, 436, 804, 772, 885, 845, 588, 590, 960, 294, 865, 1000, 654, 662, 303, 750, 388, 1099, 842, 774, 1163, 241, 1011, 833, 894, 852, 584, 975, 473, 1007, 1059, 1078, 778, 783, 823, 487, 582, 176, 790, 880, 1131, 994, 456, 823, 380, 379, 426, 946, 827, 936, 522, 533, 692, 1157, 932, 803, 740, 948, 834, 669, 1000, 817, 790, -1, 717, 1027, 1010, 732, 1017, 903, 910, 962, 680, 1226, 640, 787, 454, 928, 1217, 1191, 
589, 604, 528, 853, 441, 829, 421, 1173, 461, 885, 688, 633, 629, 681, 603, 796, 894, 370, 869, 924, 895, 786, 1064, 590, 448, 384, 936, 968, 778, 843, 398, 810, 611, 1036, 774, 429, 694, 629, 908, 783, 772, 668, 1062, 1067, 870, 1133, 861, 710, 928, 1012, 956, 621, 399, 632, 646, 977, 788, 651, 981, 644, 895, 970, 919, 440, 436, 717, -1, 843, 865, 496, 1200, 763, 972, 1059, 616, 971, 504, 848, 446, 975, 1118, 1238, 
794, 744, 924, 771, 1023, 625, 965, 832, 843, 785, 346, 1008, 884, 518, 788, 915, 1031, 842, 1120, 393, 924, 825, 752, 1058, 854, 910, 443, 1060, 1150, 372, 735, 162, 515, 558, 742, 635, 422, 616, 924, 945, 262, 913, 619, 641, 806, 829, 1011, 763, 1185, 765, 465, 637, 603, 849, 645, 375, 651, 1078, 749, 515, 407, 732, 321, 723, 957, 1027, 843, -1, 708, 866, 778, 456, 542, 944, 793, 493, 1014, 326, 688, 505, 573, 847, 
811, 895, 1253, 765, 759, 539, 907, 1126, 1037, 567, 687, 996, 1068, 556, 749, 882, 975, 1083, 939, 956, 371, 299, 252, 1090, 667, 888, 665, 488, 1167, 999, 639, 835, 542, 564, 1217, 912, 917, 910, 732, 1014, 690, 382, 738, 831, 855, 921, 1002, 714, 1210, 290, 765, 287, 816, 654, 797, 726, 165, 730, 513, 352, 554, 722, 945, 1041, 748, 1010, 865, 708, -1, 976, 832, 454, 411, 373, 1116, 846, 1237, 735, 616, 844, 804, 847, 
1012, 936, 695, 795, 535, 1029, 327, 1245, 754, 924, 909, 838, 167, 592, 318, 1100, 769, 684, 743, 1079, 914, 910, 1082, 590, 631, 866, 1061, 1107, 1084, 746, 622, 805, 866, 1211, 824, 296, 822, 577, 742, 735, 777, 826, 1292, 1255, 957, 876, 1017, 810, 1093, 1048, 1025, 752, 506, 895, 338, 1151, 832, 1027, 973, 701, 835, 813, 800, 724, 438, 732, 496, 866, 976, -1, 1351, 672, 955, 1083, 836, 1207, 692, 821, 603, 1125, 1322, 1470, 
1042, 755, 1284, 733, 1337, 400, 1439, 502, 1003, 620, 715, 941, 1437, 1102, 1175, 636, 1020, 1160, 1142, 734, 955, 804, 907, 1188, 1292, 1077, 344, 879, 989, 997, 871, 873, 935, 378, 1034, 1197, 781, 886, 1000, 951, 662, 1065, 391, 236, 572, 991, 754, 664, 954, 714, 393, 966, 922, 722, 1111, 598, 885, 1009, 625, 955, 665, 815, 939, 1083, 1320, 1017, 1200, 778, 832, 1351, -1, 920, 636, 873, 965, 714, 1262, 637, 834, 384, 467, 290, 
896, 887, 1043, 630, 730, 658, 724, 1028, 931, 606, 616, 966, 713, 237, 465, 978, 832, 939, 842, 814, 559, 554, 468, 938, 643, 935, 637, 793, 1191, 637, 612, 533, 565, 696, 964, 594, 716, 645, 599, 853, 439, 604, 851, 872, 807, 632, 998, 680, 1187, 506, 657, 380, 612, 767, 418, 707, 314, 956, 541, 253, 318, 513, 575, 884, 656, 903, 763, 456, 454, 672, 920, -1, 364, 621, 968, 843, 1067, 479, 555, 788, 866, 1022, 
998, 884, 1215, 531, 950, 479, 1025, 847, 1014, 410, 664, 960, 1019, 591, 705, 871, 805, 1095, 852, 821, 507, 474, 389, 1031, 906, 1037, 458, 654, 1159, 789, 681, 664, 708, 484, 1050, 872, 776, 726, 582, 844, 454, 687, 679, 670, 664, 588, 892, 593, 1113, 270, 490, 544, 746, 703, 667, 644, 372, 953, 280, 490, 213, 416, 696, 1033, 903, 910, 972, 542, 411, 955, 636, 364, -1, 453, 1033, 819, 1207, 446, 617, 647, 715, 774, 
1121, 1068, 1432, 684, 872, 655, 1061, 1147, 1187, 457, 965, 1019, 1183, 788, 790, 963, 844, 1280, 787, 1197, 206, 305, 387, 1096, 920, 1111, 806, 329, 1226, 1181, 750, 1061, 889, 749, 1361, 1096, 1115, 991, 566, 965, 844, 513, 941, 959, 830, 812, 972, 706, 1183, 204, 859, 588, 960, 713, 873, 989, 393, 841, 375, 639, 632, 617, 1109, 1263, 865, 962, 1059, 944, 373, 1083, 873, 621, 453, -1, 1272, 1134, 1370, 849, 712, 992, 1025, 966, 
760, 343, 357, 797, 1003, 759, 968, 745, 201, 908, 620, 526, 922, 991, 914, 596, 899, 318, 1014, 647, 1177, 1020, 1293, 639, 996, 588, 757, 1185, 543, 694, 595, 717, 836, 959, 303, 651, 389, 465, 1057, 662, 661, 1080, 898, 796, 650, 1126, 637, 645, 656, 1160, 716, 973, 399, 682, 832, 853, 1065, 901, 1023, 948, 897, 986, 790, 295, 979, 680, 616, 793, 1116, 836, 965, 968, 1033, 1272, -1, 825, 363, 701, 603, 670, 935, 1043, 
608, 656, 1028, 1042, 1225, 624, 1230, 887, 880, 978, 305, 1087, 1260, 878, 1157, 821, 1313, 895, 1400, 309, 1138, 964, 956, 1269, 1012, 834, 496, 1153, 1103, 754, 877, 561, 522, 475, 889, 950, 541, 901, 1256, 1181, 611, 1050, 363, 508, 932, 1244, 1076, 919, 1233, 953, 608, 813, 819, 880, 1059, 194, 879, 1028, 982, 769, 773, 1090, 756, 760, 1200, 1226, 971, 493, 846, 1207, 714, 843, 819, 1134, 825, -1, 1117, 673, 867, 465, 294, 615, 
882, 593, 224, 905, 876, 989, 811, 1042, 284, 1040, 868, 537, 789, 1044, 857, 801, 892, 271, 954, 959, 1229, 1106, 1424, 478, 948, 613, 1041, 1260, 606, 866, 633, 926, 974, 1229, 505, 608, 674, 572, 1076, 679, 880, 1093, 1201, 1116, 836, 1216, 761, 772, 719, 1302, 999, 1044, 468, 791, 826, 1141, 1160, 929, 1169, 1034, 1075, 1091, 975, 395, 859, 640, 504, 1014, 1237, 692, 1262, 1067, 1207, 1370, 363, 1117, -1, 924, 659, 996, 1249, 1348, 
924, 676, 893, 486, 1009, 516, 987, 584, 754, 564, 483, 817, 862, 634, 694, 775, 759, 829, 888, 512, 831, 741, 788, 867, 953, 929, 342, 947, 992, 410, 628, 350, 700, 571, 638, 651, 402, 408, 709, 676, 97, 905, 651, 555, 534, 592, 767, 530, 947, 683, 257, 709, 501, 712, 550, 535, 664, 1028, 551, 613, 256, 481, 343, 743, 945, 787, 848, 326, 735, 821, 637, 479, 446, 849, 701, 673, 924, -1, 560, 411, 650, 808, 
708, 488, 733, 439, 554, 474, 654, 844, 490, 442, 583, 427, 742, 627, 483, 537, 560, 587, 577, 814, 584, 455, 804, 497, 631, 545, 618, 636, 658, 764, 82, 707, 613, 742, 739, 552, 588, 422, 558, 486, 515, 524, 814, 765, 472, 801, 533, 284, 689, 652, 622, 503, 293, 301, 518, 799, 546, 550, 557, 523, 565, 590, 780, 601, 536, 454, 446, 688, 616, 603, 834, 555, 617, 712, 603, 867, 659, 560, -1, 701, 894, 937, 
838, 536, 969, 700, 1208, 409, 1238, 431, 752, 687, 427, 835, 1192, 920, 1025, 596, 983, 869, 1120, 370, 1009, 847, 946, 1034, 1121, 885, 195, 1006, 887, 669, 737, 554, 737, 408, 702, 916, 420, 645, 994, 847, 409, 1038, 352, 192, 545, 945, 732, 614, 903, 813, 211, 865, 671, 693, 916, 379, 851, 988, 713, 818, 566, 792, 644, 765, 1176, 928, 975, 505, 844, 1125, 384, 788, 647, 992, 670, 465, 996, 411, 701, -1, 363, 486, 
796, 725, 1198, 968, 1316, 514, 1365, 760, 989, 868, 461, 1097, 1386, 971, 1208, 777, 1265, 1063, 1364, 453, 1075, 905, 886, 1314, 1151, 972, 364, 1057, 1119, 864, 917, 678, 680, 279, 997, 1098, 656, 944, 1198, 1160, 622, 1067, 145, 312, 843, 1171, 1014, 866, 1196, 835, 496, 867, 909, 852, 1118, 222, 864, 1047, 854, 835, 712, 1010, 826, 944, 1294, 1217, 1118, 573, 804, 1322, 467, 866, 715, 1025, 935, 294, 1249, 650, 894, 363, -1, 359, 
940, 776, 1354, 955, 1389, 470, 1506, 730, 1069, 800, 703, 1058, 1562, 1167, 1314, 675, 1236, 1201, 1330, 747, 1047, 868, 946, 1337, 1293, 1044, 466, 937, 1051, 1119, 954, 955, 884, 344, 1157, 1292, 862, 1055, 1195, 1154, 801, 1087, 261, 301, 780, 1229, 914, 831, 1100, 809, 583, 980, 1031, 788, 1263, 551, 938, 983, 808, 991, 830, 1038, 1074, 1115, 1387, 1191, 1238, 847, 847, 1470, 290, 1022, 774, 966, 1043, 615, 1348, 808, 937, 486, 359, -1]