51
[[-1, 22132, 45552, 34675, 21606, 31719, 31428, 22919, 43399, 25262, 11710, 33270, 29741, 33212, 10861, 24792, 26047, 24731, 35283, 35872, 24721, 36121, 40886, 18284, 23524, 10010, 25074, 7736, 8285, 35164, 25882, 4356, 32601, 32884, 44009, 40036, 20442, 36292, 41568, 12637, 23549, 37721, 9100, 35151, 32367, 39408, 36501, 44636, 45549, 28236, 34958],[22132, -1, 7490, 10228, 35214, 35705, 46123, 39117, 25336, 44547, 42405, 45392, 44664, 25264, 34796, 37034, 22675, 30362, 39803, 40118, 46025, 4276, 37741, 42978, 45342, 31643, 31063, 39160, 26303, 28668, 21299, 36826, 42054, 35159, 20215, 41672, 41068, 25203, 33563, 33103, 29027, 17564, 43610, 40971, 30377, 40356, 44523, 44010, 44309, 33568, 26788],[45552, 7490, -1, 35966, 42898, 29687, 2500, 23526, 44497, 8990, 30511, 21376, 35036, 29549, 46070, 37334, 38058, 45080, 30043, 11005, 35363, 11774, 40436, 23787, 34578, 46074, 37372, 37803, 43090, 42869, 22408, 40784, 17083, 38656, 34133, 38099, 21682, 42216, 17249, 46092, 42330, 17322, 29498, 45079, 36191, 18261, 18945, 41878, 26739, 8778, 40590],[34675, 10228, 35966, -1, 33463, 30713, 33979, 15365, 45842, 44102, 41707, 40213, 17341, 45530, 19066, 8995, 21350, 34513, 24636, 28178, 34983, 16721, 32564, 45401, 32257, 34824, 20600, 42132, 33224, 29461, 29802, 13515, 43524, 27663, 36504, 43159, 17957, 30942, 45343, 40644, 26956, 20743, 39129, 44635, 33051, 46179, 12946, 43598, 35249, 32938, 25325],[21606, 35214, 42898, 33463, -1, 44168, 33992, 35073, 41732, 27723, 27531, 45404, 31039, 27443, 25965, 37194, 23502, 34863, 38751, 43141, 43150, 18343, 22961, 15670, 35295, 38766, 4603, 34692, 38010, 34651, 43618, 44654, 45586, 40031, 41229, 36494, 41829, 25087, 35755, 26989, 36794, 46170, 21053, 43919, 40353, 19504, 38550, 35379, 33346, 41502, 45811],[31719, 35705, 29687, 30713, 44168, -1, 45764, 34606, 13104, 19923, 38837, 44929, 37040, 25758, 11462, 45970, 31479, 41161, 23136, 25410, 39628, 37434, 34067, 45463, 28796, 44458, 44726, 37148, 22497, 33802, 41389, 34455, 36083, 37387, 30553, 43062, 15093, 31342, 10283, 24313, 38976, 41696, 39092, 42299, 42105, 45814, 33493, 13176, 14750, 34969, 26790],[31428, 46123, 2500, 33979, 33992, 45764, -1, 17926, 28367, 33981, 25424, 44729, 41406, 45504, 15685, 42999, 20183, 43651, 19700, 20402, 24781, 26830, 45133, 39723, 22567, 43747, 40890, 20660, 36448, 32748, 39188, 33838, 29532, 5604, 25635, 30274, 27525, 25327, 4293, 21560, 44806, 46119, 20027, 21963, 24511, 30273, 32499, 46153, 13817, 39590, 43753],[22919, 39117, 23526, 15365, 35073, 34606, 17926, -1, 32468, 39735, 29720, 37925, 37862, 21958, 19051, 16230, 27413, 27161, 24283, 31895, 29409, 28216, 38391, 43343, 32081, 42608, 21764, 39157, 18465, 26405, 7055, 40217, 26886, 23315, 40299, 35783, 19671, 35058, 24707, 9842, 30661, 37414, 44984, 29672, 43666, 30627, 43902, 38704, 24733, 16548, 31047],[43399, 25336, 44497, 45842, 41732, 13104, 28367, 32468, -1, 17146, 34716, 9536, 39278, 37694, 46020, 41072, 17441, 28148, 40048, 37872, 34107, 34781, 37532, 42517, 28773, 25759, 30796, 24469, 45332, 38756, 33694, 17872, 42966, 14377, 22035, 42116, 31787, 24214, 37665, 27736, 34904, 14698, 8499, 28248, 20449, 32461, 24464, 22950, 29642, 34142, 43296],[25262, 44547, 8990, 44102, 27723, 19923, 33981, 39735, 17146, -1, 25151, 30194, 31742, 16908, 26829, 41731, 10705, 36436, 21498, 4761, 36891, 31835, 42779, 32364, 5212, 37390, 35609, 40041, 30366, 24853, 24970, 46219, 39044, 37028, 44554, 44868, 30805, 27770, 38045, 34902, 32637, 19790, 34322, 33886, 27202, 44347, 35078, 44717, 37919, 19685, 45287],[11710, 42405, 30511, 41707, 27531, 38837, 25424, 29720, 34716, 25151, -1, 28555, 37195, 40854, 42958, 43047, 27271, 33926, 44915, 8954, 38966, 21451, 27412, 21713, 46255, 23205, 40962, 45133, 12861, 44522, 29698, 13995, 12020, 33944, 29489, 45152, 45706, 26117, 39466, 27350, 4434, 44110, 11101, 38173, 33881, 20630, 23433, 46129, 30671, 33555, 18440],[33270, 45392, 21376, 40213, 45404, 44929, 44729, 37925, 9536, 30194, 28555, -1, 44801, 39327, 38048, 43503, 28860, 38190, 25061, 32555, 30887, 42113, 6724, 38871, 33991, 20191, 22004, 21678, 27799, 37306, 40564, 33988, 29421, 41369, 36261, 15763, 30168, 45947, 39503, 35044, 22515, 35420, 38684, 30612, 45834, 21561, 28653, 25516, 42490, 17357, 44751],[29741, 44664, 35036, 17341, 31039, 37040, 41406, 37862, 39278, 31742, 37195, 44801, -1, 27697, 27056, 44140, 27412, 31882, 6585, 43430, 29540, 17078, 45371, 37634, 11755, 24158, 14483, 42617, 39234, 10532, 35002, 21590, 28580, 21791, 18880, 20115, 46158, 33528, 33092, 26793, 16615, 27262, 22060, 34000, 32814, 43926, 21015, 31223, 17734, 38441, 21917],[33212, 25264, 29549, 45530, 27443, 25758, 45504, 21958, 37694, 16908, 40854, 39327, 27697, -1, 26422, 33548, 44305, 31609, 16458, 37812, 13244, 25587, 46140, 17149, 29218, 31946, 33552, 23230, 30641, 9560, 29446, 18023, 38278, 11470, 45936, 31771, 32408, 29332, 45738, 17483, 38359, 36281, 28139, 46047, 16548, 34797, 34460, 20368, 9505, 21055, 38797],[10861, 34796, 46070, 19066, 25965, 11462, 15685, 19051, 46020, 26829, 42958, 38048, 27056, 26422, -1, 34703, 22656, 7164, 26715, 42749, 34483, 45537, 34792, 37476, 11547, 35974, 32813, 16650, 17003, 42136, 14547, 33238, 38192, 45638, 34221, 45826, 37624, 45044, 39078, 33214, 33231, 40975, 16052, 33145, 16605, 39121, 30775, 43732, 38833, 21341, 32200],[24792, 37034, 37334, 8995, 37194, 45970, 42999, 16230, 41072, 41731, 43047, 43503, 44140, 33548, 34703, -1, 34058, 39200, 39088, 10872, 12254, 39427, 40043, 33346, 24573, 30828, 33417, 30759, 43348, 39253, 34661, 33050, 8645, 42099, 5612, 33453, 45837, 32473, 22406, 40956, 38427, 45578, 23275, 46009, 9973, 43093, 7485, 42748, 45045, 7629, 30751],[26047, 22675, 38058, 21350, 23502, 31479, 20183, 27413, 17441, 10705, 27271, 28860, 27412, 44305, 22656, 34058, -1, 42846, 26660, 38774, 41027, 29964, 40155, 45493, 44331, 46243, 14317, 39776, 38001, 16972, 37148, 5090, 16380, 21631, 29894, 36513, 41324, 23401, 8569, 16850, 41658, 41808, 8273, 15598, 37389, 42409, 39792, 42228, 35870, 14614, 44361],[24731, 30362, 45080, 34513, 34863, 41161, 43651, 27161, 28148, 36436, 33926, 38190, 31882, 31609, 7164, 39200, 42846, -1, 39840, 36356, 40953, 21873, 19050, 32048, 29634, 45430, 41217, 40997, 10029, 38382, 45559, 43579, 6414, 39378, 42666, 45930, 18925, 28985, 41436, 29894, 11967, 43020, 23334, 40002, 39965, 30870, 38744, 34690, 33503, 27105, 12934],[35283, 39803, 30043, 24636, 38751, 23136, 19700, 24283, 40048, 21498, 44915, 25061, 6585, 16458, 26715, 39088, 26660, 39840, -1, 39474, 37797, 30286, 18544, 15214, 43267, 23711, 26820, 29398, 44425, 29272, 39401, 22510, 20126, 36782, 36124, 19637, 39956, 27425, 24834, 6631, 39407, 36291, 36618, 43282, 44087, 25002, 39621, 27364, 43475, 14679, 23273],[35872, 40118, 11005, 28178, 43141, 25410, 20402, 31895, 37872, 4761, 8954, 32555, 43430, 37812, 42749, 10872, 38774, 36356, 39474, -1, 38428, 42206, 37271, 21943, 45831, 23639, 22009, 25319, 33354, 37905, 26834, 13912, 9832, 28892, 6060, 31420, 44464, 37232, 38995, 37265, 44508, 16205, 25622, 40536, 37698, 38479, 40542, 35080, 33092, 36588, 42001],[24721, 46025, 35363, 34983, 43150, 39628, 24781, 29409, 34107, 36891, 38966, 30887, 29540, 13244, 34483, 12254, 41027, 40953, 37797, 38428, -1, 34756, 25852, 32055, 27019, 37899, 17367, 36382, 8362, 43166, 33437, 22074, 38652, 26127, 35140, 34060, 36214, 33709, 39562, 15773, 26139, 17854, 19160, 45454, 41593, 42304, 28841, 23712, 29579, 33486, 15958],[36121, 4276, 11774, 16721, 18343, 37434, 26830, 28216, 34781, 31835, 21451, 42113, 17078, 25587, 45537, 39427, 29964, 21873, 30286, 42206, 34756, -1, 39680, 23328, 44839, 27606, 37678, 12268, 21830, 12463, 43104, 28246, 5292, 35763, 43901, 36071, 33570, 40833, 30977, 13865, 25047, 40110, 43160, 45835, 28401, 23233, 41695, 26222, 38006, 12004, 29464],[40886, 37741, 40436, 32564, 22961, 34067, 45133, 38391, 37532, 42779, 27412, 6724, 45371, 46140, 34792, 40043, 40155, 19050, 18544, 37271, 25852, 39680, -1, 19243, 37549, 8012, 31235, 33273, 44486, 36159, 33664, 16977, 37322, 37792, 27010, 35059, 40719, 18477, 43117, 24620, 2497, 43562, 45640, 45664, 46249, 29661, 24818, 14034, 46010, 39881, 37317],[18284, 42978, 23787, 45401, 15670, 45463, 39723, 43343, 42517, 32364, 21713, 38871, 37634, 17149, 37476, 33346, 45493, 32048, 15214, 21943, 32055, 23328, 19243, -1, 24998, 31540, 46170, 43321, 40960, 38352, 42886, 42741, 12019, 27873, 45909, 36496, 37141, 36725, 14829, 28535, 28380, 26564, 28769, 45912, 32724, 41312, 35730, 20938, 21435, 17708, 25692],[23524, 45342, 34578, 32257, 35295, 28796, 22567, 32081, 28773, 5212, 46255, 33991, 11755, 29218, 11547, 24573, 44331, 29634, 43267, 45831, 27019, 44839, 37549, 24998, -1, 15624, 43980, 42928, 33646, 37343, 6229, 25707, 10674, 14706, 45226, 34376, 43706, 27753, 13424, 9038, 29982, 34846, 36968, 40778, 21106, 18131, 12158, 46179, 43788, 30720, 45554],[10010, 31643, 46074, 34824, 38766, 44458, 43747, 42608, 25759, 37390, 23205, 20191, 24158, 31946, 35974, 30828, 46243, 45430, 23711, 23639, 37899, 27606, 8012, 31540, 15624, -1, 3152, 43088, 16333, 31403, 13305, 45271, 15840, 27597, 44318, 25433, 15784, 40198, 25209, 38642, 40610, 36344, 24444, 16394, 13431, 42015, 43913, 46027, 27077, 20121, 44562],[25074, 31063, 37372, 20600, 4603, 44726, 40890, 21764, 30796, 35609, 40962, 22004, 14483, 33552, 32813, 33417, 14317, 41217, 26820, 22009, 17367, 37678, 31235, 46170, 43980, 3152, -1, 42406, 34314, 25243, 33990, 4830, 34045, 27135, 45219, 26040, 38193, 32927, 19357, 32872, 11263, 31701, 26401, 45502, 46105, 37873, 39518, 24762, 38517, 29999, 24876],[7736, 39160, 37803, 42132, 34692, 37148, 20660, 39157, 24469, 40041, 45133, 21678, 42617, 23230, 16650, 30759, 39776, 40997, 29398, 25319, 36382, 12268, 33273, 43321, 42928, 43088, 42406, -1, 38229, 36670, 38382, 21348, 17504, 34045, 29576, 24415, 28208, 13371, 44100, 36364, 17858, 27348, 40232, 29772, 27807, 26969, 17080, 13409, 35160, 13137, 31949],[8285, 26303, 43090, 33224, 38010, 22497, 36448, 18465, 45332, 30366, 12861, 27799, 39234, 30641, 17003, 43348, 38001, 10029, 44425, 33354, 8362, 21830, 44486, 40960, 33646, 16333, 34314, 38229, -1, 26635, 42384, 39237, 39736, 27621, 11471, 46228, 16076, 37013, 44421, 36933, 45136, 36702, 14972, 45431, 34825, 34763, 24188, 46293, 33118, 33051, 34759],[35164, 28668, 42869, 29461, 34651, 33802, 32748, 26405, 38756, 24853, 44522, 37306, 10532, 9560, 42136, 39253, 16972, 38382, 29272, 37905, 43166, 12463, 36159, 38352, 37343, 31403, 25243, 36670, 26635, -1, 26595, 44219, 41471, 29522, 14026, 40432, 8344, 26102, 41398, 45817, 4613, 29901, 28733, 40814, 8486, 40723, 32379, 16438, 10189, 32162, 44204],[25882, 21299, 22408, 29802, 43618, 41389, 39188, 7055, 33694, 24970, 29698, 40564, 35002, 29446, 14547, 34661, 37148, 45559, 39401, 26834, 33437, 43104, 33664, 42886, 6229, 13305, 33990, 38382, 42384, 26595, -1, 17967, 27740, 44465, 35917, 30198, 41881, 7636, 25026, 7375, 38882, 40813, 41862, 39720, 45204, 34441, 35272, 44020, 15490, 32842, 19000],[4356, 36826, 40784, 13515, 44654, 34455, 33838, 40217, 17872, 46219, 13995, 33988, 21590, 18023, 33238, 33050, 5090, 43579, 22510, 13912, 22074, 28246, 16977, 42741, 25707, 45271, 4830, 21348, 39237, 44219, 17967, -1, 45082, 28896, 35376, 20837, 36851, 45036, 39116, 41597, 41903, 17863, 42220, 43769, 40025, 43546, 40422, 29764, 27476, 26673, 29433],[32601, 42054, 17083, 43524, 45586, 36083, 29532, 26886, 42966, 39044, 12020, 29421, 28580, 38278, 38192, 8645, 16380, 6414, 20126, 9832, 38652, 5292, 37322, 12019, 10674, 15840, 34045, 17504, 39736, 41471, 27740, 45082, -1, 22401, 21867, 45510, 18041, 31208, 39565, 25579, 30536, 46061, 33266, 10328, 22190, 37346, 36000, 41793, 31135, 18659, 36279],[32884, 35159, 38656, 27663, 40031, 37387, 5604, 23315, 14377, 37028, 33944, 41369, 21791, 11470, 45638, 42099, 21631, 39378, 36782, 28892, 26127, 35763, 37792, 27873, 14706, 27597, 27135, 34045, 27621, 29522, 44465, 28896, 22401, -1, 41040, 20827, 35280, 43097, 19301, 28091, 14530, 45148, 17423, 18387, 46029, 38119, 42393, 33886, 39582, 31343, 27372],[44009, 20215, 34133, 36504, 41229, 30553, 25635, 40299, 22035, 44554, 29489, 36261, 18880, 45936, 34221, 5612, 29894, 42666, 36124, 6060, 35140, 43901, 27010, 45909, 45226, 44318, 45219, 29576, 11471, 14026, 35917, 35376, 21867, 41040, -1, 34247, 27095, 13859, 29502, 17419, 38202, 40591, 38476, 42775, 39904, 42554, 38817, 32201, 34752, 16799, 34420],[40036, 41672, 38099, 43159, 36494, 43062, 30274, 35783, 42116, 44868, 45152, 15763, 20115, 31771, 45826, 33453, 36513, 45930, 19637, 31420, 34060, 36071, 35059, 36496, 34376, 25433, 26040, 24415, 46228, 40432, 30198, 20837, 45510, 20827, 34247, -1, 9276, 33085, 32974, 16681, 38892, 13751, 14534, 45854, 17713, 2760, 40831, 27040, 43550, 35627, 38787],[20442, 41068, 21682, 17957, 41829, 15093, 27525, 19671, 31787, 30805, 45706, 30168, 46158, 32408, 37624, 45837, 41324, 18925, 39956, 44464, 36214, 33570, 40719, 37141, 43706, 15784, 38193, 28208, 16076, 8344, 41881, 36851, 18041, 35280, 27095, 9276, -1, 14135, 13617, 8034, 32130, 23604, 21154, 34794, 32569, 37518, 21491, 17281, 43323, 26142, 37945],[36292, 25203, 42216, 30942, 25087, 31342, 25327, 35058, 24214, 27770, 26117, 45947, 33528, 29332, 45044, 32473, 23401, 28985, 27425, 37232, 33709, 40833, 18477, 36725, 27753, 40198, 32927, 13371, 37013, 26102, 7636, 45036, 31208, 43097, 13859, 33085, 14135, -1, 40097, 37960, 31720, 43600, 19963, 6328, 45219, 38215, 33434, 30092, 31190, 37647, 22060],[41568, 33563, 17249, 45343, 35755, 10283, 4293, 24707, 37665, 38045, 39466, 39503, 33092, 45738, 39078, 22406, 8569, 41436, 24834, 38995, 39562, 30977, 43117, 14829, 13424, 25209, 19357, 44100, 44421, 41398, 25026, 39116, 39565, 19301, 29502, 32974, 13617, 40097, -1, 16351, 28247, 13958, 36298, 40498, 30631, 16529, 32420, 43541, 35957, 27778, 38461],[12637, 33103, 46092, 40644, 26989, 24313, 21560, 9842, 27736, 34902, 27350, 35044, 26793, 17483, 33214, 40956, 16850, 29894, 6631, 37265, 15773, 13865, 24620, 28535, 9038, 38642, 32872, 36364, 36933, 45817, 7375, 41597, 25579, 28091, 17419, 16681, 8034, 37960, 16351, -1, 46119, 11086, 7491, 39247, 27321, 22641, 45926, 39277, 35172, 3378, 5754],[23549, 29027, 42330, 26956, 36794, 38976, 44806, 30661, 34904, 32637, 4434, 22515, 16615, 38359, 33231, 38427, 41658, 11967, 39407, 44508, 26139, 25047, 2497, 28380, 29982, 40610, 11263, 17858, 45136, 4613, 38882, 41903, 30536, 14530, 38202, 38892, 32130, 31720, 28247, 46119, -1, 38722, 40228, 45226, 31277, 39015, 15691, 13918, 46301, 28138, 36388],[37721, 17564, 17322, 20743, 46170, 41696, 46119, 37414, 14698, 19790, 44110, 35420, 27262, 36281, 40975, 45578, 41808, 43020, 36291, 16205, 17854, 40110, 43562, 26564, 34846, 36344, 31701, 27348, 36702, 29901, 40813, 17863, 46061, 45148, 40591, 13751, 23604, 43600, 13958, 11086, 38722, -1, 44112, 43738, 46289, 39000, 13709, 36095, 21822, 34967, 34974],[9100, 43610, 29498, 39129, 21053, 39092, 20027, 44984, 8499, 34322, 11101, 38684, 22060, 28139, 16052, 23275, 8273, 23334, 36618, 25622, 19160, 43160, 45640, 28769, 36968, 24444, 26401, 40232, 14972, 28733, 41862, 42220, 33266, 17423, 38476, 14534, 21154, 19963, 36298, 7491, 40228, 44112, -1, 19454, 33595, 13174, 24412, 30848, 40345, 28672, 29980],[35151, 40971, 45079, 44635, 43919, 42299, 21963, 29672, 28248, 33886, 38173, 30612, 34000, 46047, 33145, 46009, 15598, 40002, 43282, 40536, 45454, 45835, 45664, 45912, 40778, 16394, 45502, 29772, 45431, 40814, 39720, 43769, 10328, 18387, 42775, 45854, 34794, 6328, 40498, 39247, 45226, 43738, 19454, -1, 41262, 41507, 38804, 24665, 38260, 29040, 37695],[32367, 30377, 36191, 33051, 40353, 42105, 24511, 43666, 20449, 27202, 33881, 45834, 32814, 16548, 16605, 9973, 37389, 39965, 44087, 37698, 41593, 28401, 46249, 32724, 21106, 13431, 46105, 27807, 34825, 8486, 45204, 40025, 22190, 46029, 39904, 17713, 32569, 45219, 30631, 27321, 31277, 46289, 33595, 41262, -1, 39323, 6307, 33516, 32589, 45499, 34606],[39408, 40356, 18261, 46179, 19504, 45814, 30273, 30627, 32461, 44347, 20630, 21561, 43926, 34797, 39121, 43093, 42409, 30870, 25002, 38479, 42304, 23233, 29661, 41312, 18131, 42015, 37873, 26969, 34763, 40723, 34441, 43546, 37346, 38119, 42554, 2760, 37518, 38215, 16529, 22641, 39015, 39000, 13174, 41507, 39323, -1, 38581, 6134, 31652, 31241, 41386],[36501, 44523, 18945, 12946, 38550, 33493, 32499, 43902, 24464, 35078, 23433, 28653, 21015, 34460, 30775, 7485, 39792, 38744, 39621, 40542, 28841, 41695, 24818, 35730, 12158, 43913, 39518, 17080, 24188, 32379, 35272, 40422, 36000, 42393, 38817, 40831, 21491, 33434, 32420, 45926, 15691, 13709, 24412, 38804, 6307, 38581, -1, 27831, 30630, 30835, 45643],[44636, 44010, 41878, 43598, 35379, 13176, 46153, 38704, 22950, 44717, 46129, 25516, 31223, 20368, 43732, 42748, 42228, 34690, 27364, 35080, 23712, 26222, 14034, 20938, 46179, 46027, 24762, 13409, 46293, 16438, 44020, 29764, 41793, 33886, 32201, 27040, 17281, 30092, 43541, 39277, 13918, 36095, 30848, 24665, 33516, 6134, 27831, -1, 21344, 43512, 34388],[45549, 44309, 26739, 35249, 33346, 14750, 13817, 24733, 29642, 37919, 30671, 42490, 17734, 9505, 38833, 45045, 35870, 33503, 43475, 33092, 29579, 38006, 46010, 21435, 43788, 27077, 38517, 35160, 33118, 10189, 15490, 27476, 31135, 39582, 34752, 43550, 43323, 31190, 35957, 35172, 46301, 21822, 40345, 38260, 32589, 31652, 30630, 21344, -1, 23037, 21041],[28236, 33568, 8778, 32938, 41502, 34969, 39590, 16548, 34142, 19685, 33555, 17357, 38441, 21055, 21341, 7629, 14614, 27105, 14679, 36588, 33486, 12004, 39881, 17708, 30720, 20121, 29999, 13137, 33051, 32162, 32842, 26673, 18659, 31343, 16799, 35627, 26142, 37647, 27778, 3378, 28138, 34967, 28672, 29040, 45499, 31241, 30835, 43512, 23037, -1, 33444],[34958, 26788, 40590, 25325, 45811, 26790, 43753, 31047, 43296, 45287, 18440, 44751, 21917, 38797, 32200, 30751, 44361, 12934, 23273, 42001, 15958, 29464, 37317, 25692, 45554, 44562, 24876, 31949, 34759, 44204, 19000, 29433, 36279, 27372, 34420, 38787, 37945, 22060, 38461, 5754, 36388, 34974, 29980, 37695, 34606, 41386, 45643, 34388, 21041, 33444, -1]]