73
[[-1, 19653, 34006, 23456, 40637, 23729, 42603, 22024, 23644, 35590, 43612, 31919, 13444, 32132, 41093, 23757, 46056, 43391, 40408, 36991, 22061, 24749, 43135, 31272, 9173, 29522, 14251, 43432, 30586, 15649, 31042, 26290, 16483, 21523, 13594, 33813, 39115, 24915, 15932, 33514, 27103, 11753, 32799, 34759, 33796, 34028, 33445, 26511, 46035, 34552, 40210, 31593, 24747, 33582, 37608, 37638, 26209, 25800, 40752, 39338, 22684, 40158, 43909, 14823, 28737, 40658, 39222, 46252, 36374, 39033, 44317, 35867, 36347],[19653, -1, 38091, 43617, 29245, 36237, 44131, 4572, 41504, 35993, 43908, 19077, 43448, 44020, 8986, 23025, 19640, 33515, 6674, 21339, 29603, 4108, 15088, 31685, 42665, 23431, 3422, 2690, 45034, 18355, 26459, 45812, 28904, 41648, 40446, 34709, 13717, 13514, 27841, 37590, 40673, 29322, 40189, 30159, 31613, 36756, 25214, 36137, 31482, 41679, 37563, 32519, 42028, 36004, 42793, 43640, 32959, 35115, 27978, 44144, 25887, 14801, 26554, 27631, 28019, 37245, 29143, 20367, 26105, 38540, 40451, 18656, 32576],[34006, 38091, -1, 40251, 41352, 46105, 30785, 43131, 41254, 33484, 32895, 43318, 44850, 40548, 10776, 23783, 14122, 11603, 27800, 30183, 26166, 29773, 26915, 46296, 41810, 24224, 46304, 36148, 16124, 44238, 28224, 22333, 33483, 34098, 5358, 25310, 19022, 30114, 12386, 17284, 32790, 40054, 15091, 45193, 35559, 43932, 36788, 21250, 38910, 29593, 45675, 34538, 22118, 3563, 38215, 25700, 14071, 44268, 42122, 40745, 40779, 14873, 24085, 20729, 30706, 34210, 24727, 42502, 22370, 30748, 42911, 44714, 17861],[23456, 43617, 40251, -1, 45818, 32877, 34033, 37032, 45863, 44056, 12963, 27431, 30471, 31622, 18076, 41459, 42798, 24542, 46268, 44580, 40241, 45838, 12935, 30860, 25304, 24963, 38349, 14409, 27594, 32930, 36256, 35417, 33103, 34503, 18806, 37631, 16843, 39787, 25488, 40786, 10674, 39829, 34673, 35507, 26921, 44535, 34131, 44580, 31794, 40976, 39276, 42037, 45964, 41752, 21585, 27368, 41208, 40832, 38907, 33394, 45608, 18507, 39742, 23033, 22026, 43216, 37448, 32062, 33599, 25328, 42046, 30840, 21146],[40637, 29245, 41352, 45818, -1, 26447, 45977, 40037, 24347, 33697, 8654, 40836, 34151, 44794, 42216, 41568, 36373, 30872, 38702, 33098, 39835, 31176, 34023, 42398, 10788, 26737, 43810, 36684, 44630, 19309, 22204, 22577, 45005, 33432, 39928, 31909, 30620, 37925, 32553, 43662, 45333, 32239, 17511, 13593, 24390, 20075, 43726, 31717, 44774, 21722, 33486, 4557, 16098, 45755, 13837, 5359, 35012, 46319, 45033, 39880, 28542, 35413, 41470, 41329, 40208, 28143, 17973, 27359, 26935, 45050, 25034, 27830, 26437],[23729, 36237, 46105, 32877, 26447, -1, 39975, 31626, 14348, 39265, 37014, 25586, 29644, 36849, 44093, 33544, 35568, 36283, 6676, 27739, 30800, 35663, 19455, 34641, 25618, 18013, 20031, 44260, 22875, 44959, 44004, 36447, 35156, 16917, 33205, 36803, 31923, 7767, 8283, 33991, 29033, 44358, 25402, 18671, 10295, 45311, 46165, 46327, 24114, 36861, 31255, 43569, 36461, 2979, 46075, 34783, 31770, 30755, 38537, 45835, 35597, 35510, 14669, 38557, 40595, 41524, 27046, 37487, 34768, 30501, 10104, 45331, 38896],[42603, 44131, 30785, 34033, 45977, 39975, -1, 36179, 31753, 34090, 38287, 42370, 19737, 36669, 32779, 37723, 40702, 43814, 43455, 36900, 42765, 33860, 30666, 39862, 33446, 25790, 31072, 30100, 40857, 39540, 20701, 34391, 13422, 38969, 28882, 31640, 28871, 45218, 21025, 26993, 33134, 43914, 37416, 26065, 9974, 28141, 40117, 36059, 27094, 39443, 33789, 40122, 14432, 37745, 25591, 10143, 41529, 42042, 22258, 45498, 35602, 37528, 40989, 27069, 26345, 30351, 17569, 20360, 30862, 41556, 38271, 28795, 26213],[22024, 4572, 43131, 37032, 40037, 31626, 36179, -1, 41760, 17421, 28908, 22757, 36590, 21783, 44937, 32758, 4935, 43150, 24681, 24254, 35911, 15692, 22201, 43302, 35920, 45827, 13224, 43064, 26847, 38947, 41462, 28778, 26702, 40508, 39933, 31021, 31447, 34209, 40738, 17702, 24335, 46019, 40194, 36272, 22828, 33360, 24851, 42414, 15178, 40175, 45494, 44511, 14413, 34266, 36265, 15326, 30895, 38579, 11891, 39279, 12891, 29513, 27557, 20214, 22534, 35600, 21191, 36004, 31685, 28234, 30132, 41941, 11297],[23644, 41504, 41254, 45863, 24347, 14348, 31753, 41760, -1, 24251, 46130, 11219, 45700, 30194, 28763, 40668, 44034, 27176, 15585, 16078, 32267, 43687, 45911, 35594, 21683, 27951, 33962, 10147, 24154, 45492, 33233, 45710, 14522, 2805, 30060, 5010, 39320, 43756, 45637, 18480, 32578, 33418, 22530, 3984, 31357, 23984, 10697, 12791, 32933, 14165, 25474, 44060, 24030, 42137, 40415, 32689, 30399, 23169, 32672, 20447, 32990, 40051, 16862, 46004, 37267, 45133, 27889, 18443, 39917, 33651, 11829, 7925, 34164],[35590, 35993, 33484, 44056, 33697, 39265, 34090, 17421, 24251, -1, 24179, 31052, 34858, 35076, 34244, 41070, 8857, 30990, 39299, 45652, 41842, 37215, 28113, 29887, 9233, 28270, 26161, 43980, 21197, 33118, 28262, 41201, 22680, 37148, 44858, 44831, 45526, 25274, 43410, 7897, 43036, 38192, 38639, 19984, 12209, 6748, 35671, 7454, 42504, 40184, 38608, 35459, 7853, 35474, 32653, 41725, 29425, 17549, 6942, 36703, 45029, 22803, 40195, 41604, 38197, 12418, 30252, 26498, 30169, 37729, 43019, 42228, 43434],[43612, 43908, 32895, 12963, 8654, 37014, 38287, 28908, 46130, 24179, -1, 29682, 45077, 37177, 15146, 29615, 45125, 32462, 33188, 43407, 14393, 20284, 14623, 37431, 19033, 30014, 41478, 16562, 45530, 29399, 41163, 20092, 9009, 39487, 42569, 31085, 13355, 20188, 37232, 20239, 40839, 20176, 34075, 12705, 17776, 43241, 46192, 30107, 42003, 13407, 38515, 40077, 17714, 44693, 44573, 43003, 8428, 34462, 6796, 16734, 28600, 45660, 37273, 43504, 21062, 45881, 38081, 45710, 14379, 27444, 3966, 36637, 12366],[31919, 19077, 43318, 27431, 40836, 25586, 42370, 22757, 11219, 31052, 29682, -1, 16488, 5812, 41134, 38327, 11847, 20363, 32146, 23875, 32829, 41361, 42338, 38651, 39843, 22193, 14693, 44609, 35644, 24375, 32289, 40762, 14727, 12124, 41304, 44831, 35520, 37705, 34022, 3226, 29149, 42838, 33607, 14722, 41174, 31105, 28305, 17566, 38929, 14757, 15358, 22158, 32132, 25126, 37096, 44974, 23487, 11084, 44208, 44860, 38602, 22611, 44995, 15702, 35298, 46073, 41157, 6151, 44719, 20830, 42175, 46248, 11840],[13444, 43448, 44850, 30471, 34151, 29644, 19737, 36590, 45700, 34858, 45077, 16488, -1, 46192, 16487, 43381, 41862, 10703, 39359, 4861, 45466, 24559, 43295, 22979, 34494, 10044, 34497, 19958, 44441, 31765, 40254, 34192, 42994, 22791, 27050, 22757, 39753, 43135, 35227, 42701, 36063, 32296, 44488, 40147, 42537, 29350, 43646, 29907, 20710, 44867, 29836, 10826, 35646, 29116, 11403, 21145, 39592, 31869, 45469, 30690, 29140, 44004, 33432, 28395, 43221, 34398, 33195, 37827, 29306, 25490, 45721, 44547, 46289],[32132, 44020, 40548, 31622, 44794, 36849, 36669, 21783, 30194, 35076, 37177, 5812, 46192, -1, 39029, 34115, 25877, 38099, 35681, 45656, 36905, 40690, 29574, 42849, 12847, 22391, 39162, 3917, 38384, 42516, 32675, 36730, 45556, 40839, 27386, 34893, 31405, 40151, 27879, 27116, 37419, 33840, 33245, 36977, 44931, 19822, 38311, 40473, 5140, 39692, 41443, 42901, 19599, 26643, 19014, 19182, 34874, 20351, 44775, 21873, 36691, 25545, 18204, 26033, 34634, 28243, 23271, 19711, 41821, 39677, 10609, 41224, 20663],[41093, 8986, 10776, 18076, 42216, 44093, 32779, 44937, 28763, 34244, 15146, 41134, 16487, 39029, -1, 26181, 33112, 14613, 36628, 37064, 41410, 44195, 32802, 43914, 37386, 42875, 35480, 37248, 14326, 16945, 35996, 27658, 8316, 43466, 7242, 29983, 42592, 35572, 25860, 33677, 39130, 42956, 30435, 33983, 24244, 41685, 23196, 33644, 25264, 9764, 46119, 18436, 19693, 11392, 8045, 32887, 27862, 43866, 44525, 18902, 43897, 36183, 27812, 26027, 42130, 34319, 44619, 42231, 34890, 35841, 33010, 12099, 38950],[23757, 23025, 23783, 41459, 41568, 33544, 37723, 32758, 40668, 41070, 29615, 38327, 43381, 34115, 26181, -1, 9972, 13441, 40685, 18958, 27688, 30423, 19091, 44634, 43563, 26868, 11380, 22233, 40177, 26064, 44038, 20483, 37677, 37543, 14589, 19771, 45703, 37429, 38215, 39364, 30175, 42549, 30916, 20929, 34003, 21250, 45682, 29230, 42004, 43552, 21151, 25508, 16778, 39997, 23626, 41243, 27388, 33620, 35971, 22619, 30173, 40928, 11208, 40557, 35476, 41480, 37062, 42285, 33908, 40936, 14700, 6310, 23172],[46056, 19640, 14122, 42798, 36373, 35568, 40702, 4935, 44034, 8857, 45125, 11847, 41862, 25877, 33112, 9972, -1, 26222, 33771, 27871, 36035, 20547, 22480, 31506, 42364, 16599, 22086, 21953, 14787, 22742, 38340, 42762, 33912, 44325, 19048, 27722, 2839, 7618, 44047, 28667, 26194, 44687, 40917, 41640, 40461, 30184, 35394, 33003, 23475, 42886, 38148, 35273, 21956, 34871, 43656, 14812, 31920, 44790, 40016, 42492, 24538, 39902, 21542, 15296, 8700, 26803, 6399, 15019, 39913, 29743, 25577, 28121, 25980],[43391, 33515, 11603, 24542, 30872, 36283, 43814, 43150, 27176, 30990, 32462, 20363, 10703, 38099, 14613, 13441, 26222, -1, 25892, 23421, 24898, 13495, 36262, 42470, 45944, 41742, 31972, 35580, 9721, 43574, 38981, 31791, 23627, 42308, 23959, 27956, 39503, 46272, 42658, 35978, 8706, 24301, 34283, 20751, 12385, 34697, 8632, 24315, 35391, 19273, 16342, 26729, 23762, 31937, 25402, 21364, 12086, 20883, 25200, 27422, 33383, 14373, 21080, 44104, 44529, 13862, 34792, 24984, 32671, 38892, 30252, 43242, 26361],[40408, 6674, 27800, 46268, 38702, 6676, 43455, 24681, 15585, 39299, 33188, 32146, 39359, 35681, 36628, 40685, 33771, 25892, -1, 36321, 44432, 34075, 41428, 14338, 34329, 24213, 21902, 24161, 8313, 36565, 41752, 37816, 2217, 22295, 34338, 26008, 45683, 45520, 31034, 26137, 41831, 41695, 27799, 23990, 40938, 34114, 23906, 35358, 46272, 32395, 26545, 41898, 27276, 21530, 33686, 36193, 21622, 19499, 34322, 23008, 38656, 34442, 23498, 31643, 40576, 43960, 41806, 25046, 29893, 8647, 24934, 35003, 24606],[36991, 21339, 30183, 44580, 33098, 27739, 36900, 24254, 16078, 45652, 43407, 23875, 4861, 45656, 37064, 18958, 27871, 23421, 36321, -1, 42291, 16349, 45760, 14441, 45561, 22317, 23738, 13777, 42666, 35284, 39109, 40684, 44980, 41494, 46266, 19173, 7706, 26446, 39536, 41990, 45051, 21095, 9810, 40464, 42018, 43284, 30566, 21409, 25430, 37505, 35785, 45990, 18029, 41037, 32554, 41702, 40456, 20324, 25573, 28498, 10115, 35541, 25970, 7576, 27375, 28603, 19933, 8441, 22095, 45683, 41071, 22135, 26400],[22061, 29603, 26166, 40241, 39835, 30800, 42765, 35911, 32267, 41842, 14393, 32829, 45466, 36905, 41410, 27688, 36035, 24898, 44432, 42291, -1, 39186, 25973, 29887, 40818, 45157, 31191, 13826, 43690, 38127, 45255, 30557, 18530, 37518, 40999, 44130, 37399, 28252, 44565, 35267, 20748, 33493, 44141, 28008, 34281, 42012, 33536, 42633, 45723, 42545, 44165, 19543, 40441, 26051, 24000, 30885, 30538, 33315, 46193, 21160, 21816, 38113, 33321, 45994, 36487, 41110, 9204, 15498, 37273, 39664, 33391, 32399, 37677],[24749, 4108, 29773, 45838, 31176, 35663, 33860, 15692, 43687, 37215, 20284, 41361, 24559, 40690, 44195, 30423, 20547, 13495, 34075, 16349, 39186, -1, 45242, 32637, 37808, 10051, 43971, 42730, 6806, 34162, 41383, 18895, 24024, 10198, 37298, 33102, 36046, 18942, 41818, 19046, 22909, 11756, 33821, 27593, 40992, 39168, 37083, 36762, 41158, 15188, 9110, 39917, 45959, 44591, 30749, 9443, 44384, 23002, 46262, 38459, 37675, 29586, 35047, 21077, 12990, 31196, 41125, 22620, 27386, 24257, 44554, 28752, 28139],[43135, 15088, 26915, 12935, 34023, 19455, 30666, 22201, 45911, 28113, 14623, 42338, 43295, 29574, 32802, 19091, 22480, 36262, 41428, 45760, 25973, 45242, -1, 42659, 43485, 39079, 43665, 43229, 14875, 30006, 36723, 35115, 44946, 18688, 15498, 34798, 42159, 23223, 38976, 21907, 34640, 15003, 16992, 37487, 31800, 31310, 12014, 16942, 42640, 43507, 16172, 26853, 39802, 32779, 31909, 25800, 40060, 22822, 45950, 39545, 30215, 27010, 40139, 38934, 14756, 42977, 36851, 42152, 3995, 13127, 43747, 10014, 37864],[31272, 31685, 46296, 30860, 42398, 34641, 39862, 43302, 35594, 29887, 37431, 38651, 22979, 42849, 43914, 44634, 31506, 42470, 14338, 14441, 29887, 32637, 42659, -1, 16617, 43957, 39407, 45559, 30405, 32430, 30938, 25475, 40570, 1261, 31598, 33722, 26788, 19446, 19765, 4092, 32700, 45353, 20208, 23464, 43694, 19074, 41793, 40533, 33347, 25450, 10798, 10357, 18102, 16697, 43710, 39659, 41988, 40399, 20204, 41076, 26893, 19685, 26410, 16054, 18279, 32367, 42447, 32044, 20111, 18517, 12815, 33460, 12283],[9173, 42665, 41810, 25304, 10788, 25618, 33446, 35920, 21683, 9233, 19033, 39843, 34494, 12847, 37386, 43563, 42364, 45944, 34329, 45561, 40818, 37808, 43485, 16617, -1, 45116, 40045, 31984, 14796, 8132, 40584, 26817, 24118, 14098, 38050, 21799, 44540, 16541, 44858, 19008, 25612, 25322, 36818, 11464, 6341, 25973, 4153, 44361, 31083, 38312, 31131, 37093, 8526, 21018, 18021, 37174, 27729, 28628, 40053, 33663, 44427, 35211, 13099, 14689, 12434, 24742, 5080, 32338, 15375, 22258, 46277, 32839, 28702],[29522, 23431, 24224, 24963, 26737, 18013, 25790, 45827, 27951, 28270, 30014, 22193, 10044, 22391, 42875, 26868, 16599, 41742, 24213, 22317, 45157, 10051, 39079, 43957, 45116, -1, 26358, 33223, 31597, 44098, 30026, 3379, 41060, 42929, 14628, 6765, 17382, 24924, 28312, 11699, 27379, 13320, 21550, 12825, 41338, 28650, 12710, 44501, 46081, 21768, 34630, 10785, 33594, 39868, 33697, 46283, 30631, 38829, 46300, 31463, 40682, 39174, 37751, 42073, 38148, 44575, 38488, 26742, 29153, 14643, 28232, 29505, 44270],[14251, 3422, 46304, 38349, 43810, 20031, 31072, 13224, 33962, 26161, 41478, 14693, 34497, 39162, 35480, 11380, 22086, 31972, 21902, 23738, 31191, 43971, 43665, 39407, 40045, 26358, -1, 42987, 17802, 42862, 21741, 44216, 28445, 39576, 4991, 19472, 44877, 28986, 8540, 14759, 36258, 25090, 9397, 30163, 9219, 30831, 40530, 33779, 5459, 45686, 17961, 38041, 40726, 41167, 39395, 33364, 40896, 15330, 30629, 35467, 43937, 24971, 26290, 31317, 40110, 27204, 46029, 25924, 14611, 32221, 39553, 24730, 45540],[43432, 2690, 36148, 14409, 36684, 44260, 30100, 43064, 10147, 43980, 16562, 44609, 19958, 3917, 37248, 22233, 21953, 35580, 24161, 13777, 13826, 42730, 43229, 45559, 31984, 33223, 42987, -1, 17434, 44952, 34729, 33614, 20189, 34725, 26342, 33009, 11334, 17243, 16217, 36919, 30281, 46228, 39809, 44075, 20393, 17141, 37477, 39875, 39923, 25253, 41545, 25250, 13843, 44640, 29263, 23914, 36663, 33724, 27917, 22990, 42121, 31351, 19844, 26020, 24835, 37458, 22465, 36500, 15966, 21532, 9706, 19991, 20827],[30586, 45034, 16124, 27594, 44630, 22875, 40857, 26847, 24154, 21197, 45530, 35644, 44441, 38384, 14326, 40177, 14787, 9721, 8313, 42666, 43690, 6806, 14875, 30405, 14796, 31597, 17802, 17434, -1, 24552, 34082, 44896, 45182, 21843, 46169, 35590, 11638, 28110, 26754, 15687, 37275, 38972, 28530, 29532, 17610, 27872, 45805, 43447, 39608, 44714, 42740, 31205, 42692, 34334, 38637, 28140, 21334, 34435, 18184, 39034, 34451, 40340, 22491, 40141, 12968, 38711, 41797, 39644, 44507, 30258, 34297, 16697, 44124],[15649, 18355, 44238, 32930, 19309, 44959, 39540, 38947, 45492, 33118, 29399, 24375, 31765, 42516, 16945, 26064, 22742, 43574, 36565, 35284, 38127, 34162, 30006, 32430, 8132, 44098, 42862, 44952, 24552, -1, 13412, 36846, 23051, 39854, 11017, 33257, 43519, 42038, 20154, 45092, 31490, 19195, 45776, 28022, 31304, 8635, 38154, 33311, 45093, 15228, 44562, 45496, 37565, 16611, 28131, 20727, 16538, 40644, 28819, 29802, 23878, 30225, 24184, 45290, 16237, 25757, 40367, 30537, 29192, 23435, 13172, 14437, 40769],[31042, 26459, 28224, 36256, 22204, 44004, 20701, 41462, 33233, 28262, 41163, 32289, 40254, 32675, 35996, 44038, 38340, 38981, 41752, 39109, 45255, 41383, 36723, 30938, 40584, 30026, 21741, 34729, 34082, 13412, -1, 38262, 33073, 44652, 21806, 23474, 25866, 35802, 33488, 16250, 17036, 40806, 6941, 43660, 35594, 38308, 30099, 9099, 11119, 22369, 34296, 14437, 27122, 39458, 32883, 13387, 29558, 44953, 41285, 45890, 41268, 27827, 37744, 43306, 18293, 30835, 18636, 7553, 32411, 10636, 45750, 37226, 23932],[26290, 45812, 22333, 35417, 22577, 36447, 34391, 28778, 45710, 41201, 20092, 40762, 34192, 36730, 27658, 20483, 42762, 31791, 37816, 40684, 30557, 18895, 35115, 25475, 26817, 3379, 44216, 33614, 44896, 36846, 38262, -1, 35297, 11171, 31698, 42074, 46239, 45609, 38733, 43879, 24733, 30615, 33427, 22066, 29559, 19300, 44026, 12720, 43132, 39637, 26667, 36772, 22645, 12149, 43640, 35757, 28122, 43229, 35447, 43203, 36990, 23868, 24792, 10043, 44466, 31920, 22246, 16859, 42592, 43092, 34114, 35865, 43019],[16483, 28904, 33483, 33103, 45005, 35156, 13422, 26702, 14522, 22680, 9009, 14727, 42994, 45556, 8316, 37677, 33912, 23627, 2217, 44980, 18530, 24024, 44946, 40570, 24118, 41060, 28445, 20189, 45182, 23051, 33073, 35297, -1, 42240, 28222, 40624, 22244, 30349, 41781, 37639, 38776, 7970, 37651, 25506, 43094, 18124, 40591, 33748, 45139, 3662, 37031, 41019, 37661, 21370, 27787, 25184, 24032, 40381, 5727, 27601, 33074, 19423, 29703, 34560, 22855, 34803, 12874, 44975, 32735, 25006, 45670, 15552, 38072],[21523, 41648, 34098, 34503, 33432, 16917, 38969, 40508, 2805, 37148, 39487, 12124, 22791, 40839, 43466, 37543, 44325, 42308, 22295, 41494, 37518, 10198, 18688, 1261, 14098, 42929, 39576, 34725, 21843, 39854, 44652, 11171, 42240, -1, 41178, 41984, 6784, 43962, 42455, 27266, 29740, 41238, 40115, 20695, 25674, 25127, 18350, 33072, 34424, 42210, 36287, 42267, 26823, 40723, 27277, 16130, 13303, 33761, 17466, 38956, 25815, 41352, 28937, 26543, 21641, 27701, 30097, 43830, 5864, 42850, 37916, 34764, 41120],[13594, 40446, 5358, 18806, 39928, 33205, 28882, 39933, 30060, 44858, 42569, 41304, 27050, 27386, 7242, 14589, 19048, 23959, 34338, 46266, 40999, 37298, 15498, 31598, 38050, 14628, 4991, 26342, 46169, 11017, 21806, 31698, 28222, 41178, -1, 46232, 11639, 39187, 39597, 40071, 28580, 14001, 21483, 38457, 36819, 40884, 18002, 41239, 28707, 42434, 46261, 39520, 42030, 23738, 29526, 16919, 28952, 41221, 36860, 12053, 19813, 28467, 17737, 28847, 15799, 45986, 18140, 40759, 7048, 44970, 29629, 21134, 32256],[33813, 34709, 25310, 37631, 31909, 36803, 31640, 31021, 5010, 44831, 31085, 44831, 22757, 34893, 29983, 19771, 27722, 27956, 26008, 19173, 44130, 33102, 34798, 33722, 21799, 6765, 19472, 33009, 35590, 33257, 23474, 42074, 40624, 41984, 46232, -1, 31652, 26657, 11086, 30100, 29540, 35955, 14427, 34395, 39261, 22955, 29262, 37010, 16403, 34433, 25274, 38385, 36731, 30703, 43366, 43946, 24456, 43861, 38690, 19770, 37303, 41473, 16883, 32802, 15534, 6170, 30937, 45324, 6313, 15046, 4354, 10982, 42618],[39115, 13717, 19022, 16843, 30620, 31923, 28871, 31447, 39320, 45526, 13355, 35520, 39753, 31405, 42592, 45703, 2839, 39503, 45683, 7706, 37399, 36046, 42159, 26788, 44540, 17382, 44877, 11334, 11638, 43519, 25866, 46239, 22244, 6784, 11639, 31652, -1, 43349, 29070, 4831, 14353, 29778, 22638, 31364, 46016, 19177, 42125, 44425, 29238, 7747, 28559, 34794, 43102, 42942, 42257, 23118, 36532, 18865, 20225, 30629, 34624, 20108, 25590, 34445, 15587, 12490, 42567, 28353, 44560, 32970, 27217, 24825, 39996],[24915, 13514, 30114, 39787, 37925, 7767, 45218, 34209, 43756, 25274, 20188, 37705, 43135, 40151, 35572, 37429, 7618, 46272, 45520, 26446, 28252, 18942, 23223, 19446, 16541, 24924, 28986, 17243, 28110, 42038, 35802, 45609, 30349, 43962, 39187, 26657, 43349, -1, 6486, 37183, 18045, 25299, 21211, 40449, 33812, 43682, 28558, 42135, 22127, 13965, 36251, 20577, 15077, 45395, 8589, 25274, 44198, 8826, 43749, 35786, 10988, 31455, 28380, 33301, 38777, 44457, 34012, 43790, 28785, 26645, 25061, 45758, 35186],[15932, 27841, 12386, 25488, 32553, 8283, 21025, 40738, 45637, 43410, 37232, 34022, 35227, 27879, 25860, 38215, 44047, 42658, 31034, 39536, 44565, 41818, 38976, 19765, 44858, 28312, 8540, 16217, 26754, 20154, 33488, 38733, 41781, 42455, 39597, 11086, 29070, 6486, -1, 36112, 44245, 25074, 21544, 28029, 35553, 18180, 37161, 35985, 25025, 44169, 43422, 35757, 42223, 36706, 25019, 39122, 34354, 20469, 34449, 26506, 20913, 39167, 36677, 21336, 44642, 38761, 42735, 33398, 43046, 42640, 39066, 43227, 43283],[33514, 37590, 17284, 40786, 43662, 33991, 26993, 17702, 18480, 7897, 20239, 3226, 42701, 27116, 33677, 39364, 28667, 35978, 26137, 41990, 35267, 19046, 21907, 4092, 19008, 11699, 14759, 36919, 15687, 45092, 16250, 43879, 37639, 27266, 40071, 30100, 4831, 37183, 36112, -1, 17295, 25062, 44556, 40386, 29997, 19958, 40935, 44140, 45893, 9087, 46195, 46026, 41646, 16590, 38866, 19627, 11427, 36895, 42423, 45383, 41586, 42174, 39669, 31916, 18722, 20619, 17216, 39907, 25684, 40661, 17143, 22138, 33768],[27103, 40673, 32790, 10674, 45333, 29033, 33134, 24335, 32578, 43036, 40839, 29149, 36063, 37419, 39130, 30175, 26194, 8706, 41831, 45051, 20748, 22909, 34640, 32700, 25612, 27379, 36258, 30281, 37275, 31490, 17036, 24733, 38776, 29740, 28580, 29540, 14353, 18045, 44245, 17295, -1, 37167, 22923, 39111, 45368, 43344, 30912, 45910, 25371, 22354, 43991, 32403, 39883, 36538, 31636, 44320, 31869, 19350, 34262, 39717, 32198, 10400, 7616, 26118, 39478, 37219, 21190, 12929, 32504, 24880, 42318, 18049, 32124],[11753, 29322, 40054, 39829, 32239, 44358, 43914, 46019, 33418, 38192, 20176, 42838, 32296, 33840, 42956, 42549, 44687, 24301, 41695, 21095, 33493, 11756, 15003, 45353, 25322, 13320, 25090, 46228, 38972, 19195, 40806, 30615, 7970, 41238, 14001, 35955, 29778, 25299, 25074, 25062, 37167, -1, 31430, 33485, 18386, 9786, 39112, 45913, 34632, 33972, 19781, 11084, 18226, 18837, 9819, 41515, 9125, 43274, 34027, 33495, 34935, 42843, 36508, 30854, 35554, 23783, 28488, 37721, 45069, 41862, 41726, 14661, 27714],[32799, 40189, 15091, 34673, 17511, 25402, 37416, 40194, 22530, 38639, 34075, 33607, 44488, 33245, 30435, 30916, 40917, 34283, 27799, 9810, 44141, 33821, 16992, 20208, 36818, 21550, 9397, 39809, 28530, 45776, 6941, 33427, 37651, 40115, 21483, 14427, 22638, 21211, 21544, 44556, 22923, 31430, -1, 40786, 11112, 22172, 22408, 43675, 43653, 42963, 38437, 1888, 29741, 11567, 39939, 14309, 45858, 28089, 28507, 25771, 19942, 45502, 36557, 46092, 13654, 25556, 40039, 41880, 21101, 45840, 25334, 41165, 33369],[34759, 30159, 45193, 35507, 13593, 18671, 26065, 36272, 3984, 19984, 12705, 14722, 40147, 36977, 33983, 20929, 41640, 20751, 23990, 40464, 28008, 27593, 37487, 23464, 11464, 12825, 30163, 44075, 29532, 28022, 43660, 22066, 25506, 20695, 38457, 34395, 31364, 40449, 28029, 40386, 39111, 33485, 40786, -1, 24293, 36181, 38940, 41771, 42676, 42742, 41003, 36966, 38171, 42398, 45858, 11599, 36271, 45980, 14350, 25997, 40182, 31509, 22108, 11154, 38836, 33262, 24431, 36478, 41908, 37142, 45023, 24980, 25145],[33796, 31613, 35559, 26921, 24390, 10295, 9974, 22828, 31357, 12209, 17776, 41174, 42537, 44931, 24244, 34003, 40461, 12385, 40938, 42018, 34281, 40992, 31800, 43694, 6341, 41338, 9219, 20393, 17610, 31304, 35594, 29559, 43094, 25674, 36819, 39261, 46016, 33812, 35553, 29997, 45368, 18386, 11112, 24293, -1, 35680, 18892, 30509, 27158, 44322, 38365, 8216, 42135, 36900, 36055, 23564, 39889, 20297, 17516, 37235, 21222, 26308, 44660, 38980, 41536, 37961, 15680, 17999, 31649, 36219, 23223, 43029, 45604],[34028, 36756, 43932, 44535, 20075, 45311, 28141, 33360, 23984, 6748, 43241, 31105, 29350, 19822, 41685, 21250, 30184, 34697, 34114, 43284, 42012, 39168, 31310, 19074, 25973, 28650, 30831, 17141, 27872, 8635, 38308, 19300, 18124, 25127, 40884, 22955, 19177, 43682, 18180, 19958, 43344, 9786, 22172, 36181, 35680, -1, 32897, 9365, 30037, 33592, 32658, 18531, 39794, 31296, 46041, 30253, 38305, 32300, 31605, 20722, 45132, 37118, 37177, 44259, 15174, 32095, 9055, 41002, 7725, 29604, 14692, 43618, 45409],[33445, 25214, 36788, 34131, 43726, 46165, 40117, 24851, 10697, 35671, 46192, 28305, 43646, 38311, 23196, 45682, 35394, 8632, 23906, 30566, 33536, 37083, 12014, 41793, 4153, 12710, 40530, 37477, 45805, 38154, 30099, 44026, 40591, 18350, 18002, 29262, 42125, 28558, 37161, 40935, 30912, 39112, 22408, 38940, 18892, 32897, -1, 22709, 39411, 25864, 44553, 31556, 28778, 18957, 39861, 25877, 46138, 40910, 18327, 44053, 2793, 16664, 40847, 30492, 14175, 43184, 46246, 41629, 31199, 39052, 41913, 37358, 32680],[26511, 36137, 21250, 44580, 31717, 46327, 36059, 42414, 12791, 7454, 30107, 17566, 29907, 40473, 33644, 29230, 33003, 24315, 35358, 21409, 42633, 36762, 16942, 40533, 44361, 44501, 33779, 39875, 43447, 33311, 9099, 12720, 33748, 33072, 41239, 37010, 44425, 42135, 35985, 44140, 45910, 45913, 43675, 41771, 30509, 9365, 22709, -1, 45135, 17414, 35401, 22018, 23558, 44855, 26402, 33255, 17547, 31404, 42724, 17786, 39016, 17732, 46145, 25534, 43607, 12179, 41768, 20778, 36594, 28130, 18107, 40068, 34959],[46035, 31482, 38910, 31794, 44774, 24114, 27094, 15178, 32933, 42504, 42003, 38929, 20710, 5140, 25264, 42004, 23475, 35391, 46272, 25430, 45723, 41158, 42640, 33347, 31083, 46081, 5459, 39923, 39608, 45093, 11119, 43132, 45139, 34424, 28707, 16403, 29238, 22127, 25025, 45893, 25371, 34632, 43653, 42676, 27158, 30037, 39411, 45135, -1, 43089, 43714, 23750, 23173, 40872, 36620, 37134, 33675, 25359, 43746, 18121, 43668, 9246, 43400, 44303, 40447, 40241, 17842, 23417, 38453, 10437, 27334, 11393, 15539],[34552, 41679, 29593, 40976, 21722, 36861, 39443, 40175, 14165, 40184, 13407, 14757, 44867, 39692, 9764, 43552, 42886, 19273, 32395, 37505, 42545, 15188, 43507, 25450, 38312, 21768, 45686, 25253, 44714, 15228, 22369, 39637, 3662, 42210, 42434, 34433, 7747, 13965, 44169, 9087, 22354, 33972, 42963, 42742, 44322, 33592, 25864, 17414, 43089, -1, 9671, 28579, 34244, 40265, 30558, 19497, 15834, 36334, 43171, 16678, 24164, 31516, 23015, 38783, 26879, 30173, 31197, 16241, 24670, 22288, 21942, 19139, 16355],[40210, 37563, 45675, 39276, 33486, 31255, 33789, 45494, 25474, 38608, 38515, 15358, 29836, 41443, 46119, 21151, 38148, 16342, 26545, 35785, 44165, 9110, 16172, 10798, 31131, 34630, 17961, 41545, 42740, 44562, 34296, 26667, 37031, 36287, 46261, 25274, 28559, 36251, 43422, 46195, 43991, 19781, 38437, 41003, 38365, 32658, 44553, 35401, 43714, 9671, -1, 18440, 43972, 32821, 45869, 37518, 3989, 31110, 43449, 23757, 25637, 33999, 15094, 40416, 43717, 30810, 30843, 7620, 39676, 43502, 44752, 40627, 36520],[31593, 32519, 34538, 42037, 4557, 43569, 40122, 44511, 44060, 35459, 40077, 22158, 10826, 42901, 18436, 25508, 35273, 26729, 41898, 45990, 19543, 39917, 26853, 10357, 37093, 10785, 38041, 25250, 31205, 45496, 14437, 36772, 41019, 42267, 39520, 38385, 34794, 20577, 35757, 46026, 32403, 11084, 1888, 36966, 8216, 18531, 31556, 22018, 23750, 28579, 18440, -1, 15704, 25886, 19066, 32146, 17824, 7592, 12499, 39212, 28817, 41805, 41501, 45249, 13529, 39298, 15295, 24584, 23699, 29248, 42163, 44286, 26909],[24747, 42028, 22118, 45964, 16098, 36461, 14432, 14413, 24030, 7853, 17714, 32132, 35646, 19599, 19693, 16778, 21956, 23762, 27276, 18029, 40441, 45959, 39802, 18102, 8526, 33594, 40726, 13843, 42692, 37565, 27122, 22645, 37661, 26823, 42030, 36731, 43102, 15077, 42223, 41646, 39883, 18226, 29741, 38171, 42135, 39794, 28778, 23558, 23173, 34244, 43972, 15704, -1, 42782, 31221, 42555, 45090, 22721, 25846, 29631, 45322, 13035, 31951, 44073, 31105, 38370, 45650, 34435, 40729, 33376, 34778, 43546, 37176],[33582, 36004, 3563, 41752, 45755, 2979, 37745, 34266, 42137, 35474, 44693, 25126, 29116, 26643, 11392, 39997, 34871, 31937, 21530, 41037, 26051, 44591, 32779, 16697, 21018, 39868, 41167, 44640, 34334, 16611, 39458, 12149, 21370, 40723, 23738, 30703, 42942, 45395, 36706, 16590, 36538, 18837, 11567, 42398, 36900, 31296, 18957, 44855, 40872, 40265, 32821, 25886, 42782, -1, 45258, 44740, 30404, 32951, 35688, 39325, 44607, 15313, 42620, 26340, 6599, 42081, 36461, 21874, 45513, 18829, 25444, 25648, 41230],[37608, 42793, 38215, 21585, 13837, 46075, 25591, 36265, 40415, 32653, 44573, 37096, 11403, 19014, 8045, 23626, 43656, 25402, 33686, 32554, 24000, 30749, 31909, 43710, 18021, 33697, 39395, 29263, 38637, 28131, 32883, 43640, 27787, 27277, 29526, 43366, 42257, 8589, 25019, 38866, 31636, 9819, 39939, 45858, 36055, 46041, 39861, 26402, 36620, 30558, 45869, 19066, 31221, 45258, -1, 13736, 40736, 45118, 16057, 38516, 40340, 31987, 12769, 39018, 22589, 35208, 26914, 28635, 34711, 24509, 32985, 32490, 13472],[37638, 43640, 25700, 27368, 5359, 34783, 10143, 15326, 32689, 41725, 43003, 44974, 21145, 19182, 32887, 41243, 14812, 21364, 36193, 41702, 30885, 9443, 25800, 39659, 37174, 46283, 33364, 23914, 28140, 20727, 13387, 35757, 25184, 16130, 16919, 43946, 23118, 25274, 39122, 19627, 44320, 41515, 14309, 11599, 23564, 30253, 25877, 33255, 37134, 19497, 37518, 32146, 42555, 44740, 13736, -1, 42994, 44023, 44328, 38755, 42019, 26843, 32126, 19929, 32142, 41471, 5558, 35829, 36295, 41410, 21139, 43324, 45227],[26209, 32959, 14071, 41208, 35012, 31770, 41529, 30895, 30399, 29425, 8428, 23487, 39592, 34874, 27862, 27388, 31920, 12086, 21622, 40456, 30538, 44384, 40060, 41988, 27729, 30631, 40896, 36663, 21334, 16538, 29558, 28122, 24032, 13303, 28952, 24456, 36532, 44198, 34354, 11427, 31869, 9125, 45858, 36271, 39889, 38305, 46138, 17547, 33675, 15834, 3989, 17824, 45090, 30404, 40736, 42994, -1, 39820, 32338, 43942, 19367, 8397, 37604, 25634, 39989, 25402, 34555, 26388, 25203, 31209, 19925, 21279, 43390],[25800, 35115, 44268, 40832, 46319, 30755, 42042, 38579, 23169, 17549, 34462, 11084, 31869, 20351, 43866, 33620, 44790, 20883, 19499, 20324, 33315, 23002, 22822, 40399, 28628, 38829, 15330, 33724, 34435, 40644, 44953, 43229, 40381, 33761, 41221, 43861, 18865, 8826, 20469, 36895, 19350, 43274, 28089, 45980, 20297, 32300, 40910, 31404, 25359, 36334, 31110, 7592, 22721, 32951, 45118, 44023, 39820, -1, 9129, 20179, 35574, 27517, 38504, 45956, 41453, 41509, 23419, 26377, 31981, 30839, 18438, 23215, 45376],[40752, 27978, 42122, 38907, 45033, 38537, 22258, 11891, 32672, 6942, 6796, 44208, 45469, 44775, 44525, 35971, 40016, 25200, 34322, 25573, 46193, 46262, 45950, 20204, 40053, 46300, 30629, 27917, 18184, 28819, 41285, 35447, 5727, 17466, 36860, 38690, 20225, 43749, 34449, 42423, 34262, 34027, 28507, 14350, 17516, 31605, 18327, 42724, 43746, 43171, 43449, 12499, 25846, 35688, 16057, 44328, 32338, 9129, -1, 24791, 31538, 14244, 36957, 18766, 35734, 26081, 38020, 41282, 40888, 38711, 43138, 27026, 20986],[39338, 44144, 40745, 33394, 39880, 45835, 45498, 39279, 20447, 36703, 16734, 44860, 30690, 21873, 18902, 22619, 42492, 27422, 23008, 28498, 21160, 38459, 39545, 41076, 33663, 31463, 35467, 22990, 39034, 29802, 45890, 43203, 27601, 38956, 12053, 19770, 30629, 35786, 26506, 45383, 39717, 33495, 25771, 25997, 37235, 20722, 44053, 17786, 18121, 16678, 23757, 39212, 29631, 39325, 38516, 38755, 43942, 20179, 24791, -1, 23786, 44403, 35091, 44303, 35338, 27188, 40920, 23418, 25245, 19299, 31842, 14069, 41634],[22684, 25887, 40779, 45608, 28542, 35597, 35602, 12891, 32990, 45029, 28600, 38602, 29140, 36691, 43897, 30173, 24538, 33383, 38656, 10115, 21816, 37675, 30215, 26893, 44427, 40682, 43937, 42121, 34451, 23878, 41268, 36990, 33074, 25815, 19813, 37303, 34624, 10988, 20913, 41586, 32198, 34935, 19942, 40182, 21222, 45132, 2793, 39016, 43668, 24164, 25637, 28817, 45322, 44607, 40340, 42019, 19367, 35574, 31538, 23786, -1, 36362, 32493, 29082, 18033, 43947, 30045, 30980, 28941, 42195, 9793, 33475, 14159],[40158, 14801, 14873, 18507, 35413, 35510, 37528, 29513, 40051, 22803, 45660, 22611, 44004, 25545, 36183, 40928, 39902, 14373, 34442, 35541, 38113, 29586, 27010, 19685, 35211, 39174, 24971, 31351, 40340, 30225, 27827, 23868, 19423, 41352, 28467, 41473, 20108, 31455, 39167, 42174, 10400, 42843, 45502, 31509, 26308, 37118, 16664, 17732, 9246, 31516, 33999, 41805, 13035, 15313, 31987, 26843, 8397, 27517, 14244, 44403, 36362, -1, 29329, 38581, 19638, 36137, 21356, 34459, 22849, 45480, 21851, 16951, 25476],[43909, 26554, 24085, 39742, 41470, 14669, 40989, 27557, 16862, 40195, 37273, 44995, 33432, 18204, 27812, 11208, 21542, 21080, 23498, 25970, 33321, 35047, 40139, 26410, 13099, 37751, 26290, 19844, 22491, 24184, 37744, 24792, 29703, 28937, 17737, 16883, 25590, 28380, 36677, 39669, 7616, 36508, 36557, 22108, 44660, 37177, 40847, 46145, 43400, 23015, 15094, 41501, 31951, 42620, 12769, 32126, 37604, 38504, 36957, 35091, 32493, 29329, -1, 32653, 20163, 29871, 22169, 33382, 36301, 13135, 41065, 9169, 31441],[14823, 27631, 20729, 23033, 41329, 38557, 27069, 20214, 46004, 41604, 43504, 15702, 28395, 26033, 26027, 40557, 15296, 44104, 31643, 7576, 45994, 21077, 38934, 16054, 14689, 42073, 31317, 26020, 40141, 45290, 43306, 10043, 34560, 26543, 28847, 32802, 34445, 33301, 21336, 31916, 26118, 30854, 46092, 11154, 38980, 44259, 30492, 25534, 44303, 38783, 40416, 45249, 44073, 26340, 39018, 19929, 25634, 45956, 18766, 44303, 29082, 38581, 32653, -1, 13425, 39385, 43318, 27876, 32351, 16882, 38026, 33299, 39088],[28737, 28019, 30706, 22026, 40208, 40595, 26345, 22534, 37267, 38197, 21062, 35298, 43221, 34634, 42130, 35476, 8700, 44529, 40576, 27375, 36487, 12990, 14756, 18279, 12434, 38148, 40110, 24835, 12968, 16237, 18293, 44466, 22855, 21641, 15799, 15534, 15587, 38777, 44642, 18722, 39478, 35554, 13654, 38836, 41536, 15174, 14175, 43607, 40447, 26879, 43717, 13529, 31105, 6599, 22589, 32142, 39989, 41453, 35734, 35338, 18033, 19638, 20163, 13425, -1, 41479, 43419, 32867, 25728, 44229, 41885, 43095, 35106],[40658, 37245, 34210, 43216, 28143, 41524, 30351, 35600, 45133, 12418, 45881, 46073, 34398, 28243, 34319, 41480, 26803, 13862, 43960, 28603, 41110, 31196, 42977, 32367, 24742, 44575, 27204, 37458, 38711, 25757, 30835, 31920, 34803, 27701, 45986, 6170, 12490, 44457, 38761, 20619, 37219, 23783, 25556, 33262, 37961, 32095, 43184, 12179, 40241, 30173, 30810, 39298, 38370, 42081, 35208, 41471, 25402, 41509, 26081, 27188, 43947, 36137, 29871, 39385, 41479, -1, 34229, 28295, 44155, 39877, 22475, 32231, 4831],[39222, 29143, 24727, 37448, 17973, 27046, 17569, 21191, 27889, 30252, 38081, 41157, 33195, 23271, 44619, 37062, 6399, 34792, 41806, 19933, 9204, 41125, 36851, 42447, 5080, 38488, 46029, 22465, 41797, 40367, 18636, 22246, 12874, 30097, 18140, 30937, 42567, 34012, 42735, 17216, 21190, 28488, 40039, 24431, 15680, 9055, 46246, 41768, 17842, 31197, 30843, 15295, 45650, 36461, 26914, 5558, 34555, 23419, 38020, 40920, 30045, 21356, 22169, 43318, 43419, 34229, -1, 42125, 29188, 36210, 12820, 42411, 43742],[46252, 20367, 42502, 32062, 27359, 37487, 20360, 36004, 18443, 26498, 45710, 6151, 37827, 19711, 42231, 42285, 15019, 24984, 25046, 8441, 15498, 22620, 42152, 32044, 32338, 26742, 25924, 36500, 39644, 30537, 7553, 16859, 44975, 43830, 40759, 45324, 28353, 43790, 33398, 39907, 12929, 37721, 41880, 36478, 17999, 41002, 41629, 20778, 23417, 16241, 7620, 24584, 34435, 21874, 28635, 35829, 26388, 26377, 41282, 23418, 30980, 34459, 33382, 27876, 32867, 28295, 42125, -1, 10636, 9464, 40317, 21134, 41560],[36374, 26105, 22370, 33599, 26935, 34768, 30862, 31685, 39917, 30169, 14379, 44719, 29306, 41821, 34890, 33908, 39913, 32671, 29893, 22095, 37273, 27386, 3995, 20111, 15375, 29153, 14611, 15966, 44507, 29192, 32411, 42592, 32735, 5864, 7048, 6313, 44560, 28785, 43046, 25684, 32504, 45069, 21101, 41908, 31649, 7725, 31199, 36594, 38453, 24670, 39676, 23699, 40729, 45513, 34711, 36295, 25203, 31981, 40888, 25245, 28941, 22849, 36301, 32351, 25728, 44155, 29188, 10636, -1, 16669, 9741, 46249, 38167],[39033, 38540, 30748, 25328, 45050, 30501, 41556, 28234, 33651, 37729, 27444, 20830, 25490, 39677, 35841, 40936, 29743, 38892, 8647, 45683, 39664, 24257, 13127, 18517, 22258, 14643, 32221, 21532, 30258, 23435, 10636, 43092, 25006, 42850, 44970, 15046, 32970, 26645, 42640, 40661, 24880, 41862, 45840, 37142, 36219, 29604, 39052, 28130, 10437, 22288, 43502, 29248, 33376, 18829, 24509, 41410, 31209, 30839, 38711, 19299, 42195, 45480, 13135, 16882, 44229, 39877, 36210, 9464, 16669, -1, 23661, 25225, 35472],[44317, 40451, 42911, 42046, 25034, 10104, 38271, 30132, 11829, 43019, 3966, 42175, 45721, 10609, 33010, 14700, 25577, 30252, 24934, 41071, 33391, 44554, 43747, 12815, 46277, 28232, 39553, 9706, 34297, 13172, 45750, 34114, 45670, 37916, 29629, 4354, 27217, 25061, 39066, 17143, 42318, 41726, 25334, 45023, 23223, 14692, 41913, 18107, 27334, 21942, 44752, 42163, 34778, 25444, 32985, 21139, 19925, 18438, 43138, 31842, 9793, 21851, 41065, 38026, 41885, 22475, 12820, 40317, 9741, 23661, -1, 16482, 41428],[35867, 18656, 44714, 30840, 27830, 45331, 28795, 41941, 7925, 42228, 36637, 46248, 44547, 41224, 12099, 6310, 28121, 43242, 35003, 22135, 32399, 28752, 10014, 33460, 32839, 29505, 24730, 19991, 16697, 14437, 37226, 35865, 15552, 34764, 21134, 10982, 24825, 45758, 43227, 22138, 18049, 14661, 41165, 24980, 43029, 43618, 37358, 40068, 11393, 19139, 40627, 44286, 43546, 25648, 32490, 43324, 21279, 23215, 27026, 14069, 33475, 16951, 9169, 33299, 43095, 32231, 42411, 21134, 46249, 25225, 16482, -1, 42282],[36347, 32576, 17861, 21146, 26437, 38896, 26213, 11297, 34164, 43434, 12366, 11840, 46289, 20663, 38950, 23172, 25980, 26361, 24606, 26400, 37677, 28139, 37864, 12283, 28702, 44270, 45540, 20827, 44124, 40769, 23932, 43019, 38072, 41120, 32256, 42618, 39996, 35186, 43283, 33768, 32124, 27714, 33369, 25145, 45604, 45409, 32680, 34959, 15539, 16355, 36520, 26909, 37176, 41230, 13472, 45227, 43390, 45376, 20986, 41634, 14159, 25476, 31441, 39088, 35106, 4831, 43742, 41560, 38167, 35472, 41428, 42282, -1]]