[-1, 888, 354, 470, 527, 1081, 362, 995, 549, 854, 532, 659, 525, 658, 440, 616, 253, 124, 1143, 570, 
888, -1, 875, 634, 673, 643, 609, 661, 555, 271, 411, 232, 790, 336, 732, 785, 839, 776, 620, 981, 
354, 875, -1, 260, 267, 840, 579, 737, 357, 735, 658, 654, 203, 774, 169, 294, 105, 294, 921, 220, 
470, 634, 260, -1, 76, 616, 513, 525, 98, 475, 509, 428, 168, 602, 98, 211, 271, 354, 686, 352, 
527, 673, 267, 76, -1, 577, 589, 479, 118, 488, 580, 481, 116, 669, 101, 137, 306, 417, 654, 308, 
1081, 643, 840, 616, 577, -1, 1003, 113, 531, 386, 879, 644, 646, 887, 678, 569, 882, 959, 98, 788, 
362, 609, 579, 513, 589, 1003, -1, 949, 534, 676, 201, 415, 655, 316, 554, 721, 483, 310, 1038, 786, 
995, 661, 737, 525, 479, 113, 949, -1, 448, 391, 843, 621, 539, 867, 579, 459, 786, 876, 209, 676, 
549, 555, 357, 98, 118, 531, 534, 448, -1, 378, 491, 366, 234, 568, 192, 241, 367, 428, 596, 426, 
854, 271, 735, 475, 488, 386, 676, 391, 378, -1, 518, 274, 600, 506, 570, 571, 729, 730, 385, 789, 
532, 411, 658, 509, 580, 879, 201, 843, 491, 518, -1, 244, 673, 127, 579, 717, 580, 446, 898, 837, 
659, 232, 654, 428, 481, 644, 415, 621, 366, 274, 244, -1, 594, 245, 523, 607, 610, 545, 657, 781, 
525, 790, 203, 168, 116, 646, 655, 539, 234, 600, 673, 594, -1, 770, 101, 92, 278, 433, 731, 192, 
658, 336, 774, 602, 669, 887, 316, 867, 568, 506, 127, 245, 770, -1, 682, 804, 702, 573, 892, 943, 
440, 732, 169, 98, 101, 678, 554, 579, 192, 570, 579, 523, 101, 682, -1, 180, 207, 339, 755, 262, 
616, 785, 294, 211, 137, 569, 721, 459, 241, 571, 717, 607, 92, 804, 180, -1, 370, 519, 657, 228, 
253, 839, 105, 271, 306, 882, 483, 786, 367, 729, 580, 610, 278, 702, 207, 370, -1, 189, 956, 325, 
124, 776, 294, 354, 417, 959, 310, 876, 428, 730, 446, 545, 433, 573, 339, 519, 189, -1, 1020, 513, 
1143, 620, 921, 686, 654, 98, 1038, 209, 596, 385, 898, 657, 731, 892, 755, 657, 956, 1020, -1, 879, 
570, 981, 220, 352, 308, 788, 786, 676, 426, 789, 837, 781, 192, 943, 262, 228, 325, 513, 879, -1]