[-1, 870, 636, 748, 571, 770, 338, 698, 440, 268, 861, 602, 857, 357, 367, 172, 1153, 320, 165, 701, 1139, 946, 648, 1063, 617, 806, 773, 1037, 535, 602, 354, 900, 915, 85, 700, 404, 445, 757, 786, 834, 735, 777, 889, 1144, 463, 226, 427, 680, 111, 639, 619, 489, 795, 697, 751, 147, 384, 882, 551, 1052, 1032, 736, 68, 911, 1028, 614, 494, 131, 1094, 821, 114, 880, 1149, 702, 417, 172, 694, 447, 894, 642, 726, 673, 318, 435, 540, 647, 89, 45, 372, 524, 81, 
870, -1, 763, 419, 450, 452, 552, 408, 685, 691, 488, 268, 380, 545, 604, 708, 313, 592, 728, 195, 332, 392, 397, 297, 262, 575, 107, 183, 345, 497, 581, 864, 105, 833, 188, 521, 670, 599, 807, 113, 231, 101, 605, 276, 489, 796, 689, 621, 834, 378, 289, 392, 355, 495, 596, 723, 710, 202, 555, 288, 178, 358, 931, 714, 264, 496, 380, 794, 223, 272, 758, 121, 284, 654, 615, 744, 606, 705, 40, 505, 225, 326, 559, 482, 748, 479, 877, 881, 644, 613, 906, 
636, 763, -1, 958, 825, 355, 450, 361, 886, 388, 398, 602, 474, 425, 750, 518, 897, 414, 646, 728, 846, 549, 365, 759, 560, 1097, 731, 940, 516, 268, 708, 264, 861, 683, 594, 389, 210, 227, 150, 814, 809, 671, 347, 950, 740, 411, 878, 1035, 527, 387, 502, 630, 951, 280, 1071, 569, 255, 626, 224, 752, 935, 907, 698, 312, 737, 267, 524, 690, 928, 530, 605, 683, 941, 141, 272, 477, 179, 194, 757, 259, 795, 824, 594, 692, 95, 285, 563, 679, 793, 183, 593, 
748, 419, 958, -1, 177, 759, 560, 682, 379, 703, 828, 367, 737, 573, 385, 642, 708, 610, 583, 274, 743, 779, 641, 716, 419, 161, 337, 467, 442, 710, 394, 1142, 364, 678, 434, 588, 786, 877, 1055, 307, 198, 415, 934, 633, 288, 790, 390, 215, 768, 614, 483, 337, 78, 761, 177, 626, 792, 597, 736, 707, 464, 63, 786, 1029, 683, 717, 434, 629, 573, 629, 641, 527, 651, 898, 715, 701, 854, 820, 459, 740, 208, 136, 461, 326, 903, 719, 797, 736, 396, 776, 814, 
571, 450, 825, 177, -1, 681, 399, 596, 242, 536, 762, 284, 686, 416, 211, 466, 762, 448, 406, 258, 781, 746, 548, 736, 339, 275, 345, 557, 330, 597, 216, 1032, 436, 502, 387, 440, 638, 778, 936, 358, 229, 405, 856, 708, 111, 618, 249, 219, 591, 522, 398, 195, 227, 664, 246, 448, 635, 585, 610, 725, 553, 170, 611, 940, 700, 606, 307, 453, 648, 588, 463, 531, 722, 784, 567, 526, 745, 670, 488, 633, 229, 133, 287, 152, 760, 616, 620, 560, 230, 642, 636, 
770, 452, 355, 759, 681, -1, 453, 87, 834, 507, 93, 400, 120, 428, 704, 603, 542, 454, 699, 490, 491, 202, 142, 404, 345, 917, 457, 612, 358, 170, 662, 412, 557, 779, 329, 375, 372, 150, 360, 531, 573, 381, 175, 600, 638, 591, 831, 900, 683, 164, 283, 500, 727, 85, 911, 646, 438, 281, 233, 397, 608, 699, 839, 272, 382, 158, 393, 763, 584, 187, 689, 350, 589, 221, 364, 599, 176, 396, 435, 136, 560, 625, 567, 599, 382, 124, 729, 802, 753, 283, 763, 
338, 552, 450, 560, 399, 453, -1, 372, 437, 149, 546, 290, 526, 26, 300, 166, 819, 50, 246, 412, 802, 613, 319, 724, 290, 675, 466, 729, 207, 297, 258, 690, 613, 331, 371, 79, 246, 479, 582, 538, 469, 453, 597, 818, 300, 250, 429, 594, 283, 306, 282, 226, 577, 392, 640, 199, 236, 544, 271, 714, 724, 522, 406, 647, 689, 310, 174, 310, 772, 482, 241, 546, 821, 451, 178, 192, 425, 275, 570, 341, 457, 442, 144, 252, 372, 338, 328, 362, 345, 276, 358, 
698, 408, 361, 682, 596, 87, 372, -1, 746, 441, 178, 318, 161, 348, 616, 528, 549, 378, 618, 417, 507, 252, 55, 420, 264, 838, 395, 580, 271, 118, 575, 469, 509, 702, 261, 296, 328, 199, 401, 474, 501, 324, 259, 592, 551, 531, 743, 816, 616, 77, 200, 413, 655, 88, 830, 568, 389, 268, 187, 412, 575, 622, 766, 347, 393, 110, 306, 683, 567, 172, 612, 322, 584, 246, 306, 529, 197, 356, 398, 105, 487, 547, 482, 511, 365, 80, 663, 727, 666, 246, 696, 
440, 685, 886, 379, 242, 834, 437, 746, -1, 524, 923, 474, 866, 462, 137, 410, 998, 472, 296, 489, 1012, 938, 692, 960, 523, 383, 578, 799, 480, 711, 180, 1126, 678, 356, 590, 506, 678, 899, 1019, 599, 470, 627, 1000, 948, 207, 572, 13, 246, 502, 669, 569, 342, 449, 795, 322, 370, 651, 796, 701, 949, 795, 398, 456, 1067, 923, 723, 441, 309, 889, 782, 361, 754, 962, 883, 613, 472, 852, 702, 721, 753, 470, 376, 293, 237, 803, 742, 514, 412, 92, 713, 519, 
268, 691, 388, 703, 536, 507, 149, 441, 524, -1, 596, 436, 603, 148, 397, 129, 940, 101, 259, 560, 916, 693, 396, 834, 429, 808, 610, 871, 347, 337, 359, 649, 758, 299, 505, 172, 182, 488, 535, 685, 619, 590, 620, 950, 430, 104, 514, 715, 175, 392, 408, 375, 725, 431, 768, 181, 134, 657, 283, 824, 866, 669, 336, 645, 801, 349, 320, 302, 907, 582, 217, 671, 950, 436, 148, 96, 426, 193, 706, 376, 607, 590, 253, 384, 295, 383, 222, 306, 432, 256, 255, 
861, 488, 398, 828, 762, 93, 546, 178, 923, 596, -1, 478, 110, 521, 794, 695, 521, 547, 792, 555, 461, 155, 233, 377, 423, 988, 511, 631, 444, 259, 753, 393, 593, 872, 394, 468, 452, 172, 368, 579, 636, 431, 117, 593, 725, 676, 921, 979, 772, 254, 363, 586, 790, 166, 986, 739, 518, 296, 317, 372, 627, 766, 930, 228, 364, 247, 482, 856, 586, 216, 782, 374, 579, 257, 451, 689, 223, 471, 464, 221, 624, 697, 660, 687, 442, 214, 818, 894, 844, 361, 851, 
602, 268, 602, 367, 284, 400, 290, 318, 474, 436, 478, -1, 403, 288, 366, 440, 561, 334, 463, 131, 559, 467, 275, 496, 55, 520, 175, 440, 94, 344, 334, 775, 323, 567, 117, 274, 455, 510, 689, 249, 207, 177, 576, 542, 267, 539, 475, 500, 568, 248, 118, 138, 350, 394, 511, 455, 481, 324, 378, 485, 435, 310, 663, 666, 459, 351, 116, 529, 491, 309, 490, 294, 548, 532, 390, 479, 487, 491, 292, 373, 193, 230, 293, 242, 559, 352, 610, 613, 412, 425, 638, 
857, 380, 474, 737, 686, 120, 526, 161, 866, 603, 110, 403, -1, 504, 744, 686, 425, 537, 769, 463, 371, 90, 209, 284, 349, 898, 410, 521, 388, 275, 705, 501, 484, 857, 305, 453, 484, 259, 467, 475, 541, 330, 227, 490, 662, 693, 865, 899, 778, 220, 297, 524, 694, 203, 901, 725, 547, 186, 342, 278, 517, 674, 926, 339, 265, 265, 430, 835, 479, 111, 768, 264, 477, 337, 467, 690, 295, 510, 355, 249, 529, 609, 622, 629, 502, 231, 825, 885, 793, 397, 858, 
357, 545, 425, 573, 416, 428, 26, 348, 462, 148, 521, 288, 504, -1, 325, 184, 806, 47, 271, 413, 786, 591, 296, 708, 283, 692, 462, 724, 200, 271, 283, 664, 610, 353, 362, 53, 224, 452, 556, 537, 474, 445, 571, 808, 320, 251, 455, 615, 295, 284, 269, 237, 587, 366, 659, 221, 219, 528, 244, 698, 719, 534, 425, 620, 673, 284, 171, 335, 763, 463, 264, 534, 810, 424, 155, 203, 399, 254, 562, 314, 462, 452, 169, 272, 349, 312, 340, 382, 370, 250, 372, 
367, 604, 750, 385, 211, 704, 300, 616, 137, 397, 794, 366, 744, 325, -1, 294, 915, 337, 204, 411, 921, 819, 561, 861, 409, 442, 497, 741, 356, 575, 43, 989, 616, 293, 483, 369, 543, 763, 882, 534, 414, 533, 867, 877, 119, 457, 131, 326, 404, 540, 448, 228, 439, 661, 391, 262, 520, 691, 564, 851, 737, 381, 401, 932, 824, 587, 314, 244, 820, 665, 266, 657, 888, 746, 478, 357, 716, 569, 638, 617, 409, 332, 156, 124, 669, 607, 425, 351, 49, 576, 438, 
172, 708, 518, 642, 466, 603, 166, 528, 410, 129, 695, 440, 686, 184, 294, -1, 983, 149, 130, 550, 967, 775, 477, 891, 450, 728, 615, 880, 367, 438, 264, 778, 760, 178, 532, 232, 310, 605, 664, 681, 594, 612, 732, 978, 355, 163, 399, 620, 131, 467, 448, 342, 676, 534, 681, 51, 263, 710, 394, 880, 875, 618, 240, 765, 855, 451, 328, 174, 930, 648, 90, 710, 982, 559, 266, 63, 544, 323, 729, 479, 584, 546, 181, 316, 425, 482, 170, 199, 321, 377, 198, 
1153, 313, 897, 708, 762, 542, 819, 549, 998, 940, 521, 561, 425, 806, 915, 983, -1, 850, 1023, 509, 72, 368, 570, 144, 537, 852, 420, 263, 618, 665, 889, 908, 344, 1126, 453, 769, 870, 684, 888, 409, 538, 385, 625, 110, 801, 1043, 1003, 920, 1101, 563, 536, 695, 636, 618, 885, 1007, 925, 287, 734, 148, 263, 653, 1217, 733, 159, 659, 659, 1090, 153, 377, 1045, 273, 86, 762, 833, 1009, 719, 902, 277, 653, 535, 635, 854, 792, 914, 629, 1147, 1169, 956, 794, 1178, 
320, 592, 414, 610, 448, 454, 50, 378, 472, 101, 547, 334, 537, 47, 337, 149, 850, -1, 253, 459, 829, 626, 328, 750, 330, 724, 509, 771, 247, 291, 296, 662, 657, 325, 408, 84, 206, 465, 551, 583, 519, 492, 589, 854, 348, 204, 464, 640, 251, 319, 315, 277, 628, 387, 688, 192, 188, 571, 253, 740, 766, 573, 388, 630, 716, 304, 218, 312, 810, 503, 235, 579, 856, 428, 142, 159, 407, 232, 609, 333, 506, 493, 182, 300, 331, 334, 297, 348, 379, 249, 329, 
165, 728, 646, 583, 406, 699, 246, 618, 296, 259, 792, 463, 769, 271, 204, 130, 1023, 253, -1, 550, 1016, 855, 564, 945, 487, 645, 626, 887, 410, 542, 189, 904, 763, 105, 570, 324, 437, 718, 791, 681, 576, 640, 841, 1004, 298, 283, 284, 525, 206, 549, 501, 338, 630, 637, 593, 80, 393, 765, 506, 934, 882, 571, 210, 882, 908, 555, 366, 68, 951, 715, 65, 752, 1011, 679, 386, 185, 660, 452, 755, 585, 569, 510, 169, 273, 554, 583, 223, 158, 216, 497, 234, 
701, 195, 728, 274, 258, 490, 412, 417, 489, 560, 555, 131, 463, 413, 411, 550, 509, 459, 550, -1, 524, 508, 382, 477, 167, 435, 88, 338, 225, 464, 390, 885, 213, 655, 161, 404, 587, 616, 806, 132, 84, 149, 663, 466, 294, 662, 494, 449, 680, 356, 228, 212, 237, 500, 440, 557, 612, 333, 504, 467, 332, 211, 758, 761, 441, 469, 242, 613, 410, 355, 587, 274, 477, 647, 521, 595, 601, 622, 232, 488, 70, 150, 384, 291, 689, 464, 720, 707, 449, 554, 746, 
1139, 332, 846, 743, 781, 491, 802, 507, 1012, 916, 461, 559, 371, 786, 921, 967, 72, 829, 1016, 524, -1, 306, 533, 87, 529, 892, 436, 318, 606, 625, 892, 844, 382, 1117, 446, 746, 833, 628, 829, 438, 563, 388, 561, 180, 811, 1016, 1016, 951, 1081, 529, 519, 697, 673, 570, 921, 994, 890, 258, 694, 95, 318, 686, 1205, 668, 115, 617, 649, 1084, 214, 338, 1034, 265, 157, 709, 800, 989, 667, 863, 293, 609, 558, 659, 849, 797, 868, 586, 1127, 1158, 964, 753, 1159, 
946, 392, 549, 779, 746, 202, 613, 252, 938, 693, 155, 467, 90, 591, 819, 775, 368, 626, 855, 508, 306, -1, 298, 224, 416, 941, 444, 506, 464, 364, 781, 540, 492, 944, 359, 542, 572, 325, 523, 498, 581, 364, 257, 447, 732, 783, 938, 954, 868, 307, 371, 596, 729, 288, 949, 812, 636, 190, 431, 220, 503, 716, 1015, 367, 214, 354, 507, 921, 447, 158, 855, 271, 431, 408, 557, 780, 370, 597, 360, 336, 570, 658, 704, 702, 584, 320, 915, 974, 868, 485, 948, 
648, 397, 365, 641, 548, 142, 319, 55, 692, 396, 233, 275, 209, 296, 561, 477, 570, 328, 564, 382, 533, 298, -1, 448, 222, 795, 370, 576, 219, 100, 520, 502, 495, 649, 233, 245, 300, 235, 424, 452, 467, 306, 310, 604, 498, 490, 689, 767, 570, 26, 157, 362, 618, 119, 784, 517, 356, 283, 166, 439, 571, 583, 717, 392, 418, 99, 252, 629, 574, 194, 560, 325, 598, 266, 268, 482, 219, 331, 393, 109, 452, 505, 427, 458, 355, 83, 617, 677, 611, 226, 650, 
1063, 297, 759, 716, 736, 404, 724, 420, 960, 834, 377, 496, 284, 708, 861, 891, 144, 750, 945, 477, 87, 224, 448, -1, 460, 871, 392, 333, 534, 538, 830, 764, 368, 1044, 380, 666, 747, 543, 745, 409, 526, 333, 481, 231, 755, 933, 962, 917, 1001, 445, 444, 634, 651, 483, 894, 919, 805, 180, 608, 10, 331, 656, 1129, 590, 37, 531, 578, 1013, 246, 253, 960, 205, 212, 622, 716, 909, 580, 777, 257, 521, 520, 620, 779, 737, 781, 499, 1047, 1083, 906, 666, 1080, 
617, 262, 560, 419, 339, 345, 290, 264, 523, 429, 423, 55, 349, 283, 409, 450, 537, 330, 487, 167, 529, 416, 222, 460, -1, 574, 186, 442, 83, 297, 374, 724, 333, 589, 83, 260, 427, 457, 641, 267, 249, 163, 521, 528, 316, 533, 523, 556, 573, 195, 64, 181, 398, 341, 566, 470, 458, 284, 337, 450, 437, 361, 680, 611, 424, 303, 122, 554, 481, 259, 508, 265, 532, 483, 365, 482, 437, 463, 280, 323, 235, 283, 319, 287, 523, 301, 617, 632, 456, 388, 647, 
806, 575, 1097, 161, 275, 917, 675, 838, 383, 808, 988, 520, 898, 692, 442, 728, 852, 724, 645, 435, 892, 941, 795, 871, 574, -1, 498, 600, 588, 857, 465, 1292, 510, 727, 594, 715, 913, 1030, 1201, 462, 359, 576, 1093, 768, 378, 886, 396, 143, 845, 768, 638, 466, 220, 914, 64, 702, 911, 758, 878, 862, 597, 224, 832, 1185, 839, 865, 573, 677, 710, 790, 708, 686, 789, 1046, 842, 790, 1004, 945, 615, 890, 370, 291, 556, 425, 1035, 870, 867, 785, 434, 913, 879, 
773, 107, 731, 337, 345, 457, 466, 395, 578, 610, 511, 175, 410, 462, 497, 615, 420, 509, 626, 88, 436, 444, 370, 392, 186, 498, -1, 265, 263, 463, 474, 864, 148, 732, 137, 445, 612, 594, 794, 82, 139, 80, 624, 381, 381, 714, 582, 527, 743, 346, 232, 288, 285, 482, 511, 626, 645, 260, 513, 382, 260, 274, 831, 728, 357, 465, 292, 691, 326, 300, 660, 192, 391, 637, 551, 655, 589, 648, 143, 480, 130, 228, 458, 375, 704, 454, 785, 781, 537, 567, 812, 
1037, 183, 940, 467, 557, 612, 729, 580, 799, 871, 631, 440, 521, 724, 741, 880, 263, 771, 887, 338, 318, 506, 576, 333, 442, 600, 265, -1, 524, 676, 725, 1020, 125, 993, 371, 702, 853, 762, 972, 207, 330, 285, 748, 169, 622, 976, 806, 682, 1008, 558, 473, 549, 390, 666, 638, 891, 894, 335, 737, 328, 5, 420, 1095, 860, 316, 675, 555, 951, 112, 425, 924, 262, 190, 824, 799, 919, 776, 888, 183, 681, 333, 423, 721, 626, 929, 655, 1050, 1044, 775, 795, 1078, 
535, 345, 516, 442, 330, 358, 207, 271, 480, 347, 444, 94, 388, 200, 356, 367, 618, 247, 410, 225, 606, 464, 219, 534, 83, 588, 263, 524, -1, 269, 317, 705, 411, 510, 165, 182, 362, 447, 613, 340, 299, 246, 530, 611, 280, 452, 478, 549, 490, 194, 94, 142, 435, 334, 571, 389, 387, 355, 293, 523, 518, 390, 599, 610, 498, 277, 44, 478, 565, 313, 428, 344, 615, 458, 296, 399, 416, 398, 363, 303, 285, 308, 246, 243, 469, 285, 534, 552, 405, 336, 564, 
602, 497, 268, 710, 597, 170, 297, 118, 711, 337, 259, 344, 275, 271, 575, 438, 665, 291, 542, 464, 625, 364, 100, 538, 297, 857, 463, 676, 269, -1, 532, 435, 593, 615, 325, 218, 210, 187, 345, 545, 547, 403, 299, 703, 532, 421, 706, 815, 513, 119, 236, 403, 694, 95, 840, 483, 272, 380, 69, 530, 671, 654, 670, 356, 510, 13, 290, 603, 674, 288, 526, 426, 697, 188, 194, 430, 147, 238, 493, 43, 533, 574, 427, 487, 255, 46, 559, 635, 624, 128, 592, 
354, 581, 708, 394, 216, 662, 258, 575, 180, 359, 753, 334, 705, 283, 43, 264, 889, 296, 189, 390, 892, 781, 520, 830, 374, 465, 474, 725, 317, 532, -1, 946, 600, 287, 451, 326, 502, 720, 839, 517, 401, 505, 825, 855, 111, 425, 174, 357, 381, 498, 410, 196, 442, 619, 417, 237, 480, 657, 521, 820, 720, 383, 395, 888, 793, 544, 275, 239, 800, 629, 247, 627, 865, 703, 435, 327, 672, 528, 613, 574, 395, 326, 114, 99, 628, 565, 406, 344, 91, 533, 421, 
900, 864, 264, 1142, 1032, 412, 690, 469, 1126, 649, 393, 775, 501, 664, 989, 778, 908, 662, 904, 885, 844, 540, 502, 764, 724, 1292, 864, 1020, 705, 435, 946, -1, 969, 946, 730, 619, 467, 269, 114, 941, 969, 791, 283, 986, 962, 675, 1120, 1249, 791, 529, 660, 837, 1121, 384, 1276, 829, 518, 685, 427, 761, 1016, 1085, 962, 177, 754, 427, 724, 951, 980, 596, 866, 759, 971, 248, 520, 740, 288, 456, 847, 402, 955, 1006, 833, 915, 360, 423, 826, 944, 1035, 414, 856, 
915, 105, 861, 364, 436, 557, 613, 509, 678, 758, 593, 323, 484, 610, 616, 760, 344, 657, 763, 213, 382, 492, 495, 368, 333, 510, 148, 125, 411, 593, 600, 969, -1, 869, 272, 592, 755, 703, 910, 82, 207, 189, 710, 273, 497, 862, 684, 577, 889, 474, 373, 425, 292, 597, 541, 769, 791, 303, 648, 360, 120, 310, 971, 819, 340, 593, 439, 826, 213, 377, 801, 222, 290, 755, 696, 801, 707, 791, 131, 604, 209, 303, 597, 501, 841, 578, 930, 920, 651, 705, 957, 
85, 833, 683, 678, 502, 779, 331, 702, 356, 299, 872, 567, 857, 353, 293, 178, 1126, 325, 105, 655, 1117, 944, 649, 1044, 589, 727, 732, 993, 510, 615, 287, 946, 869, -1, 673, 405, 482, 783, 832, 787, 681, 744, 911, 1109, 398, 285, 343, 598, 178, 637, 600, 444, 729, 711, 671, 133, 428, 864, 572, 1034, 988, 670, 108, 943, 1008, 628, 467, 49, 1057, 810, 90, 854, 1115, 735, 443, 206, 722, 490, 860, 657, 673, 612, 274, 376, 588, 659, 170, 58, 292, 553, 167, 
700, 188, 594, 434, 387, 329, 371, 261, 590, 505, 394, 117, 305, 362, 483, 532, 453, 408, 570, 161, 446, 359, 233, 380, 83, 594, 137, 371, 165, 325, 451, 730, 272, 673, -1, 334, 484, 460, 657, 219, 243, 86, 502, 447, 382, 610, 591, 595, 654, 209, 102, 255, 398, 347, 595, 554, 522, 207, 377, 369, 366, 372, 764, 601, 343, 327, 206, 638, 401, 202, 592, 181, 449, 500, 427, 563, 452, 519, 200, 342, 230, 304, 402, 360, 569, 317, 699, 716, 529, 433, 729, 
404, 521, 389, 588, 440, 375, 79, 296, 506, 172, 468, 274, 453, 53, 369, 232, 769, 84, 324, 404, 746, 542, 245, 666, 260, 715, 445, 702, 182, 218, 326, 619, 592, 405, 334, -1, 198, 401, 513, 523, 472, 419, 518, 777, 352, 276, 500, 646, 334, 234, 236, 251, 595, 313, 686, 272, 209, 487, 195, 656, 697, 544, 473, 569, 632, 231, 164, 387, 735, 418, 315, 499, 778, 377, 127, 243, 349, 232, 534, 262, 459, 461, 215, 303, 319, 259, 381, 432, 416, 208, 413, 
445, 670, 210, 786, 638, 372, 246, 328, 678, 182, 452, 455, 484, 224, 543, 310, 870, 206, 437, 587, 833, 572, 300, 747, 427, 913, 612, 853, 362, 210, 502, 467, 755, 482, 484, 198, -1, 319, 353, 694, 661, 569, 455, 900, 545, 232, 670, 840, 341, 308, 382, 449, 791, 288, 882, 361, 67, 583, 141, 738, 848, 741, 510, 467, 718, 219, 356, 484, 866, 494, 399, 619, 896, 257, 71, 276, 254, 36, 674, 236, 647, 658, 388, 496, 125, 253, 383, 485, 585, 90, 416, 
757, 599, 227, 877, 778, 150, 479, 199, 899, 488, 172, 510, 259, 452, 763, 605, 684, 465, 718, 616, 628, 325, 235, 543, 457, 1030, 594, 762, 447, 187, 720, 269, 703, 783, 460, 401, 319, -1, 210, 672, 700, 522, 135, 748, 718, 551, 894, 997, 658, 262, 393, 586, 853, 116, 1018, 653, 386, 431, 211, 537, 758, 818, 825, 168, 525, 176, 473, 775, 733, 337, 695, 500, 736, 86, 340, 585, 65, 330, 584, 146, 686, 741, 613, 674, 281, 162, 701, 795, 811, 233, 734, 
786, 807, 150, 1055, 936, 360, 582, 401, 1019, 535, 368, 689, 467, 556, 882, 664, 888, 551, 791, 806, 829, 523, 424, 745, 641, 1201, 794, 972, 613, 345, 839, 114, 910, 832, 657, 513, 353, 210, -1, 874, 890, 725, 278, 957, 860, 561, 1012, 1151, 677, 450, 578, 740, 1039, 312, 1181, 715, 404, 642, 326, 740, 968, 999, 848, 202, 730, 338, 629, 837, 943, 548, 752, 711, 944, 158, 409, 625, 205, 342, 793, 317, 875, 919, 726, 813, 245, 341, 713, 829, 927, 305, 743, 
834, 113, 814, 307, 358, 531, 538, 474, 599, 685, 579, 249, 475, 537, 534, 681, 409, 583, 681, 132, 438, 498, 452, 409, 267, 462, 82, 207, 340, 545, 517, 941, 82, 787, 219, 523, 694, 672, 874, -1, 129, 150, 695, 349, 415, 788, 605, 513, 811, 428, 315, 344, 242, 562, 485, 688, 725, 308, 595, 400, 203, 248, 889, 801, 377, 547, 365, 744, 290, 364, 720, 230, 364, 717, 632, 724, 669, 730, 153, 561, 129, 227, 516, 418, 786, 536, 852, 838, 569, 650, 878, 
735, 231, 809, 198, 229, 573, 469, 501, 470, 619, 636, 207, 541, 474, 414, 594, 538, 519, 576, 84, 563, 581, 467, 526, 249, 359, 139, 330, 299, 547, 401, 969, 207, 681, 243, 472, 661, 700, 890, 129, -1, 217, 746, 479, 294, 719, 476, 390, 726, 440, 311, 251, 154, 585, 371, 594, 681, 399, 585, 517, 325, 135, 787, 845, 492, 552, 308, 636, 419, 432, 621, 331, 493, 731, 594, 644, 685, 696, 271, 572, 14, 97, 419, 305, 767, 548, 763, 735, 446, 633, 787, 
777, 101, 671, 415, 405, 381, 453, 324, 627, 590, 431, 177, 330, 445, 533, 612, 385, 492, 640, 149, 388, 364, 306, 333, 163, 576, 80, 285, 246, 403, 505, 791, 189, 744, 86, 419, 569, 522, 725, 150, 217, -1, 545, 366, 423, 695, 630, 598, 736, 284, 188, 310, 365, 412, 586, 630, 609, 184, 459, 322, 279, 352, 839, 650, 296, 404, 283, 707, 318, 219, 666, 127, 371, 569, 514, 645, 521, 605, 117, 415, 206, 298, 471, 409, 652, 389, 780, 790, 576, 516, 809, 
889, 605, 347, 934, 856, 175, 597, 259, 1000, 620, 117, 576, 227, 571, 867, 732, 625, 589, 841, 663, 561, 257, 310, 481, 521, 1093, 624, 748, 530, 299, 825, 283, 710, 911, 502, 518, 455, 135, 278, 695, 746, 545, -1, 704, 809, 687, 997, 1075, 792, 336, 458, 672, 900, 206, 1087, 779, 521, 413, 338, 477, 744, 873, 957, 111, 471, 286, 563, 901, 700, 333, 822, 492, 688, 213, 472, 716, 201, 466, 582, 256, 733, 801, 724, 768, 413, 261, 836, 925, 917, 367, 869, 
1144, 276, 950, 633, 708, 600, 818, 592, 948, 950, 593, 542, 490, 808, 877, 978, 110, 854, 1004, 466, 180, 447, 604, 231, 528, 768, 381, 169, 611, 703, 855, 986, 273, 1109, 447, 777, 900, 748, 957, 349, 479, 366, 704, -1, 760, 1054, 954, 847, 1101, 592, 541, 668, 557, 669, 805, 997, 950, 324, 770, 232, 171, 582, 1205, 815, 233, 698, 650, 1070, 59, 420, 1033, 281, 24, 821, 855, 1010, 775, 933, 249, 697, 478, 576, 834, 757, 957, 672, 1146, 1156, 915, 830, 1175, 
463, 489, 740, 288, 111, 638, 300, 551, 207, 430, 725, 267, 662, 320, 119, 355, 801, 348, 298, 294, 811, 732, 498, 755, 316, 378, 381, 622, 280, 532, 111, 962, 497, 398, 382, 352, 545, 718, 860, 415, 294, 423, 809, 760, -1, 509, 208, 294, 480, 474, 365, 138, 331, 609, 340, 338, 536, 589, 535, 744, 617, 272, 506, 884, 718, 542, 246, 350, 702, 575, 353, 549, 771, 714, 475, 416, 678, 575, 523, 571, 290, 215, 178, 48, 669, 557, 509, 455, 155, 559, 526, 
226, 796, 411, 790, 618, 591, 250, 531, 572, 104, 676, 539, 693, 251, 457, 163, 1043, 204, 283, 662, 1016, 783, 490, 933, 533, 886, 714, 976, 452, 421, 425, 675, 862, 285, 610, 276, 232, 551, 561, 788, 719, 695, 687, 1054, 509, -1, 561, 782, 115, 489, 512, 470, 818, 510, 842, 203, 166, 758, 359, 924, 971, 761, 286, 696, 901, 432, 423, 304, 1011, 680, 224, 775, 1054, 488, 226, 100, 487, 227, 810, 455, 707, 684, 331, 466, 315, 466, 153, 271, 485, 319, 184, 
427, 689, 878, 390, 249, 831, 429, 743, 13, 514, 921, 475, 865, 455, 131, 399, 1003, 464, 284, 494, 1016, 938, 689, 962, 523, 396, 582, 806, 478, 706, 174, 1120, 684, 343, 591, 500, 670, 894, 1012, 605, 476, 630, 997, 954, 208, 561, -1, 259, 490, 667, 568, 342, 458, 791, 335, 358, 642, 798, 695, 952, 802, 407, 443, 1062, 926, 718, 439, 296, 895, 782, 349, 756, 967, 877, 606, 461, 847, 694, 726, 748, 475, 383, 286, 236, 795, 738, 502, 400, 84, 706, 506, 
680, 621, 1035, 215, 219, 900, 594, 816, 246, 715, 979, 500, 899, 615, 326, 620, 920, 640, 525, 449, 951, 954, 767, 917, 556, 143, 527, 682, 549, 815, 357, 1249, 577, 598, 595, 646, 840, 997, 1151, 513, 390, 598, 1075, 847, 294, 782, 259, -1, 729, 741, 617, 412, 292, 883, 79, 589, 828, 782, 825, 907, 679, 266, 701, 1159, 883, 825, 525, 549, 787, 797, 589, 720, 865, 1001, 769, 684, 963, 869, 661, 852, 397, 300, 461, 343, 964, 835, 748, 656, 309, 852, 756, 
111, 834, 527, 768, 591, 683, 283, 616, 502, 175, 772, 568, 778, 295, 404, 131, 1101, 251, 206, 680, 1081, 868, 570, 1001, 573, 845, 743, 1008, 490, 513, 381, 791, 889, 178, 654, 334, 341, 658, 677, 811, 726, 736, 792, 1101, 480, 115, 490, 729, -1, 564, 564, 474, 805, 606, 795, 143, 278, 822, 457, 991, 1003, 747, 171, 808, 967, 525, 454, 207, 1055, 752, 141, 829, 1104, 598, 321, 91, 593, 340, 853, 551, 715, 676, 311, 443, 431, 559, 46, 156, 422, 424, 80, 
639, 378, 387, 614, 522, 164, 306, 77, 669, 392, 254, 248, 220, 284, 540, 467, 563, 319, 549, 356, 529, 307, 26, 445, 195, 768, 346, 558, 194, 119, 498, 529, 474, 637, 209, 234, 308, 262, 450, 428, 440, 284, 336, 592, 474, 489, 667, 741, 564, -1, 131, 337, 592, 146, 757, 505, 362, 275, 179, 436, 552, 556, 708, 419, 414, 119, 228, 615, 560, 191, 548, 312, 587, 292, 271, 475, 245, 341, 375, 133, 426, 478, 408, 434, 372, 108, 611, 666, 589, 239, 644, 
619, 289, 502, 483, 398, 283, 282, 200, 569, 408, 363, 118, 297, 269, 448, 448, 536, 315, 501, 228, 519, 371, 157, 444, 64, 638, 232, 473, 94, 236, 410, 660, 373, 600, 102, 236, 382, 393, 578, 315, 311, 188, 458, 541, 365, 512, 568, 617, 564, 131, -1, 227, 461, 277, 629, 474, 420, 264, 281, 434, 468, 425, 685, 547, 409, 241, 138, 569, 499, 219, 515, 264, 542, 420, 325, 472, 374, 418, 299, 260, 297, 347, 340, 331, 471, 237, 610, 638, 497, 334, 641, 
489, 392, 630, 337, 195, 500, 226, 413, 342, 375, 586, 138, 524, 237, 228, 342, 695, 277, 338, 212, 697, 596, 362, 634, 181, 466, 288, 549, 142, 403, 196, 837, 425, 444, 255, 251, 449, 586, 740, 344, 251, 310, 672, 668, 138, 470, 342, 412, 474, 337, 227, -1, 350, 474, 442, 345, 455, 462, 414, 623, 544, 296, 545, 751, 597, 412, 113, 403, 614, 440, 375, 431, 676, 589, 378, 392, 550, 483, 421, 440, 241, 216, 171, 106, 569, 424, 512, 494, 275, 447, 536, 
795, 355, 951, 78, 227, 727, 577, 655, 449, 725, 790, 350, 694, 587, 439, 676, 636, 628, 630, 237, 673, 729, 618, 651, 398, 220, 285, 390, 435, 694, 442, 1121, 292, 729, 398, 595, 791, 853, 1039, 242, 154, 365, 900, 557, 331, 818, 458, 292, 805, 592, 461, 350, -1, 737, 249, 666, 803, 543, 728, 642, 387, 58, 837, 999, 619, 700, 435, 680, 497, 584, 684, 469, 576, 881, 721, 733, 835, 826, 395, 721, 167, 134, 494, 362, 903, 699, 838, 786, 456, 772, 857, 
697, 495, 280, 761, 664, 85, 392, 88, 795, 431, 166, 394, 203, 366, 661, 534, 618, 387, 637, 500, 570, 288, 119, 483, 341, 914, 482, 666, 334, 95, 619, 384, 597, 711, 347, 313, 288, 116, 312, 562, 585, 412, 206, 669, 609, 510, 791, 883, 606, 146, 277, 474, 737, -1, 903, 579, 353, 346, 150, 476, 661, 702, 765, 276, 459, 82, 362, 698, 648, 249, 622, 406, 660, 158, 284, 524, 110, 310, 484, 55, 571, 625, 517, 566, 298, 54, 651, 730, 710, 198, 685, 
751, 596, 1071, 177, 246, 911, 640, 830, 322, 768, 986, 511, 901, 659, 391, 681, 885, 688, 593, 440, 921, 949, 784, 894, 566, 64, 511, 638, 571, 840, 417, 1276, 541, 671, 595, 686, 882, 1018, 1181, 485, 371, 586, 1087, 805, 340, 842, 335, 79, 795, 757, 629, 442, 249, 903, -1, 653, 876, 770, 856, 884, 635, 238, 775, 1177, 861, 849, 552, 622, 746, 795, 657, 703, 825, 1028, 811, 744, 988, 914, 636, 875, 380, 291, 514, 388, 1005, 856, 816, 729, 379, 888, 826, 
147, 723, 569, 626, 448, 646, 199, 568, 370, 181, 739, 455, 725, 221, 262, 51, 1007, 192, 80, 557, 994, 812, 517, 919, 470, 702, 626, 891, 389, 483, 237, 829, 769, 133, 554, 272, 361, 653, 715, 688, 594, 630, 779, 997, 338, 203, 358, 589, 143, 505, 474, 345, 666, 579, 653, -1, 314, 739, 442, 909, 886, 607, 210, 815, 884, 496, 348, 123, 947, 681, 43, 734, 1002, 609, 315, 104, 593, 374, 747, 525, 585, 539, 175, 303, 476, 526, 172, 163, 284, 427, 192, 
384, 710, 255, 792, 635, 438, 236, 389, 651, 134, 518, 481, 547, 219, 520, 263, 925, 188, 393, 612, 890, 636, 356, 805, 458, 911, 645, 894, 387, 272, 480, 518, 791, 428, 522, 209, 67, 386, 404, 725, 681, 609, 521, 950, 536, 166, 642, 828, 278, 362, 420, 455, 803, 353, 876, 314, -1, 637, 205, 796, 889, 751, 449, 530, 775, 282, 373, 435, 913, 551, 349, 668, 947, 321, 95, 221, 321, 62, 718, 301, 668, 669, 369, 488, 161, 316, 318, 426, 559, 157, 351, 
882, 202, 626, 597, 585, 281, 544, 268, 796, 657, 296, 324, 186, 528, 691, 710, 287, 571, 765, 333, 258, 190, 283, 180, 284, 758, 260, 335, 355, 380, 657, 685, 303, 864, 207, 487, 583, 431, 642, 308, 399, 184, 413, 324, 589, 758, 798, 782, 822, 275, 264, 462, 543, 346, 770, 739, 637, -1, 448, 170, 331, 534, 949, 525, 145, 375, 399, 833, 303, 96, 779, 81, 316, 500, 545, 730, 453, 615, 172, 373, 389, 483, 601, 567, 633, 348, 868, 903, 737, 508, 900, 
551, 555, 224, 736, 610, 233, 271, 187, 701, 283, 317, 378, 342, 244, 564, 394, 734, 253, 506, 504, 694, 431, 166, 608, 337, 878, 513, 737, 293, 69, 521, 427, 648, 572, 377, 195, 141, 211, 326, 595, 585, 459, 338, 770, 535, 359, 695, 825, 457, 179, 281, 414, 728, 150, 856, 442, 205, 448, -1, 599, 731, 684, 619, 376, 579, 77, 304, 564, 739, 357, 484, 491, 764, 182, 135, 378, 154, 169, 554, 96, 571, 602, 410, 488, 193, 111, 502, 587, 611, 60, 536, 
1052, 288, 752, 707, 725, 397, 714, 412, 949, 824, 372, 485, 278, 698, 851, 880, 148, 740, 934, 467, 95, 220, 439, 10, 450, 862, 382, 328, 523, 530, 820, 761, 360, 1034, 369, 656, 738, 537, 740, 400, 517, 322, 477, 232, 744, 924, 952, 907, 991, 436, 434, 623, 642, 476, 884, 909, 796, 170, 599, -1, 326, 646, 1119, 587, 26, 522, 567, 1002, 243, 244, 949, 195, 213, 616, 706, 899, 573, 768, 247, 513, 510, 610, 769, 726, 773, 491, 1037, 1073, 896, 658, 1069, 
1032, 178, 935, 464, 553, 608, 724, 575, 795, 866, 627, 435, 517, 719, 737, 875, 263, 766, 882, 332, 318, 503, 571, 331, 437, 597, 260, 5, 518, 671, 720, 1016, 120, 988, 366, 697, 848, 758, 968, 203, 325, 279, 744, 171, 617, 971, 802, 679, 1003, 552, 468, 544, 387, 661, 635, 886, 889, 331, 731, 326, -1, 416, 1090, 856, 313, 670, 550, 946, 113, 421, 919, 257, 192, 819, 794, 914, 771, 883, 178, 676, 328, 419, 715, 621, 924, 650, 1045, 1039, 771, 790, 1072, 
736, 358, 907, 63, 170, 699, 522, 622, 398, 669, 766, 310, 674, 534, 381, 618, 653, 573, 571, 211, 686, 716, 583, 656, 361, 224, 274, 420, 390, 654, 383, 1085, 310, 670, 372, 544, 741, 818, 999, 248, 135, 352, 873, 582, 272, 761, 407, 266, 747, 556, 425, 296, 58, 702, 238, 607, 751, 534, 684, 646, 416, -1, 779, 969, 623, 661, 386, 622, 522, 566, 625, 465, 600, 842, 671, 675, 798, 775, 398, 684, 145, 83, 436, 303, 855, 662, 779, 728, 399, 726, 798, 
68, 931, 698, 786, 611, 839, 406, 766, 456, 336, 930, 663, 926, 425, 401, 240, 1217, 388, 210, 758, 1205, 1015, 717, 1129, 680, 832, 831, 1095, 599, 670, 395, 962, 971, 108, 764, 473, 510, 825, 848, 889, 787, 839, 957, 1205, 506, 286, 443, 701, 171, 708, 685, 545, 837, 765, 775, 210, 449, 949, 619, 1119, 1090, 779, -1, 977, 1094, 683, 558, 157, 1154, 888, 172, 944, 1211, 768, 485, 241, 761, 511, 956, 710, 779, 720, 374, 483, 602, 716, 137, 51, 398, 591, 112, 
911, 714, 312, 1029, 940, 272, 647, 347, 1067, 645, 228, 666, 339, 620, 932, 765, 733, 630, 882, 761, 668, 367, 392, 590, 611, 1185, 728, 860, 610, 356, 888, 177, 819, 943, 601, 569, 467, 168, 202, 801, 845, 650, 111, 815, 884, 696, 1062, 1159, 808, 419, 547, 751, 999, 276, 1177, 815, 530, 525, 376, 587, 856, 969, 977, -1, 582, 344, 638, 938, 812, 442, 856, 603, 799, 209, 499, 741, 222, 470, 692, 314, 831, 894, 782, 841, 396, 327, 849, 951, 980, 389, 881, 
1028, 264, 737, 683, 700, 382, 689, 393, 923, 801, 364, 459, 265, 673, 824, 855, 159, 716, 908, 441, 115, 214, 418, 37, 424, 839, 357, 316, 498, 510, 793, 754, 340, 1008, 343, 632, 718, 525, 730, 377, 492, 296, 471, 233, 718, 901, 926, 883, 967, 414, 409, 597, 619, 459, 861, 884, 775, 145, 579, 26, 313, 623, 1094, 582, -1, 503, 542, 976, 238, 223, 924, 169, 216, 602, 685, 875, 559, 748, 224, 495, 485, 585, 743, 700, 756, 473, 1013, 1047, 869, 638, 1045, 
614, 496, 267, 717, 606, 158, 310, 110, 723, 349, 247, 351, 265, 284, 587, 451, 659, 304, 555, 469, 617, 354, 99, 531, 303, 865, 465, 675, 277, 13, 544, 427, 593, 628, 327, 231, 219, 176, 338, 547, 552, 404, 286, 698, 542, 432, 718, 825, 525, 119, 241, 412, 700, 82, 849, 496, 282, 375, 77, 522, 670, 661, 683, 344, 503, -1, 299, 616, 671, 282, 539, 423, 692, 181, 205, 442, 138, 246, 492, 30, 538, 581, 439, 498, 258, 34, 571, 648, 636, 135, 605, 
494, 380, 524, 434, 307, 393, 174, 306, 441, 320, 482, 116, 430, 171, 314, 328, 659, 218, 366, 242, 649, 507, 252, 578, 122, 573, 292, 555, 44, 290, 275, 724, 439, 467, 206, 164, 356, 473, 629, 365, 308, 283, 563, 650, 246, 423, 439, 525, 454, 228, 138, 113, 435, 362, 552, 348, 373, 399, 304, 567, 550, 386, 558, 638, 542, 299, -1, 434, 602, 357, 386, 387, 654, 476, 287, 364, 437, 391, 400, 327, 295, 303, 202, 205, 469, 311, 497, 509, 363, 341, 526, 
131, 794, 690, 629, 453, 763, 310, 683, 309, 302, 856, 529, 835, 335, 244, 174, 1090, 312, 68, 613, 1084, 921, 629, 1013, 554, 677, 691, 951, 478, 603, 239, 951, 826, 49, 638, 387, 484, 775, 837, 744, 636, 707, 901, 1070, 350, 304, 296, 549, 207, 615, 569, 403, 680, 698, 622, 123, 435, 833, 564, 1002, 946, 622, 157, 938, 976, 616, 434, -1, 1017, 783, 85, 819, 1077, 732, 439, 216, 716, 496, 821, 645, 629, 565, 236, 330, 597, 645, 209, 108, 243, 550, 210, 
1094, 223, 928, 573, 648, 584, 772, 567, 889, 907, 586, 491, 479, 763, 820, 930, 153, 810, 951, 410, 214, 447, 574, 246, 481, 710, 326, 112, 565, 674, 800, 980, 213, 1057, 401, 735, 866, 733, 943, 290, 419, 318, 700, 59, 702, 1011, 895, 787, 1055, 560, 499, 614, 497, 648, 746, 947, 913, 303, 739, 243, 113, 522, 1154, 812, 238, 671, 602, 1017, -1, 399, 982, 248, 79, 803, 818, 964, 756, 900, 201, 672, 419, 516, 782, 701, 929, 646, 1099, 1104, 858, 799, 1128, 
821, 272, 530, 629, 588, 187, 482, 172, 782, 582, 216, 309, 111, 463, 665, 648, 377, 503, 715, 355, 338, 158, 194, 253, 259, 790, 300, 425, 313, 288, 629, 596, 377, 810, 202, 418, 494, 337, 548, 364, 432, 219, 333, 420, 575, 680, 782, 797, 752, 191, 219, 440, 584, 249, 795, 681, 551, 96, 357, 244, 421, 566, 888, 442, 223, 282, 357, 783, 399, -1, 723, 163, 412, 404, 462, 662, 357, 525, 251, 277, 420, 503, 558, 546, 538, 253, 799, 844, 714, 416, 832, 
114, 758, 605, 641, 463, 689, 241, 612, 361, 217, 782, 490, 768, 264, 266, 90, 1045, 235, 65, 587, 1034, 855, 560, 960, 508, 708, 660, 924, 428, 526, 247, 866, 801, 90, 592, 315, 399, 695, 752, 720, 621, 666, 822, 1033, 353, 224, 349, 589, 141, 548, 515, 375, 684, 622, 657, 43, 349, 779, 484, 949, 919, 625, 172, 856, 924, 539, 386, 85, 982, 723, -1, 773, 1038, 649, 356, 131, 634, 410, 783, 568, 612, 561, 203, 323, 511, 569, 159, 123, 281, 467, 173, 
880, 121, 683, 527, 531, 350, 546, 322, 754, 671, 374, 294, 264, 534, 657, 710, 273, 579, 752, 274, 265, 271, 325, 205, 265, 686, 192, 262, 344, 426, 627, 759, 222, 854, 181, 499, 619, 500, 711, 230, 331, 127, 492, 281, 549, 775, 756, 720, 829, 312, 264, 431, 469, 406, 703, 734, 668, 81, 491, 195, 257, 465, 944, 603, 169, 423, 387, 819, 248, 163, 773, -1, 279, 563, 573, 737, 515, 652, 91, 425, 323, 420, 584, 533, 681, 399, 874, 896, 701, 551, 905, 
1149, 284, 941, 651, 722, 589, 821, 584, 962, 950, 579, 548, 477, 810, 888, 982, 86, 856, 1011, 477, 157, 431, 598, 212, 532, 789, 391, 190, 615, 697, 865, 971, 290, 1115, 449, 778, 896, 736, 944, 364, 493, 371, 688, 24, 771, 1054, 967, 865, 1104, 587, 542, 676, 576, 660, 825, 1002, 947, 316, 764, 213, 192, 600, 1211, 799, 216, 692, 654, 1077, 79, 412, 1038, 279, -1, 810, 853, 1013, 765, 929, 255, 689, 493, 591, 841, 767, 950, 665, 1149, 1162, 927, 824, 1179, 
702, 654, 141, 898, 784, 221, 451, 246, 883, 436, 257, 532, 337, 424, 746, 559, 762, 428, 679, 647, 709, 408, 266, 622, 483, 1046, 637, 824, 458, 188, 703, 248, 755, 735, 500, 377, 257, 86, 158, 717, 731, 569, 213, 821, 714, 488, 877, 1001, 598, 292, 420, 589, 881, 158, 1028, 609, 321, 500, 182, 616, 819, 842, 768, 209, 602, 181, 476, 732, 803, 404, 649, 563, 810, -1, 293, 532, 48, 261, 643, 159, 717, 762, 592, 668, 199, 183, 640, 742, 793, 182, 672, 
417, 615, 272, 715, 567, 364, 178, 306, 613, 148, 451, 390, 467, 155, 478, 266, 833, 142, 386, 521, 800, 557, 268, 716, 365, 842, 551, 799, 296, 194, 435, 520, 696, 443, 427, 127, 71, 340, 409, 632, 594, 514, 472, 855, 475, 226, 606, 769, 321, 271, 325, 378, 721, 284, 811, 315, 95, 545, 135, 706, 794, 671, 485, 499, 685, 205, 287, 439, 818, 462, 356, 573, 853, 293, -1, 244, 279, 104, 622, 230, 580, 588, 321, 426, 194, 240, 367, 454, 521, 111, 400, 
172, 744, 477, 701, 526, 599, 192, 529, 472, 96, 689, 479, 690, 203, 357, 63, 1009, 159, 185, 595, 989, 780, 482, 909, 482, 790, 655, 919, 399, 430, 327, 740, 801, 206, 563, 243, 276, 585, 625, 724, 644, 645, 716, 1010, 416, 100, 461, 684, 91, 475, 472, 392, 733, 524, 744, 104, 221, 730, 378, 899, 914, 675, 241, 741, 875, 442, 364, 216, 964, 662, 131, 737, 1013, 532, 244, -1, 522, 283, 762, 469, 633, 601, 240, 375, 382, 475, 138, 210, 384, 352, 170, 
694, 606, 179, 854, 745, 176, 425, 197, 852, 426, 223, 487, 295, 399, 716, 544, 719, 407, 660, 601, 667, 370, 219, 580, 437, 1004, 589, 776, 416, 147, 672, 288, 707, 722, 452, 349, 254, 65, 205, 669, 685, 521, 201, 775, 678, 487, 847, 963, 593, 245, 374, 550, 835, 110, 988, 593, 321, 453, 154, 573, 771, 798, 761, 222, 559, 138, 437, 716, 756, 357, 634, 515, 765, 48, 279, 522, -1, 265, 595, 114, 671, 718, 563, 632, 220, 136, 637, 732, 763, 170, 670, 
447, 705, 194, 820, 670, 396, 275, 356, 702, 193, 471, 491, 510, 254, 569, 323, 902, 232, 452, 622, 863, 597, 331, 777, 463, 945, 648, 888, 398, 238, 528, 456, 791, 490, 519, 232, 36, 330, 342, 730, 696, 605, 466, 933, 575, 227, 694, 869, 340, 341, 418, 483, 826, 310, 914, 374, 62, 615, 169, 768, 883, 775, 511, 470, 748, 246, 391, 496, 900, 525, 410, 652, 929, 261, 104, 283, 265, -1, 709, 261, 683, 693, 414, 526, 102, 279, 379, 489, 609, 112, 411, 
894, 40, 757, 459, 488, 435, 570, 398, 721, 706, 464, 292, 355, 562, 638, 729, 277, 609, 755, 232, 293, 360, 393, 257, 280, 615, 143, 183, 363, 493, 613, 847, 131, 860, 200, 534, 674, 584, 793, 153, 271, 117, 582, 249, 523, 810, 726, 661, 853, 375, 299, 421, 395, 484, 636, 747, 718, 172, 554, 247, 178, 398, 956, 692, 224, 492, 400, 821, 201, 251, 783, 91, 255, 643, 622, 762, 595, 709, -1, 498, 265, 366, 586, 515, 747, 472, 897, 906, 679, 613, 926, 
642, 505, 259, 740, 633, 136, 341, 105, 753, 376, 221, 373, 249, 314, 617, 479, 653, 333, 585, 488, 609, 336, 109, 521, 323, 890, 480, 681, 303, 43, 574, 402, 604, 657, 342, 262, 236, 146, 317, 561, 572, 415, 256, 697, 571, 455, 748, 852, 551, 133, 260, 440, 721, 55, 875, 525, 301, 373, 96, 513, 676, 684, 710, 314, 495, 30, 327, 645, 672, 277, 568, 425, 689, 159, 230, 469, 114, 261, 498, -1, 557, 604, 470, 527, 261, 26, 597, 676, 666, 148, 630, 
726, 225, 795, 208, 229, 560, 457, 487, 470, 607, 624, 193, 529, 462, 409, 584, 535, 506, 569, 70, 558, 570, 452, 520, 235, 370, 130, 333, 285, 533, 395, 955, 209, 673, 230, 459, 647, 686, 875, 129, 14, 206, 733, 478, 290, 707, 475, 397, 715, 426, 297, 241, 167, 571, 380, 585, 668, 389, 571, 510, 328, 145, 779, 831, 485, 538, 295, 629, 419, 420, 612, 323, 493, 717, 580, 633, 671, 683, 265, 557, -1, 100, 409, 299, 753, 534, 753, 727, 442, 619, 777, 
673, 326, 824, 136, 133, 625, 442, 547, 376, 590, 697, 230, 609, 452, 332, 546, 635, 493, 510, 150, 659, 658, 505, 620, 283, 291, 228, 423, 308, 574, 326, 1006, 303, 612, 304, 461, 658, 741, 919, 227, 97, 298, 801, 576, 215, 684, 383, 300, 676, 478, 347, 216, 134, 625, 291, 539, 669, 483, 602, 610, 419, 83, 720, 894, 585, 581, 303, 565, 516, 503, 561, 420, 591, 762, 588, 601, 718, 693, 366, 604, 100, -1, 365, 237, 772, 583, 710, 668, 359, 643, 731, 
318, 559, 594, 461, 287, 567, 144, 482, 293, 253, 660, 293, 622, 169, 156, 181, 854, 182, 169, 384, 849, 704, 427, 779, 319, 556, 458, 721, 246, 427, 114, 833, 597, 274, 402, 215, 388, 613, 726, 516, 419, 471, 724, 834, 178, 331, 286, 461, 311, 408, 340, 171, 494, 517, 514, 175, 369, 601, 410, 769, 715, 436, 374, 782, 743, 439, 202, 236, 782, 558, 203, 584, 841, 592, 321, 240, 563, 414, 586, 470, 409, 365, -1, 135, 514, 463, 346, 323, 201, 420, 368, 
435, 482, 692, 326, 152, 599, 252, 511, 237, 384, 687, 242, 629, 272, 124, 316, 792, 300, 273, 291, 797, 702, 458, 737, 287, 425, 375, 626, 243, 487, 99, 915, 501, 376, 360, 303, 496, 674, 813, 418, 305, 409, 768, 757, 48, 466, 236, 343, 443, 434, 331, 106, 362, 566, 388, 303, 488, 567, 488, 726, 621, 303, 483, 841, 700, 498, 205, 330, 701, 546, 323, 533, 767, 668, 426, 375, 632, 526, 515, 527, 299, 237, 135, -1, 621, 513, 475, 432, 169, 511, 494, 
540, 748, 95, 903, 760, 382, 372, 365, 803, 295, 442, 559, 502, 349, 669, 425, 914, 331, 554, 689, 868, 584, 355, 781, 523, 1035, 704, 929, 469, 255, 628, 360, 841, 588, 569, 319, 125, 281, 245, 786, 767, 652, 413, 957, 669, 315, 795, 964, 431, 372, 471, 569, 903, 298, 1005, 476, 161, 633, 193, 773, 924, 855, 602, 396, 756, 258, 469, 597, 929, 538, 511, 681, 950, 199, 194, 382, 220, 102, 747, 261, 753, 772, 514, 621, -1, 285, 467, 584, 711, 136, 498, 
647, 479, 285, 719, 616, 124, 338, 80, 742, 383, 214, 352, 231, 312, 607, 482, 629, 334, 583, 464, 586, 320, 83, 499, 301, 870, 454, 655, 285, 46, 565, 423, 578, 659, 317, 259, 253, 162, 341, 536, 548, 389, 261, 672, 557, 466, 738, 835, 559, 108, 237, 424, 699, 54, 856, 526, 316, 348, 111, 491, 650, 662, 716, 327, 473, 34, 311, 645, 646, 253, 569, 399, 665, 183, 240, 475, 136, 279, 472, 26, 534, 583, 463, 513, 285, -1, 605, 680, 656, 167, 638, 
89, 877, 563, 797, 620, 729, 328, 663, 514, 222, 818, 610, 825, 340, 425, 170, 1147, 297, 223, 720, 1127, 915, 617, 1047, 617, 867, 785, 1050, 534, 559, 406, 826, 930, 170, 699, 381, 383, 701, 713, 852, 763, 780, 836, 1146, 509, 153, 502, 748, 46, 611, 610, 512, 838, 651, 816, 172, 318, 868, 502, 1037, 1045, 779, 137, 849, 1013, 571, 497, 209, 1099, 799, 159, 874, 1149, 640, 367, 138, 637, 379, 897, 597, 753, 710, 346, 475, 467, 605, -1, 134, 438, 468, 33, 
