[-1, 525, 969, 261, 216, 654, 708, 407, 509, 503, 239, 222, 570, 633, 312, 849, 1004, 277, 482, 579, 943, 1040, 359, 489, 746, 655, 949, 371, 796, 908, 457, 602, 928, 735, 620, 726, 519, 726, 724, 680, 189, 563, 979, 596, 603, 529, 440, 989, 505, 895, 730, 393, 525, 404, 377, 905, 185, 363, 329, 634, 502, 985, 1071, 674, 462, 16, 534, 461, 285, 377, 414, 317, 464, 298, 873, 789, 239, 720, 780, 120, 628, 957, 726, 337, 670, 281, 594, 826, 516, 151, 498, 533, 270, 889, 1003, 
525, -1, 543, 582, 320, 308, 419, 596, 117, 214, 397, 451, 227, 551, 599, 376, 516, 487, 181, 237, 492, 675, 390, 46, 308, 366, 558, 232, 317, 386, 251, 200, 463, 604, 420, 439, 392, 271, 553, 421, 508, 362, 524, 586, 392, 701, 258, 474, 131, 370, 603, 394, 256, 331, 335, 393, 393, 362, 468, 375, 514, 529, 667, 155, 351, 513, 700, 102, 383, 646, 454, 263, 320, 500, 404, 474, 566, 195, 303, 448, 323, 448, 428, 199, 257, 343, 205, 343, 395, 459, 95, 194, 465, 526, 533, 
969, 543, -1, 1103, 815, 317, 304, 795, 650, 466, 750, 793, 731, 533, 1128, 185, 685, 783, 490, 390, 755, 175, 932, 588, 238, 337, 78, 772, 237, 349, 791, 376, 715, 482, 416, 296, 925, 650, 428, 342, 858, 440, 768, 615, 415, 824, 531, 297, 483, 417, 488, 937, 781, 585, 611, 546, 898, 635, 730, 869, 626, 74, 127, 418, 891, 954, 818, 540, 708, 877, 651, 794, 860, 1033, 159, 239, 882, 420, 624, 936, 349, 262, 286, 652, 695, 696, 694, 622, 929, 960, 504, 715, 770, 138, 739, 
261, 582, 1103, -1, 290, 805, 884, 664, 514, 651, 461, 464, 520, 860, 51, 952, 964, 526, 619, 722, 878, 1203, 236, 537, 866, 826, 1098, 357, 894, 958, 399, 726, 874, 957, 816, 904, 382, 692, 936, 864, 445, 752, 913, 835, 794, 788, 609, 1052, 620, 927, 952, 258, 459, 601, 577, 900, 207, 573, 571, 519, 738, 1102, 1217, 736, 346, 272, 793, 562, 504, 638, 646, 318, 366, 105, 979, 962, 500, 769, 753, 192, 792, 1030, 901, 454, 624, 482, 556, 798, 376, 155, 599, 497, 514, 1049, 947, 
216, 320, 815, 290, -1, 515, 595, 471, 293, 360, 229, 262, 358, 597, 323, 673, 788, 325, 328, 432, 728, 913, 214, 280, 580, 537, 808, 160, 616, 706, 252, 439, 712, 688, 533, 615, 347, 510, 659, 576, 285, 467, 764, 588, 509, 599, 322, 793, 333, 687, 683, 244, 319, 326, 306, 690, 83, 310, 348, 440, 491, 819, 928, 474, 285, 208, 601, 278, 259, 479, 400, 107, 277, 245, 699, 672, 354, 516, 564, 128, 501, 765, 611, 164, 455, 223, 379, 610, 346, 145, 316, 318, 305, 758, 787, 
654, 308, 317, 805, 515, -1, 113, 506, 425, 155, 433, 478, 533, 315, 836, 244, 688, 472, 186, 83, 711, 398, 663, 344, 133, 72, 296, 505, 215, 403, 552, 108, 674, 329, 163, 132, 696, 527, 270, 126, 542, 147, 736, 381, 144, 565, 214, 434, 199, 439, 330, 676, 564, 270, 295, 537, 598, 321, 423, 682, 353, 344, 417, 271, 650, 638, 560, 259, 392, 583, 352, 514, 620, 748, 257, 168, 571, 312, 531, 629, 45, 391, 120, 351, 541, 378, 507, 553, 699, 657, 231, 503, 458, 243, 726, 
708, 419, 304, 884, 595, 113, -1, 491, 535, 240, 474, 510, 645, 243, 918, 300, 788, 490, 277, 184, 817, 332, 759, 453, 210, 57, 256, 605, 291, 483, 658, 221, 779, 230, 112, 21, 803, 639, 169, 38, 572, 147, 841, 320, 114, 524, 275, 495, 302, 528, 232, 775, 673, 305, 332, 636, 677, 351, 434, 794, 322, 353, 375, 381, 754, 692, 518, 360, 429, 573, 350, 608, 726, 835, 303, 81, 588, 419, 641, 700, 98, 451, 19, 435, 654, 426, 619, 661, 806, 731, 337, 613, 480, 188, 828, 
407, 596, 795, 664, 471, 506, 491, -1, 659, 425, 243, 211, 766, 300, 714, 750, 1107, 146, 437, 474, 1088, 798, 684, 590, 638, 462, 744, 602, 715, 888, 695, 529, 1060, 400, 379, 500, 814, 865, 416, 453, 219, 361, 1121, 231, 380, 128, 352, 936, 489, 907, 393, 715, 751, 272, 262, 971, 514, 233, 132, 885, 172, 839, 858, 686, 752, 394, 131, 494, 227, 84, 157, 563, 738, 678, 764, 562, 174, 739, 899, 485, 463, 894, 509, 427, 837, 272, 767, 938, 813, 526, 513, 722, 165, 674, 1128, 
509, 117, 650, 514, 293, 425, 535, 659, -1, 320, 436, 487, 116, 654, 523, 475, 495, 534, 283, 352, 445, 789, 298, 85, 419, 482, 670, 157, 417, 446, 142, 317, 424, 713, 530, 555, 277, 220, 665, 536, 535, 469, 480, 681, 502, 774, 349, 542, 240, 413, 712, 296, 139, 411, 409, 398, 349, 433, 527, 262, 601, 630, 775, 239, 241, 501, 774, 193, 434, 698, 530, 205, 209, 421, 503, 591, 599, 261, 271, 412, 439, 524, 545, 234, 178, 390, 108, 317, 281, 414, 203, 79, 511, 641, 498, 
503, 214, 466, 651, 360, 155, 240, 425, 320, -1, 295, 345, 436, 337, 683, 356, 692, 353, 38, 75, 688, 552, 520, 235, 247, 182, 451, 367, 310, 466, 427, 110, 655, 393, 211, 260, 572, 477, 346, 229, 410, 148, 718, 375, 183, 513, 77, 524, 83, 482, 391, 536, 453, 154, 172, 550, 444, 202, 315, 582, 311, 483, 572, 263, 520, 488, 510, 129, 260, 490, 269, 368, 493, 597, 377, 313, 449, 316, 499, 474, 142, 486, 255, 197, 470, 237, 419, 532, 575, 501, 119, 398, 335, 398, 719, 
239, 397, 750, 461, 229, 433, 474, 243, 436, 295, -1, 54, 534, 400, 506, 652, 913, 101, 286, 367, 878, 807, 444, 379, 542, 423, 722, 360, 604, 746, 455, 404, 853, 500, 382, 491, 571, 652, 486, 444, 116, 327, 912, 374, 366, 370, 221, 813, 325, 749, 495, 474, 513, 169, 142, 789, 283, 124, 119, 646, 277, 775, 844, 520, 509, 222, 372, 303, 46, 264, 184, 320, 495, 453, 672, 555, 169, 572, 694, 269, 402, 777, 493, 203, 614, 59, 541, 737, 570, 309, 334, 491, 79, 659, 925, 
222, 451, 793, 464, 262, 478, 510, 211, 487, 345, 54, -1, 583, 412, 512, 701, 967, 65, 338, 415, 930, 842, 473, 432, 590, 462, 762, 403, 655, 800, 499, 455, 906, 514, 412, 526, 609, 705, 506, 479, 65, 363, 965, 374, 399, 340, 269, 866, 379, 803, 508, 505, 559, 208, 182, 843, 303, 159, 108, 690, 280, 821, 883, 575, 546, 206, 343, 358, 85, 219, 192, 360, 535, 468, 721, 591, 114, 626, 748, 277, 444, 829, 529, 256, 666, 112, 592, 791, 607, 318, 388, 540, 50, 697, 979, 
570, 227, 731, 520, 358, 533, 645, 766, 116, 436, 534, 583, -1, 770, 518, 549, 446, 635, 399, 464, 373, 881, 285, 201, 511, 593, 760, 199, 494, 481, 122, 424, 361, 829, 645, 665, 202, 172, 779, 648, 625, 585, 409, 797, 617, 884, 465, 582, 354, 433, 827, 270, 64, 525, 522, 383, 393, 544, 634, 148, 716, 702, 859, 313, 191, 564, 884, 310, 539, 799, 643, 253, 162, 418, 578, 697, 692, 318, 233, 460, 550, 571, 654, 339, 104, 494, 41, 278, 207, 451, 317, 43, 612, 738, 436, 
633, 551, 533, 860, 597, 315, 243, 300, 654, 337, 400, 412, 770, -1, 904, 541, 1000, 364, 371, 335, 1012, 506, 800, 569, 442, 245, 471, 668, 525, 717, 745, 393, 977, 104, 152, 243, 887, 810, 118, 207, 458, 192, 1040, 82, 174, 295, 309, 736, 420, 755, 97, 823, 781, 273, 291, 850, 669, 289, 307, 913, 137, 591, 576, 572, 829, 617, 288, 460, 356, 384, 219, 651, 806, 840, 546, 293, 446, 619, 826, 667, 272, 692, 256, 472, 807, 379, 755, 854, 888, 706, 456, 731, 366, 400, 1034, 
312, 599, 1128, 51, 323, 836, 918, 714, 523, 683, 506, 512, 518, 904, -1, 973, 957, 574, 649, 753, 867, 1234, 232, 553, 890, 861, 1127, 370, 915, 969, 399, 753, 865, 1000, 854, 939, 363, 690, 976, 900, 495, 789, 901, 881, 831, 838, 645, 1065, 647, 935, 995, 249, 454, 641, 618, 900, 241, 615, 618, 502, 784, 1125, 1245, 752, 336, 323, 843, 587, 548, 689, 691, 336, 358, 101, 1000, 995, 551, 782, 751, 237, 825, 1044, 935, 485, 620, 524, 556, 795, 358, 197, 624, 498, 562, 1079, 937, 
849, 376, 185, 952, 673, 244, 300, 750, 475, 356, 652, 701, 549, 541, 973, -1, 527, 705, 369, 287, 584, 351, 765, 422, 113, 300, 232, 608, 58, 195, 617, 248, 544, 525, 395, 305, 746, 465, 464, 334, 766, 391, 600, 615, 382, 807, 432, 195, 345, 254, 529, 768, 601, 501, 524, 379, 754, 552, 660, 685, 597, 154, 312, 237, 716, 835, 802, 395, 616, 826, 595, 636, 684, 875, 28, 280, 803, 235, 441, 799, 288, 151, 290, 517, 510, 593, 511, 443, 750, 818, 357, 536, 689, 243, 576, 
1004, 516, 685, 964, 788, 688, 788, 1107, 495, 692, 913, 967, 446, 1000, 957, 527, -1, 1004, 672, 668, 117, 860, 728, 534, 580, 761, 750, 637, 507, 336, 569, 608, 98, 1016, 849, 800, 603, 278, 956, 812, 1021, 812, 104, 1056, 826, 1204, 757, 399, 619, 272, 1018, 708, 505, 836, 845, 152, 835, 874, 983, 470, 1002, 619, 795, 431, 621, 996, 1202, 616, 900, 1161, 958, 691, 599, 860, 542, 795, 1081, 381, 223, 901, 728, 426, 785, 711, 342, 859, 415, 178, 609, 896, 594, 477, 982, 770, 59, 
277, 487, 783, 526, 325, 472, 490, 146, 534, 353, 101, 65, 635, 364, 574, 705, 1004, -1, 354, 418, 973, 819, 538, 473, 593, 447, 746, 461, 662, 818, 556, 464, 948, 468, 386, 505, 670, 748, 466, 456, 93, 344, 1007, 319, 376, 275, 276, 878, 400, 826, 462, 568, 615, 204, 181, 875, 368, 153, 58, 747, 229, 816, 866, 599, 608, 262, 278, 389, 103, 163, 149, 420, 595, 533, 724, 570, 98, 652, 788, 341, 434, 839, 509, 300, 713, 145, 641, 830, 669, 382, 415, 591, 22, 679, 1019, 
482, 181, 490, 619, 328, 186, 277, 437, 283, 38, 286, 338, 399, 371, 649, 369, 672, 354, -1, 103, 663, 584, 482, 198, 264, 219, 480, 328, 319, 463, 388, 120, 631, 431, 249, 298, 534, 448, 384, 267, 402, 186, 694, 405, 221, 532, 85, 527, 53, 473, 429, 498, 415, 165, 178, 533, 412, 208, 320, 544, 336, 503, 600, 249, 482, 467, 530, 91, 255, 499, 286, 331, 454, 562, 392, 349, 446, 302, 473, 446, 179, 491, 291, 165, 438, 227, 384, 508, 536, 472, 85, 361, 334, 429, 696, 
579, 237, 390, 722, 432, 83, 184, 474, 352, 75, 367, 415, 464, 335, 753, 287, 668, 418, 103, -1, 676, 481, 580, 268, 175, 130, 377, 423, 244, 414, 473, 59, 641, 372, 190, 205, 618, 478, 318, 184, 480, 144, 704, 388, 164, 550, 145, 463, 117, 438, 372, 594, 490, 215, 237, 520, 515, 265, 375, 612, 340, 408, 497, 237, 570, 563, 546, 177, 329, 545, 317, 431, 541, 664, 306, 250, 516, 286, 491, 548, 86, 423, 196, 268, 483, 310, 441, 518, 621, 575, 152, 431, 402, 326, 700, 
943, 492, 755, 878, 728, 711, 817, 1088, 445, 688, 878, 930, 373, 1012, 867, 584, 117, 973, 663, 676, -1, 930, 643, 500, 618, 783, 814, 572, 554, 407, 493, 619, 40, 1040, 865, 832, 507, 225, 981, 837, 980, 820, 35, 1061, 839, 1193, 746, 486, 609, 338, 1041, 620, 426, 822, 827, 210, 767, 854, 959, 369, 999, 695, 872, 441, 532, 936, 1191, 594, 871, 1135, 945, 626, 513, 773, 603, 835, 1044, 398, 189, 834, 746, 505, 817, 674, 273, 828, 349, 157, 513, 824, 580, 410, 951, 825, 73, 
1040, 675, 175, 1203, 913, 398, 332, 798, 789, 552, 807, 842, 881, 506, 1234, 351, 860, 819, 584, 481, 930, -1, 1054, 719, 370, 384, 121, 895, 396, 525, 927, 487, 890, 427, 432, 315, 1066, 815, 389, 363, 903, 479, 943, 587, 443, 800, 602, 470, 591, 592, 434, 1064, 925, 638, 664, 721, 996, 684, 761, 1024, 625, 243, 94, 570, 1027, 1024, 792, 652, 761, 882, 673, 909, 996, 1145, 328, 251, 914, 581, 793, 1025, 414, 436, 313, 749, 855, 759, 846, 794, 1070, 1054, 619, 860, 810, 154, 914, 
359, 390, 932, 236, 214, 663, 759, 684, 298, 520, 444, 473, 285, 800, 232, 765, 728, 538, 482, 580, 643, 1054, -1, 344, 694, 702, 940, 160, 707, 743, 167, 567, 637, 884, 717, 780, 162, 458, 849, 748, 488, 650, 677, 797, 691, 813, 504, 841, 465, 705, 880, 33, 223, 527, 509, 668, 181, 518, 563, 291, 702, 920, 1054, 535, 114, 360, 815, 404, 472, 687, 612, 152, 130, 132, 793, 830, 555, 560, 519, 238, 661, 823, 774, 333, 388, 435, 323, 564, 158, 210, 435, 266, 519, 901, 711, 
489, 46, 588, 537, 280, 344, 453, 590, 85, 235, 379, 432, 201, 569, 553, 422, 534, 473, 198, 268, 500, 719, 344, -1, 352, 399, 602, 185, 364, 427, 209, 238, 474, 628, 445, 473, 352, 275, 580, 452, 486, 383, 534, 599, 417, 701, 267, 517, 155, 407, 626, 349, 221, 333, 334, 419, 350, 359, 460, 347, 521, 576, 712, 199, 309, 478, 700, 109, 371, 634, 454, 218, 278, 454, 450, 512, 547, 236, 315, 407, 355, 493, 463, 176, 249, 328, 187, 358, 355, 417, 118, 164, 451, 568, 546, 
746, 308, 238, 866, 580, 133, 210, 638, 419, 247, 542, 590, 511, 442, 890, 113, 580, 593, 264, 175, 618, 370, 694, 352, -1, 197, 250, 534, 83, 275, 558, 144, 579, 440, 292, 220, 696, 462, 379, 239, 656, 281, 640, 512, 276, 698, 321, 300, 247, 318, 442, 701, 554, 389, 412, 428, 663, 440, 547, 655, 487, 240, 359, 205, 659, 731, 694, 303, 505, 713, 482, 556, 627, 796, 131, 217, 691, 228, 452, 703, 178, 257, 205, 419, 492, 484, 477, 466, 700, 726, 267, 489, 577, 228, 624, 
655, 366, 337, 826, 537, 72, 57, 462, 482, 182, 423, 462, 593, 245, 861, 300, 761, 447, 219, 130, 783, 384, 702, 399, 197, -1, 299, 548, 280, 471, 602, 173, 747, 256, 95, 78, 748, 597, 198, 55, 525, 103, 809, 315, 83, 508, 218, 494, 246, 510, 257, 717, 620, 255, 281, 610, 620, 303, 393, 742, 299, 377, 420, 343, 698, 639, 503, 304, 379, 542, 314, 550, 670, 777, 309, 135, 546, 385, 603, 643, 43, 451, 74, 377, 608, 374, 570, 626, 750, 674, 282, 561, 435, 235, 799, 
949, 558, 78, 1098, 808, 296, 256, 744, 670, 451, 722, 762, 760, 471, 1127, 232, 750, 746, 480, 377, 814, 121, 940, 602, 250, 299, -1, 780, 274, 414, 809, 374, 774, 412, 367, 244, 947, 694, 361, 293, 825, 401, 829, 553, 370, 765, 508, 371, 480, 479, 418, 949, 805, 553, 580, 607, 892, 602, 690, 902, 573, 153, 122, 448, 909, 933, 758, 540, 678, 828, 607, 798, 878, 1035, 211, 182, 844, 459, 673, 925, 320, 333, 237, 644, 733, 670, 725, 676, 951, 952, 506, 740, 735, 71, 803, 
371, 232, 772, 357, 160, 505, 605, 602, 157, 367, 360, 403, 199, 668, 370, 608, 637, 461, 328, 423, 572, 895, 160, 185, 534, 548, 780, -1, 549, 600, 95, 408, 557, 745, 571, 626, 220, 359, 706, 596, 437, 505, 607, 677, 544, 726, 362, 695, 306, 570, 742, 170, 159, 399, 387, 553, 197, 402, 471, 286, 586, 761, 893, 382, 161, 365, 727, 246, 375, 622, 501, 54, 140, 269, 636, 673, 505, 412, 416, 263, 506, 674, 619, 197, 299, 332, 223, 462, 220, 260, 275, 161, 439, 741, 633, 
796, 317, 237, 894, 616, 215, 291, 715, 417, 310, 604, 655, 494, 525, 915, 58, 507, 662, 319, 244, 554, 396, 707, 364, 83, 280, 274, 549, -1, 192, 559, 200, 514, 520, 375, 300, 689, 419, 459, 321, 720, 362, 573, 595, 359, 780, 386, 220, 291, 240, 523, 710, 545, 459, 480, 356, 696, 509, 619, 632, 568, 212, 364, 181, 659, 782, 775, 339, 570, 789, 559, 578, 627, 817, 86, 288, 759, 185, 400, 743, 260, 179, 285, 462, 460, 545, 457, 407, 694, 761, 301, 480, 645, 273, 553, 
908, 386, 349, 958, 706, 403, 483, 888, 446, 466, 746, 800, 481, 717, 969, 195, 336, 818, 463, 414, 407, 525, 743, 427, 275, 471, 414, 600, 192, -1, 578, 359, 367, 712, 566, 492, 682, 347, 651, 514, 863, 546, 419, 784, 547, 962, 543, 101, 421, 69, 715, 737, 542, 621, 638, 197, 778, 668, 781, 591, 751, 287, 464, 233, 668, 895, 958, 450, 719, 957, 731, 642, 637, 867, 208, 474, 910, 190, 303, 834, 448, 102, 477, 573, 409, 687, 439, 289, 688, 844, 415, 483, 798, 437, 389, 
457, 251, 791, 399, 252, 552, 658, 695, 142, 427, 455, 499, 122, 745, 399, 617, 569, 556, 388, 473, 493, 927, 167, 209, 558, 602, 809, 95, 559, 578, -1, 447, 483, 816, 637, 678, 145, 294, 773, 654, 533, 572, 528, 760, 609, 819, 436, 677, 356, 539, 814, 158, 68, 482, 472, 501, 275, 489, 564, 191, 671, 772, 916, 381, 100, 452, 820, 299, 468, 718, 589, 145, 69, 298, 645, 720, 601, 400, 354, 343, 559, 662, 670, 280, 227, 424, 157, 400, 147, 331, 321, 98, 534, 777, 558, 
602, 200, 376, 726, 439, 108, 221, 529, 317, 110, 404, 455, 424, 393, 753, 248, 608, 464, 120, 59, 619, 487, 567, 238, 144, 173, 374, 408, 200, 359, 447, -1, 583, 425, 246, 240, 590, 424, 369, 228, 520, 203, 646, 447, 220, 607, 187, 414, 106, 380, 425, 578, 456, 263, 282, 461, 522, 312, 424, 573, 399, 384, 491, 178, 546, 588, 604, 166, 370, 598, 372, 423, 516, 661, 271, 274, 560, 227, 434, 560, 132, 375, 229, 276, 434, 345, 398, 461, 594, 584, 132, 394, 446, 333, 641, 
928, 463, 715, 874, 712, 674, 779, 1060, 424, 655, 853, 906, 361, 977, 865, 544, 98, 948, 631, 641, 40, 890, 637, 474, 579, 747, 774, 557, 514, 367, 483, 583, -1, 1003, 829, 794, 508, 203, 944, 799, 958, 786, 62, 1027, 804, 1163, 715, 447, 577, 299, 1004, 616, 417, 792, 798, 170, 754, 826, 932, 373, 967, 655, 832, 405, 529, 920, 1161, 565, 845, 1108, 915, 611, 508, 769, 563, 797, 1020, 361, 160, 821, 710, 466, 779, 650, 258, 803, 334, 123, 514, 813, 549, 395, 925, 786, 75, 
735, 604, 482, 957, 688, 329, 230, 400, 713, 393, 500, 514, 829, 104, 1000, 525, 1016, 468, 431, 372, 1040, 427, 884, 628, 440, 256, 412, 745, 520, 712, 816, 425, 1003, -1, 183, 220, 960, 850, 61, 204, 562, 245, 1065, 171, 211, 377, 383, 718, 474, 758, 7, 906, 846, 361, 382, 864, 762, 384, 411, 975, 241, 547, 505, 599, 904, 719, 369, 522, 455, 482, 322, 733, 879, 932, 525, 251, 550, 641, 858, 765, 294, 674, 235, 552, 855, 475, 810, 882, 961, 802, 511, 792, 469, 344, 1055, 
620, 420, 416, 816, 533, 163, 112, 379, 530, 211, 382, 412, 645, 152, 854, 395, 849, 386, 249, 190, 865, 432, 717, 445, 292, 95, 367, 571, 375, 566, 637, 246, 829, 183, -1, 122, 782, 668, 135, 74, 472, 66, 892, 219, 28, 415, 213, 590, 290, 603, 183, 736, 664, 217, 243, 699, 612, 257, 328, 792, 210, 463, 483, 423, 728, 604, 410, 340, 335, 461, 241, 565, 702, 778, 403, 186, 482, 469, 680, 626, 120, 546, 130, 384, 672, 341, 626, 707, 784, 661, 327, 609, 378, 297, 884, 
726, 439, 296, 904, 615, 132, 21, 500, 555, 260, 491, 526, 665, 243, 939, 305, 800, 505, 298, 205, 832, 315, 780, 473, 220, 78, 244, 626, 300, 492, 678, 240, 794, 220, 122, -1, 824, 656, 159, 48, 588, 163, 855, 322, 128, 529, 294, 499, 322, 539, 224, 796, 694, 322, 349, 648, 697, 368, 448, 813, 330, 349, 362, 397, 775, 710, 523, 381, 446, 583, 363, 629, 746, 856, 307, 65, 602, 434, 657, 719, 119, 455, 15, 456, 672, 445, 639, 676, 826, 751, 357, 633, 495, 175, 842, 
519, 392, 925, 382, 347, 696, 803, 814, 277, 572, 571, 609, 202, 887, 363, 746, 603, 670, 534, 618, 507, 1066, 162, 352, 696, 748, 947, 220, 689, 682, 145, 590, 508, 960, 782, 824, -1, 355, 917, 799, 632, 717, 540, 897, 754, 941, 578, 783, 501, 633, 957, 130, 144, 619, 607, 570, 336, 622, 686, 139, 806, 900, 1051, 508, 62, 519, 942, 444, 591, 827, 721, 251, 81, 277, 774, 864, 701, 518, 415, 398, 705, 774, 815, 417, 284, 549, 243, 456, 6, 373, 466, 209, 649, 918, 578, 
726, 271, 650, 692, 510, 527, 639, 865, 220, 477, 652, 705, 172, 810, 690, 465, 278, 748, 448, 478, 225, 815, 458, 275, 462, 597, 694, 359, 419, 347, 294, 424, 203, 850, 668, 656, 355, -1, 794, 652, 755, 617, 260, 852, 642, 972, 528, 447, 395, 288, 850, 441, 235, 602, 605, 215, 556, 632, 735, 246, 784, 607, 776, 260, 359, 718, 971, 373, 646, 910, 725, 412, 332, 590, 491, 673, 818, 235, 61, 622, 556, 446, 643, 448, 71, 603, 137, 106, 361, 617, 363, 199, 725, 687, 277, 
724, 553, 428, 936, 659, 270, 169, 416, 665, 346, 486, 506, 779, 118, 976, 464, 956, 466, 384, 318, 981, 389, 849, 580, 379, 198, 361, 706, 459, 651, 773, 369, 944, 61, 135, 159, 917, 794, -1, 144, 558, 201, 1006, 198, 163, 411, 345, 658, 425, 697, 64, 869, 799, 334, 358, 804, 736, 365, 407, 927, 247, 491, 461, 541, 863, 708, 404, 475, 439, 500, 317, 697, 837, 904, 464, 193, 554, 582, 801, 744, 237, 613, 174, 516, 801, 454, 759, 824, 919, 780, 462, 744, 464, 292, 995, 
680, 421, 342, 864, 576, 126, 38, 453, 536, 229, 444, 479, 648, 207, 900, 334, 812, 456, 267, 184, 837, 363, 748, 452, 239, 55, 293, 596, 321, 514, 654, 228, 799, 204, 74, 48, 799, 652, 144, -1, 540, 117, 862, 283, 79, 486, 254, 529, 298, 556, 205, 765, 673, 276, 303, 660, 658, 321, 400, 797, 283, 391, 410, 397, 749, 664, 480, 355, 399, 535, 314, 596, 721, 819, 339, 113, 553, 438, 657, 677, 98, 485, 56, 419, 663, 399, 625, 680, 802, 710, 335, 615, 447, 224, 851, 
189, 508, 858, 445, 285, 542, 572, 219, 535, 410, 116, 65, 625, 458, 495, 766, 1021, 93, 402, 480, 980, 903, 488, 486, 656, 525, 825, 437, 720, 863, 533, 520, 958, 562, 472, 588, 632, 755, 558, 540, -1, 425, 1015, 412, 460, 343, 335, 930, 442, 864, 555, 520, 596, 273, 247, 901, 309, 223, 151, 723, 323, 886, 946, 636, 570, 175, 347, 418, 151, 201, 241, 390, 562, 464, 787, 653, 68, 687, 800, 270, 508, 894, 591, 310, 712, 176, 637, 844, 630, 311, 450, 583, 94, 760, 1031, 
563, 362, 440, 752, 467, 147, 147, 361, 469, 148, 327, 363, 585, 192, 789, 391, 812, 344, 186, 144, 820, 479, 650, 383, 281, 103, 401, 505, 362, 546, 572, 203, 786, 245, 66, 163, 717, 617, 201, 117, 425, -1, 849, 244, 41, 418, 146, 581, 231, 576, 243, 670, 601, 159, 186, 664, 548, 204, 290, 730, 206, 480, 521, 382, 662, 547, 413, 277, 282, 440, 211, 498, 636, 712, 403, 228, 442, 430, 634, 563, 102, 539, 166, 317, 616, 282, 567, 663, 718, 597, 267, 547, 333, 335, 844, 
979, 524, 768, 913, 764, 736, 841, 1121, 480, 718, 912, 965, 409, 1040, 901, 600, 104, 1007, 694, 704, 35, 943, 677, 534, 640, 809, 829, 607, 573, 419, 528, 646, 62, 1065, 892, 855, 540, 260, 1006, 862, 1015, 849, -1, 1090, 867, 1224, 777, 492, 640, 351, 1067, 654, 461, 853, 859, 222, 802, 887, 992, 402, 1029, 706, 882, 468, 566, 972, 1223, 627, 905, 1168, 977, 662, 547, 807, 619, 857, 1078, 424, 221, 870, 773, 514, 841, 708, 308, 862, 385, 186, 546, 860, 611, 446, 985, 843, 49, 
596, 586, 615, 835, 588, 381, 320, 231, 681, 375, 374, 374, 797, 82, 881, 615, 1056, 319, 405, 388, 1061, 587, 797, 599, 512, 315, 553, 677, 595, 784, 760, 447, 1027, 171, 219, 322, 897, 852, 198, 283, 412, 244, 1090, -1, 237, 213, 332, 810, 457, 819, 163, 823, 801, 278, 290, 908, 653, 279, 266, 936, 97, 671, 658, 625, 837, 580, 206, 489, 333, 312, 190, 654, 816, 824, 622, 375, 390, 675, 873, 643, 336, 766, 334, 480, 843, 365, 786, 904, 897, 683, 491, 756, 325, 482, 1088, 
603, 392, 415, 794, 509, 144, 114, 380, 502, 183, 366, 399, 617, 174, 831, 382, 826, 376, 221, 164, 839, 443, 691, 417, 276, 83, 370, 544, 359, 547, 609, 220, 804, 211, 28, 128, 754, 642, 163, 79, 460, 41, 867, 237, -1, 425, 188, 576, 262, 582, 210, 710, 636, 199, 225, 676, 589, 242, 320, 764, 216, 459, 489, 398, 701, 587, 420, 312, 320, 462, 236, 539, 674, 754, 392, 193, 474, 445, 654, 605, 99, 532, 133, 358, 644, 323, 598, 681, 756, 639, 299, 581, 367, 302, 860, 
529, 701, 824, 788, 599, 565, 524, 128, 774, 513, 370, 340, 884, 295, 838, 807, 1204, 275, 532, 550, 1193, 800, 813, 701, 698, 508, 765, 726, 780, 962, 819, 607, 1163, 377, 415, 529, 941, 972, 411, 486, 343, 418, 1224, 213, 425, -1, 447, 999, 586, 988, 369, 843, 872, 371, 367, 1063, 643, 341, 254, 1007, 211, 877, 871, 776, 878, 516, 8, 599, 350, 159, 247, 689, 864, 805, 817, 585, 290, 828, 1003, 612, 520, 956, 540, 545, 949, 394, 882, 1040, 940, 653, 613, 840, 293, 694, 1228, 
440, 258, 531, 609, 322, 214, 275, 352, 349, 77, 221, 269, 465, 309, 645, 432, 757, 276, 85, 145, 746, 602, 504, 267, 321, 218, 508, 362, 386, 543, 436, 187, 715, 383, 213, 294, 578, 528, 345, 254, 335, 146, 777, 332, 188, 447, -1, 601, 138, 556, 380, 524, 471, 79, 95, 619, 404, 125, 238, 605, 255, 553, 630, 334, 522, 424, 445, 158, 184, 415, 200, 352, 497, 566, 452, 354, 372, 387, 556, 425, 188, 563, 292, 171, 513, 165, 454, 592, 579, 456, 166, 424, 258, 450, 781, 
989, 474, 297, 1052, 793, 434, 495, 936, 542, 524, 813, 866, 582, 736, 1065, 195, 399, 878, 527, 463, 486, 470, 841, 517, 300, 494, 371, 695, 220, 101, 677, 414, 447, 718, 590, 499, 783, 447, 658, 529, 930, 581, 492, 810, 576, 999, 601, -1, 491, 161, 722, 836, 643, 677, 696, 279, 867, 726, 837, 692, 788, 226, 397, 318, 768, 976, 995, 528, 783, 1008, 779, 734, 737, 963, 193, 469, 973, 282, 401, 921, 479, 44, 485, 652, 510, 754, 540, 382, 789, 934, 491, 583, 860, 409, 456, 
505, 131, 483, 620, 333, 199, 302, 489, 240, 83, 325, 379, 354, 420, 647, 345, 619, 400, 53, 117, 609, 591, 465, 155, 247, 246, 480, 306, 291, 421, 356, 106, 577, 474, 290, 322, 501, 395, 425, 298, 442, 231, 640, 457, 262, 586, 138, 491, -1, 426, 473, 477, 375, 217, 228, 481, 415, 258, 370, 502, 390, 487, 598, 199, 452, 490, 584, 61, 299, 549, 339, 318, 424, 555, 370, 367, 490, 252, 419, 456, 203, 456, 314, 172, 387, 266, 336, 454, 504, 478, 37, 319, 380, 436, 642, 
895, 370, 417, 927, 687, 439, 528, 907, 413, 482, 749, 803, 433, 755, 935, 254, 272, 826, 473, 438, 338, 592, 705, 407, 318, 510, 479, 570, 240, 69, 539, 380, 299, 758, 603, 539, 633, 288, 697, 556, 864, 576, 351, 819, 582, 988, 556, 161, 426, -1, 761, 697, 497, 636, 651, 129, 755, 681, 794, 534, 778, 356, 533, 228, 624, 883, 984, 446, 725, 972, 751, 615, 594, 833, 270, 527, 915, 177, 240, 814, 483, 170, 524, 565, 354, 690, 392, 222, 639, 821, 414, 441, 806, 498, 323, 
730, 603, 488, 952, 683, 330, 232, 393, 712, 391, 495, 508, 827, 97, 995, 529, 1018, 462, 429, 372, 1041, 434, 880, 626, 442, 257, 418, 742, 523, 715, 814, 425, 1004, 7, 183, 224, 957, 850, 64, 205, 555, 243, 1067, 163, 210, 369, 380, 722, 473, 761, -1, 902, 844, 357, 378, 866, 757, 379, 404, 974, 234, 552, 511, 600, 902, 714, 362, 520, 450, 475, 316, 730, 877, 927, 529, 256, 543, 643, 859, 760, 294, 678, 239, 548, 855, 470, 809, 883, 959, 797, 509, 790, 463, 350, 1056, 
393, 394, 937, 258, 244, 676, 775, 715, 296, 536, 474, 505, 270, 823, 249, 768, 708, 568, 498, 594, 620, 1064, 33, 349, 701, 717, 949, 170, 710, 737, 158, 578, 616, 906, 736, 796, 130, 441, 869, 765, 520, 670, 654, 823, 710, 843, 524, 836, 477, 697, 902, -1, 206, 550, 534, 654, 214, 544, 592, 263, 729, 923, 1061, 535, 87, 394, 846, 416, 501, 719, 639, 172, 109, 153, 796, 844, 588, 557, 502, 272, 676, 820, 789, 354, 371, 462, 310, 547, 126, 243, 446, 256, 549, 911, 689, 
525, 256, 781, 459, 319, 564, 673, 751, 139, 453, 513, 559, 64, 781, 454, 601, 505, 615, 415, 490, 426, 925, 223, 221, 554, 620, 805, 159, 545, 542, 68, 456, 417, 846, 664, 694, 144, 235, 799, 673, 596, 601, 461, 801, 636, 872, 471, 643, 375, 497, 844, 206, -1, 525, 518, 447, 344, 537, 619, 135, 716, 755, 907, 363, 127, 521, 873, 324, 523, 778, 637, 211, 98, 355, 629, 730, 664, 374, 296, 411, 577, 631, 684, 328, 165, 479, 105, 340, 149, 399, 338, 65, 592, 779, 492, 
404, 331, 585, 601, 326, 270, 305, 272, 411, 154, 169, 208, 525, 273, 641, 501, 836, 204, 165, 215, 822, 638, 527, 333, 389, 255, 553, 399, 459, 621, 482, 263, 792, 361, 217, 322, 619, 602, 334, 276, 273, 159, 853, 278, 199, 371, 79, 677, 217, 636, 357, 550, 525, -1, 26, 698, 402, 51, 160, 660, 191, 614, 675, 414, 560, 388, 369, 228, 124, 336, 123, 379, 538, 571, 520, 386, 302, 466, 632, 410, 235, 637, 324, 202, 582, 123, 519, 669, 620, 446, 242, 483, 188, 490, 858, 
377, 335, 611, 577, 306, 295, 332, 262, 409, 172, 142, 182, 522, 291, 618, 524, 845, 181, 178, 237, 827, 664, 509, 334, 412, 281, 580, 387, 480, 638, 472, 282, 798, 382, 243, 349, 607, 605, 358, 303, 247, 186, 859, 290, 225, 367, 95, 696, 228, 651, 378, 534, 518, 26, -1, 709, 379, 30, 143, 653, 199, 639, 702, 427, 547, 361, 366, 232, 98, 321, 121, 364, 527, 549, 543, 413, 279, 480, 638, 385, 261, 658, 351, 191, 582, 97, 517, 676, 608, 422, 250, 479, 165, 517, 866, 
905, 393, 546, 900, 690, 537, 636, 971, 398, 550, 789, 843, 383, 850, 900, 379, 152, 875, 533, 520, 210, 721, 668, 419, 428, 610, 607, 553, 356, 197, 501, 461, 170, 864, 699, 648, 570, 215, 804, 660, 901, 664, 222, 908, 676, 1063, 619, 279, 481, 129, 866, 654, 447, 698, 709, -1, 748, 739, 850, 454, 858, 485, 662, 286, 573, 895, 1060, 486, 772, 1029, 819, 603, 546, 800, 397, 643, 958, 234, 155, 811, 578, 296, 633, 592, 286, 733, 344, 118, 576, 812, 461, 403, 854, 623, 197, 
185, 393, 898, 207, 83, 598, 677, 514, 349, 444, 283, 303, 393, 669, 241, 754, 835, 368, 412, 515, 767, 996, 181, 350, 663, 620, 892, 197, 696, 778, 275, 522, 754, 762, 612, 697, 336, 556, 736, 658, 309, 548, 802, 653, 589, 643, 404, 867, 415, 755, 757, 214, 344, 402, 379, 748, -1, 379, 401, 449, 556, 901, 1011, 549, 278, 183, 646, 359, 319, 510, 463, 144, 279, 171, 780, 755, 376, 587, 613, 67, 585, 841, 694, 247, 496, 289, 420, 660, 333, 66, 397, 358, 351, 842, 829, 
363, 362, 635, 573, 310, 321, 351, 233, 433, 202, 124, 159, 544, 289, 615, 552, 874, 153, 208, 265, 854, 684, 518, 359, 440, 303, 602, 402, 509, 668, 489, 312, 826, 384, 257, 368, 622, 632, 365, 321, 223, 204, 887, 279, 242, 341, 125, 726, 258, 681, 379, 544, 537, 51, 30, 739, 379, -1, 113, 673, 185, 665, 724, 457, 561, 346, 341, 260, 78, 291, 99, 375, 542, 550, 571, 432, 251, 509, 666, 380, 285, 687, 370, 209, 607, 90, 541, 704, 622, 418, 279, 501, 137, 538, 894, 
329, 468, 730, 571, 348, 423, 434, 132, 527, 315, 119, 108, 634, 307, 618, 660, 983, 58, 320, 375, 959, 761, 563, 460, 547, 393, 690, 471, 619, 781, 564, 424, 932, 411, 328, 448, 686, 735, 407, 400, 151, 290, 992, 266, 320, 254, 238, 837, 370, 794, 404, 592, 619, 160, 143, 850, 401, 113, -1, 754, 173, 766, 810, 569, 624, 314, 256, 367, 96, 178, 91, 435, 609, 570, 677, 513, 153, 622, 772, 382, 383, 798, 453, 294, 705, 140, 635, 812, 686, 423, 389, 590, 59, 623, 1001, 
634, 375, 869, 519, 440, 682, 794, 885, 262, 582, 646, 690, 148, 913, 502, 685, 470, 747, 544, 612, 369, 1024, 291, 347, 655, 742, 902, 286, 632, 591, 191, 573, 373, 975, 792, 813, 139, 246, 927, 797, 723, 730, 402, 936, 764, 1007, 605, 692, 502, 534, 974, 263, 135, 660, 653, 454, 449, 673, 754, -1, 851, 835, 997, 453, 177, 631, 1008, 454, 657, 909, 773, 333, 170, 414, 713, 845, 792, 450, 301, 515, 699, 688, 803, 464, 182, 613, 178, 336, 144, 495, 465, 183, 725, 883, 442, 
502, 514, 626, 738, 491, 353, 322, 172, 601, 311, 277, 280, 716, 137, 784, 597, 1002, 229, 336, 340, 999, 625, 702, 521, 487, 299, 573, 586, 568, 751, 671, 399, 967, 241, 210, 330, 806, 784, 247, 283, 323, 206, 1029, 97, 216, 211, 255, 788, 390, 778, 234, 729, 716, 191, 199, 858, 556, 185, 173, 851, -1, 674, 686, 572, 746, 487, 207, 413, 236, 257, 93, 560, 726, 727, 608, 391, 309, 623, 809, 547, 308, 745, 339, 390, 769, 268, 708, 843, 806, 586, 421, 674, 232, 502, 1030, 
985, 529, 74, 1102, 819, 344, 353, 839, 630, 483, 775, 821, 702, 591, 1125, 154, 619, 816, 503, 408, 695, 243, 920, 576, 240, 377, 153, 761, 212, 287, 772, 384, 655, 547, 463, 349, 900, 607, 491, 391, 886, 480, 706, 671, 459, 877, 553, 226, 487, 356, 552, 923, 755, 614, 639, 485, 901, 665, 766, 835, 674, -1, 176, 392, 871, 970, 871, 541, 735, 920, 691, 788, 839, 1028, 126, 298, 915, 385, 575, 943, 382, 193, 337, 659, 657, 718, 663, 569, 904, 965, 504, 690, 802, 207, 675, 
1071, 667, 127, 1217, 928, 417, 375, 858, 775, 572, 844, 883, 859, 576, 1245, 312, 795, 866, 600, 497, 872, 94, 1054, 712, 359, 420, 122, 893, 364, 464, 916, 491, 832, 505, 483, 362, 1051, 776, 461, 410, 946, 521, 882, 658, 489, 871, 630, 397, 598, 533, 511, 1061, 907, 675, 702, 662, 1011, 724, 810, 997, 686, 176, -1, 545, 1017, 1055, 864, 657, 800, 942, 725, 913, 985, 1152, 285, 297, 963, 547, 748, 1046, 442, 369, 356, 764, 822, 792, 821, 744, 1055, 1072, 622, 842, 855, 186, 851, 
674, 155, 418, 736, 474, 271, 381, 686, 239, 263, 520, 575, 313, 572, 752, 237, 431, 599, 249, 237, 441, 570, 535, 199, 205, 343, 448, 382, 181, 233, 381, 178, 405, 599, 423, 397, 508, 260, 541, 397, 636, 382, 468, 625, 398, 776, 334, 318, 199, 228, 600, 535, 363, 414, 427, 286, 549, 457, 569, 453, 572, 392, 545, -1, 479, 662, 773, 219, 497, 748, 533, 418, 447, 652, 266, 412, 687, 52, 260, 603, 305, 293, 384, 340, 287, 462, 276, 283, 512, 615, 186, 298, 579, 433, 462, 
462, 351, 891, 346, 285, 650, 754, 752, 241, 520, 509, 546, 191, 829, 336, 716, 621, 608, 482, 570, 532, 1027, 114, 309, 659, 698, 909, 161, 659, 668, 100, 546, 529, 904, 728, 775, 62, 359, 863, 749, 570, 662, 566, 837, 701, 878, 522, 768, 452, 624, 902, 87, 127, 560, 547, 573, 278, 561, 624, 177, 746, 871, 1017, 479, -1, 461, 880, 394, 529, 765, 660, 189, 31, 241, 744, 818, 639, 495, 420, 342, 656, 755, 767, 358, 287, 487, 232, 463, 61, 319, 418, 185, 587, 877, 601, 
16, 513, 954, 272, 208, 638, 692, 394, 501, 488, 222, 206, 564, 617, 323, 835, 996, 262, 467, 563, 936, 1024, 360, 478, 731, 639, 933, 365, 782, 895, 452, 588, 920, 719, 604, 710, 519, 718, 708, 664, 175, 547, 972, 580, 587, 516, 424, 976, 490, 883, 714, 394, 521, 388, 361, 895, 183, 346, 314, 631, 487, 970, 1055, 662, 461, -1, 521, 448, 269, 366, 398, 311, 462, 305, 859, 773, 228, 708, 772, 121, 612, 944, 710, 323, 663, 265, 587, 818, 516, 155, 485, 526, 255, 873, 995, 
534, 700, 818, 793, 601, 560, 518, 131, 774, 510, 372, 343, 884, 288, 843, 802, 1202, 278, 530, 546, 1191, 792, 815, 700, 694, 503, 758, 727, 775, 958, 820, 604, 1161, 369, 410, 523, 942, 971, 404, 480, 347, 413, 1223, 206, 420, 8, 445, 995, 584, 984, 362, 846, 873, 369, 366, 1060, 646, 341, 256, 1008, 207, 871, 864, 773, 880, 521, -1, 597, 351, 166, 246, 691, 865, 809, 812, 579, 295, 825, 1001, 616, 515, 952, 534, 545, 949, 395, 882, 1038, 941, 657, 611, 840, 296, 687, 1226, 
461, 102, 540, 562, 278, 259, 360, 494, 193, 129, 303, 358, 310, 460, 587, 395, 616, 389, 91, 177, 594, 652, 404, 109, 303, 304, 540, 246, 339, 450, 299, 166, 565, 522, 340, 381, 444, 373, 475, 355, 418, 277, 627, 489, 312, 599, 158, 528, 61, 446, 520, 416, 324, 228, 232, 486, 359, 260, 367, 454, 413, 541, 657, 219, 394, 448, 597, -1, 285, 545, 351, 257, 366, 495, 421, 427, 472, 269, 405, 403, 261, 496, 373, 124, 355, 247, 296, 444, 447, 423, 38, 271, 367, 497, 634, 
285, 383, 708, 504, 259, 392, 429, 227, 434, 260, 46, 85, 539, 356, 548, 616, 900, 103, 255, 329, 871, 761, 472, 371, 505, 379, 678, 375, 570, 719, 468, 370, 845, 455, 335, 446, 591, 646, 439, 399, 151, 282, 905, 333, 320, 350, 184, 783, 299, 725, 450, 501, 523, 124, 98, 772, 319, 78, 96, 657, 236, 735, 800, 497, 529, 269, 351, 285, -1, 264, 143, 340, 513, 490, 636, 510, 191, 549, 685, 311, 359, 745, 448, 200, 613, 44, 542, 726, 591, 351, 312, 495, 81, 615, 916, 
377, 646, 877, 638, 479, 583, 573, 84, 698, 490, 264, 219, 799, 384, 689, 826, 1161, 163, 499, 545, 1135, 882, 687, 634, 713, 542, 828, 622, 789, 957, 718, 598, 1108, 482, 461, 583, 827, 910, 500, 535, 201, 440, 1168, 312, 462, 159, 415, 1008, 549, 972, 475, 719, 778, 336, 321, 1029, 510, 291, 178, 909, 257, 920, 942, 748, 765, 366, 166, 545, 264, -1, 231, 579, 754, 664, 841, 646, 138, 801, 948, 470, 541, 968, 591, 463, 876, 307, 804, 989, 825, 510, 568, 755, 186, 758, 1178, 
414, 454, 651, 646, 400, 352, 350, 157, 530, 269, 184, 192, 643, 219, 691, 595, 958, 149, 286, 317, 945, 673, 612, 454, 482, 314, 607, 501, 559, 731, 589, 372, 915, 322, 241, 363, 721, 725, 317, 314, 241, 211, 977, 190, 236, 247, 200, 779, 339, 751, 316, 639, 637, 123, 121, 819, 463, 99, 91, 773, 93, 691, 725, 533, 660, 398, 246, 351, 143, 231, -1, 472, 641, 634, 610, 428, 241, 585, 755, 454, 310, 738, 369, 309, 703, 177, 639, 792, 721, 493, 365, 600, 147, 538, 981, 
317, 263, 794, 318, 107, 514, 608, 563, 205, 368, 320, 360, 253, 651, 336, 636, 691, 420, 331, 431, 626, 909, 152, 218, 556, 550, 798, 54, 578, 642, 145, 423, 611, 733, 565, 629, 251, 412, 697, 596, 390, 498, 662, 654, 539, 689, 352, 734, 318, 615, 730, 172, 211, 379, 364, 603, 144, 375, 435, 333, 560, 788, 913, 418, 189, 311, 691, 257, 340, 579, 472, -1, 175, 239, 664, 680, 458, 452, 468, 210, 510, 711, 623, 181, 353, 298, 277, 515, 250, 209, 291, 216, 399, 755, 687, 
464, 320, 860, 366, 277, 620, 726, 738, 209, 493, 495, 535, 162, 806, 358, 684, 599, 595, 454, 541, 513, 996, 130, 278, 627, 670, 878, 140, 627, 637, 69, 516, 508, 879, 702, 746, 81, 332, 837, 721, 562, 636, 547, 816, 674, 864, 497, 737, 424, 594, 877, 109, 98, 538, 527, 546, 279, 542, 609, 170, 726, 839, 985, 447, 31, 462, 865, 366, 513, 754, 641, 175, -1, 261, 713, 789, 631, 463, 393, 345, 627, 724, 738, 336, 261, 471, 203, 438, 82, 325, 389, 154, 574, 846, 581, 
298, 500, 1033, 105, 245, 748, 835, 678, 421, 597, 453, 468, 418, 840, 101, 875, 860, 533, 562, 664, 773, 1145, 132, 454, 796, 777, 1035, 269, 817, 867, 298, 661, 769, 932, 778, 856, 277, 590, 904, 819, 464, 712, 807, 824, 754, 805, 566, 963, 555, 833, 927, 153, 355, 571, 549, 800, 171, 550, 570, 414, 727, 1028, 1152, 652, 241, 305, 809, 495, 490, 664, 634, 239, 261, -1, 903, 910, 526, 681, 651, 193, 739, 943, 851, 400, 520, 461, 455, 696, 271, 153, 530, 397, 517, 990, 842, 
873, 404, 159, 979, 699, 257, 303, 764, 503, 377, 672, 721, 578, 546, 1000, 28, 542, 724, 392, 306, 603, 328, 793, 450, 131, 309, 211, 636, 86, 208, 645, 271, 563, 525, 403, 307, 774, 491, 464, 339, 787, 403, 619, 622, 392, 817, 452, 193, 370, 270, 529, 796, 629, 520, 543, 397, 780, 571, 677, 713, 608, 126, 285, 266, 744, 859, 812, 421, 636, 841, 610, 664, 713, 903, -1, 276, 822, 262, 465, 825, 301, 149, 292, 542, 537, 614, 539, 466, 779, 844, 383, 564, 708, 228, 593, 
789, 474, 239, 962, 672, 168, 81, 562, 591, 313, 555, 591, 697, 293, 995, 280, 795, 570, 349, 250, 835, 251, 830, 512, 217, 135, 182, 673, 288, 474, 720, 274, 797, 251, 186, 65, 864, 673, 193, 113, 653, 228, 857, 375, 193, 585, 354, 469, 367, 527, 256, 844, 730, 386, 413, 643, 755, 432, 513, 845, 391, 298, 297, 412, 818, 773, 579, 427, 510, 646, 428, 680, 789, 910, 276, -1, 667, 443, 668, 779, 170, 425, 62, 510, 695, 508, 668, 683, 867, 810, 400, 668, 560, 111, 840, 
239, 566, 882, 500, 354, 571, 588, 174, 599, 449, 169, 114, 692, 446, 551, 803, 1081, 98, 446, 516, 1044, 914, 555, 547, 691, 546, 844, 505, 759, 910, 601, 560, 1020, 550, 482, 602, 701, 818, 554, 553, 68, 442, 1078, 390, 474, 290, 372, 973, 490, 915, 543, 588, 664, 302, 279, 958, 376, 251, 153, 792, 309, 915, 963, 687, 639, 228, 295, 472, 191, 138, 241, 458, 631, 526, 822, 667, -1, 739, 862, 333, 533, 935, 607, 370, 777, 225, 702, 905, 699, 373, 501, 649, 114, 776, 1093, 
720, 195, 420, 769, 516, 312, 419, 739, 261, 316, 572, 626, 318, 619, 782, 235, 381, 652, 302, 286, 398, 581, 560, 236, 228, 385, 459, 412, 185, 190, 400, 227, 361, 641, 469, 434, 518, 235, 582, 438, 687, 430, 424, 675, 445, 828, 387, 282, 252, 177, 643, 557, 374, 466, 480, 234, 587, 509, 622, 450, 623, 385, 547, 52, 495, 708, 825, 269, 549, 801, 585, 452, 463, 681, 262, 443, 739, -1, 225, 643, 349, 262, 420, 387, 275, 514, 278, 242, 523, 654, 237, 310, 631, 452, 415, 
780, 303, 624, 753, 564, 531, 641, 899, 271, 499, 694, 748, 233, 826, 751, 441, 223, 788, 473, 491, 189, 793, 519, 315, 452, 603, 673, 416, 400, 303, 354, 434, 160, 858, 680, 657, 415, 61, 801, 657, 800, 634, 221, 873, 654, 1003, 556, 401, 419, 240, 859, 502, 296, 632, 638, 155, 613, 666, 772, 301, 809, 575, 748, 260, 420, 772, 1001, 405, 685, 948, 755, 468, 393, 651, 465, 668, 862, 225, -1, 679, 564, 405, 643, 491, 132, 643, 197, 46, 421, 675, 390, 258, 766, 673, 230, 
120, 448, 936, 192, 128, 629, 700, 485, 412, 474, 269, 277, 460, 667, 237, 799, 901, 341, 446, 548, 834, 1025, 238, 407, 703, 643, 925, 263, 743, 834, 343, 560, 821, 765, 626, 719, 398, 622, 744, 677, 270, 563, 870, 643, 605, 612, 425, 921, 456, 814, 760, 272, 411, 410, 385, 811, 67, 380, 382, 515, 547, 943, 1046, 603, 342, 121, 616, 403, 311, 470, 454, 210, 345, 193, 825, 779, 333, 643, 679, -1, 611, 893, 717, 284, 563, 290, 487, 725, 395, 41, 441, 425, 327, 871, 896, 
628, 323, 349, 792, 501, 45, 98, 463, 439, 142, 402, 444, 550, 272, 825, 288, 728, 434, 179, 86, 746, 414, 661, 355, 178, 43, 320, 506, 260, 448, 559, 132, 710, 294, 120, 119, 705, 556, 237, 98, 508, 102, 773, 336, 99, 520, 188, 479, 203, 483, 294, 676, 577, 235, 261, 578, 585, 285, 383, 699, 308, 382, 442, 305, 656, 612, 515, 261, 359, 541, 310, 510, 627, 739, 301, 170, 533, 349, 564, 611, -1, 436, 112, 339, 565, 349, 527, 589, 707, 640, 239, 517, 421, 261, 764, 
957, 448, 262, 1030, 765, 391, 451, 894, 524, 486, 777, 829, 571, 692, 1044, 151, 426, 839, 491, 423, 505, 436, 823, 493, 257, 451, 333, 674, 179, 102, 662, 375, 466, 674, 546, 455, 774, 446, 613, 485, 894, 539, 514, 766, 532, 956, 563, 44, 456, 170, 678, 820, 631, 637, 658, 296, 841, 687, 798, 688, 745, 193, 369, 293, 755, 944, 952, 496, 745, 968, 738, 711, 724, 943, 149, 425, 935, 262, 405, 893, 436, -1, 440, 620, 506, 718, 530, 391, 779, 907, 458, 570, 821, 368, 482, 
726, 428, 286, 901, 611, 120, 19, 509, 545, 255, 493, 529, 654, 256, 935, 290, 785, 509, 291, 196, 817, 313, 774, 463, 205, 74, 237, 619, 285, 477, 670, 229, 779, 235, 130, 15, 815, 643, 174, 56, 591, 166, 841, 334, 133, 540, 292, 485, 314, 524, 239, 789, 684, 324, 351, 633, 694, 370, 453, 803, 339, 337, 356, 384, 767, 710, 534, 373, 448, 591, 369, 623, 738, 851, 292, 62, 607, 420, 643, 717, 112, 440, -1, 451, 660, 445, 627, 662, 817, 748, 349, 623, 499, 169, 827, 
337, 199, 652, 454, 164, 351, 435, 427, 234, 197, 203, 256, 339, 472, 485, 517, 711, 300, 165, 268, 674, 749, 333, 176, 419, 377, 644, 197, 462, 573, 280, 276, 650, 552, 384, 456, 417, 448, 516, 419, 310, 317, 708, 480, 358, 545, 171, 652, 172, 565, 548, 354, 328, 202, 191, 592, 247, 209, 294, 464, 390, 659, 764, 340, 358, 323, 545, 124, 200, 463, 309, 181, 336, 400, 542, 510, 370, 387, 491, 284, 339, 620, 451, -1, 412, 156, 341, 534, 417, 307, 162, 295, 278, 594, 722, 
