[-1, 869, 988, 505, 858, 804, 1075, 1032, 817, 1176, 216, 624, 1450, 1129, 1116, 967, 
869, -1, 969, 574, 941, 951, 764, 348, 382, 785, 884, 737, 1005, 543, 591, 288, 
988, 969, -1, 707, 550, 701, 863, 972, 969, 656, 974, 1051, 1224, 994, 1043, 811, 
505, 574, 707, -1, 735, 856, 963, 789, 712, 853, 598, 794, 1235, 922, 976, 542, 
858, 941, 550, 735, -1, 556, 659, 848, 838, 532, 744, 822, 886, 820, 1024, 866, 
804, 951, 701, 856, 556, -1, 525, 858, 686, 847, 669, 533, 1157, 819, 773, 992, 
1075, 764, 863, 963, 659, 525, -1, 497, 492, 592, 945, 628, 745, 364, 490, 807, 
1032, 348, 972, 789, 848, 858, 497, -1, 318, 608, 974, 711, 726, 197, 443, 442, 
817, 382, 969, 712, 838, 686, 492, 318, -1, 792, 753, 424, 950, 404, 362, 581, 
1176, 785, 656, 853, 532, 847, 592, 608, 792, -1, 1101, 1018, 594, 565, 876, 623, 
216, 884, 974, 598, 744, 669, 945, 974, 753, 1101, -1, 490, 1329, 1038, 1054, 992, 
624, 737, 1051, 794, 822, 533, 628, 711, 424, 1018, 490, -1, 1156, 734, 664, 921, 
1450, 1005, 1224, 1235, 886, 1157, 745, 726, 950, 594, 1329, 1156, -1, 613, 1053, 961, 
1129, 543, 994, 922, 820, 819, 364, 197, 404, 565, 1038, 734, 613, -1, 447, 602, 
1116, 591, 1043, 976, 1024, 773, 490, 443, 362, 876, 1054, 664, 1053, 447, -1, 727, 
967, 288, 811, 542, 866, 992, 807, 442, 581, 623, 992, 921, 961, 602, 727, -1]