[-1, 824, 1088, 613, 732, 1132, 710, 457, 1148, 993, 642, 888, 534, 476, 593, 1043, 922, 1153, 817, 761, 965, 467, 839, 293, 585, 936, 783, 607, 437, 454, 1051, 406, 910, 897, 1029, 933, 710, 1007, 660, 285, 562, 500, 630, 1050, 486, 787, 888, 945, 734, 613, 885, 947, 638, 946, 462, 654, 613, 528, 745, 329, 932, 344, 812, 434, 784, 492, 707, 949, 835, 562, 944, 880, 604, 926, 962, 782, 591, 1096, 1021, 696, 430, 633, 814, 572, 927, 
824, -1, 342, 850, 506, 462, 909, 645, 737, 576, 613, 328, 546, 710, 573, 553, 409, 584, 608, 1091, 468, 448, 508, 709, 798, 623, 674, 630, 821, 574, 610, 820, 347, 592, 499, 611, 1073, 824, 828, 761, 462, 567, 417, 327, 691, 1083, 743, 625, 457, 794, 647, 1021, 603, 703, 769, 733, 882, 1109, 1041, 892, 893, 849, 650, 786, 305, 607, 670, 408, 163, 628, 688, 684, 665, 774, 630, 288, 927, 509, 502, 518, 442, 761, 846, 880, 570, 
1088, 342, -1, 1142, 641, 395, 1095, 861, 829, 815, 693, 427, 735, 912, 775, 595, 598, 599, 830, 1258, 515, 741, 786, 967, 1084, 731, 894, 887, 1056, 742, 781, 1093, 503, 682, 592, 790, 1392, 1004, 1078, 1015, 720, 891, 635, 423, 835, 1239, 890, 915, 729, 1104, 954, 1327, 866, 731, 961, 946, 1008, 1407, 1176, 1132, 1193, 1097, 949, 962, 562, 794, 714, 473, 458, 787, 612, 909, 911, 961, 793, 545, 1170, 545, 727, 731, 730, 1060, 1031, 1095, 793, 
613, 850, 1142, -1, 722, 1013, 929, 850, 772, 632, 853, 773, 855, 969, 800, 894, 1068, 932, 733, 628, 871, 581, 564, 573, 485, 771, 1075, 875, 705, 873, 929, 840, 857, 737, 967, 724, 490, 934, 895, 580, 677, 453, 926, 935, 962, 703, 637, 645, 526, 123, 804, 620, 322, 925, 578, 692, 1150, 504, 922, 842, 608, 492, 725, 948, 907, 609, 884, 800, 861, 656, 1128, 422, 591, 715, 614, 895, 600, 929, 746, 881, 658, 629, 456, 1039, 618, 
732, 506, 641, 722, -1, 491, 1095, 820, 622, 759, 325, 386, 750, 846, 802, 760, 839, 490, 417, 741, 265, 617, 528, 738, 911, 253, 1025, 925, 907, 641, 1004, 956, 735, 237, 887, 846, 1120, 1140, 1089, 536, 701, 707, 642, 727, 637, 913, 760, 746, 645, 724, 975, 1180, 422, 792, 652, 387, 975, 1065, 1042, 954, 1087, 772, 707, 856, 741, 272, 412, 514, 593, 240, 756, 614, 377, 957, 677, 731, 977, 433, 633, 861, 487, 974, 684, 1070, 482, 
1132, 462, 395, 1013, 491, -1, 1266, 1051, 508, 689, 696, 303, 938, 1113, 951, 612, 818, 212, 663, 1110, 246, 824, 616, 1041, 1113, 439, 1134, 1082, 1169, 916, 896, 1240, 636, 417, 747, 806, 1368, 1131, 1257, 987, 848, 916, 819, 496, 977, 1184, 821, 781, 708, 989, 1017, 1298, 703, 800, 970, 812, 1242, 1396, 1272, 1275, 1167, 1111, 876, 1149, 762, 729, 719, 381, 566, 703, 800, 702, 781, 981, 644, 745, 1214, 195, 544, 945, 788, 1140, 877, 1311, 543, 
710, 909, 1095, 929, 1095, 1266, -1, 442, 1281, 1024, 974, 982, 454, 672, 341, 845, 977, 1339, 1278, 1088, 1226, 560, 1122, 456, 501, 1289, 749, 528, 282, 643, 747, 617, 734, 1176, 736, 696, 810, 523, 367, 937, 469, 643, 859, 956, 863, 798, 762, 1182, 720, 921, 919, 892, 966, 696, 596, 1227, 685, 735, 439, 509, 870, 556, 1208, 544, 794, 926, 943, 947, 951, 979, 806, 1031, 1148, 610, 940, 773, 399, 1322, 1215, 461, 817, 509, 915, 544, 1225, 
457, 645, 861, 850, 820, 1051, 442, -1, 1183, 944, 694, 806, 145, 248, 252, 855, 661, 1143, 955, 1038, 971, 337, 899, 322, 574, 1043, 456, 277, 335, 263, 782, 322, 652, 974, 735, 767, 854, 738, 373, 633, 318, 490, 446, 832, 467, 914, 845, 981, 647, 817, 756, 962, 797, 767, 555, 899, 380, 771, 669, 296, 907, 529, 900, 226, 510, 664, 729, 837, 663, 724, 718, 960, 835, 784, 929, 503, 594, 1084, 1008, 311, 448, 521, 931, 288, 1009, 
1148, 737, 829, 772, 622, 508, 1281, 1183, -1, 527, 872, 459, 1090, 1305, 1040, 614, 1108, 345, 758, 894, 512, 877, 567, 1035, 991, 481, 1341, 1209, 1160, 1105, 917, 1331, 755, 419, 845, 704, 1174, 1090, 1310, 1014, 915, 881, 1084, 669, 1197, 981, 610, 718, 633, 781, 1055, 1091, 543, 807, 907, 872, 1451, 1229, 1222, 1341, 987, 1020, 938, 1296, 988, 778, 860, 448, 818, 758, 1010, 373, 813, 827, 381, 965, 1087, 459, 546, 1081, 927, 1089, 573, 1454, 451, 
993, 576, 815, 632, 759, 689, 1024, 944, 527, -1, 975, 529, 880, 1085, 797, 567, 804, 640, 744, 1067, 709, 619, 382, 836, 675, 734, 984, 860, 932, 975, 522, 1033, 503, 705, 586, 435, 840, 731, 945, 945, 643, 548, 878, 458, 1120, 1040, 596, 384, 324, 567, 574, 660, 511, 822, 871, 910, 1290, 997, 1142, 1109, 524, 887, 686, 1126, 675, 833, 998, 513, 573, 861, 1056, 354, 801, 578, 359, 655, 868, 653, 344, 769, 747, 692, 666, 1166, 444, 
642, 613, 693, 853, 325, 696, 974, 694, 872, 975, -1, 549, 626, 706, 716, 824, 898, 757, 681, 722, 527, 624, 797, 657, 932, 563, 992, 883, 800, 461, 1082, 879, 798, 488, 931, 924, 1184, 1151, 1028, 518, 682, 777, 618, 858, 432, 835, 811, 999, 764, 871, 1105, 1297, 623, 728, 544, 549, 747, 1057, 871, 813, 1219, 699, 916, 656, 788, 256, 159, 640, 721, 224, 570, 829, 564, 1000, 837, 776, 926, 709, 909, 816, 516, 1000, 770, 935, 787, 
888, 328, 427, 773, 386, 303, 982, 806, 459, 529, 549, -1, 694, 913, 682, 405, 736, 364, 632, 895, 307, 558, 506, 759, 824, 441, 963, 856, 879, 703, 699, 1007, 425, 340, 555, 552, 1103, 880, 999, 791, 577, 658, 682, 383, 813, 912, 549, 685, 440, 756, 852, 1059, 487, 557, 686, 723, 1042, 1116, 985, 1019, 939, 822, 792, 916, 608, 532, 553, 146, 463, 525, 632, 501, 664, 708, 419, 583, 911, 364, 509, 710, 596, 872, 626, 1082, 482, 
534, 546, 735, 855, 750, 938, 454, 145, 1090, 880, 626, 694, -1, 336, 177, 730, 620, 1041, 926, 1014, 878, 306, 857, 360, 593, 970, 495, 332, 384, 237, 706, 457, 539, 888, 622, 681, 911, 689, 445, 665, 255, 499, 427, 720, 474, 882, 760, 954, 581, 825, 761, 983, 759, 645, 526, 890, 432, 843, 647, 428, 911, 555, 906, 300, 454, 624, 646, 717, 591, 675, 588, 901, 827, 718, 840, 439, 611, 989, 947, 255, 445, 557, 875, 418, 954, 
476, 710, 912, 969, 846, 1113, 672, 248, 1305, 1085, 706, 913, 336, -1, 489, 1040, 648, 1214, 931, 1142, 1009, 495, 962, 491, 773, 1079, 437, 383, 544, 273, 969, 307, 818, 1042, 919, 978, 993, 967, 541, 607, 519, 628, 367, 961, 345, 1090, 1051, 1043, 820, 928, 834, 1124, 894, 965, 714, 857, 284, 896, 868, 344, 1069, 682, 879, 239, 564, 700, 781, 976, 702, 757, 835, 1102, 816, 1016, 1103, 573, 809, 1131, 1077, 494, 439, 699, 1100, 276, 1071, 
593, 573, 775, 800, 802, 951, 341, 252, 1040, 797, 716, 682, 177, 489, -1, 634, 679, 1039, 982, 997, 913, 282, 845, 342, 473, 999, 557, 348, 320, 397, 580, 521, 461, 901, 519, 539, 823, 521, 383, 740, 171, 446, 555, 669, 635, 810, 642, 928, 487, 773, 719, 864, 737, 558, 496, 964, 582, 783, 572, 487, 794, 516, 940, 430, 486, 682, 712, 673, 623, 733, 612, 829, 886, 555, 743, 462, 492, 1007, 926, 201, 531, 452, 793, 499, 945, 
1043, 553, 595, 894, 760, 612, 845, 855, 614, 567, 824, 405, 730, 1040, 634, -1, 879, 673, 1001, 1023, 704, 644, 771, 812, 775, 821, 1025, 883, 851, 845, 495, 1099, 320, 685, 321, 315, 1104, 621, 944, 1047, 582, 737, 894, 372, 1032, 868, 388, 883, 447, 885, 910, 999, 719, 338, 733, 1080, 1129, 1143, 867, 1083, 883, 868, 1069, 997, 715, 813, 767, 268, 674, 818, 612, 610, 1004, 457, 367, 678, 824, 722, 743, 671, 840, 832, 645, 1123, 783, 
922, 409, 598, 1068, 839, 818, 977, 661, 1108, 804, 898, 736, 620, 648, 679, 879, -1, 945, 791, 1407, 827, 595, 727, 842, 921, 965, 408, 522, 921, 673, 700, 740, 578, 974, 678, 852, 1146, 907, 763, 911, 598, 676, 359, 584, 768, 1377, 1068, 737, 707, 980, 537, 1081, 894, 1016, 1024, 928, 863, 1215, 1240, 897, 960, 1035, 661, 821, 208, 888, 983, 802, 293, 928, 954, 999, 861, 993, 970, 239, 1084, 845, 711, 521, 547, 785, 1182, 773, 843, 
1153, 584, 599, 932, 490, 212, 1339, 1143, 345, 640, 757, 364, 1041, 1214, 1039, 673, 945, -1, 618, 1037, 258, 875, 550, 1075, 1114, 339, 1246, 1170, 1216, 1016, 962, 1303, 733, 344, 847, 829, 1328, 1187, 1330, 984, 918, 927, 931, 597, 1071, 1155, 801, 723, 715, 917, 1048, 1258, 628, 869, 983, 774, 1359, 1366, 1317, 1336, 1136, 1112, 855, 1242, 875, 733, 779, 432, 668, 704, 933, 595, 740, 991, 590, 858, 1222, 144, 489, 1049, 839, 1165, 800, 1406, 431, 
817, 608, 830, 733, 417, 663, 1278, 955, 758, 744, 681, 632, 926, 931, 982, 1001, 791, 618, -1, 988, 473, 724, 371, 884, 988, 404, 1011, 962, 1067, 834, 1084, 969, 885, 537, 1045, 999, 1088, 1265, 1153, 583, 839, 720, 668, 835, 801, 1196, 1004, 523, 743, 684, 842, 1123, 491, 1118, 918, 292, 1144, 1106, 1325, 1056, 1032, 943, 378, 1028, 758, 549, 805, 764, 582, 561, 1114, 690, 253, 1124, 844, 764, 1136, 512, 494, 976, 511, 997, 903, 1144, 363, 
761, 1091, 1258, 628, 741, 1110, 1088, 1038, 894, 1067, 722, 895, 1014, 1142, 997, 1023, 1407, 1037, 988, -1, 938, 884, 977, 767, 883, 818, 1418, 1210, 877, 948, 1294, 1134, 1118, 718, 1219, 1009, 999, 1253, 1225, 699, 951, 904, 1161, 1207, 981, 426, 724, 1153, 893, 738, 1335, 1185, 631, 886, 514, 810, 1191, 819, 815, 1008, 1174, 597, 1178, 1016, 1239, 579, 678, 913, 1180, 571, 1012, 745, 793, 977, 835, 1220, 799, 1066, 1140, 1159, 918, 1074, 470, 1258, 944, 
965, 468, 515, 871, 265, 246, 1226, 971, 512, 709, 527, 307, 878, 1009, 913, 704, 827, 258, 473, 938, -1, 743, 522, 926, 1041, 221, 1101, 1032, 1079, 809, 974, 1128, 703, 240, 843, 846, 1265, 1171, 1210, 782, 802, 828, 736, 619, 831, 1079, 807, 727, 683, 857, 999, 1253, 550, 825, 847, 578, 1146, 1260, 1203, 1153, 1139, 978, 755, 1042, 759, 529, 581, 437, 562, 497, 805, 635, 561, 997, 654, 746, 1133, 186, 534, 934, 647, 1085, 786, 1227, 438, 
467, 448, 741, 581, 617, 824, 560, 337, 877, 619, 624, 558, 306, 495, 282, 644, 595, 875, 724, 884, 743, -1, 587, 284, 399, 794, 563, 365, 400, 401, 598, 476, 453, 730, 575, 523, 692, 632, 480, 539, 138, 213, 448, 605, 585, 806, 610, 677, 330, 535, 561, 741, 495, 655, 463, 724, 685, 683, 724, 510, 661, 450, 675, 510, 403, 511, 665, 591, 468, 572, 732, 634, 631, 579, 627, 386, 519, 830, 702, 325, 309, 389, 677, 582, 698, 
839, 508, 786, 564, 528, 616, 1122, 899, 567, 382, 797, 506, 857, 962, 845, 771, 727, 550, 371, 977, 522, 587, -1, 795, 766, 495, 940, 849, 950, 862, 790, 936, 659, 548, 801, 706, 881, 986, 999, 699, 679, 526, 712, 605, 929, 1083, 772, 224, 464, 490, 606, 824, 351, 956, 843, 569, 1190, 978, 1212, 1031, 714, 853, 377, 1039, 641, 632, 873, 589, 476, 658, 1074, 417, 465, 838, 564, 636, 955, 497, 212, 825, 541, 777, 724, 1110, 168, 
293, 709, 967, 573, 738, 1041, 456, 322, 1035, 836, 657, 759, 360, 491, 342, 812, 842, 1075, 884, 767, 926, 284, 795, -1, 363, 936, 702, 469, 191, 413, 806, 419, 689, 855, 784, 678, 626, 727, 472, 489, 328, 355, 620, 865, 576, 654, 663, 893, 533, 570, 775, 795, 594, 710, 316, 792, 613, 498, 542, 327, 765, 216, 859, 402, 661, 531, 676, 781, 742, 597, 784, 760, 716, 653, 773, 647, 354, 1041, 945, 482, 453, 433, 675, 523, 891, 
585, 798, 1084, 485, 911, 1113, 501, 574, 991, 675, 932, 824, 593, 773, 473, 775, 921, 1114, 988, 883, 1041, 399, 766, 363, -1, 1040, 800, 557, 367, 729, 647, 606, 665, 961, 723, 520, 375, 529, 473, 736, 406, 300, 827, 834, 911, 709, 581, 796, 430, 460, 646, 457, 614, 764, 523, 971, 929, 424, 668, 599, 446, 393, 880, 730, 729, 765, 937, 807, 805, 827, 985, 655, 865, 446, 666, 712, 258, 1103, 890, 548, 656, 223, 629, 731, 878, 
936, 623, 731, 771, 253, 439, 1289, 1043, 481, 734, 563, 441, 970, 1079, 999, 821, 965, 339, 404, 818, 221, 794, 495, 936, 1040, -1, 1205, 1112, 1106, 885, 1083, 1160, 838, 183, 982, 916, 1213, 1255, 1273, 719, 877, 839, 837, 772, 885, 1033, 825, 711, 727, 773, 1051, 1232, 463, 919, 837, 468, 1225, 1198, 1230, 1176, 1134, 948, 733, 1100, 885, 491, 624, 557, 694, 454, 939, 575, 460, 1043, 672, 875, 1131, 306, 562, 1041, 681, 1111, 720, 1293, 375, 
783, 674, 894, 1075, 1025, 1134, 749, 456, 1341, 984, 992, 963, 495, 437, 557, 1025, 408, 1246, 1011, 1418, 1101, 563, 940, 702, 800, 1205, -1, 255, 720, 597, 768, 455, 722, 1185, 790, 917, 1006, 828, 465, 891, 545, 634, 431, 838, 723, 1324, 1124, 937, 792, 994, 573, 1010, 1004, 1065, 967, 1058, 649, 1041, 1092, 632, 931, 915, 828, 617, 384, 961, 1064, 1007, 597, 1019, 1011, 1138, 985, 986, 1113, 405, 929, 1160, 991, 402, 589, 624, 1238, 430, 1082, 
607, 630, 887, 875, 925, 1082, 528, 277, 1209, 860, 883, 856, 332, 383, 348, 883, 522, 1170, 962, 1210, 1032, 365, 849, 469, 557, 1112, 255, -1, 475, 486, 657, 322, 613, 1067, 684, 738, 796, 653, 257, 758, 338, 435, 453, 774, 664, 1086, 915, 868, 617, 807, 532, 830, 841, 889, 746, 976, 593, 813, 865, 456, 764, 679, 806, 485, 389, 819, 935, 883, 588, 883, 899, 968, 892, 775, 942, 391, 674, 1104, 931, 241, 495, 402, 1024, 341, 989, 
437, 821, 1056, 705, 907, 1169, 282, 335, 1160, 932, 800, 879, 384, 544, 320, 851, 921, 1216, 1067, 877, 1079, 400, 950, 191, 367, 1106, 720, 475, -1, 501, 803, 453, 734, 1010, 792, 697, 650, 652, 385, 671, 380, 467, 732, 935, 690, 673, 703, 1029, 620, 704, 839, 810, 759, 716, 401, 983, 613, 520, 443, 321, 795, 300, 1016, 417, 735, 705, 794, 876, 856, 766, 809, 882, 907, 633, 857, 720, 280, 1190, 1082, 474, 617, 424, 766, 485, 1051, 
454, 574, 742, 873, 641, 916, 643, 263, 1105, 975, 461, 703, 237, 273, 397, 845, 673, 1016, 834, 948, 809, 401, 862, 413, 729, 885, 597, 486, 501, -1, 900, 488, 684, 820, 796, 841, 1006, 912, 632, 528, 423, 589, 367, 824, 241, 903, 856, 991, 694, 854, 880, 1124, 743, 741, 524, 747, 350, 892, 726, 438, 1056, 576, 878, 241, 547, 495, 516, 764, 626, 541, 593, 943, 712, 890, 922, 541, 734, 950, 974, 472, 371, 720, 906, 482, 938, 
1051, 610, 781, 929, 1004, 896, 747, 782, 917, 522, 1082, 699, 706, 969, 580, 495, 700, 962, 1084, 1294, 974, 598, 790, 806, 647, 1083, 768, 657, 803, 900, -1, 940, 310, 1005, 245, 323, 932, 330, 688, 1120, 512, 614, 845, 415, 1113, 1108, 664, 780, 438, 868, 571, 734, 852, 701, 907, 1207, 1123, 1069, 997, 1006, 606, 926, 971, 995, 551, 1017, 1077, 633, 617, 1055, 918, 764, 1103, 442, 611, 522, 795, 960, 750, 493, 838, 579, 898, 966, 889, 
406, 820, 1093, 840, 956, 1240, 617, 322, 1331, 1033, 879, 1007, 457, 307, 521, 1099, 740, 1303, 969, 1134, 1128, 476, 936, 419, 606, 1160, 455, 322, 453, 488, 940, -1, 869, 1130, 962, 949, 744, 893, 388, 608, 518, 505, 536, 1025, 582, 1065, 1040, 971, 780, 788, 711, 905, 863, 1049, 723, 903, 522, 674, 872, 245, 881, 596, 827, 401, 633, 783, 949, 1057, 781, 855, 1030, 1056, 835, 952, 1092, 642, 678, 1229, 1073, 522, 495, 508, 1065, 255, 1070, 
910, 347, 503, 857, 735, 636, 734, 652, 755, 503, 798, 425, 539, 818, 461, 320, 578, 733, 885, 1118, 703, 453, 659, 689, 665, 838, 722, 613, 734, 684, 310, 869, -1, 750, 162, 325, 992, 515, 719, 933, 380, 554, 646, 222, 881, 986, 560, 730, 339, 810, 640, 881, 689, 516, 738, 989, 955, 1058, 898, 910, 751, 816, 867, 835, 410, 773, 794, 377, 422, 800, 659, 660, 902, 494, 501, 373, 779, 721, 635, 413, 644, 639, 773, 894, 731, 
897, 592, 682, 737, 237, 417, 1176, 974, 419, 705, 488, 340, 888, 1042, 901, 685, 974, 344, 537, 718, 240, 730, 548, 855, 961, 183, 1185, 1067, 1010, 820, 1005, 1130, 750, -1, 883, 805, 1173, 1151, 1206, 718, 795, 798, 835, 711, 853, 887, 676, 769, 650, 755, 1057, 1194, 432, 753, 714, 557, 1162, 1141, 1085, 1117, 1098, 856, 826, 1029, 864, 434, 506, 433, 697, 392, 797, 515, 537, 921, 561, 846, 1023, 359, 615, 967, 677, 1053, 592, 1243, 448, 
1029, 499, 592, 967, 887, 747, 736, 735, 845, 586, 931, 555, 622, 919, 519, 321, 678, 847, 1045, 1219, 843, 575, 801, 784, 723, 982, 790, 684, 792, 796, 245, 962, 162, 883, -1, 323, 1056, 440, 751, 1077, 476, 666, 779, 302, 1007, 1038, 594, 853, 447, 924, 718, 916, 827, 520, 828, 1150, 1033, 1134, 917, 993, 790, 904, 1012, 920, 523, 917, 909, 476, 565, 942, 699, 761, 1061, 473, 566, 487, 818, 851, 760, 466, 794, 692, 851, 959, 871, 
933, 611, 790, 724, 846, 806, 696, 767, 704, 435, 924, 552, 681, 978, 539, 315, 852, 829, 999, 1009, 846, 523, 706, 678, 520, 916, 917, 738, 697, 841, 323, 949, 325, 805, 323, -1, 830, 387, 747, 984, 460, 542, 879, 453, 1049, 819, 343, 762, 276, 699, 710, 695, 651, 485, 681, 1077, 1109, 919, 806, 955, 587, 733, 971, 946, 664, 837, 892, 459, 673, 867, 798, 529, 976, 199, 340, 630, 620, 858, 714, 564, 785, 573, 591, 1004, 769, 
710, 1073, 1392, 490, 1120, 1368, 810, 854, 1174, 840, 1184, 1103, 911, 993, 823, 1104, 1146, 1328, 1088, 999, 1265, 692, 881, 626, 375, 1213, 1006, 796, 650, 1006, 932, 744, 992, 1173, 1056, 830, -1, 828, 703, 839, 742, 513, 1056, 1123, 1137, 908, 869, 854, 707, 457, 746, 356, 753, 1120, 789, 1064, 1178, 314, 955, 776, 450, 594, 918, 982, 988, 968, 1213, 1104, 1043, 1033, 1341, 801, 956, 752, 905, 980, 521, 1312, 1028, 870, 852, 442, 815, 931, 997, 
1007, 824, 1004, 934, 1140, 1131, 523, 738, 1090, 731, 1151, 880, 689, 967, 521, 621, 907, 1187, 1265, 1253, 1171, 632, 986, 727, 529, 1255, 828, 653, 652, 912, 330, 893, 515, 1151, 440, 387, 828, -1, 560, 1148, 523, 643, 966, 695, 1147, 979, 645, 989, 549, 896, 727, 685, 943, 680, 832, 1324, 1075, 931, 799, 905, 613, 820, 1150, 933, 730, 1076, 1123, 801, 848, 1122, 939, 873, 1220, 337, 722, 702, 603, 1195, 1001, 505, 930, 493, 888, 889, 1089, 
660, 828, 1078, 895, 1089, 1257, 367, 373, 1310, 945, 1028, 999, 445, 541, 383, 944, 763, 1330, 1153, 1225, 1210, 480, 999, 472, 473, 1273, 465, 257, 385, 632, 688, 388, 719, 1206, 751, 747, 703, 560, -1, 874, 425, 503, 699, 912, 828, 1031, 911, 1006, 685, 842, 646, 756, 937, 909, 750, 1143, 680, 714, 766, 445, 726, 645, 989, 553, 614, 946, 1053, 997, 805, 1012, 984, 1032, 1053, 719, 993, 608, 546, 1284, 1089, 352, 687, 325, 1032, 373, 1137, 
285, 761, 1015, 580, 536, 987, 937, 633, 1014, 945, 518, 791, 665, 607, 740, 1047, 911, 984, 583, 699, 782, 539, 699, 489, 736, 719, 891, 758, 671, 528, 1120, 608, 933, 718, 1077, 984, 839, 1148, 874, -1, 663, 567, 611, 1020, 478, 861, 915, 840, 744, 581, 919, 1039, 512, 995, 548, 376, 765, 703, 928, 593, 1003, 510, 672, 616, 800, 329, 624, 885, 774, 390, 971, 798, 347, 1019, 923, 802, 784, 917, 891, 821, 367, 791, 787, 786, 754, 
562, 462, 720, 677, 701, 848, 469, 318, 915, 643, 682, 577, 255, 519, 171, 582, 598, 918, 839, 951, 802, 138, 679, 328, 406, 877, 545, 338, 380, 423, 512, 518, 380, 795, 476, 460, 742, 523, 425, 663, -1, 300, 495, 568, 641, 815, 586, 758, 340, 636, 587, 760, 597, 582, 492, 850, 676, 742, 673, 536, 675, 499, 786, 513, 393, 606, 699, 582, 497, 661, 674, 690, 760, 511, 631, 369, 502, 882, 763, 219, 424, 381, 712, 569, 786, 
500, 567, 891, 453, 707, 916, 643, 490, 881, 548, 777, 658, 499, 628, 446, 737, 676, 927, 720, 904, 828, 213, 526, 355, 300, 839, 634, 435, 467, 589, 614, 505, 554, 798, 666, 542, 513, 643, 503, 567, 300, -1, 580, 680, 741, 846, 645, 567, 319, 379, 456, 555, 458, 792, 555, 741, 847, 574, 825, 580, 484, 469, 597, 663, 501, 606, 825, 687, 545, 671, 930, 575, 629, 577, 627, 491, 505, 886, 661, 459, 397, 283, 669, 673, 660, 
630, 417, 635, 926, 642, 819, 859, 446, 1084, 878, 618, 682, 427, 367, 555, 894, 359, 931, 668, 1161, 736, 448, 712, 620, 827, 837, 431, 453, 732, 367, 845, 536, 646, 835, 779, 879, 1056, 966, 699, 611, 495, 580, -1, 714, 415, 1171, 991, 798, 687, 864, 680, 1102, 754, 926, 790, 693, 587, 1036, 1043, 646, 1008, 806, 637, 537, 322, 618, 724, 774, 381, 663, 803, 945, 646, 985, 951, 340, 937, 828, 786, 492, 283, 744, 1045, 589, 812, 
1050, 327, 423, 935, 727, 496, 956, 832, 669, 458, 858, 383, 720, 961, 669, 372, 584, 597, 835, 1207, 619, 605, 605, 865, 834, 772, 838, 774, 935, 824, 415, 1025, 222, 711, 302, 453, 1123, 695, 912, 1020, 568, 680, 714, -1, 986, 1130, 667, 671, 439, 881, 682, 978, 721, 652, 895, 993, 1115, 1213, 1098, 1089, 835, 981, 839, 1006, 476, 839, 867, 352, 391, 854, 768, 662, 911, 649, 516, 447, 970, 586, 516, 603, 722, 805, 851, 1069, 651, 
486, 691, 835, 962, 637, 977, 863, 467, 1197, 1120, 432, 813, 474, 345, 635, 1032, 768, 1071, 801, 981, 831, 585, 929, 576, 911, 885, 723, 664, 690, 241, 1113, 582, 881, 853, 1007, 1049, 1137, 1147, 828, 478, 641, 741, 415, 986, -1, 1024, 1034, 1071, 869, 948, 1017, 1287, 817, 931, 657, 665, 395, 998, 899, 543, 1224, 703, 891, 365, 692, 495, 533, 903, 730, 530, 730, 1059, 666, 1106, 1078, 695, 918, 987, 1055, 695, 420, 906, 1030, 603, 990, 
787, 1083, 1239, 703, 913, 1184, 798, 914, 981, 1040, 835, 912, 882, 1090, 810, 868, 1377, 1155, 1196, 426, 1079, 806, 1083, 654, 709, 1033, 1324, 1086, 673, 903, 1108, 1065, 986, 887, 1038, 819, 908, 979, 1031, 861, 815, 846, 1171, 1130, 1024, -1, 531, 1229, 805, 797, 1280, 1063, 755, 656, 387, 1066, 1101, 733, 467, 904, 1061, 483, 1305, 918, 1179, 734, 746, 874, 1182, 747, 874, 789, 1017, 722, 768, 1153, 535, 1196, 1217, 996, 971, 916, 439, 1131, 1090, 
888, 743, 890, 637, 760, 821, 762, 845, 610, 596, 811, 549, 760, 1051, 642, 388, 1068, 801, 1004, 724, 807, 610, 772, 663, 581, 825, 1124, 915, 703, 856, 664, 1040, 560, 676, 594, 343, 869, 645, 911, 915, 586, 645, 991, 667, 1034, 531, -1, 894, 418, 672, 960, 839, 570, 380, 511, 1011, 1139, 868, 672, 979, 770, 624, 1075, 960, 873, 716, 742, 456, 844, 730, 739, 454, 929, 330, 287, 840, 575, 860, 830, 756, 834, 734, 309, 1108, 782, 
945, 625, 915, 645, 746, 781, 1182, 981, 718, 384, 999, 685, 954, 1043, 928, 883, 737, 723, 523, 1153, 727, 677, 224, 893, 796, 711, 937, 868, 1029, 991, 780, 971, 730, 769, 853, 762, 854, 989, 1006, 840, 758, 567, 798, 671, 1071, 1229, 894, -1, 542, 543, 490, 738, 527, 1098, 994, 738, 1295, 1016, 1333, 1104, 624, 964, 352, 1146, 675, 829, 1078, 747, 544, 864, 1238, 540, 630, 888, 679, 676, 1023, 671, 257, 871, 658, 765, 870, 1155, 353, 
734, 457, 729, 526, 645, 708, 720, 647, 633, 324, 764, 440, 581, 820, 487, 447, 707, 715, 743, 893, 683, 330, 464, 533, 430, 727, 792, 617, 620, 694, 438, 780, 339, 650, 447, 276, 707, 549, 685, 744, 340, 319, 687, 439, 869, 805, 418, 542, -1, 480, 553, 630, 417, 591, 581, 820, 997, 788, 836, 817, 516, 604, 709, 823, 521, 632, 774, 421, 494, 672, 811, 388, 713, 391, 336, 494, 590, 711, 526, 505, 544, 472, 530, 890, 552, 
613, 794, 1104, 123, 724, 989, 921, 817, 781, 567, 871, 756, 825, 928, 773, 885, 980, 917, 684, 738, 857, 535, 490, 570, 460, 773, 994, 807, 704, 854, 868, 788, 810, 755, 924, 699, 457, 896, 842, 581, 636, 379, 864, 881, 948, 797, 672, 543, 480, -1, 690, 553, 322, 947, 630, 680, 1133, 527, 969, 824, 528, 534, 626, 935, 828, 631, 916, 790, 785, 683, 1141, 426, 568, 709, 616, 819, 623, 902, 671, 827, 606, 565, 536, 996, 571, 
885, 647, 954, 804, 975, 1017, 919, 756, 1055, 574, 1105, 852, 761, 834, 719, 910, 537, 1048, 842, 1335, 999, 561, 606, 775, 646, 1051, 573, 532, 839, 880, 571, 711, 640, 1057, 718, 710, 746, 727, 646, 919, 587, 456, 680, 682, 1017, 1280, 960, 490, 553, 690, -1, 601, 776, 1082, 997, 986, 1092, 933, 1216, 892, 489, 919, 557, 964, 469, 970, 1174, 882, 528, 1028, 1203, 814, 875, 801, 845, 477, 889, 986, 629, 591, 645, 484, 1040, 848, 769, 
947, 1021, 1327, 620, 1180, 1298, 892, 962, 1091, 660, 1297, 1059, 983, 1124, 864, 999, 1081, 1258, 1123, 1185, 1253, 741, 824, 795, 457, 1232, 1010, 830, 810, 1124, 734, 905, 881, 1194, 916, 695, 356, 685, 756, 1039, 760, 555, 1102, 978, 1287, 1063, 839, 738, 630, 553, 601, -1, 805, 1107, 947, 1186, 1330, 649, 1099, 983, 152, 811, 913, 1143, 933, 1099, 1320, 1037, 977, 1157, 1376, 747, 1066, 647, 808, 922, 671, 1254, 905, 855, 940, 452, 865, 1065, 947, 
638, 603, 866, 322, 422, 703, 966, 797, 543, 511, 623, 487, 759, 894, 737, 719, 894, 628, 491, 631, 550, 495, 351, 594, 614, 463, 1004, 841, 759, 743, 852, 863, 689, 432, 827, 651, 753, 943, 937, 512, 597, 458, 754, 721, 817, 755, 570, 527, 417, 322, 776, 805, -1, 789, 552, 496, 1073, 757, 951, 877, 734, 578, 602, 894, 748, 403, 667, 549, 641, 433, 935, 291, 397, 721, 471, 734, 729, 615, 527, 802, 503, 716, 430, 1034, 364, 
946, 703, 731, 925, 792, 800, 696, 767, 807, 822, 728, 557, 645, 965, 558, 338, 1016, 869, 1118, 886, 825, 655, 956, 710, 764, 919, 1065, 889, 716, 741, 701, 1049, 516, 753, 520, 485, 1120, 680, 909, 995, 582, 792, 926, 652, 931, 656, 380, 1098, 591, 947, 1082, 1107, 789, -1, 557, 1109, 977, 1070, 590, 960, 1024, 735, 1218, 848, 833, 755, 623, 460, 840, 758, 408, 756, 1050, 510, 555, 797, 706, 910, 989, 680, 861, 863, 618, 1035, 969, 
462, 769, 961, 578, 652, 970, 596, 555, 907, 871, 544, 686, 526, 714, 496, 733, 1024, 983, 918, 514, 847, 463, 843, 316, 523, 837, 967, 746, 401, 524, 907, 723, 738, 714, 828, 681, 789, 832, 750, 548, 492, 555, 790, 895, 657, 387, 511, 994, 581, 630, 997, 947, 552, 557, -1, 793, 759, 624, 428, 584, 915, 232, 1005, 568, 836, 438, 500, 689, 856, 475, 665, 689, 738, 646, 681, 814, 419, 981, 988, 677, 602, 675, 477, 794, 883, 
654, 733, 946, 692, 387, 812, 1227, 899, 872, 910, 549, 723, 890, 857, 964, 1080, 928, 774, 292, 810, 578, 724, 569, 792, 971, 468, 1058, 976, 983, 747, 1207, 903, 989, 557, 1150, 1077, 1064, 1324, 1143, 376, 850, 741, 693, 993, 665, 1066, 1011, 738, 820, 680, 986, 1186, 496, 1109, 793, -1, 1032, 1000, 1211, 938, 1121, 816, 559, 913, 865, 395, 681, 851, 740, 406, 1074, 764, 123, 1164, 924, 869, 1066, 690, 737, 1007, 487, 1016, 862, 1079, 561, 
613, 882, 1008, 1150, 975, 1242, 685, 380, 1451, 1290, 747, 1042, 432, 284, 582, 1129, 863, 1359, 1144, 1191, 1146, 685, 1190, 613, 929, 1225, 649, 593, 613, 350, 1123, 522, 955, 1162, 1033, 1109, 1178, 1075, 680, 765, 676, 847, 587, 1115, 395, 1101, 1139, 1295, 997, 1133, 1092, 1330, 1073, 977, 759, 1032, -1, 1029, 807, 430, 1283, 769, 1145, 211, 776, 809, 785, 1090, 913, 852, 775, 1274, 1010, 1126, 1243, 777, 889, 1287, 1301, 638, 668, 889, 1203, 376, 1279, 
528, 1109, 1407, 504, 1065, 1396, 735, 771, 1229, 997, 1057, 1116, 843, 896, 783, 1143, 1215, 1366, 1106, 819, 1260, 683, 978, 498, 424, 1198, 1041, 813, 520, 892, 1069, 674, 1058, 1141, 1134, 919, 314, 931, 714, 703, 742, 574, 1036, 1213, 998, 733, 868, 1016, 788, 527, 933, 649, 757, 1070, 624, 1000, 1029, -1, 778, 617, 716, 400, 1013, 830, 1047, 853, 1076, 1126, 1108, 917, 1244, 874, 915, 825, 972, 1038, 421, 1348, 1154, 887, 816, 550, 774, 846, 1074, 
745, 1041, 1176, 922, 1042, 1272, 439, 669, 1222, 1142, 871, 985, 647, 868, 572, 867, 1240, 1317, 1325, 815, 1203, 724, 1212, 542, 668, 1230, 1092, 865, 443, 726, 997, 872, 898, 1085, 917, 806, 955, 799, 766, 928, 673, 825, 1043, 1098, 899, 467, 672, 1333, 836, 969, 1216, 1099, 951, 590, 428, 1211, 807, 778, -1, 678, 1088, 493, 1368, 658, 1045, 844, 786, 942, 1133, 875, 715, 1017, 1156, 699, 928, 1020, 441, 1328, 1327, 767, 936, 800, 760, 837, 1265, 
329, 892, 1132, 842, 954, 1275, 509, 296, 1341, 1109, 813, 1019, 428, 344, 487, 1083, 897, 1336, 1056, 1008, 1153, 510, 1031, 327, 599, 1176, 632, 456, 321, 438, 1006, 245, 910, 1117, 993, 955, 776, 905, 445, 593, 536, 580, 646, 1089, 543, 904, 979, 1104, 817, 824, 892, 983, 877, 960, 584, 938, 430, 617, 678, -1, 972, 467, 986, 268, 761, 736, 854, 1056, 896, 803, 934, 1071, 882, 927, 1089, 760, 573, 1278, 1179, 573, 572, 579, 996, 287, 1143, 
932, 893, 1193, 608, 1087, 1167, 870, 907, 987, 524, 1219, 939, 911, 1069, 794, 883, 960, 1136, 1032, 1174, 1139, 661, 714, 765, 446, 1134, 931, 764, 795, 1056, 606, 881, 751, 1098, 790, 587, 450, 613, 726, 1003, 675, 484, 1008, 835, 1224, 1061, 770, 624, 516, 528, 489, 152, 734, 1024, 915, 1121, 1283, 716, 1088, 972, -1, 807, 825, 1102, 814, 1034, 1245, 917, 847, 1089, 1286, 663, 999, 577, 706, 802, 682, 1130, 775, 766, 861, 417, 824, 1033, 840, 
344, 849, 1097, 492, 772, 1111, 556, 529, 1020, 887, 699, 822, 555, 682, 516, 868, 1035, 1112, 943, 597, 978, 450, 853, 216, 393, 948, 915, 679, 300, 576, 926, 596, 816, 856, 904, 733, 594, 820, 645, 510, 499, 469, 806, 981, 703, 483, 624, 964, 604, 534, 919, 811, 578, 735, 232, 816, 769, 400, 493, 467, 807, -1, 956, 560, 849, 540, 695, 834, 897, 598, 860, 731, 746, 673, 770, 833, 302, 1097, 1018, 676, 596, 548, 565, 711, 923, 
812, 650, 949, 725, 707, 876, 1208, 900, 938, 686, 916, 792, 906, 879, 940, 1069, 661, 855, 378, 1178, 755, 675, 377, 859, 880, 733, 828, 806, 1016, 878, 971, 827, 867, 826, 1012, 971, 918, 1150, 989, 672, 786, 597, 637, 839, 891, 1305, 1075, 352, 709, 626, 557, 913, 602, 1218, 1005, 559, 1145, 1013, 1368, 986, 825, 956, -1, 1025, 650, 757, 1036, 897, 541, 799, 1259, 762, 471, 1085, 912, 666, 1087, 755, 488, 881, 511, 821, 1019, 1027, 498, 
434, 786, 962, 948, 856, 1149, 544, 226, 1296, 1126, 656, 916, 300, 239, 430, 997, 821, 1242, 1028, 1016, 1042, 510, 1039, 402, 730, 1100, 617, 485, 417, 241, 995, 401, 835, 1029, 920, 946, 982, 933, 553, 616, 513, 663, 537, 1006, 365, 918, 960, 1146, 823, 935, 964, 1143, 894, 848, 568, 913, 211, 830, 658, 268, 1102, 560, 1025, -1, 694, 664, 689, 958, 821, 717, 724, 1090, 876, 950, 1071, 690, 689, 1181, 1165, 525, 537, 714, 1010, 328, 1131, 
784, 305, 562, 907, 741, 762, 794, 510, 988, 675, 788, 608, 454, 564, 486, 715, 208, 875, 758, 1239, 759, 403, 641, 661, 729, 885, 384, 389, 735, 547, 551, 633, 410, 864, 523, 664, 988, 730, 614, 800, 393, 501, 322, 476, 692, 1179, 873, 675, 521, 828, 469, 933, 748, 833, 836, 865, 776, 1047, 1045, 761, 814, 849, 650, 694, -1, 758, 854, 658, 231, 802, 818, 845, 784, 795, 801, 37, 883, 795, 654, 341, 438, 613, 997, 675, 761, 
492, 607, 794, 609, 272, 729, 926, 664, 778, 833, 256, 532, 624, 700, 682, 813, 888, 733, 549, 579, 529, 511, 632, 531, 765, 491, 961, 819, 705, 495, 1017, 783, 773, 434, 917, 837, 968, 1076, 946, 329, 606, 606, 618, 839, 495, 734, 716, 829, 632, 631, 970, 1099, 403, 755, 438, 395, 809, 853, 844, 736, 1034, 540, 757, 664, 758, -1, 339, 625, 684, 75, 727, 651, 375, 898, 723, 747, 788, 689, 787, 784, 406, 852, 612, 903, 635, 
707, 670, 714, 884, 412, 719, 943, 729, 860, 998, 159, 553, 646, 781, 712, 767, 983, 779, 805, 678, 581, 665, 873, 676, 937, 624, 1064, 935, 794, 516, 1077, 949, 794, 506, 909, 892, 1213, 1123, 1053, 624, 699, 825, 724, 867, 533, 746, 742, 1078, 774, 916, 1174, 1320, 667, 623, 500, 681, 785, 1076, 786, 854, 1245, 695, 1036, 689, 854, 339, -1, 612, 798, 301, 471, 834, 687, 955, 806, 836, 898, 759, 975, 836, 625, 1027, 721, 984, 855, 
949, 408, 473, 800, 514, 381, 947, 837, 448, 513, 640, 146, 717, 976, 673, 268, 802, 432, 764, 913, 437, 591, 589, 781, 807, 557, 1007, 883, 876, 764, 633, 1057, 377, 433, 476, 459, 1104, 801, 997, 885, 582, 687, 774, 352, 903, 874, 456, 747, 421, 790, 882, 1037, 549, 460, 689, 851, 1090, 1126, 942, 1056, 917, 834, 897, 958, 658, 625, 612, -1, 544, 619, 611, 496, 785, 615, 339, 627, 880, 469, 575, 709, 693, 867, 591, 1117, 570, 
835, 163, 458, 861, 593, 566, 951, 663, 818, 573, 721, 463, 591, 702, 623, 674, 293, 668, 582, 1180, 562, 468, 476, 742, 805, 694, 597, 588, 856, 626, 617, 781, 422, 697, 565, 673, 1043, 848, 805, 774, 497, 545, 381, 391, 730, 1182, 844, 544, 494, 785, 528, 977, 641, 840, 856, 740, 913, 1108, 1133, 896, 847, 897, 541, 821, 231, 684, 798, 544, -1, 715, 835, 731, 663, 834, 712, 230, 969, 577, 464, 527, 428, 732, 934, 861, 572, 
562, 628, 787, 656, 240, 703, 979, 724, 758, 861, 224, 525, 675, 757, 733, 818, 928, 704, 561, 571, 497, 572, 658, 597, 827, 454, 1019, 883, 766, 541, 1055, 855, 800, 392, 942, 867, 1033, 1122, 1012, 390, 661, 671, 663, 854, 530, 747, 730, 864, 672, 683, 1028, 1157, 433, 758, 475, 406, 852, 917, 875, 803, 1089, 598, 799, 717, 802, 75, 301, 619, 715, -1, 718, 666, 402, 933, 733, 791, 843, 665, 804, 837, 467, 919, 621, 966, 643, 
944, 688, 612, 1128, 756, 800, 806, 718, 1010, 1056, 570, 632, 588, 835, 612, 612, 954, 933, 1114, 1012, 805, 732, 1074, 784, 985, 939, 1011, 899, 809, 593, 918, 1030, 659, 797, 699, 798, 1341, 939, 984, 971, 674, 930, 803, 768, 730, 874, 739, 1238, 811, 1141, 1203, 1376, 935, 408, 665, 1074, 775, 1244, 715, 934, 1286, 860, 1259, 724, 818, 727, 471, 611, 835, 718, -1, 1004, 1048, 859, 853, 791, 925, 931, 1111, 715, 825, 1037, 895, 965, 1085, 
880, 684, 909, 422, 614, 702, 1031, 960, 373, 354, 829, 501, 901, 1102, 829, 610, 999, 595, 690, 745, 635, 634, 417, 760, 655, 575, 1138, 968, 882, 943, 764, 1056, 660, 515, 761, 529, 801, 873, 1032, 798, 690, 575, 945, 662, 1059, 789, 454, 540, 388, 426, 814, 747, 291, 756, 689, 764, 1274, 874, 1017, 1071, 663, 731, 762, 1090, 845, 651, 834, 496, 731, 666, 1004, -1, 669, 605, 264, 824, 780, 637, 501, 882, 735, 771, 367, 1208, 399, 
604, 665, 911, 591, 377, 781, 1148, 835, 813, 801, 564, 664, 827, 816, 886, 1004, 861, 740, 253, 793, 561, 631, 465, 716, 865, 460, 985, 892, 907, 712, 1103, 835, 902, 537, 1061, 976, 956, 1220, 1053, 347, 760, 629, 646, 911, 666, 1017, 929, 630, 713, 568, 875, 1066, 397, 1050, 738, 123, 1010, 915, 1156, 882, 999, 746, 471, 876, 784, 375, 687, 785, 663, 402, 1048, 669, -1, 1063, 835, 787, 977, 659, 647, 923, 416, 907, 790, 1021, 479, 
926, 774, 961, 715, 957, 981, 610, 784, 827, 578, 1000, 708, 718, 1016, 555, 457, 993, 991, 1124, 977, 997, 579, 838, 653, 446, 1043, 986, 775, 633, 890, 442, 952, 494, 921, 473, 199, 752, 337, 719, 1019, 511, 577, 985, 649, 1106, 722, 330, 888, 391, 709, 801, 647, 721, 510, 646, 1164, 1126, 825, 699, 927, 577, 673, 1085, 950, 795, 898, 955, 615, 834, 933, 859, 605, 1063, -1, 445, 762, 494, 1026, 876, 620, 870, 543, 572, 1003, 904, 
962, 630, 793, 614, 677, 644, 940, 929, 381, 359, 837, 419, 840, 1103, 743, 367, 970, 590, 844, 835, 654, 627, 564, 773, 666, 672, 1113, 942, 857, 922, 611, 1092, 501, 561, 566, 340, 905, 722, 993, 923, 631, 627, 951, 516, 1078, 768, 287, 679, 336, 616, 845, 808, 471, 555, 681, 924, 1243, 972, 928, 1089, 706, 770, 912, 1071, 801, 723, 806, 339, 712, 733, 853, 264, 835, 445, -1, 772, 758, 654, 581, 796, 796, 772, 395, 1193, 556, 
782, 288, 545, 895, 731, 745, 773, 503, 965, 655, 776, 583, 439, 573, 462, 678, 239, 858, 764, 1220, 746, 386, 636, 647, 712, 875, 405, 391, 720, 541, 522, 642, 373, 846, 487, 630, 980, 702, 608, 802, 369, 491, 340, 447, 695, 1153, 840, 676, 494, 819, 477, 922, 734, 797, 814, 869, 777, 1038, 1020, 760, 802, 833, 666, 690, 37, 747, 836, 627, 230, 791, 791, 824, 787, 762, 772, -1, 862, 783, 648, 321, 442, 602, 971, 680, 754, 
591, 927, 1170, 600, 977, 1214, 399, 594, 1087, 868, 926, 911, 611, 809, 492, 824, 1084, 1222, 1136, 799, 1133, 519, 955, 354, 258, 1131, 929, 674, 280, 734, 795, 678, 779, 1023, 818, 620, 521, 603, 546, 784, 502, 505, 937, 970, 918, 535, 575, 1023, 590, 623, 889, 671, 729, 706, 419, 1066, 889, 421, 441, 573, 682, 302, 1087, 689, 883, 788, 898, 880, 969, 843, 925, 780, 977, 494, 758, 862, -1, 1224, 1086, 638, 772, 434, 622, 750, 1042, 
1096, 509, 545, 929, 433, 195, 1322, 1084, 459, 653, 709, 364, 989, 1131, 1007, 722, 845, 144, 512, 1066, 186, 830, 497, 1041, 1103, 306, 1160, 1104, 1190, 950, 960, 1229, 721, 359, 851, 858, 1312, 1195, 1284, 917, 882, 886, 828, 586, 987, 1196, 860, 671, 711, 902, 986, 1254, 615, 910, 981, 690, 1287, 1348, 1328, 1278, 1130, 1097, 755, 1181, 795, 689, 759, 469, 577, 665, 931, 637, 659, 1026, 654, 783, 1224, -1, 441, 1002, 753, 1134, 855, 1336, 394, 
1021, 502, 727, 746, 633, 544, 1215, 1008, 546, 344, 909, 509, 947, 1077, 926, 743, 711, 489, 494, 1140, 534, 702, 212, 945, 890, 562, 991, 931, 1082, 974, 750, 1073, 635, 615, 760, 714, 1028, 1001, 1089, 891, 763, 661, 786, 516, 1055, 1217, 830, 257, 526, 671, 629, 905, 527, 989, 988, 737, 1301, 1154, 1327, 1179, 775, 1018, 488, 1165, 654, 787, 975, 575, 464, 804, 1111, 501, 647, 876, 581, 648, 1086, 441, -1, 876, 680, 879, 838, 1221, 245, 
696, 518, 731, 881, 861, 945, 461, 311, 1081, 769, 816, 710, 255, 494, 201, 671, 521, 1049, 976, 1159, 934, 325, 825, 482, 548, 1041, 402, 241, 474, 472, 493, 522, 413, 967, 466, 564, 870, 505, 352, 821, 219, 459, 492, 603, 695, 996, 756, 871, 505, 827, 591, 855, 802, 680, 677, 1007, 638, 887, 767, 573, 766, 676, 881, 525, 341, 784, 836, 709, 527, 837, 715, 882, 923, 620, 796, 321, 638, 1002, 876, -1, 537, 446, 921, 495, 943, 
430, 442, 730, 658, 487, 788, 817, 448, 927, 747, 516, 596, 445, 439, 531, 840, 547, 839, 511, 918, 647, 309, 541, 453, 656, 681, 589, 495, 617, 371, 838, 495, 644, 677, 794, 785, 852, 930, 687, 367, 424, 397, 283, 722, 420, 971, 834, 658, 544, 606, 645, 940, 503, 861, 602, 487, 668, 816, 936, 572, 861, 596, 511, 537, 438, 406, 625, 693, 428, 467, 825, 735, 416, 870, 796, 442, 772, 753, 680, 537, -1, 631, 822, 640, 639, 
633, 761, 1060, 629, 974, 1140, 509, 521, 1089, 692, 1000, 872, 557, 699, 452, 832, 785, 1165, 997, 1074, 1085, 389, 777, 433, 223, 1111, 624, 402, 424, 720, 579, 508, 639, 1053, 692, 573, 442, 493, 325, 791, 381, 283, 744, 805, 906, 916, 734, 765, 472, 565, 484, 452, 716, 863, 675, 1016, 889, 550, 800, 579, 417, 548, 821, 714, 613, 852, 1027, 867, 732, 919, 1037, 771, 907, 543, 772, 602, 434, 1134, 879, 446, 631, -1, 818, 627, 916, 
814, 846, 1031, 456, 684, 877, 915, 931, 573, 666, 770, 626, 875, 1100, 793, 645, 1182, 800, 903, 470, 786, 677, 724, 675, 629, 720, 1238, 1024, 766, 906, 898, 1065, 773, 592, 851, 591, 815, 888, 1032, 787, 712, 669, 1045, 851, 1030, 439, 309, 870, 530, 536, 1040, 865, 430, 618, 477, 862, 1203, 774, 760, 996, 824, 565, 1019, 1010, 997, 612, 721, 591, 934, 621, 895, 367, 790, 572, 395, 971, 622, 855, 838, 921, 822, 818, -1, 1185, 706, 
572, 880, 1095, 1039, 1070, 1311, 544, 288, 1454, 1166, 935, 1082, 418, 276, 499, 1123, 773, 1406, 1144, 1258, 1227, 582, 1110, 523, 731, 1293, 430, 341, 485, 482, 966, 255, 894, 1243, 959, 1004, 931, 889, 373, 786, 569, 673, 589, 1069, 603, 1131, 1108, 1155, 890, 996, 848, 1065, 1034, 1035, 794, 1079, 376, 846, 837, 287, 1033, 711, 1027, 328, 675, 903, 984, 1117, 861, 966, 965, 1208, 1021, 1003, 1193, 680, 750, 1336, 1221, 495, 640, 627, 1185, -1, 1237, 
927, 570, 793, 618, 482, 543, 1225, 1009, 451, 444, 787, 482, 954, 1071, 945, 783, 843, 431, 363, 944, 438, 698, 168, 891, 878, 375, 1082, 989, 1051, 938, 889, 1070, 731, 448, 871, 769, 997, 1089, 1137, 754, 786, 660, 812, 651, 990, 1090, 782, 353, 552, 571, 769, 947, 364, 969, 883, 561, 1279, 1074, 1265, 1143, 840, 923, 498, 1131, 761, 635, 855, 570, 572, 643, 1085, 399, 479, 904, 556, 754, 1042, 394, 245, 943, 639, 916, 706, 1237, -1]