[-1, 785, 308, 968, 718, 375, 994, 496, 430, 752, 528, 838, 816, 406, 692, 1192, 704, 576, 575, 999, 348, 591, 670, 718, 594, 411, 506, 770, 329, 1063, 735, 736, 949, 1057, 542, 630, 910, 384, 604, 685, 819, 584, 889, 288, 328, 812, 384, 490, 603, 767, 859, 591, 984, 713, 881, 693, 655, 304, 544, 668, 979, 1027, 1077, 687, 689, 597, 997, 861, 626, 463, 646, 547, 550, 883, 848, 236, 356, 340, 863, 958, 1231, 717, 853, 1005, 796, 642, 902, 1086, 398, 382, 393, 
785, -1, 685, 740, 518, 608, 274, 1013, 565, 1109, 493, 344, 1053, 815, 929, 834, 432, 609, 1008, 545, 612, 890, 655, 557, 301, 652, 297, 700, 769, 511, 747, 252, 221, 616, 1151, 887, 723, 905, 711, 315, 182, 780, 641, 968, 674, 774, 555, 534, 591, 50, 806, 856, 994, 1022, 721, 1050, 851, 938, 343, 190, 1015, 1064, 826, 1030, 469, 505, 605, 775, 600, 827, 935, 475, 585, 894, 861, 843, 1006, 646, 896, 542, 891, 669, 483, 808, 140, 1203, 977, 336, 457, 512, 552, 
308, 685, -1, 699, 455, 438, 839, 432, 575, 633, 597, 765, 623, 298, 740, 1079, 754, 425, 411, 774, 517, 598, 677, 636, 611, 361, 392, 469, 301, 821, 560, 618, 804, 788, 666, 547, 667, 229, 759, 719, 754, 542, 858, 328, 354, 786, 523, 220, 544, 667, 589, 560, 686, 681, 734, 612, 362, 289, 579, 624, 815, 751, 976, 551, 427, 343, 806, 557, 337, 621, 656, 595, 257, 795, 563, 215, 341, 191, 570, 735, 1124, 427, 599, 985, 679, 677, 661, 927, 330, 346, 365, 
968, 740, 699, -1, 292, 812, 632, 802, 1000, 722, 1057, 701, 556, 915, 911, 714, 951, 484, 701, 286, 989, 801, 784, 596, 929, 932, 678, 304, 952, 491, 407, 583, 644, 364, 1093, 655, 136, 829, 1094, 982, 773, 685, 789, 926, 765, 762, 967, 515, 632, 753, 191, 726, 389, 797, 456, 742, 591, 871, 936, 776, 526, 390, 682, 663, 460, 392, 353, 293, 516, 1009, 829, 1040, 497, 653, 278, 906, 914, 637, 328, 263, 762, 287, 485, 879, 767, 1013, 369, 700, 670, 695, 904, 
718, 518, 455, 292, -1, 600, 514, 689, 753, 716, 770, 563, 599, 662, 819, 784, 745, 345, 611, 335, 741, 702, 658, 493, 661, 648, 396, 204, 684, 430, 397, 400, 503, 370, 960, 594, 299, 626, 891, 734, 585, 584, 713, 736, 562, 704, 716, 243, 496, 519, 303, 635, 484, 755, 490, 708, 444, 685, 664, 545, 644, 548, 732, 636, 200, 122, 422, 282, 277, 827, 746, 752, 242, 673, 343, 667, 737, 418, 379, 303, 838, 160, 303, 843, 531, 925, 488, 595, 421, 463, 613, 
375, 608, 438, 812, 600, -1, 772, 543, 267, 689, 574, 522, 744, 679, 411, 844, 418, 344, 636, 777, 227, 362, 298, 375, 492, 623, 414, 731, 615, 935, 513, 474, 729, 940, 557, 445, 719, 623, 343, 525, 565, 317, 517, 513, 128, 457, 239, 472, 265, 615, 741, 364, 967, 530, 584, 590, 763, 502, 453, 445, 760, 968, 729, 627, 649, 493, 723, 825, 662, 243, 413, 595, 566, 584, 784, 541, 578, 293, 829, 735, 878, 651, 800, 632, 683, 649, 796, 879, 206, 144, 543, 
994, 274, 839, 632, 514, 772, -1, 1118, 790, 1149, 765, 355, 1059, 1000, 1008, 695, 601, 659, 1088, 371, 835, 972, 731, 578, 572, 871, 502, 696, 977, 368, 736, 301, 53, 482, 1289, 938, 631, 1054, 890, 565, 298, 849, 640, 1128, 823, 792, 781, 644, 658, 308, 755, 927, 953, 1075, 658, 1102, 924, 1090, 611, 403, 959, 1007, 731, 1076, 525, 560, 452, 746, 681, 987, 1009, 745, 676, 873, 831, 1029, 1157, 778, 872, 392, 755, 673, 478, 786, 338, 1309, 938, 114, 621, 669, 785, 
496, 1013, 432, 802, 689, 543, 1118, -1, 776, 280, 963, 954, 394, 653, 572, 1087, 954, 484, 180, 949, 702, 407, 690, 698, 949, 772, 750, 669, 666, 1118, 514, 855, 1089, 1044, 364, 335, 727, 409, 847, 1024, 1021, 431, 903, 264, 416, 726, 734, 558, 587, 1011, 630, 382, 745, 388, 718, 267, 577, 235, 910, 910, 637, 709, 947, 237, 768, 598, 909, 731, 683, 586, 440, 973, 591, 656, 609, 469, 253, 371, 629, 899, 1114, 605, 936, 966, 1048, 274, 560, 1221, 575, 538, 775, 
430, 565, 575, 1000, 753, 267, 790, 776, -1, 952, 399, 555, 1003, 726, 619, 984, 307, 578, 867, 911, 87, 613, 460, 550, 341, 599, 429, 900, 631, 1002, 758, 533, 739, 1047, 741, 712, 923, 760, 248, 350, 526, 578, 619, 672, 376, 642, 52, 610, 480, 564, 958, 626, 1168, 788, 794, 854, 919, 675, 294, 391, 1015, 1196, 896, 887, 744, 652, 879, 998, 774, 362, 658, 433, 700, 817, 998, 631, 745, 499, 1036, 878, 1021, 834, 872, 748, 631, 872, 1041, 881, 342, 327, 497, 
752, 1109, 633, 722, 716, 689, 1149, 280, 952, -1, 1167, 989, 201, 882, 581, 981, 1062, 510, 287, 905, 892, 430, 725, 700, 1109, 993, 890, 686, 907, 1134, 434, 908, 1131, 1036, 518, 287, 636, 637, 981, 1169, 1096, 446, 892, 543, 576, 690, 916, 679, 621, 1117, 546, 389, 682, 305, 623, 131, 680, 509, 1079, 1018, 423, 578, 840, 86, 852, 662, 838, 723, 791, 728, 436, 1174, 703, 532, 546, 725, 525, 533, 578, 855, 999, 619, 999, 920, 1159, 353, 402, 1253, 712, 676, 988, 
528, 493, 597, 1057, 770, 574, 765, 963, 399, 1167, -1, 708, 1170, 593, 980, 1213, 534, 770, 996, 960, 420, 931, 793, 799, 223, 381, 380, 888, 495, 902, 955, 622, 714, 977, 1025, 973, 1030, 760, 635, 325, 574, 870, 905, 796, 633, 966, 383, 608, 751, 459, 1041, 921, 1179, 1087, 1015, 1102, 871, 793, 202, 440, 1243, 1266, 1155, 1088, 659, 687, 1005, 979, 686, 735, 985, 45, 663, 1107, 1054, 624, 849, 637, 1071, 941, 1262, 859, 743, 1061, 465, 1132, 1171, 819, 494, 532, 280, 
838, 344, 765, 701, 563, 522, 355, 954, 555, 989, 708, -1, 956, 986, 702, 526, 324, 493, 979, 490, 605, 707, 406, 307, 491, 866, 464, 767, 939, 664, 593, 179, 325, 724, 1040, 727, 630, 991, 579, 445, 192, 599, 308, 979, 602, 484, 559, 626, 394, 390, 761, 680, 1024, 833, 486, 908, 959, 950, 508, 270, 815, 1032, 512, 925, 633, 549, 434, 841, 754, 691, 736, 709, 698, 634, 852, 941, 1025, 640, 909, 475, 576, 704, 683, 469, 482, 1087, 892, 458, 456, 473, 762, 
816, 1053, 623, 556, 599, 744, 1059, 394, 1003, 201, 1170, 956, -1, 866, 696, 933, 1081, 483, 305, 776, 951, 543, 769, 690, 1101, 977, 853, 539, 908, 995, 371, 857, 1048, 881, 696, 363, 490, 640, 1059, 1166, 1057, 510, 900, 627, 636, 729, 964, 613, 636, 1060, 375, 480, 494, 442, 568, 293, 578, 580, 1078, 994, 360, 377, 813, 179, 746, 575, 733, 558, 690, 839, 557, 1170, 617, 550, 366, 752, 598, 541, 399, 730, 958, 483, 874, 943, 1093, 546, 209, 1155, 713, 693, 975, 
406, 815, 298, 915, 662, 679, 1000, 653, 726, 882, 593, 986, 866, -1, 1015, 1354, 937, 718, 615, 987, 671, 879, 948, 914, 698, 223, 539, 633, 116, 935, 851, 831, 963, 917, 861, 838, 915, 266, 949, 826, 926, 835, 1124, 462, 617, 1073, 676, 435, 827, 780, 819, 849, 826, 961, 1022, 878, 425, 447, 669, 789, 1100, 937, 1263, 805, 549, 574, 1056, 703, 430, 842, 937, 582, 422, 1094, 763, 218, 457, 486, 746, 957, 1403, 631, 682, 1262, 760, 887, 900, 1066, 571, 598, 321, 
692, 929, 740, 911, 819, 411, 1008, 572, 619, 581, 980, 702, 696, 1015, -1, 750, 670, 474, 703, 914, 589, 172, 299, 438, 876, 1011, 787, 929, 972, 1180, 511, 720, 978, 1153, 467, 338, 782, 868, 511, 874, 833, 244, 493, 687, 408, 288, 614, 768, 360, 951, 822, 232, 1080, 286, 534, 451, 994, 679, 843, 768, 602, 1006, 598, 567, 944, 741, 785, 1005, 955, 315, 145, 1004, 850, 367, 886, 836, 739, 559, 944, 867, 758, 836, 1090, 490, 1031, 520, 790, 1123, 568, 505, 945, 
1192, 834, 1079, 714, 784, 844, 695, 1087, 984, 981, 1213, 526, 933, 1354, 750, -1, 783, 666, 1103, 568, 1012, 785, 585, 475, 1008, 1296, 910, 939, 1333, 896, 607, 617, 706, 889, 1176, 766, 616, 1270, 917, 966, 707, 697, 391, 1228, 878, 469, 986, 936, 592, 880, 789, 754, 1076, 818, 383, 914, 1186, 1192, 1017, 787, 625, 1001, 159, 952, 948, 813, 392, 977, 1053, 937, 779, 1215, 990, 482, 910, 1273, 1259, 914, 981, 554, 60, 871, 985, 361, 956, 1160, 846, 775, 828, 820, 1211, 
704, 432, 754, 951, 745, 418, 601, 954, 307, 1062, 534, 324, 1081, 937, 670, 783, -1, 603, 1024, 783, 384, 703, 406, 456, 349, 789, 471, 934, 857, 900, 756, 390, 555, 969, 949, 788, 872, 971, 317, 263, 307, 635, 431, 913, 541, 563, 336, 698, 462, 456, 963, 705, 1210, 869, 706, 961, 1043, 902, 346, 258, 997, 1228, 733, 999, 765, 682, 735, 1024, 851, 531, 736, 554, 785, 772, 1033, 871, 977, 644, 1083, 761, 821, 867, 850, 574, 548, 1053, 1072, 689, 436, 438, 673, 
576, 609, 425, 484, 345, 344, 659, 484, 578, 510, 770, 493, 483, 718, 474, 666, 603, -1, 494, 511, 553, 362, 363, 256, 652, 713, 441, 467, 706, 734, 188, 399, 634, 693, 670, 288, 381, 606, 645, 697, 587, 239, 496, 579, 297, 406, 546, 342, 194, 623, 410, 298, 671, 440, 315, 448, 595, 538, 635, 520, 472, 650, 554, 438, 486, 275, 455, 548, 511, 525, 405, 773, 413, 396, 476, 615, 605, 255, 533, 461, 707, 375, 627, 602, 679, 655, 476, 769, 279, 265, 657, 
575, 1008, 411, 701, 611, 636, 1088, 180, 867, 287, 996, 979, 305, 615, 703, 1103, 1024, 494, -1, 886, 798, 530, 777, 739, 981, 757, 747, 544, 657, 1031, 498, 858, 1065, 940, 544, 405, 649, 361, 966, 1067, 1038, 518, 965, 345, 509, 804, 821, 503, 644, 1002, 517, 484, 580, 494, 720, 338, 436, 298, 949, 935, 617, 559, 975, 227, 688, 539, 873, 592, 587, 729, 565, 998, 509, 703, 470, 478, 300, 394, 476, 839, 1134, 495, 846, 1038, 1026, 431, 448, 1185, 610, 590, 776, 
999, 545, 774, 286, 335, 777, 371, 949, 911, 905, 960, 490, 776, 987, 914, 568, 783, 511, 886, -1, 925, 845, 706, 506, 790, 937, 596, 476, 997, 354, 496, 401, 393, 321, 1180, 750, 294, 957, 992, 814, 555, 717, 642, 1035, 777, 701, 888, 564, 585, 570, 443, 781, 659, 889, 434, 886, 763, 986, 810, 605, 661, 676, 582, 841, 466, 431, 187, 500, 592, 985, 874, 942, 575, 673, 538, 988, 1044, 692, 588, 51, 626, 449, 450, 751, 596, 1144, 618, 439, 629, 664, 879, 
348, 612, 517, 989, 741, 227, 835, 702, 87, 892, 420, 605, 951, 671, 589, 1012, 384, 553, 798, 925, -1, 568, 467, 559, 392, 565, 435, 873, 577, 1021, 733, 566, 784, 1054, 666, 666, 911, 689, 283, 423, 585, 542, 652, 589, 318, 644, 61, 580, 472, 608, 931, 582, 1132, 739, 792, 796, 870, 594, 341, 444, 987, 1158, 913, 828, 734, 632, 893, 971, 747, 317, 615, 453, 668, 802, 963, 558, 663, 445, 999, 889, 1048, 806, 874, 776, 670, 798, 1003, 929, 322, 298, 473, 
591, 890, 598, 801, 702, 362, 972, 407, 613, 430, 931, 707, 543, 879, 172, 785, 703, 362, 530, 845, 568, -1, 344, 422, 843, 901, 708, 788, 849, 1094, 399, 683, 943, 1053, 391, 184, 679, 712, 574, 866, 825, 129, 557, 544, 307, 352, 593, 638, 319, 906, 688, 76, 928, 178, 491, 303, 832, 528, 809, 745, 520, 861, 633, 405, 827, 619, 738, 862, 818, 338, 59, 949, 712, 356, 739, 700, 587, 421, 792, 795, 802, 697, 981, 588, 975, 407, 650, 1086, 485, 424, 849, 
670, 655, 677, 784, 658, 298, 731, 690, 460, 725, 793, 406, 769, 948, 299, 585, 406, 363, 777, 706, 467, 344, -1, 201, 641, 889, 578, 818, 896, 952, 458, 448, 699, 956, 683, 438, 666, 867, 382, 620, 541, 280, 245, 755, 364, 181, 461, 639, 170, 683, 750, 347, 1029, 490, 413, 612, 937, 736, 621, 496, 642, 990, 465, 680, 769, 591, 588, 901, 823, 356, 362, 811, 728, 387, 832, 817, 810, 497, 893, 665, 610, 729, 891, 335, 771, 743, 793, 843, 398, 354, 800, 
718, 557, 636, 596, 493, 375, 578, 698, 550, 700, 799, 307, 690, 914, 438, 475, 456, 256, 739, 506, 559, 422, 201, -1, 628, 858, 504, 665, 880, 770, 331, 313, 554, 766, 788, 430, 482, 838, 543, 622, 461, 308, 242, 783, 410, 235, 540, 537, 128, 588, 590, 387, 878, 530, 256, 612, 834, 751, 620, 443, 545, 844, 372, 645, 627, 453, 390, 740, 701, 519, 447, 807, 615, 347, 683, 815, 824, 464, 748, 464, 515, 579, 733, 366, 670, 808, 664, 692, 365, 347, 773, 
594, 301, 611, 929, 661, 492, 572, 949, 341, 1109, 223, 491, 1101, 698, 876, 1008, 349, 652, 981, 790, 392, 843, 641, 628, -1, 505, 277, 819, 616, 772, 830, 424, 518, 856, 1020, 884, 892, 816, 542, 133, 352, 764, 711, 839, 575, 806, 334, 558, 607, 281, 939, 828, 1118, 1001, 849, 1036, 875, 826, 54, 224, 1114, 1188, 963, 1031, 588, 593, 821, 910, 659, 678, 893, 225, 625, 960, 975, 704, 892, 592, 1005, 774, 1057, 779, 662, 873, 325, 1114, 1079, 635, 397, 439, 387, 
411, 652, 361, 932, 648, 623, 871, 772, 599, 993, 381, 866, 977, 223, 1011, 1296, 789, 713, 757, 937, 565, 901, 889, 858, 505, -1, 406, 680, 157, 858, 873, 719, 829, 879, 935, 886, 928, 448, 842, 637, 772, 843, 1042, 584, 603, 1035, 555, 432, 785, 613, 873, 875, 928, 1015, 1006, 967, 558, 572, 481, 634, 1150, 1041, 1219, 912, 509, 561, 1010, 760, 448, 806, 960, 365, 444, 1099, 844, 345, 605, 506, 839, 913, 1347, 672, 624, 1193, 589, 993, 987, 929, 499, 540, 119, 
506, 297, 392, 678, 396, 414, 502, 750, 429, 890, 380, 464, 853, 539, 787, 910, 471, 441, 747, 596, 435, 708, 578, 504, 277, 406, -1, 543, 493, 601, 610, 313, 457, 643, 908, 696, 650, 613, 629, 377, 388, 611, 672, 677, 442, 715, 394, 285, 474, 278, 673, 673, 841, 838, 673, 838, 614, 649, 274, 262, 900, 914, 851, 807, 330, 320, 646, 636, 396, 652, 762, 368, 353, 805, 701, 547, 714, 380, 728, 573, 963, 503, 444, 833, 307, 957, 818, 584, 225, 292, 312, 
770, 700, 469, 304, 204, 731, 696, 669, 900, 686, 888, 767, 539, 633, 929, 939, 934, 467, 544, 476, 873, 788, 818, 665, 819, 680, 543, -1, 688, 515, 477, 603, 689, 407, 992, 649, 357, 569, 1050, 908, 784, 685, 895, 726, 663, 852, 856, 305, 649, 693, 253, 717, 301, 807, 619, 715, 298, 670, 817, 733, 675, 411, 880, 610, 268, 255, 572, 98, 242, 944, 831, 868, 244, 777, 215, 657, 705, 485, 215, 449, 990, 93, 354, 1013, 686, 927, 421, 762, 562, 598, 680, 
329, 769, 301, 952, 684, 615, 977, 666, 631, 907, 495, 939, 908, 116, 972, 1333, 857, 706, 657, 997, 577, 849, 896, 880, 616, 157, 493, 688, -1, 954, 857, 794, 936, 951, 830, 832, 941, 322, 859, 742, 871, 809, 1076, 456, 569, 1034, 583, 447, 790, 734, 863, 826, 905, 950, 1015, 887, 514, 449, 583, 727, 1117, 1006, 1241, 830, 573, 585, 1055, 767, 478, 771, 908, 489, 457, 1080, 822, 208, 471, 468, 813, 966, 1381, 675, 710, 1215, 721, 882, 948, 1045, 521, 547, 241, 
1063, 511, 821, 491, 430, 935, 368, 1118, 1002, 1134, 902, 664, 995, 935, 1180, 896, 900, 734, 1031, 354, 1021, 1094, 952, 770, 772, 858, 601, 515, 954, -1, 773, 536, 392, 162, 1376, 1003, 569, 989, 1147, 822, 619, 968, 911, 1136, 938, 996, 976, 605, 825, 512, 634, 1032, 723, 1159, 766, 1129, 754, 1089, 805, 659, 975, 824, 920, 1058, 400, 526, 537, 526, 539, 1172, 1135, 870, 582, 997, 673, 1012, 1139, 817, 689, 386, 956, 543, 257, 1048, 477, 1354, 837, 358, 742, 799, 817, 
735, 747, 560, 407, 397, 513, 736, 514, 758, 434, 955, 593, 371, 851, 511, 607, 756, 188, 498, 496, 733, 399, 458, 331, 830, 873, 610, 477, 857, 773, -1, 519, 724, 701, 726, 263, 282, 703, 794, 868, 716, 291, 546, 678, 456, 421, 729, 468, 314, 765, 319, 326, 604, 402, 223, 394, 641, 633, 816, 678, 290, 536, 491, 378, 579, 375, 411, 533, 601, 653, 422, 956, 513, 302, 407, 748, 689, 407, 475, 445, 642, 388, 699, 612, 818, 664, 338, 842, 467, 451, 828, 
736, 252, 618, 583, 400, 474, 301, 855, 533, 908, 622, 179, 857, 831, 720, 617, 390, 399, 858, 401, 566, 683, 448, 313, 424, 719, 313, 603, 794, 536, 519, -1, 264, 587, 993, 671, 529, 844, 625, 429, 205, 564, 430, 868, 529, 539, 520, 459, 369, 287, 636, 643, 877, 802, 472, 843, 789, 834, 440, 214, 775, 906, 588, 836, 453, 384, 399, 681, 576, 688, 722, 615, 526, 645, 713, 805, 906, 517, 763, 381, 673, 546, 514, 593, 367, 1026, 785, 413, 343, 381, 624, 
949, 221, 804, 644, 503, 729, 53, 1089, 739, 1131, 714, 325, 1048, 963, 978, 706, 555, 634, 1065, 393, 784, 943, 699, 554, 518, 829, 457, 689, 936, 392, 724, 264, -1, 504, 1252, 915, 637, 1021, 843, 512, 250, 821, 620, 1091, 783, 771, 730, 614, 628, 258, 755, 899, 955, 1051, 653, 1080, 905, 1054, 558, 351, 957, 1011, 732, 1056, 506, 537, 466, 746, 660, 944, 981, 695, 651, 861, 829, 989, 1121, 743, 870, 407, 765, 663, 473, 771, 297, 1278, 936, 151, 578, 627, 740, 
1057, 616, 788, 364, 370, 940, 482, 1044, 1047, 1036, 977, 724, 881, 917, 1153, 889, 969, 693, 940, 321, 1054, 1053, 956, 766, 856, 879, 643, 407, 951, 162, 701, 587, 504, -1, 1329, 938, 467, 935, 1187, 915, 712, 928, 932, 1089, 922, 982, 1016, 573, 813, 617, 510, 984, 574, 1094, 718, 1046, 667, 1037, 881, 736, 878, 674, 900, 964, 381, 484, 506, 396, 493, 1173, 1091, 947, 536, 944, 541, 984, 1082, 784, 554, 345, 946, 445, 265, 1057, 591, 1284, 709, 495, 751, 802, 851, 
542, 1151, 666, 1093, 960, 557, 1289, 364, 741, 518, 1025, 1040, 696, 861, 467, 1176, 949, 670, 544, 1180, 666, 391, 683, 788, 1020, 935, 908, 992, 830, 1376, 726, 993, 1252, 1329, -1, 473, 992, 669, 730, 1066, 1117, 497, 920, 413, 477, 729, 717, 813, 666, 1153, 941, 434, 1100, 416, 869, 433, 914, 436, 972, 1000, 823, 1049, 1023, 516, 1035, 855, 1103, 1065, 974, 439, 401, 1050, 874, 730, 946, 644, 457, 573, 976, 1130, 1191, 916, 1207, 951, 1208, 202, 870, 1399, 699, 639, 917, 
630, 887, 547, 655, 594, 445, 938, 335, 712, 287, 973, 727, 363, 838, 338, 766, 788, 288, 405, 750, 666, 184, 438, 430, 884, 886, 696, 649, 832, 1003, 263, 671, 915, 938, 473, -1, 539, 647, 718, 923, 845, 160, 614, 530, 359, 417, 683, 560, 344, 901, 524, 117, 756, 162, 417, 182, 708, 498, 855, 773, 378, 679, 619, 248, 738, 526, 657, 713, 721, 497, 205, 984, 618, 321, 571, 677, 550, 380, 624, 698, 788, 561, 889, 654, 960, 413, 467, 1049, 494, 448, 848, 
910, 723, 667, 136, 299, 719, 631, 727, 923, 636, 1030, 630, 490, 915, 782, 616, 872, 381, 649, 294, 911, 679, 666, 482, 892, 928, 650, 357, 941, 569, 282, 529, 637, 467, 992, 539, -1, 809, 994, 936, 728, 564, 676, 867, 674, 631, 892, 499, 518, 741, 184, 606, 463, 676, 324, 639, 622, 815, 894, 726, 411, 424, 565, 579, 494, 368, 287, 375, 549, 901, 704, 1018, 504, 516, 303, 875, 864, 571, 370, 254, 662, 304, 552, 757, 772, 917, 326, 715, 601, 616, 891, 
384, 905, 229, 829, 626, 623, 1054, 409, 760, 637, 760, 991, 640, 266, 868, 1270, 971, 606, 361, 957, 689, 712, 867, 838, 816, 448, 613, 569, 322, 989, 703, 844, 1021, 935, 669, 647, 809, -1, 936, 930, 982, 686, 1064, 264, 520, 961, 708, 414, 738, 883, 688, 679, 703, 758, 905, 649, 341, 233, 782, 851, 913, 773, 1159, 568, 591, 531, 993, 634, 457, 756, 765, 758, 408, 938, 626, 170, 227, 377, 612, 918, 1312, 547, 750, 1177, 884, 654, 715, 1137, 553, 558, 504, 
604, 711, 759, 1094, 891, 343, 890, 847, 248, 981, 635, 579, 1059, 949, 511, 917, 317, 645, 966, 992, 283, 574, 382, 543, 542, 842, 629, 1050, 859, 1147, 794, 625, 843, 1187, 730, 718, 994, 936, -1, 499, 610, 567, 527, 796, 461, 545, 288, 787, 487, 725, 1053, 609, 1298, 751, 787, 863, 1097, 802, 507, 521, 1006, 1293, 822, 932, 927, 798, 914, 1144, 967, 293, 601, 670, 881, 758, 1111, 821, 873, 635, 1160, 957, 941, 971, 1052, 614, 808, 874, 1110, 987, 496, 458, 743, 
685, 315, 719, 982, 734, 525, 565, 1024, 350, 1169, 325, 445, 1166, 826, 874, 966, 263, 697, 1067, 814, 423, 866, 620, 622, 133, 637, 377, 908, 742, 822, 868, 429, 512, 915, 1066, 923, 936, 930, 499, -1, 304, 789, 659, 930, 627, 783, 362, 658, 618, 313, 1004, 858, 1206, 1030, 855, 1086, 988, 918, 159, 214, 1141, 1263, 931, 1095, 683, 673, 826, 997, 769, 686, 911, 335, 731, 961, 1054, 818, 988, 674, 1090, 800, 1013, 862, 747, 816, 377, 1169, 1142, 627, 463, 495, 519, 
819, 182, 754, 773, 585, 565, 298, 1021, 526, 1096, 574, 192, 1057, 926, 833, 707, 307, 587, 1038, 555, 585, 825, 541, 461, 352, 772, 388, 784, 871, 619, 716, 205, 250, 712, 1117, 845, 728, 982, 610, 304, -1, 719, 488, 1000, 652, 653, 529, 616, 516, 228, 838, 799, 1067, 963, 648, 1021, 952, 973, 385, 156, 966, 1107, 702, 1024, 591, 567, 560, 861, 719, 756, 863, 569, 682, 803, 912, 916, 1046, 670, 958, 548, 760, 736, 623, 651, 322, 1177, 990, 381, 464, 501, 663, 
584, 780, 542, 685, 584, 317, 849, 431, 578, 446, 870, 599, 510, 835, 244, 697, 635, 239, 518, 717, 542, 129, 280, 308, 764, 843, 611, 685, 809, 968, 291, 564, 821, 928, 497, 160, 564, 686, 567, 789, 719, -1, 479, 561, 269, 296, 556, 542, 206, 797, 588, 81, 844, 246, 382, 334, 762, 535, 736, 647, 466, 786, 552, 402, 716, 506, 615, 761, 723, 377, 168, 884, 618, 302, 649, 678, 601, 353, 706, 667, 721, 592, 864, 534, 866, 501, 579, 962, 397, 343, 785, 
889, 641, 858, 789, 713, 517, 640, 903, 619, 892, 905, 308, 900, 1124, 493, 391, 431, 496, 965, 642, 652, 557, 245, 242, 711, 1042, 672, 895, 1076, 911, 546, 430, 620, 932, 920, 614, 676, 1064, 527, 659, 488, 479, -1, 983, 589, 235, 629, 765, 331, 683, 810, 548, 1104, 667, 396, 790, 1074, 959, 709, 517, 690, 1060, 318, 850, 836, 684, 499, 967, 926, 589, 563, 917, 846, 434, 912, 1022, 1033, 686, 979, 613, 416, 813, 918, 168, 776, 964, 876, 743, 555, 534, 944, 
288, 968, 328, 926, 736, 513, 1128, 264, 672, 543, 796, 979, 627, 462, 687, 1228, 913, 579, 345, 1035, 589, 544, 755, 783, 839, 584, 677, 726, 456, 1136, 678, 868, 1091, 1089, 413, 530, 867, 264, 796, 930, 1000, 561, 983, -1, 402, 846, 627, 531, 661, 954, 772, 534, 859, 596, 871, 518, 565, 57, 794, 863, 865, 876, 1097, 490, 748, 625, 1024, 800, 648, 567, 590, 809, 567, 840, 739, 250, 81, 358, 746, 989, 1261, 674, 921, 1073, 980, 435, 758, 1225, 537, 510, 603, 
328, 674, 354, 765, 562, 128, 823, 416, 376, 576, 633, 602, 636, 617, 408, 878, 541, 297, 509, 777, 318, 307, 364, 410, 575, 603, 442, 663, 569, 938, 456, 529, 783, 922, 477, 359, 674, 520, 461, 627, 652, 269, 589, 402, -1, 489, 339, 419, 286, 676, 668, 298, 878, 455, 573, 485, 671, 386, 536, 531, 698, 875, 754, 511, 620, 449, 729, 756, 608, 286, 365, 651, 505, 562, 699, 460, 462, 196, 740, 731, 913, 583, 784, 694, 735, 545, 705, 930, 223, 162, 544, 
812, 774, 786, 762, 704, 457, 792, 726, 642, 690, 966, 484, 729, 1073, 288, 469, 563, 406, 804, 701, 644, 352, 181, 235, 806, 1035, 715, 852, 1034, 996, 421, 539, 771, 982, 729, 417, 631, 961, 545, 783, 653, 296, 235, 846, 489, -1, 641, 731, 254, 807, 730, 349, 1023, 441, 326, 580, 999, 823, 790, 637, 528, 953, 327, 660, 850, 659, 549, 922, 906, 484, 346, 981, 811, 242, 825, 937, 892, 596, 893, 660, 483, 761, 963, 240, 894, 753, 746, 903, 538, 496, 953, 
384, 555, 523, 967, 716, 239, 781, 734, 52, 916, 383, 559, 964, 676, 614, 986, 336, 546, 821, 888, 61, 593, 461, 540, 334, 555, 394, 856, 583, 976, 729, 520, 730, 1016, 717, 683, 892, 708, 288, 362, 529, 556, 629, 627, 339, 641, -1, 564, 463, 551, 920, 603, 1123, 765, 778, 822, 868, 628, 285, 387, 990, 1154, 895, 850, 704, 611, 862, 954, 728, 359, 641, 415, 653, 804, 956, 580, 698, 452, 992, 855, 1024, 791, 836, 761, 615, 842, 1003, 873, 302, 288, 455, 
490, 534, 220, 515, 243, 472, 644, 558, 610, 679, 608, 626, 613, 435, 768, 936, 698, 342, 503, 564, 580, 638, 639, 537, 558, 432, 285, 305, 447, 605, 468, 459, 614, 573, 813, 560, 499, 414, 787, 658, 616, 542, 765, 531, 419, 731, 564, -1, 484, 521, 451, 583, 581, 717, 612, 661, 347, 486, 545, 516, 742, 658, 856, 592, 224, 139, 621, 402, 192, 699, 692, 595, 95, 734, 447, 429, 540, 246, 465, 529, 986, 262, 398, 903, 529, 807, 581, 728, 292, 335, 407, 
603, 591, 544, 632, 496, 265, 658, 587, 480, 621, 751, 394, 636, 827, 360, 592, 462, 194, 644, 585, 472, 319, 170, 128, 607, 785, 474, 649, 790, 825, 314, 369, 628, 813, 666, 344, 518, 738, 487, 618, 516, 206, 331, 661, 286, 254, 463, 484, -1, 614, 588, 287, 862, 448, 323, 525, 775, 633, 588, 458, 549, 832, 474, 563, 617, 428, 490, 731, 665, 411, 354, 762, 569, 357, 665, 709, 706, 361, 725, 540, 628, 560, 747, 441, 691, 695, 644, 772, 289, 253, 706, 
767, 50, 667, 753, 519, 615, 308, 1011, 564, 1117, 459, 390, 1060, 780, 951, 880, 456, 623, 1002, 570, 608, 906, 683, 588, 281, 613, 278, 693, 734, 512, 765, 287, 258, 617, 1153, 901, 741, 883, 725, 313, 228, 797, 683, 954, 676, 807, 551, 521, 614, -1, 814, 871, 990, 1038, 753, 1060, 831, 925, 324, 209, 1038, 1068, 868, 1036, 451, 503, 640, 769, 578, 836, 953, 438, 567, 924, 862, 819, 992, 641, 894, 568, 937, 667, 465, 850, 97, 1207, 986, 362, 457, 515, 514, 
859, 806, 589, 191, 303, 741, 755, 630, 958, 546, 1041, 761, 375, 819, 822, 789, 963, 410, 517, 443, 931, 688, 750, 590, 939, 873, 673, 253, 863, 634, 319, 636, 755, 510, 941, 524, 184, 688, 1053, 1004, 838, 588, 810, 772, 668, 730, 920, 451, 588, 814, -1, 612, 300, 666, 457, 581, 476, 717, 934, 807, 440, 271, 719, 486, 473, 354, 468, 257, 474, 921, 717, 1028, 433, 598, 121, 783, 753, 529, 192, 405, 832, 211, 554, 893, 832, 845, 203, 836, 620, 634, 858, 
591, 856, 560, 726, 635, 364, 927, 382, 626, 389, 921, 680, 480, 849, 232, 754, 705, 298, 484, 781, 582, 76, 347, 387, 828, 875, 673, 717, 826, 1032, 326, 643, 899, 984, 434, 117, 606, 679, 609, 858, 799, 81, 548, 534, 298, 349, 603, 583, 287, 871, 612, -1, 854, 173, 435, 268, 773, 511, 797, 722, 462, 787, 604, 354, 767, 556, 679, 790, 760, 388, 114, 936, 654, 322, 664, 679, 571, 380, 719, 730, 774, 626, 919, 589, 937, 425, 577, 1040, 456, 400, 825, 
984, 994, 686, 389, 484, 967, 953, 745, 1168, 682, 1179, 1024, 494, 826, 1080, 1076, 1210, 671, 580, 659, 1132, 928, 1029, 878, 1118, 928, 841, 301, 905, 723, 604, 877, 955, 574, 1100, 756, 463, 703, 1298, 1206, 1067, 844, 1104, 859, 878, 1023, 1123, 581, 862, 990, 300, 854, -1, 888, 757, 759, 405, 802, 1114, 1025, 681, 189, 1016, 630, 564, 537, 735, 226, 508, 1150, 960, 1159, 516, 882, 199, 839, 814, 703, 140, 636, 1119, 346, 612, 1193, 982, 983, 353, 1012, 828, 851, 950, 
713, 1022, 681, 797, 755, 530, 1075, 388, 788, 305, 1087, 833, 442, 961, 286, 818, 869, 440, 494, 889, 739, 178, 490, 530, 1001, 1015, 838, 807, 950, 1159, 402, 802, 1051, 1094, 416, 162, 676, 758, 751, 1030, 963, 246, 667, 596, 455, 441, 765, 717, 448, 1038, 666, 173, 888, -1, 512, 179, 850, 576, 969, 893, 423, 791, 662, 311, 900, 687, 777, 866, 879, 507, 153, 1103, 776, 341, 711, 781, 620, 518, 763, 838, 829, 720, 1050, 671, 1103, 348, 577, 1187, 624, 569, 976, 
881, 721, 734, 456, 490, 584, 658, 718, 794, 623, 1015, 486, 568, 1022, 534, 383, 706, 315, 720, 434, 792, 491, 413, 256, 849, 1006, 673, 619, 1015, 766, 223, 472, 653, 718, 869, 417, 324, 905, 787, 855, 648, 382, 396, 871, 573, 326, 778, 612, 323, 753, 457, 435, 757, 512, -1, 565, 832, 830, 845, 656, 335, 683, 275, 582, 675, 495, 279, 668, 741, 710, 499, 1016, 664, 239, 570, 929, 892, 570, 642, 390, 419, 538, 761, 445, 819, 829, 501, 763, 550, 537, 941, 
693, 1050, 612, 742, 708, 590, 1102, 267, 854, 131, 1102, 908, 293, 878, 451, 914, 961, 448, 338, 886, 796, 303, 612, 612, 1036, 967, 838, 715, 887, 1129, 394, 843, 1080, 1046, 433, 182, 639, 649, 863, 1086, 1021, 334, 790, 518, 485, 580, 822, 661, 525, 1060, 581, 268, 759, 179, 565, -1, 725, 489, 1004, 942, 415, 663, 766, 141, 846, 643, 802, 766, 799, 609, 306, 1112, 702, 448, 600, 707, 519, 483, 641, 834, 930, 637, 999, 815, 1112, 300, 466, 1211, 641, 597, 948, 
655, 851, 362, 591, 444, 763, 924, 577, 919, 680, 871, 959, 578, 425, 994, 1186, 1043, 595, 436, 763, 870, 832, 937, 834, 875, 558, 614, 298, 514, 754, 641, 789, 905, 667, 914, 708, 622, 341, 1097, 988, 952, 762, 1074, 565, 671, 999, 868, 347, 775, 831, 476, 773, 405, 850, 832, 725, -1, 515, 860, 859, 836, 531, 1103, 605, 410, 413, 844, 332, 262, 952, 881, 853, 270, 933, 385, 469, 523, 476, 346, 733, 1234, 327, 528, 1194, 813, 851, 554, 990, 620, 648, 607, 
304, 938, 289, 871, 685, 502, 1090, 235, 675, 509, 793, 950, 580, 447, 679, 1192, 902, 538, 298, 986, 594, 528, 736, 751, 826, 572, 649, 670, 449, 1089, 633, 834, 1054, 1037, 436, 498, 815, 233, 802, 918, 973, 535, 959, 57, 386, 823, 628, 486, 633, 925, 717, 511, 802, 576, 830, 489, 515, -1, 783, 840, 822, 821, 1062, 451, 702, 576, 978, 744, 601, 576, 576, 803, 518, 808, 682, 244, 76, 319, 689, 940, 1226, 619, 875, 1051, 951, 440, 705, 1187, 510, 486, 591, 
544, 343, 579, 936, 664, 453, 611, 910, 294, 1079, 202, 508, 1078, 669, 843, 1017, 346, 635, 949, 810, 341, 809, 621, 620, 54, 481, 274, 817, 583, 805, 816, 440, 558, 881, 972, 855, 894, 782, 507, 159, 385, 736, 709, 794, 536, 790, 285, 545, 588, 324, 934, 797, 1114, 969, 845, 1004, 860, 783, -1, 245, 1100, 1181, 964, 1002, 595, 588, 834, 910, 655, 634, 860, 213, 616, 944, 969, 665, 850, 561, 998, 790, 1066, 774, 682, 868, 369, 1071, 1067, 679, 370, 408, 362, 
668, 190, 624, 776, 545, 445, 403, 910, 391, 1018, 440, 270, 994, 789, 768, 787, 258, 520, 935, 605, 444, 745, 496, 443, 224, 634, 262, 733, 727, 659, 678, 214, 351, 736, 1000, 773, 726, 851, 521, 214, 156, 647, 517, 863, 531, 637, 387, 516, 458, 209, 807, 722, 1025, 893, 656, 942, 859, 840, 245, -1, 949, 1072, 751, 943, 531, 497, 614, 820, 636, 647, 789, 439, 590, 788, 867, 772, 913, 551, 909, 589, 838, 682, 599, 684, 302, 1071, 951, 490, 337, 377, 522, 
979, 1015, 815, 526, 644, 760, 959, 637, 1015, 423, 1243, 815, 360, 1100, 602, 625, 997, 472, 617, 661, 987, 520, 642, 545, 1114, 1150, 900, 675, 1117, 975, 290, 775, 957, 878, 823, 378, 411, 913, 1006, 1141, 966, 466, 690, 865, 698, 528, 990, 742, 549, 1038, 440, 462, 681, 423, 335, 415, 836, 822, 1100, 949, -1, 538, 508, 422, 837, 647, 543, 697, 850, 839, 510, 1245, 771, 294, 522, 983, 864, 669, 587, 617, 638, 603, 938, 689, 1092, 710, 338, 1058, 751, 727, 1113, 
1027, 1064, 751, 390, 548, 968, 1007, 709, 1196, 578, 1266, 1032, 377, 937, 1006, 1001, 1228, 650, 559, 676, 1158, 861, 990, 844, 1188, 1041, 914, 411, 1006, 824, 536, 906, 1011, 674, 1049, 679, 424, 773, 1293, 1263, 1107, 786, 1060, 876, 875, 953, 1154, 658, 832, 1068, 271, 787, 189, 791, 683, 663, 531, 821, 1181, 1072, 538, -1, 931, 544, 677, 595, 707, 359, 636, 1125, 882, 1252, 616, 778, 213, 908, 835, 725, 206, 648, 1035, 416, 740, 1124, 1075, 912, 221, 1077, 860, 869, 1051, 
1077, 826, 976, 682, 732, 729, 731, 947, 896, 840, 1155, 512, 813, 1263, 598, 159, 733, 554, 975, 582, 913, 633, 465, 372, 963, 1219, 851, 880, 1241, 920, 491, 588, 732, 900, 1023, 619, 565, 1159, 822, 931, 702, 552, 318, 1097, 754, 327, 895, 856, 474, 868, 719, 604, 1016, 662, 275, 766, 1103, 1062, 964, 751, 508, 931, -1, 815, 904, 742, 395, 926, 991, 806, 623, 1161, 916, 327, 837, 1162, 1128, 802, 909, 554, 170, 803, 968, 277, 948, 1005, 754, 826, 736, 718, 1138, 
687, 1030, 551, 663, 636, 627, 1076, 237, 887, 86, 1088, 925, 179, 805, 567, 952, 999, 438, 227, 841, 828, 405, 680, 645, 1031, 912, 807, 610, 830, 1058, 378, 836, 1056, 964, 516, 248, 579, 568, 932, 1095, 1024, 402, 850, 490, 511, 660, 850, 592, 563, 1036, 486, 354, 630, 311, 582, 141, 605, 451, 1002, 943, 422, 544, 815, -1, 767, 579, 784, 653, 706, 689, 421, 1093, 617, 518, 484, 654, 473, 452, 518, 791, 975, 540, 917, 892, 1077, 374, 366, 1179, 635, 603, 905, 
689, 469, 427, 460, 200, 649, 525, 768, 744, 852, 659, 633, 746, 549, 944, 948, 765, 486, 688, 466, 734, 827, 769, 627, 588, 509, 330, 268, 573, 400, 579, 453, 506, 381, 1035, 738, 494, 591, 927, 683, 591, 716, 836, 748, 620, 850, 704, 224, 617, 451, 473, 767, 564, 900, 675, 846, 410, 702, 595, 531, 837, 677, 904, 767, -1, 214, 586, 342, 158, 888, 877, 633, 191, 851, 474, 614, 750, 464, 482, 450, 1005, 278, 174, 982, 429, 1021, 653, 585, 446, 504, 485, 
597, 505, 343, 392, 122, 493, 560, 598, 652, 662, 687, 549, 575, 574, 741, 813, 682, 275, 539, 431, 632, 619, 591, 453, 593, 561, 320, 255, 585, 526, 375, 384, 537, 484, 855, 526, 368, 531, 798, 673, 567, 506, 684, 625, 449, 659, 611, 139, 428, 503, 354, 556, 537, 687, 495, 643, 413, 576, 588, 497, 647, 595, 742, 579, 214, -1, 484, 350, 253, 721, 668, 674, 177, 647, 382, 558, 633, 300, 416, 393, 865, 191, 366, 817, 522, 835, 507, 649, 314, 354, 523, 
997, 605, 806, 353, 422, 723, 452, 909, 879, 838, 1005, 434, 733, 1056, 785, 392, 735, 455, 873, 187, 893, 738, 588, 390, 821, 1010, 646, 572, 1055, 537, 411, 399, 466, 506, 1103, 657, 287, 993, 914, 826, 560, 615, 499, 1024, 729, 549, 862, 621, 490, 640, 468, 679, 735, 777, 279, 802, 844, 978, 834, 614, 543, 707, 395, 784, 586, 484, -1, 605, 697, 901, 757, 996, 653, 516, 583, 1018, 1040, 683, 647, 165, 448, 519, 609, 585, 690, 1068, 597, 538, 619, 636, 943, 
861, 775, 557, 293, 282, 825, 746, 731, 998, 723, 979, 841, 558, 703, 1005, 977, 1024, 548, 592, 500, 971, 862, 901, 740, 910, 760, 636, 98, 767, 526, 533, 681, 746, 396, 1065, 713, 375, 634, 1144, 997, 861, 761, 967, 800, 756, 922, 954, 402, 731, 769, 257, 790, 226, 866, 668, 766, 332, 744, 910, 820, 697, 359, 926, 653, 342, 350, 605, -1, 316, 1035, 902, 957, 335, 829, 200, 736, 772, 577, 181, 479, 1027, 176, 391, 1078, 757, 986, 418, 805, 660, 694, 767, 
626, 600, 337, 516, 277, 662, 681, 683, 774, 791, 686, 754, 690, 430, 955, 1053, 851, 511, 587, 592, 747, 818, 823, 701, 659, 448, 396, 242, 478, 539, 601, 576, 660, 493, 974, 721, 549, 457, 967, 769, 719, 723, 926, 648, 608, 906, 728, 192, 665, 578, 474, 760, 508, 879, 741, 799, 262, 601, 655, 636, 850, 636, 991, 706, 158, 253, 697, 316, -1, 889, 871, 662, 107, 888, 438, 504, 637, 426, 429, 569, 1107, 264, 295, 1066, 554, 950, 625, 743, 475, 524, 458, 
463, 827, 621, 1009, 827, 243, 987, 586, 362, 728, 735, 691, 839, 842, 315, 937, 531, 525, 729, 985, 317, 338, 356, 519, 678, 806, 652, 944, 771, 1172, 653, 688, 944, 1173, 439, 497, 901, 756, 293, 686, 756, 377, 589, 567, 286, 484, 359, 699, 411, 836, 921, 388, 1150, 507, 710, 609, 952, 576, 634, 647, 839, 1125, 806, 689, 888, 721, 901, 1035, 889, -1, 367, 766, 788, 627, 965, 666, 641, 481, 1010, 941, 958, 860, 1042, 653, 910, 582, 933, 1095, 449, 386, 735, 
646, 935, 656, 829, 746, 413, 1009, 440, 658, 436, 985, 736, 557, 937, 145, 779, 736, 405, 565, 874, 615, 59, 362, 447, 893, 960, 762, 831, 908, 1135, 422, 722, 981, 1091, 401, 205, 704, 765, 601, 911, 863, 168, 563, 590, 365, 346, 641, 692, 354, 953, 717, 114, 960, 153, 499, 306, 881, 576, 860, 789, 510, 882, 623, 421, 877, 668, 757, 902, 871, 367, -1, 1004, 765, 338, 771, 755, 632, 479, 826, 824, 791, 740, 1029, 577, 1024, 409, 668, 1123, 540, 479, 908, 
547, 475, 595, 1040, 752, 595, 745, 973, 433, 1174, 45, 709, 1170, 582, 1004, 1215, 554, 773, 998, 942, 453, 949, 811, 807, 225, 365, 368, 868, 489, 870, 956, 615, 695, 947, 1050, 984, 1018, 758, 670, 335, 569, 884, 917, 809, 651, 981, 415, 595, 762, 438, 1028, 936, 1159, 1103, 1016, 1112, 853, 803, 213, 439, 1245, 1252, 1161, 1093, 633, 674, 996, 957, 662, 766, 1004, -1, 645, 1117, 1040, 628, 857, 641, 1055, 926, 1266, 842, 711, 1076, 435, 1151, 1164, 795, 500, 543, 265, 
550, 585, 257, 497, 242, 566, 676, 591, 700, 703, 663, 698, 617, 422, 850, 990, 785, 413, 509, 575, 668, 712, 728, 615, 625, 444, 353, 244, 457, 582, 513, 526, 651, 536, 874, 618, 504, 408, 881, 731, 682, 618, 846, 567, 505, 811, 653, 95, 569, 567, 433, 654, 516, 776, 664, 702, 270, 518, 616, 590, 771, 616, 916, 617, 191, 177, 653, 335, 107, 788, 765, 645, -1, 795, 409, 449, 562, 321, 413, 544, 1042, 227, 358, 982, 562, 853, 570, 751, 386, 430, 441, 
883, 894, 795, 653, 673, 584, 873, 656, 817, 532, 1107, 634, 550, 1094, 367, 482, 772, 396, 703, 673, 802, 356, 387, 347, 960, 1099, 805, 777, 1080, 997, 302, 645, 861, 944, 730, 321, 516, 938, 758, 961, 803, 302, 434, 840, 562, 242, 804, 734, 357, 924, 598, 322, 882, 341, 239, 448, 933, 808, 944, 788, 294, 778, 327, 518, 851, 647, 516, 829, 888, 627, 338, 1117, 795, -1, 693, 957, 866, 612, 762, 628, 491, 689, 964, 416, 998, 687, 565, 981, 628, 590, 1037, 
848, 861, 563, 278, 343, 784, 831, 609, 998, 546, 1054, 852, 366, 763, 886, 910, 1033, 476, 470, 538, 963, 739, 832, 683, 975, 844, 701, 215, 822, 673, 407, 713, 829, 541, 946, 571, 303, 626, 1111, 1054, 912, 649, 912, 739, 699, 825, 956, 447, 665, 862, 121, 664, 199, 711, 570, 600, 385, 682, 969, 867, 522, 213, 837, 484, 474, 382, 583, 200, 438, 965, 771, 1040, 409, 693, -1, 740, 709, 538, 72, 504, 953, 203, 559, 1000, 870, 842, 219, 907, 658, 674, 845, 
236, 843, 215, 906, 667, 541, 1029, 469, 631, 725, 624, 941, 752, 218, 836, 1273, 871, 615, 478, 988, 558, 700, 817, 815, 704, 345, 547, 657, 208, 1012, 748, 805, 989, 984, 644, 677, 875, 170, 821, 818, 916, 678, 1022, 250, 460, 937, 580, 429, 709, 819, 783, 679, 839, 781, 929, 707, 469, 244, 665, 772, 983, 908, 1162, 654, 614, 558, 1018, 736, 504, 666, 755, 628, 449, 957, 740, -1, 264, 361, 736, 950, 1315, 627, 775, 1143, 825, 681, 827, 1112, 489, 493, 391, 
356, 1006, 341, 914, 737, 578, 1157, 253, 745, 525, 849, 1025, 598, 457, 739, 1259, 977, 605, 300, 1044, 663, 587, 810, 824, 892, 605, 714, 705, 471, 1139, 689, 906, 1121, 1082, 457, 550, 864, 227, 873, 988, 1046, 601, 1033, 81, 462, 892, 698, 540, 706, 992, 753, 571, 814, 620, 892, 519, 523, 76, 850, 913, 864, 835, 1128, 473, 750, 633, 1040, 772, 637, 641, 632, 857, 562, 866, 709, 264, -1, 390, 709, 999, 1293, 660, 920, 1122, 1013, 447, 731, 1251, 584, 562, 636, 
340, 646, 191, 637, 418, 293, 778, 371, 499, 533, 637, 640, 541, 486, 559, 914, 644, 255, 394, 692, 445, 421, 497, 464, 592, 506, 380, 485, 468, 817, 407, 517, 743, 784, 573, 380, 571, 377, 635, 674, 670, 353, 686, 358, 196, 596, 452, 246, 361, 641, 529, 380, 703, 518, 570, 483, 476, 319, 561, 551, 669, 725, 802, 452, 464, 300, 683, 577, 426, 481, 479, 641, 321, 612, 538, 361, 390, -1, 569, 647, 955, 412, 636, 803, 679, 587, 586, 879, 218, 207, 471, 
863, 896, 570, 328, 379, 829, 872, 629, 1036, 578, 1071, 909, 399, 746, 944, 981, 1083, 533, 476, 588, 999, 792, 893, 748, 1005, 839, 728, 215, 813, 689, 475, 763, 870, 554, 976, 624, 370, 612, 1160, 1090, 958, 706, 979, 746, 740, 893, 992, 465, 725, 894, 192, 719, 140, 763, 642, 641, 346, 689, 998, 909, 587, 206, 909, 518, 482, 416, 647, 181, 429, 1010, 826, 1055, 413, 762, 72, 736, 709, 569, -1, 557, 1024, 229, 562, 1070, 895, 869, 268, 943, 697, 715, 850, 
958, 542, 735, 263, 303, 735, 392, 899, 878, 855, 941, 475, 730, 957, 867, 554, 761, 461, 839, 51, 889, 795, 665, 464, 774, 913, 573, 449, 966, 386, 445, 381, 407, 345, 1130, 698, 254, 918, 957, 800, 548, 667, 613, 989, 731, 660, 855, 529, 540, 568, 405, 730, 636, 838, 390, 834, 733, 940, 790, 589, 617, 648, 554, 791, 450, 393, 165, 479, 569, 941, 824, 926, 544, 628, 504, 950, 999, 647, 557, -1, 612, 414, 453, 722, 598, 1093, 577, 468, 591, 623, 855, 
1231, 891, 1124, 762, 838, 878, 755, 1114, 1021, 999, 1262, 576, 958, 1403, 758, 60, 821, 707, 1134, 626, 1048, 802, 610, 515, 1057, 1347, 963, 990, 1381, 956, 642, 673, 765, 946, 1191, 788, 662, 1312, 941, 1013, 760, 721, 416, 1261, 913, 483, 1024, 986, 628, 937, 832, 774, 1119, 829, 419, 930, 1234, 1226, 1066, 838, 638, 1035, 170, 975, 1005, 865, 448, 1027, 1107, 958, 791, 1266, 1042, 491, 953, 1315, 1293, 955, 1024, 612, -1, 921, 1044, 361, 1014, 1174, 878, 833, 874, 862, 1262, 
717, 669, 427, 287, 160, 651, 673, 605, 834, 619, 859, 704, 483, 631, 836, 871, 867, 375, 495, 449, 806, 697, 729, 579, 779, 672, 503, 93, 675, 543, 388, 546, 663, 445, 916, 561, 304, 547, 971, 862, 736, 592, 813, 674, 583, 761, 791, 262, 560, 667, 211, 626, 346, 720, 538, 637, 327, 619, 774, 682, 603, 416, 803, 540, 278, 191, 519, 176, 264, 860, 740, 842, 227, 689, 203, 627, 660, 412, 229, 414, 921, -1, 391, 928, 672, 854, 377, 750, 492, 522, 661, 
853, 483, 599, 485, 303, 800, 478, 936, 872, 999, 743, 683, 874, 682, 1090, 985, 850, 627, 846, 450, 874, 981, 891, 733, 662, 624, 444, 354, 710, 257, 699, 514, 473, 265, 1207, 889, 552, 750, 1052, 747, 623, 864, 918, 921, 784, 963, 836, 398, 747, 465, 554, 919, 612, 1050, 761, 999, 528, 875, 682, 599, 938, 740, 968, 917, 174, 366, 609, 391, 295, 1042, 1029, 711, 358, 964, 559, 775, 920, 636, 562, 453, 1044, 391, -1, 1066, 419, 1190, 750, 507, 595, 656, 601, 
1005, 808, 985, 879, 843, 632, 786, 966, 748, 920, 1061, 469, 943, 1262, 490, 361, 574, 602, 1038, 751, 776, 588, 335, 366, 873, 1193, 833, 1013, 1215, 1048, 612, 593, 771, 1057, 951, 654, 757, 1177, 614, 816, 651, 534, 168, 1073, 694, 240, 761, 903, 441, 850, 893, 589, 1193, 671, 445, 815, 1194, 1051, 868, 684, 689, 1124, 277, 892, 982, 817, 585, 1078, 1066, 653, 577, 1076, 982, 416, 1000, 1143, 1122, 803, 1070, 722, 361, 928, 1066, -1, 943, 986, 929, 885, 698, 668, 1098, 
796, 140, 679, 767, 531, 683, 338, 1048, 631, 1159, 465, 482, 1093, 760, 1031, 956, 548, 679, 1026, 596, 670, 975, 771, 670, 325, 589, 307, 686, 721, 477, 818, 367, 297, 591, 1208, 960, 772, 884, 808, 377, 322, 866, 776, 980, 735, 894, 615, 529, 691, 97, 832, 937, 982, 1103, 819, 1112, 813, 951, 369, 302, 1092, 1075, 948, 1077, 429, 522, 690, 757, 554, 910, 1024, 435, 562, 998, 870, 825, 1013, 679, 895, 598, 1014, 672, 419, 943, -1, 1257, 1012, 369, 512, 575, 501, 
642, 1203, 677, 1013, 925, 649, 1309, 274, 872, 353, 1132, 1087, 546, 887, 520, 1160, 1053, 655, 431, 1144, 798, 407, 743, 808, 1114, 993, 957, 927, 882, 1354, 664, 1026, 1278, 1284, 202, 413, 917, 654, 874, 1169, 1177, 501, 964, 435, 545, 753, 842, 807, 695, 1207, 845, 425, 983, 348, 829, 300, 851, 440, 1071, 1071, 710, 912, 1005, 374, 1021, 835, 1068, 986, 950, 582, 409, 1151, 853, 687, 842, 681, 447, 587, 869, 1093, 1174, 854, 1190, 986, 1257, -1, 740, 1419, 752, 698, 986, 
