[-1, 868, 514, 297, 216, 1100, 516, 530, 257, 266, 217, 846, 611, 1075, 669, 
868, -1, 621, 1002, 962, 533, 448, 844, 657, 827, 788, 189, 809, 215, 557, 
514, 621, -1, 491, 504, 764, 405, 509, 473, 534, 608, 711, 622, 799, 187, 
297, 1002, 491, -1, 99, 1216, 695, 651, 511, 500, 482, 1030, 790, 1209, 672, 
216, 962, 504, 99, -1, 1202, 654, 645, 442, 450, 388, 975, 765, 1173, 685, 
1100, 533, 764, 1216, 1202, -1, 599, 783, 890, 949, 1094, 600, 725, 476, 600, 
516, 448, 405, 695, 654, 599, -1, 416, 291, 396, 497, 433, 393, 616, 403, 
530, 844, 509, 651, 645, 783, 416, -1, 453, 315, 641, 840, 184, 987, 524, 
257, 657, 473, 511, 442, 890, 291, 453, -1, 218, 219, 611, 469, 852, 573, 
266, 827, 534, 500, 450, 949, 396, 315, 218, -1, 347, 785, 357, 1008, 629, 
217, 788, 608, 482, 388, 1094, 497, 641, 219, 347, -1, 730, 666, 993, 743, 
846, 189, 711, 1030, 975, 600, 433, 840, 611, 785, 730, -1, 773, 301, 669, 
611, 809, 622, 790, 765, 725, 393, 184, 469, 357, 666, 773, -1, 932, 611, 
1075, 215, 799, 1209, 1173, 476, 616, 987, 852, 1008, 993, 301, 932, -1, 699, 
669, 557, 187, 672, 685, 600, 403, 524, 573, 629, 743, 669, 611, 699, -1]