[-1, 620, 630, 110, 157, 25, 210, 60, 319, 303, 31, 231, 160, 265, 342, 152, 650, 42, 90, 4, 205, 495, 57, 616, 313, 45, 301, 493, 41, 589, 118, 208, 62, 378, 50, 56, 135, 424, 557, 
620, -1, 10, 730, 463, 595, 410, 680, 301, 923, 651, 389, 780, 885, 278, 468, 30, 662, 710, 624, 415, 125, 677, 4, 933, 665, 319, 127, 661, 31, 738, 412, 682, 242, 670, 676, 485, 196, 63, 
630, 10, -1, 740, 473, 605, 420, 690, 311, 933, 661, 399, 790, 895, 288, 478, 20, 672, 720, 634, 425, 135, 687, 14, 943, 675, 329, 137, 671, 41, 748, 422, 692, 252, 680, 686, 495, 206, 73, 
110, 730, 740, -1, 267, 135, 320, 50, 429, 193, 79, 341, 50, 155, 452, 262, 760, 68, 20, 106, 315, 605, 53, 726, 203, 65, 411, 603, 69, 699, 8, 318, 48, 488, 60, 54, 245, 534, 667, 
157, 463, 473, 267, -1, 132, 53, 217, 162, 460, 188, 74, 317, 422, 185, 5, 493, 199, 247, 161, 48, 338, 214, 459, 470, 202, 144, 336, 198, 432, 275, 51, 219, 221, 207, 213, 22, 267, 400, 
25, 595, 605, 135, 132, -1, 185, 85, 294, 328, 56, 206, 185, 290, 317, 127, 625, 67, 115, 29, 180, 470, 82, 591, 338, 70, 276, 468, 66, 564, 143, 183, 87, 353, 75, 81, 110, 399, 532, 
210, 410, 420, 320, 53, 185, -1, 270, 109, 513, 241, 21, 370, 475, 132, 58, 440, 252, 300, 214, 5, 285, 267, 406, 523, 255, 91, 283, 251, 379, 328, 2, 272, 168, 260, 266, 75, 214, 347, 
60, 680, 690, 50, 217, 85, 270, -1, 379, 243, 29, 291, 100, 205, 402, 212, 710, 18, 30, 56, 265, 555, 3, 676, 253, 15, 361, 553, 19, 649, 58, 268, 2, 438, 10, 4, 195, 484, 617, 
319, 301, 311, 429, 162, 294, 109, 379, -1, 622, 350, 88, 479, 584, 23, 167, 331, 361, 409, 323, 114, 176, 376, 297, 632, 364, 18, 174, 360, 270, 437, 111, 381, 59, 369, 375, 184, 105, 238, 
303, 923, 933, 193, 460, 328, 513, 243, 622, -1, 272, 534, 143, 38, 645, 455, 953, 261, 213, 299, 508, 798, 246, 919, 10, 258, 604, 796, 262, 892, 185, 511, 241, 681, 253, 247, 438, 727, 860, 
31, 651, 661, 79, 188, 56, 241, 29, 350, 272, -1, 262, 129, 234, 373, 183, 681, 11, 59, 27, 236, 526, 26, 647, 282, 14, 332, 524, 10, 620, 87, 239, 31, 409, 19, 25, 166, 455, 588, 
231, 389, 399, 341, 74, 206, 21, 291, 88, 534, 262, -1, 391, 496, 111, 79, 419, 273, 321, 235, 26, 264, 288, 385, 544, 276, 70, 262, 272, 358, 349, 23, 293, 147, 281, 287, 96, 193, 326, 
160, 780, 790, 50, 317, 185, 370, 100, 479, 143, 129, 391, -1, 105, 502, 312, 810, 118, 70, 156, 365, 655, 103, 776, 153, 115, 461, 653, 119, 749, 42, 368, 98, 538, 110, 104, 295, 584, 717, 
265, 885, 895, 155, 422, 290, 475, 205, 584, 38, 234, 496, 105, -1, 607, 417, 915, 223, 175, 261, 470, 760, 208, 881, 48, 220, 566, 758, 224, 854, 147, 473, 203, 643, 215, 209, 400, 689, 822, 
342, 278, 288, 452, 185, 317, 132, 402, 23, 645, 373, 111, 502, 607, -1, 190, 308, 384, 432, 346, 137, 153, 399, 274, 655, 387, 41, 151, 383, 247, 460, 134, 404, 36, 392, 398, 207, 82, 215, 
152, 468, 478, 262, 5, 127, 58, 212, 167, 455, 183, 79, 312, 417, 190, -1, 498, 194, 242, 156, 53, 343, 209, 464, 465, 197, 149, 341, 193, 437, 270, 56, 214, 226, 202, 208, 17, 272, 405, 
650, 30, 20, 760, 493, 625, 440, 710, 331, 953, 681, 419, 810, 915, 308, 498, -1, 692, 740, 654, 445, 155, 707, 34, 963, 695, 349, 157, 691, 61, 768, 442, 712, 272, 700, 706, 515, 226, 93, 
42, 662, 672, 68, 199, 67, 252, 18, 361, 261, 11, 273, 118, 223, 384, 194, 692, -1, 48, 38, 247, 537, 15, 658, 271, 3, 343, 535, 1, 631, 76, 250, 20, 420, 8, 14, 177, 466, 599, 
90, 710, 720, 20, 247, 115, 300, 30, 409, 213, 59, 321, 70, 175, 432, 242, 740, 48, -1, 86, 295, 585, 33, 706, 223, 45, 391, 583, 49, 679, 28, 298, 28, 468, 40, 34, 225, 514, 647, 
4, 624, 634, 106, 161, 29, 214, 56, 323, 299, 27, 235, 156, 261, 346, 156, 654, 38, 86, -1, 209, 499, 53, 620, 309, 41, 305, 497, 37, 593, 114, 212, 58, 382, 46, 52, 139, 428, 561, 
205, 415, 425, 315, 48, 180, 5, 265, 114, 508, 236, 26, 365, 470, 137, 53, 445, 247, 295, 209, -1, 290, 262, 411, 518, 250, 96, 288, 246, 384, 323, 3, 267, 173, 255, 261, 70, 219, 352, 
495, 125, 135, 605, 338, 470, 285, 555, 176, 798, 526, 264, 655, 760, 153, 343, 155, 537, 585, 499, 290, -1, 552, 121, 808, 540, 194, 2, 536, 94, 613, 287, 557, 117, 545, 551, 360, 71, 62, 
57, 677, 687, 53, 214, 82, 267, 3, 376, 246, 26, 288, 103, 208, 399, 209, 707, 15, 33, 53, 262, 552, -1, 673, 256, 12, 358, 550, 16, 646, 61, 265, 5, 435, 7, 1, 192, 481, 614, 
616, 4, 14, 726, 459, 591, 406, 676, 297, 919, 647, 385, 776, 881, 274, 464, 34, 658, 706, 620, 411, 121, 673, -1, 929, 661, 315, 123, 657, 27, 734, 408, 678, 238, 666, 672, 481, 192, 59, 
313, 933, 943, 203, 470, 338, 523, 253, 632, 10, 282, 544, 153, 48, 655, 465, 963, 271, 223, 309, 518, 808, 256, 929, -1, 268, 614, 806, 272, 902, 195, 521, 251, 691, 263, 257, 448, 737, 870, 
45, 665, 675, 65, 202, 70, 255, 15, 364, 258, 14, 276, 115, 220, 387, 197, 695, 3, 45, 41, 250, 540, 12, 661, 268, -1, 346, 538, 4, 634, 73, 253, 17, 423, 5, 11, 180, 469, 602, 
301, 319, 329, 411, 144, 276, 91, 361, 18, 604, 332, 70, 461, 566, 41, 149, 349, 343, 391, 305, 96, 194, 358, 315, 614, 346, -1, 192, 342, 288, 419, 93, 363, 77, 351, 357, 166, 123, 256, 
493, 127, 137, 603, 336, 468, 283, 553, 174, 796, 524, 262, 653, 758, 151, 341, 157, 535, 583, 497, 288, 2, 550, 123, 806, 538, 192, -1, 534, 96, 611, 285, 555, 115, 543, 549, 358, 69, 64, 
41, 661, 671, 69, 198, 66, 251, 19, 360, 262, 10, 272, 119, 224, 383, 193, 691, 1, 49, 37, 246, 536, 16, 657, 272, 4, 342, 534, -1, 630, 77, 249, 21, 419, 9, 15, 176, 465, 598, 
589, 31, 41, 699, 432, 564, 379, 649, 270, 892, 620, 358, 749, 854, 247, 437, 61, 631, 679, 593, 384, 94, 646, 27, 902, 634, 288, 96, 630, -1, 707, 381, 651, 211, 639, 645, 454, 165, 32, 
118, 738, 748, 8, 275, 143, 328, 58, 437, 185, 87, 349, 42, 147, 460, 270, 768, 76, 28, 114, 323, 613, 61, 734, 195, 73, 419, 611, 77, 707, -1, 326, 56, 496, 68, 62, 253, 542, 675, 
208, 412, 422, 318, 51, 183, 2, 268, 111, 511, 239, 23, 368, 473, 134, 56, 442, 250, 298, 212, 3, 287, 265, 408, 521, 253, 93, 285, 249, 381, 326, -1, 270, 170, 258, 264, 73, 216, 349, 
62, 682, 692, 48, 219, 87, 272, 2, 381, 241, 31, 293, 98, 203, 404, 214, 712, 20, 28, 58, 267, 557, 5, 678, 251, 17, 363, 555, 21, 651, 56, 270, -1, 440, 12, 6, 197, 486, 619, 
378, 242, 252, 488, 221, 353, 168, 438, 59, 681, 409, 147, 538, 643, 36, 226, 272, 420, 468, 382, 173, 117, 435, 238, 691, 423, 77, 115, 419, 211, 496, 170, 440, -1, 428, 434, 243, 46, 179, 
50, 670, 680, 60, 207, 75, 260, 10, 369, 253, 19, 281, 110, 215, 392, 202, 700, 8, 40, 46, 255, 545, 7, 666, 263, 5, 351, 543, 9, 639, 68, 258, 12, 428, -1, 6, 185, 474, 607, 
56, 676, 686, 54, 213, 81, 266, 4, 375, 247, 25, 287, 104, 209, 398, 208, 706, 14, 34, 52, 261, 551, 1, 672, 257, 11, 357, 549, 15, 645, 62, 264, 6, 434, 6, -1, 191, 480, 613, 
135, 485, 495, 245, 22, 110, 75, 195, 184, 438, 166, 96, 295, 400, 207, 17, 515, 177, 225, 139, 70, 360, 192, 481, 448, 180, 166, 358, 176, 454, 253, 73, 197, 243, 185, 191, -1, 289, 422, 
424, 196, 206, 534, 267, 399, 214, 484, 105, 727, 455, 193, 584, 689, 82, 272, 226, 466, 514, 428, 219, 71, 481, 192, 737, 469, 123, 69, 465, 165, 542, 216, 486, 46, 474, 480, 289, -1, 133, 
557, 63, 73, 667, 400, 532, 347, 617, 238, 860, 588, 326, 717, 822, 215, 405, 93, 599, 647, 561, 352, 62, 614, 59, 870, 602, 256, 64, 598, 32, 675, 349, 619, 179, 607, 613, 422, 133, -1]