[-1, 486, 549, 945, 783, 440, 648, 489, 840, 403, 894, 492, 744, 891, 962, 796, 1127, 467, 698, 722, 807, 940, 688, 750, 726, 919, 812, 290, 98, 441, 981, 417, 755, 595, 845, 649, 552, 706, 604, 336, 743, 641, 679, 504, 896, 837, 668, 825, 694, 311, 520, 610, 774, 506, 1023, 892, 490, 859, 954, 337, 794, 922, 745, 1005, 720, 728, 871, 479, 813, 1040, 386, 517, 843, 
486, -1, 756, 734, 487, 552, 443, 463, 468, 783, 721, 852, 455, 889, 690, 767, 1035, 467, 773, 590, 645, 874, 750, 491, 472, 909, 1067, 678, 483, 620, 717, 661, 618, 443, 617, 363, 458, 785, 565, 626, 364, 533, 702, 451, 871, 506, 853, 712, 697, 754, 388, 639, 388, 582, 694, 732, 531, 783, 775, 358, 709, 820, 648, 692, 281, 613, 770, 633, 782, 763, 339, 867, 875, 
549, 756, -1, 759, 716, 933, 651, 431, 829, 542, 716, 633, 709, 697, 1069, 716, 704, 929, 574, 573, 624, 914, 621, 611, 755, 562, 329, 704, 629, 520, 961, 614, 914, 663, 717, 696, 583, 755, 396, 803, 969, 734, 635, 804, 474, 902, 428, 686, 408, 429, 443, 740, 1021, 375, 900, 604, 436, 766, 886, 429, 636, 863, 702, 896, 873, 1006, 805, 213, 909, 930, 605, 707, 565, 
945, 734, 759, -1, 631, 1199, 646, 484, 586, 984, 464, 1064, 315, 475, 604, 971, 473, 979, 781, 778, 623, 714, 1048, 404, 341, 505, 941, 1059, 1010, 895, 965, 917, 637, 649, 123, 660, 756, 1117, 590, 1052, 764, 939, 1024, 984, 434, 727, 1036, 938, 745, 1060, 551, 746, 707, 670, 609, 233, 682, 377, 376, 668, 330, 826, 913, 774, 567, 1021, 386, 695, 671, 227, 795, 1033, 453, 
783, 487, 716, 631, -1, 896, 523, 584, 382, 1039, 480, 1124, 487, 874, 919, 533, 773, 925, 690, 291, 528, 1060, 583, 258, 581, 835, 977, 1034, 799, 827, 602, 840, 926, 442, 570, 435, 572, 702, 529, 1025, 685, 429, 529, 623, 690, 344, 713, 404, 433, 923, 360, 938, 726, 536, 270, 531, 657, 883, 772, 481, 671, 920, 397, 246, 488, 774, 844, 597, 1051, 667, 625, 1164, 834, 
440, 552, 933, 1199, 896, -1, 906, 831, 999, 812, 1052, 886, 970, 1162, 1141, 838, 1449, 463, 857, 901, 1096, 1270, 775, 965, 911, 1303, 1181, 588, 349, 823, 1124, 569, 971, 672, 1092, 849, 833, 684, 946, 506, 839, 619, 756, 356, 1243, 816, 895, 962, 921, 683, 791, 938, 816, 749, 1119, 1178, 862, 1154, 1128, 598, 1042, 1238, 786, 1093, 799, 537, 1107, 801, 1075, 1221, 655, 858, 1163, 
648, 443, 651, 646, 523, 906, -1, 391, 302, 770, 808, 797, 381, 926, 676, 923, 810, 788, 936, 507, 249, 640, 846, 397, 577, 620, 967, 806, 690, 441, 462, 904, 665, 707, 548, 127, 158, 1003, 279, 841, 422, 763, 799, 817, 668, 762, 844, 640, 672, 784, 305, 540, 618, 688, 718, 568, 288, 742, 883, 500, 757, 423, 794, 656, 489, 1019, 831, 648, 804, 779, 293, 919, 841, 
489, 463, 431, 484, 584, 831, 391, -1, 549, 537, 613, 618, 333, 574, 642, 826, 694, 652, 654, 597, 482, 600, 796, 399, 380, 485, 715, 609, 567, 443, 824, 607, 507, 518, 392, 434, 407, 881, 290, 641, 591, 728, 775, 714, 483, 723, 745, 761, 573, 605, 259, 419, 618, 428, 754, 441, 265, 456, 619, 304, 442, 639, 755, 799, 503, 862, 521, 389, 560, 633, 379, 640, 494, 
840, 468, 829, 586, 382, 999, 302, 549, -1, 1023, 715, 1070, 341, 958, 673, 895, 803, 895, 962, 507, 362, 805, 887, 310, 544, 749, 1127, 1028, 866, 734, 425, 1010, 754, 675, 502, 227, 433, 1025, 478, 1023, 426, 737, 829, 833, 731, 605, 956, 629, 708, 1011, 406, 759, 570, 758, 497, 541, 561, 803, 823, 608, 758, 628, 752, 456, 385, 982, 842, 771, 917, 652, 526, 1146, 906, 
403, 783, 542, 984, 1039, 812, 770, 537, 1023, -1, 1056, 140, 853, 862, 989, 1084, 1105, 677, 866, 952, 883, 790, 972, 914, 843, 801, 718, 279, 487, 413, 1172, 606, 743, 865, 905, 833, 683, 1020, 661, 435, 923, 992, 977, 884, 862, 1141, 837, 1072, 878, 351, 697, 496, 962, 687, 1253, 937, 507, 786, 1025, 591, 842, 868, 1053, 1256, 940, 1059, 868, 591, 707, 1129, 573, 229, 782, 
894, 721, 716, 464, 480, 1052, 808, 613, 715, 1056, -1, 1172, 556, 512, 941, 594, 631, 994, 445, 646, 791, 1099, 759, 436, 494, 790, 860, 1085, 936, 1012, 1041, 735, 907, 383, 471, 768, 865, 765, 703, 1062, 933, 647, 747, 744, 568, 460, 817, 772, 518, 996, 559, 999, 840, 451, 438, 439, 822, 693, 441, 571, 352, 1134, 587, 639, 642, 751, 568, 560, 946, 451, 873, 1114, 530, 
492, 852, 633, 1064, 1124, 886, 797, 618, 1070, 140, 1172, -1, 919, 974, 1020, 1198, 1175, 740, 1002, 1025, 912, 771, 1068, 993, 931, 841, 806, 338, 565, 402, 1188, 741, 782, 984, 983, 871, 704, 1135, 710, 500, 950, 1093, 1070, 989, 938, 1245, 926, 1140, 977, 432, 774, 494, 1017, 811, 1343, 1016, 539, 858, 1130, 696, 953, 835, 1156, 1331, 1010, 1175, 964, 707, 750, 1217, 605, 290, 887, 
744, 455, 709, 315, 487, 970, 381, 333, 341, 853, 556, 919, -1, 650, 466, 902, 671, 756, 797, 632, 462, 620, 931, 276, 239, 573, 980, 877, 796, 687, 737, 828, 493, 550, 199, 377, 503, 1013, 437, 863, 459, 783, 892, 801, 560, 610, 953, 795, 692, 916, 358, 567, 462, 614, 572, 363, 487, 467, 524, 497, 463, 646, 803, 660, 307, 890, 506, 636, 616, 407, 522, 928, 616, 
891, 889, 697, 475, 874, 1162, 926, 574, 958, 862, 512, 974, 650, -1, 857, 960, 667, 957, 570, 967, 936, 903, 1055, 703, 517, 661, 758, 948, 966, 976, 1309, 692, 735, 644, 501, 946, 970, 1041, 778, 942, 1037, 992, 1060, 966, 542, 875, 996, 1120, 791, 948, 723, 827, 914, 576, 898, 542, 817, 387, 347, 684, 213, 1114, 974, 1072, 818, 951, 274, 611, 649, 538, 939, 843, 172, 
962, 690, 1069, 604, 919, 1141, 676, 642, 673, 989, 941, 1020, 466, 857, -1, 1320, 1020, 763, 1149, 1073, 818, 502, 1346, 740, 466, 833, 1323, 971, 1007, 889, 1030, 1065, 286, 890, 526, 694, 792, 1389, 809, 919, 481, 1162, 1307, 1078, 925, 949, 1365, 1229, 1140, 1176, 772, 539, 407, 992, 977, 761, 762, 518, 681, 842, 744, 734, 1223, 1074, 507, 1100, 605, 1012, 449, 613, 749, 985, 870, 
796, 767, 716, 971, 533, 838, 923, 826, 895, 1084, 594, 1198, 902, 960, 1320, -1, 1010, 1050, 463, 509, 927, 1417, 264, 690, 892, 1103, 860, 1066, 794, 1014, 1019, 692, 1231, 481, 930, 857, 890, 252, 813, 1065, 1096, 284, 274, 526, 890, 538, 475, 518, 380, 841, 652, 1210, 1081, 464, 655, 851, 910, 1138, 972, 576, 825, 1316, 167, 650, 881, 676, 1046, 557, 1299, 1002, 881, 1198, 933, 
1127, 1035, 704, 473, 773, 1449, 810, 694, 803, 1105, 631, 1175, 671, 667, 1020, 1010, -1, 1323, 877, 783, 642, 924, 1051, 582, 768, 403, 770, 1265, 1203, 990, 1028, 1111, 1026, 898, 549, 852, 877, 1191, 630, 1315, 1103, 1074, 1041, 1217, 245, 985, 954, 905, 697, 1117, 697, 996, 1128, 774, 746, 317, 787, 707, 763, 852, 605, 916, 979, 841, 949, 1318, 754, 734, 1018, 652, 991, 1208, 550, 
467, 467, 929, 979, 925, 463, 788, 652, 895, 677, 994, 740, 756, 957, 763, 1050, 1323, -1, 906, 998, 1010, 933, 1029, 882, 658, 1117, 1191, 454, 452, 733, 1137, 592, 563, 674, 867, 763, 768, 974, 865, 303, 610, 843, 1005, 589, 1121, 851, 1086, 1119, 1015, 761, 738, 613, 515, 773, 1111, 1033, 742, 837, 889, 586, 855, 1035, 985, 1148, 606, 645, 819, 816, 669, 994, 567, 647, 979, 
698, 773, 574, 781, 690, 857, 936, 654, 962, 866, 445, 1002, 797, 570, 1149, 463, 877, 906, -1, 720, 960, 1225, 588, 688, 698, 924, 653, 880, 735, 948, 1213, 411, 1004, 380, 755, 909, 919, 500, 774, 874, 1083, 570, 613, 592, 717, 645, 601, 820, 480, 732, 635, 1019, 995, 261, 785, 720, 833, 832, 677, 487, 510, 1269, 542, 891, 839, 633, 712, 385, 1002, 819, 867, 913, 575, 
722, 590, 573, 778, 291, 901, 507, 597, 507, 952, 646, 1025, 632, 967, 1073, 509, 783, 998, 720, -1, 460, 1087, 431, 391, 757, 800, 833, 987, 742, 705, 543, 849, 1037, 582, 719, 456, 484, 652, 434, 1024, 801, 443, 380, 680, 669, 591, 500, 169, 300, 777, 346, 947, 907, 524, 513, 608, 572, 985, 960, 478, 791, 873, 378, 378, 689, 913, 985, 516, 1142, 880, 580, 1122, 882, 
807, 645, 624, 623, 528, 1096, 249, 482, 362, 883, 791, 912, 462, 936, 818, 927, 642, 1010, 960, 460, -1, 714, 853, 380, 682, 510, 900, 978, 859, 557, 447, 1017, 832, 795, 564, 313, 314, 1052, 247, 1034, 645, 831, 810, 958, 543, 834, 813, 583, 616, 869, 367, 699, 819, 724, 678, 477, 380, 794, 930, 610, 777, 448, 808, 603, 654, 1162, 890, 662, 936, 790, 504, 1049, 824, 
940, 874, 914, 714, 1060, 1270, 640, 600, 805, 790, 1099, 771, 620, 903, 502, 1417, 924, 933, 1225, 1087, 714, -1, 1370, 831, 711, 581, 1131, 896, 1013, 678, 1035, 1126, 473, 1073, 658, 739, 706, 1476, 683, 935, 709, 1294, 1342, 1250, 801, 1212, 1288, 1240, 1130, 1037, 783, 356, 788, 1023, 1172, 766, 596, 547, 915, 887, 845, 448, 1328, 1212, 812, 1362, 753, 962, 489, 864, 719, 830, 832, 
688, 750, 621, 1048, 583, 775, 846, 796, 887, 972, 759, 1068, 931, 1055, 1346, 264, 1051, 1029, 588, 431, 853, 1370, -1, 721, 962, 1072, 792, 967, 682, 865, 921, 706, 1238, 596, 992, 795, 773, 284, 729, 999, 1070, 316, 73, 550, 901, 688, 289, 408, 354, 684, 609, 1146, 1114, 492, 779, 898, 805, 1183, 1104, 542, 923, 1216, 255, 698, 925, 794, 1134, 516, 1311, 1123, 773, 1122, 993, 
750, 491, 611, 404, 258, 965, 397, 399, 310, 914, 436, 993, 276, 703, 740, 690, 582, 882, 688, 391, 380, 831, 721, -1, 420, 597, 875, 954, 795, 714, 632, 817, 747, 475, 340, 361, 483, 843, 368, 960, 613, 611, 680, 733, 485, 495, 760, 550, 465, 876, 249, 754, 654, 503, 374, 300, 507, 656, 626, 441, 504, 742, 584, 429, 431, 867, 657, 528, 852, 503, 555, 1031, 644, 
726, 472, 755, 341, 581, 911, 577, 380, 544, 843, 494, 931, 239, 517, 466, 892, 768, 658, 698, 757, 682, 711, 962, 420, -1, 692, 995, 832, 774, 788, 945, 707, 427, 454, 242, 559, 667, 977, 595, 783, 550, 783, 932, 734, 642, 573, 998, 919, 748, 922, 470, 603, 417, 573, 643, 466, 613, 384, 337, 491, 340, 842, 822, 786, 314, 750, 333, 636, 521, 343, 618, 865, 543, 
919, 909, 562, 505, 835, 1303, 620, 485, 749, 801, 790, 841, 573, 661, 833, 1103, 403, 1117, 924, 800, 510, 581, 1072, 597, 692, -1, 698, 992, 1007, 687, 957, 1004, 786, 905, 514, 712, 665, 1219, 440, 1068, 926, 1092, 1060, 1163, 275, 1060, 935, 944, 751, 902, 591, 661, 992, 746, 915, 395, 515, 539, 797, 738, 612, 613, 1049, 963, 869, 1302, 686, 655, 762, 732, 763, 912, 512, 
812, 1067, 329, 941, 977, 1181, 967, 715, 1127, 718, 860, 806, 980, 758, 1323, 860, 770, 1191, 653, 833, 900, 1131, 792, 875, 995, 698, -1, 916, 889, 806, 1254, 762, 1157, 885, 934, 1016, 905, 894, 696, 1024, 1286, 966, 830, 1043, 583, 1139, 544, 918, 596, 612, 754, 993, 1312, 575, 1115, 787, 744, 926, 1032, 720, 777, 1125, 901, 1137, 1165, 1209, 950, 449, 1099, 1111, 930, 842, 622, 
290, 678, 704, 1059, 1034, 588, 806, 609, 1028, 279, 1085, 338, 877, 948, 971, 1066, 1265, 454, 880, 987, 978, 896, 967, 954, 832, 992, 916, -1, 332, 509, 1188, 529, 716, 809, 961, 835, 722, 963, 772, 176, 844, 923, 965, 740, 1026, 1071, 908, 1100, 944, 416, 735, 547, 853, 718, 1258, 1042, 611, 868, 1039, 574, 900, 973, 1027, 1261, 870, 898, 908, 676, 727, 1158, 545, 297, 910, 
98, 483, 629, 1010, 799, 349, 690, 567, 866, 487, 936, 565, 796, 966, 1007, 794, 1203, 452, 735, 742, 859, 1013, 682, 795, 774, 1007, 889, 332, -1, 504, 991, 443, 807, 611, 907, 676, 592, 684, 670, 348, 753, 618, 670, 457, 977, 833, 694, 832, 732, 366, 570, 679, 783, 556, 1044, 960, 562, 937, 1007, 383, 861, 980, 739, 1015, 736, 693, 938, 546, 880, 1092, 418, 589, 926, 
441, 620, 520, 895, 827, 823, 441, 443, 734, 413, 1012, 402, 687, 976, 889, 1014, 990, 733, 948, 705, 557, 678, 865, 714, 788, 687, 806, 509, 504, -1, 790, 789, 738, 838, 803, 520, 321, 1005, 400, 624, 693, 876, 845, 857, 776, 1022, 764, 815, 756, 464, 492, 444, 846, 698, 1061, 805, 223, 827, 1058, 522, 876, 545, 927, 1000, 784, 1095, 938, 593, 800, 1058, 294, 612, 869, 
981, 717, 961, 965, 602, 1124, 462, 824, 425, 1172, 1041, 1188, 737, 1309, 1030, 1019, 1028, 1137, 1213, 543, 447, 1035, 921, 632, 945, 957, 1254, 1188, 991, 790, -1, 1246, 1091, 969, 892, 420, 492, 1131, 623, 1220, 678, 858, 858, 1014, 963, 884, 982, 566, 829, 1092, 631, 985, 913, 986, 755, 850, 696, 1167, 1228, 830, 1120, 677, 861, 558, 761, 1240, 1232, 959, 1253, 1062, 648, 1346, 1223, 
417, 661, 614, 917, 840, 569, 904, 607, 1010, 606, 735, 741, 828, 692, 1065, 692, 1111, 592, 411, 849, 1017, 1126, 706, 817, 707, 1004, 762, 529, 443, 789, 1246, -1, 848, 465, 848, 888, 855, 592, 798, 499, 969, 644, 722, 475, 896, 777, 707, 958, 694, 520, 665, 833, 879, 389, 1011, 896, 754, 825, 788, 423, 647, 1208, 719, 1077, 807, 547, 743, 454, 846, 964, 720, 608, 703, 
755, 618, 914, 637, 926, 971, 665, 507, 754, 743, 907, 782, 493, 735, 286, 1231, 1026, 563, 1004, 1037, 832, 473, 1238, 747, 427, 786, 1157, 716, 807, 738, 1091, 848, -1, 792, 546, 696, 733, 1258, 740, 665, 528, 1079, 1210, 949, 873, 942, 1230, 1198, 1055, 961, 700, 349, 434, 849, 1035, 765, 647, 418, 644, 699, 652, 754, 1154, 1126, 534, 982, 508, 858, 222, 683, 636, 709, 746, 
595, 443, 663, 649, 442, 672, 707, 518, 675, 865, 383, 984, 550, 644, 890, 481, 898, 674, 380, 582, 795, 1073, 596, 475, 454, 905, 885, 809, 611, 838, 969, 465, 792, -1, 580, 644, 721, 541, 659, 760, 755, 393, 576, 371, 747, 326, 711, 704, 506, 773, 449, 862, 656, 314, 568, 634, 704, 746, 568, 323, 478, 1090, 445, 672, 490, 423, 633, 461, 869, 643, 650, 920, 665, 
845, 617, 717, 123, 570, 1092, 548, 392, 502, 905, 471, 983, 199, 501, 526, 930, 549, 867, 755, 719, 564, 658, 992, 340, 242, 514, 934, 961, 907, 803, 892, 848, 546, 580, -1, 558, 658, 1059, 519, 950, 647, 866, 963, 893, 464, 666, 991, 884, 710, 982, 462, 652, 597, 617, 591, 260, 593, 359, 386, 577, 330, 758, 859, 735, 456, 944, 377, 644, 607, 265, 683, 959, 477, 
649, 363, 696, 660, 435, 849, 127, 434, 227, 833, 768, 871, 377, 946, 694, 857, 852, 763, 909, 456, 313, 739, 795, 361, 559, 712, 1016, 835, 676, 520, 420, 888, 696, 644, 558, -1, 218, 941, 349, 849, 379, 676, 741, 739, 720, 661, 835, 584, 649, 814, 293, 618, 567, 671, 638, 591, 377, 788, 870, 477, 761, 537, 717, 568, 415, 938, 846, 657, 853, 762, 308, 974, 877, 
552, 458, 583, 756, 572, 833, 158, 407, 433, 683, 865, 704, 503, 970, 792, 890, 877, 768, 919, 484, 314, 706, 773, 483, 667, 665, 905, 722, 592, 321, 492, 855, 733, 721, 658, 218, -1, 941, 266, 778, 507, 727, 730, 778, 708, 811, 751, 602, 639, 661, 311, 549, 703, 660, 801, 654, 224, 817, 967, 463, 814, 470, 766, 713, 584, 1015, 903, 598, 856, 897, 210, 856, 875, 
706, 785, 755, 1117, 702, 684, 1003, 881, 1025, 1020, 765, 1135, 1013, 1041, 1389, 252, 1191, 974, 500, 652, 1052, 1476, 284, 843, 977, 1219, 894, 963, 684, 1005, 1131, 592, 1258, 541, 1059, 941, 941, -1, 903, 958, 1142, 319, 316, 432, 1033, 663, 486, 657, 529, 747, 742, 1220, 1120, 511, 866, 1013, 951, 1214, 1075, 592, 927, 1392, 335, 848, 956, 607, 1122, 595, 1321, 1150, 886, 1122, 1022, 
604, 565, 396, 590, 529, 946, 279, 290, 478, 661, 703, 710, 437, 778, 809, 813, 630, 865, 774, 434, 247, 683, 729, 368, 595, 440, 696, 772, 670, 400, 623, 798, 740, 659, 519, 349, 266, 903, -1, 840, 662, 731, 701, 819, 446, 791, 651, 581, 488, 642, 224, 576, 787, 525, 720, 441, 198, 679, 832, 418, 638, 527, 720, 683, 630, 1028, 765, 439, 811, 769, 389, 830, 658, 
336, 626, 803, 1052, 1025, 506, 841, 641, 1023, 435, 1062, 500, 863, 942, 919, 1065, 1315, 303, 874, 1024, 1034, 935, 999, 960, 783, 1068, 1024, 176, 348, 624, 1220, 499, 665, 760, 950, 849, 778, 958, 840, -1, 798, 903, 992, 673, 1085, 1009, 986, 1140, 989, 548, 763, 582, 760, 736, 1237, 1066, 691, 860, 985, 583, 885, 1041, 1025, 1258, 805, 786, 871, 732, 695, 1118, 581, 392, 934, 
743, 364, 969, 764, 685, 839, 422, 591, 426, 923, 933, 950, 459, 1037, 481, 1096, 1103, 610, 1083, 801, 645, 709, 1070, 613, 550, 926, 1286, 844, 753, 693, 678, 969, 528, 755, 647, 379, 507, 1142, 662, 798, -1, 870, 1017, 808, 974, 753, 1143, 924, 962, 995, 579, 579, 291, 879, 834, 808, 605, 797, 879, 656, 863, 652, 963, 826, 324, 925, 848, 899, 741, 794, 447, 995, 1017, 
641, 533, 734, 939, 429, 619, 763, 728, 737, 992, 647, 1093, 783, 992, 1162, 284, 1074, 843, 570, 443, 831, 1294, 316, 611, 783, 1092, 966, 923, 618, 876, 858, 644, 1079, 393, 866, 676, 727, 319, 731, 903, 870, -1, 273, 316, 931, 415, 559, 473, 458, 774, 538, 1063, 873, 476, 624, 847, 791, 1081, 947, 451, 827, 1177, 178, 582, 691, 541, 1007, 569, 1185, 961, 687, 1107, 971, 
679, 702, 635, 1024, 529, 756, 799, 775, 829, 977, 747, 1070, 892, 1060, 1307, 274, 1041, 1005, 613, 380, 810, 1342, 73, 680, 932, 1060, 830, 965, 670, 845, 858, 722, 1210, 576, 963, 741, 730, 316, 701, 992, 1017, 273, -1, 527, 895, 644, 333, 354, 351, 700, 573, 1123, 1068, 500, 733, 876, 779, 1168, 1090, 523, 916, 1177, 219, 639, 876, 780, 1123, 527, 1294, 1095, 735, 1130, 999, 
504, 451, 804, 984, 623, 356, 817, 714, 833, 884, 744, 989, 801, 966, 1078, 526, 1217, 589, 592, 680, 958, 1250, 550, 733, 734, 1163, 1043, 740, 457, 857, 1014, 475, 949, 371, 893, 739, 778, 432, 819, 673, 808, 316, 527, -1, 1040, 498, 728, 747, 669, 720, 617, 966, 751, 517, 815, 952, 809, 1027, 907, 432, 821, 1212, 480, 823, 645, 313, 940, 623, 1052, 985, 653, 948, 976, 
896, 871, 474, 434, 690, 1243, 668, 483, 731, 862, 568, 938, 560, 542, 925, 890, 245, 1121, 717, 669, 543, 801, 901, 485, 642, 275, 583, 1026, 977, 776, 963, 896, 873, 747, 464, 720, 708, 1033, 446, 1085, 974, 931, 895, 1040, -1, 898, 782, 809, 554, 878, 520, 804, 1001, 578, 743, 253, 582, 578, 688, 647, 474, 807, 859, 819, 833, 1164, 637, 514, 859, 639, 796, 972, 394, 
837, 506, 902, 727, 344, 816, 762, 723, 605, 1141, 460, 1245, 610, 875, 949, 538, 985, 851, 645, 591, 834, 1212, 688, 495, 573, 1060, 1139, 1071, 833, 1022, 884, 777, 942, 326, 666, 661, 811, 663, 791, 1009, 753, 415, 644, 498, 898, -1, 879, 676, 631, 1036, 576, 1050, 670, 592, 381, 719, 871, 932, 696, 562, 681, 1166, 451, 491, 472, 515, 821, 722, 1068, 663, 781, 1212, 900, 
668, 853, 428, 1036, 713, 895, 844, 745, 956, 837, 817, 926, 953, 996, 1365, 475, 954, 1086, 601, 500, 813, 1288, 289, 760, 998, 935, 544, 908, 694, 764, 982, 707, 1230, 711, 991, 835, 751, 486, 651, 986, 1143, 559, 333, 728, 782, 879, -1, 509, 333, 544, 612, 1080, 1206, 477, 910, 859, 721, 1128, 1128, 562, 902, 1144, 492, 840, 1025, 973, 1114, 413, 1266, 1160, 773, 1007, 898, 
825, 712, 686, 938, 404, 962, 640, 761, 629, 1072, 772, 1140, 795, 1120, 1229, 518, 905, 1119, 820, 169, 583, 1240, 408, 550, 919, 944, 918, 1100, 832, 815, 566, 958, 1198, 704, 884, 584, 602, 657, 581, 1140, 924, 473, 354, 747, 809, 676, 509, -1, 386, 858, 510, 1097, 1043, 648, 597, 762, 711, 1154, 1115, 616, 949, 990, 391, 410, 828, 992, 1149, 640, 1307, 1031, 701, 1251, 1035, 
694, 697, 408, 745, 433, 921, 672, 573, 708, 878, 518, 977, 692, 791, 1140, 380, 697, 1015, 480, 300, 616, 1130, 354, 465, 748, 751, 596, 944, 732, 756, 829, 694, 1055, 506, 710, 649, 639, 529, 488, 989, 962, 458, 351, 669, 554, 631, 333, 386, -1, 684, 403, 973, 1001, 328, 595, 568, 621, 915, 866, 432, 657, 1009, 350, 574, 791, 866, 886, 320, 1107, 855, 690, 1027, 704, 
311, 754, 429, 1060, 923, 683, 784, 605, 1011, 351, 996, 432, 916, 948, 1176, 841, 1117, 761, 732, 777, 869, 1037, 684, 876, 922, 902, 612, 416, 366, 464, 1092, 520, 961, 773, 982, 814, 661, 747, 642, 548, 995, 774, 700, 720, 878, 1036, 544, 858, 684, -1, 637, 745, 1052, 556, 1160, 957, 550, 971, 1105, 497, 894, 993, 825, 1124, 970, 955, 1004, 456, 968, 1196, 572, 526, 861, 
520, 388, 443, 551, 360, 791, 305, 259, 406, 697, 559, 774, 358, 723, 772, 652, 697, 738, 635, 346, 367, 783, 609, 249, 470, 591, 754, 735, 570, 492, 631, 665, 700, 449, 462, 293, 311, 742, 224, 763, 579, 538, 573, 617, 520, 576, 612, 510, 403, 637, -1, 620, 654, 390, 578, 439, 311, 669, 720, 250, 549, 679, 549, 566, 469, 814, 694, 372, 797, 676, 349, 837, 644, 
610, 639, 740, 746, 938, 938, 540, 419, 759, 496, 999, 494, 567, 827, 539, 1210, 996, 613, 1019, 947, 699, 356, 1146, 754, 603, 661, 993, 547, 679, 444, 985, 833, 349, 862, 652, 618, 549, 1220, 576, 582, 579, 1063, 1123, 966, 804, 1050, 1080, 1097, 973, 745, 620, -1, 640, 810, 1108, 775, 419, 544, 855, 639, 754, 545, 1129, 1134, 675, 1097, 692, 756, 397, 877, 467, 538, 768, 
774, 388, 1021, 707, 726, 816, 618, 618, 570, 962, 840, 1017, 462, 914, 407, 1081, 1128, 515, 995, 907, 819, 788, 1114, 654, 417, 992, 1312, 853, 783, 846, 913, 879, 434, 656, 597, 567, 703, 1120, 787, 760, 291, 873, 1068, 751, 1001, 670, 1206, 1043, 1001, 1052, 654, 640, -1, 846, 827, 816, 740, 704, 700, 661, 751, 868, 974, 898, 241, 768, 694, 907, 639, 669, 602, 976, 942, 
506, 582, 375, 670, 536, 749, 688, 428, 758, 687, 451, 811, 614, 576, 992, 464, 774, 773, 261, 524, 724, 1023, 492, 503, 573, 746, 575, 718, 556, 698, 986, 389, 849, 314, 617, 671, 660, 511, 525, 736, 879, 476, 500, 517, 578, 592, 477, 648, 328, 556, 390, 810, 846, -1, 699, 577, 578, 723, 670, 251, 462, 1023, 468, 757, 681, 661, 663, 163, 874, 756, 619, 780, 528, 
1023, 694, 900, 609, 270, 1119, 718, 754, 497, 1253, 438, 1343, 572, 898, 977, 655, 746, 1111, 785, 513, 678, 1172, 779, 374, 643, 915, 1115, 1258, 1044, 1061, 755, 1011, 1035, 568, 591, 638, 801, 866, 720, 1237, 834, 624, 733, 815, 743, 381, 910, 597, 595, 1160, 578, 1108, 827, 699, -1, 545, 868, 934, 743, 701, 701, 1068, 558, 262, 593, 884, 869, 778, 1151, 586, 866, 1357, 882, 
892, 732, 604, 233, 531, 1178, 568, 441, 541, 937, 439, 1016, 363, 542, 761, 851, 317, 1033, 720, 608, 477, 766, 898, 300, 466, 395, 787, 1042, 960, 805, 850, 896, 765, 634, 260, 591, 654, 1013, 441, 1066, 808, 847, 876, 952, 253, 719, 859, 762, 568, 957, 439, 775, 816, 577, 545, -1, 585, 517, 546, 598, 395, 772, 791, 659, 633, 1048, 546, 571, 800, 424, 736, 1032, 455, 
490, 531, 436, 682, 657, 862, 288, 265, 561, 507, 822, 539, 487, 817, 762, 910, 787, 742, 833, 572, 380, 596, 805, 507, 613, 515, 744, 611, 562, 223, 696, 754, 647, 704, 593, 377, 224, 951, 198, 691, 605, 791, 779, 809, 582, 871, 721, 711, 621, 550, 311, 419, 740, 578, 868, 585, -1, 670, 878, 416, 696, 478, 818, 833, 637, 1023, 776, 485, 717, 852, 269, 680, 708, 
859, 783, 766, 377, 883, 1154, 742, 456, 803, 786, 693, 858, 467, 387, 518, 1138, 707, 837, 832, 985, 794, 547, 1183, 656, 384, 539, 926, 868, 937, 827, 1167, 825, 418, 746, 359, 788, 817, 1214, 679, 860, 797, 1081, 1168, 1027, 578, 932, 1128, 1154, 915, 971, 669, 544, 704, 723, 934, 517, 670, -1, 412, 695, 367, 836, 1096, 1076, 670, 1048, 220, 724, 339, 482, 788, 768, 388, 
954, 775, 886, 376, 772, 1128, 883, 619, 823, 1025, 441, 1130, 524, 347, 681, 972, 763, 889, 677, 960, 930, 915, 1104, 626, 337, 797, 1032, 1039, 1007, 1058, 1228, 788, 644, 568, 386, 870, 967, 1075, 832, 985, 879, 947, 1090, 907, 688, 696, 1128, 1115, 866, 1105, 720, 855, 700, 670, 743, 546, 878, 412, -1, 707, 258, 1115, 952, 955, 615, 835, 218, 756, 640, 283, 928, 1005, 462, 
337, 358, 429, 668, 481, 598, 500, 304, 608, 591, 571, 696, 497, 684, 842, 576, 852, 586, 487, 478, 610, 887, 542, 441, 491, 738, 720, 574, 383, 522, 830, 423, 699, 323, 577, 477, 463, 592, 418, 583, 656, 451, 523, 432, 647, 562, 562, 616, 432, 497, 250, 639, 661, 251, 701, 598, 416, 695, 707, -1, 536, 857, 510, 718, 516, 632, 675, 279, 773, 756, 382, 702, 635, 
794, 709, 636, 330, 671, 1042, 757, 442, 758, 842, 352, 953, 463, 213, 744, 825, 605, 855, 510, 791, 777, 845, 923, 504, 340, 612, 777, 900, 861, 876, 1120, 647, 652, 478, 330, 761, 814, 927, 638, 885, 863, 827, 916, 821, 474, 681, 902, 949, 657, 894, 549, 754, 751, 462, 701, 395, 696, 367, 258, 536, -1, 996, 813, 872, 623, 828, 250, 520, 633, 390, 791, 858, 250, 
922, 820, 863, 826, 920, 1238, 423, 639, 628, 868, 1134, 835, 646, 1114, 734, 1316, 916, 1035, 1269, 873, 448, 448, 1216, 742, 842, 613, 1125, 973, 980, 545, 677, 1208, 754, 1090, 758, 537, 470, 1392, 527, 1041, 652, 1177, 1177, 1212, 807, 1166, 1144, 990, 1009, 993, 679, 545, 868, 1023, 1068, 772, 478, 836, 1115, 857, 996, -1, 1197, 1013, 820, 1403, 1007, 940, 850, 996, 589, 1008, 1006, 
745, 648, 702, 913, 397, 786, 794, 755, 752, 1053, 587, 1156, 803, 974, 1223, 167, 979, 985, 542, 378, 808, 1328, 255, 584, 822, 1049, 901, 1027, 739, 927, 861, 719, 1154, 445, 859, 717, 766, 335, 720, 1025, 963, 178, 219, 480, 859, 451, 492, 391, 350, 825, 549, 1129, 974, 468, 558, 791, 818, 1096, 952, 510, 813, 1197, -1, 514, 767, 669, 1022, 551, 1246, 947, 768, 1180, 939, 
1005, 692, 896, 774, 246, 1093, 656, 799, 456, 1256, 639, 1331, 660, 1072, 1074, 650, 841, 1148, 891, 378, 603, 1212, 698, 429, 786, 963, 1137, 1261, 1015, 1000, 558, 1077, 1126, 672, 735, 568, 713, 848, 683, 1258, 826, 582, 639, 823, 819, 491, 840, 410, 574, 1124, 566, 1134, 898, 757, 262, 659, 833, 1076, 955, 718, 872, 1013, 514, -1, 666, 968, 1046, 805, 1261, 799, 809, 1395, 1025, 
720, 281, 873, 567, 488, 799, 489, 503, 385, 940, 642, 1010, 307, 818, 507, 881, 949, 606, 839, 689, 654, 812, 925, 431, 314, 869, 1165, 870, 736, 784, 761, 807, 534, 490, 456, 415, 584, 956, 630, 805, 324, 691, 876, 645, 833, 472, 1025, 828, 791, 970, 469, 675, 241, 681, 593, 633, 637, 670, 615, 516, 623, 820, 767, 666, -1, 702, 644, 749, 714, 544, 528, 995, 828, 
728, 613, 1006, 1021, 774, 537, 1019, 862, 982, 1059, 751, 1175, 890, 951, 1100, 676, 1318, 645, 633, 913, 1162, 1362, 794, 867, 750, 1302, 1209, 898, 693, 1095, 1240, 547, 982, 423, 944, 938, 1015, 607, 1028, 786, 925, 541, 780, 313, 1164, 515, 973, 992, 866, 955, 814, 1097, 768, 661, 884, 1048, 1023, 1048, 835, 632, 828, 1403, 669, 968, 702, -1, 908, 802, 1070, 958, 881, 1063, 1015, 
871, 770, 805, 386, 844, 1107, 831, 521, 842, 868, 568, 964, 506, 274, 605, 1046, 754, 819, 712, 985, 890, 753, 1134, 657, 333, 686, 950, 908, 938, 938, 1232, 743, 508, 633, 377, 846, 903, 1122, 765, 871, 848, 1007, 1123, 940, 637, 821, 1114, 1149, 886, 1004, 694, 692, 694, 663, 869, 546, 776, 220, 218, 675, 250, 1007, 1022, 1046, 644, 908, -1, 710, 452, 401, 854, 832, 365, 
479, 633, 213, 695, 597, 801, 648, 389, 771, 591, 560, 707, 636, 611, 1012, 557, 734, 816, 385, 516, 662, 962, 516, 528, 636, 655, 449, 676, 546, 593, 959, 454, 858, 461, 644, 657, 598, 595, 439, 732, 899, 569, 527, 623, 514, 722, 413, 640, 320, 456, 372, 756, 907, 163, 778, 571, 485, 724, 756, 279, 520, 940, 551, 805, 749, 802, 710, -1, 870, 824, 579, 718, 521, 
813, 782, 909, 671, 1051, 1075, 804, 560, 917, 707, 946, 750, 616, 649, 449, 1299, 1018, 669, 1002, 1142, 936, 489, 1311, 852, 521, 762, 1099, 727, 880, 800, 1253, 846, 222, 869, 607, 853, 856, 1321, 811, 695, 741, 1185, 1294, 1052, 859, 1068, 1266, 1307, 1107, 968, 797, 397, 639, 874, 1151, 800, 717, 339, 640, 773, 633, 850, 1246, 1261, 714, 1070, 452, 870, -1, 736, 765, 629, 665, 
1040, 763, 930, 227, 667, 1221, 779, 633, 652, 1129, 451, 1217, 407, 538, 613, 1002, 652, 994, 819, 880, 790, 864, 1123, 503, 343, 732, 1111, 1158, 1092, 1058, 1062, 964, 683, 643, 265, 762, 897, 1150, 769, 1118, 794, 961, 1095, 985, 639, 663, 1160, 1031, 855, 1196, 676, 877, 669, 756, 586, 424, 852, 482, 283, 756, 390, 996, 947, 799, 544, 958, 401, 824, 736, -1, 909, 1152, 583, 
386, 339, 605, 795, 625, 655, 293, 379, 526, 573, 873, 605, 522, 939, 749, 881, 991, 567, 867, 580, 504, 719, 773, 555, 618, 763, 930, 545, 418, 294, 648, 720, 636, 650, 683, 308, 210, 886, 389, 581, 447, 687, 735, 653, 796, 781, 773, 701, 690, 572, 349, 467, 602, 619, 866, 736, 269, 788, 928, 382, 791, 589, 768, 809, 528, 881, 854, 579, 765, 909, -1, 721, 869, 
517, 867, 707, 1033, 1164, 858, 919, 640, 1146, 229, 1114, 290, 928, 843, 985, 1198, 1208, 647, 913, 1122, 1049, 830, 1122, 1031, 865, 912, 842, 297, 589, 612, 1346, 608, 709, 920, 959, 974, 856, 1122, 830, 392, 995, 1107, 1130, 948, 972, 1212, 1007, 1251, 1027, 526, 837, 538, 976, 780, 1357, 1032, 680, 768, 1005, 702, 858, 1008, 1180, 1395, 995, 1063, 832, 718, 629, 1152, 721, -1, 800, 
843, 875, 565, 453, 834, 1163, 841, 494, 906, 782, 530, 887, 616, 172, 870, 933, 550, 979, 575, 882, 824, 832, 993, 644, 543, 512, 622, 910, 926, 869, 1223, 703, 746, 665, 477, 877, 875, 1022, 658, 934, 1017, 971, 999, 976, 394, 900, 898, 1035, 704, 861, 644, 768, 942, 528, 882, 455, 708, 388, 462, 635, 250, 1006, 939, 1025, 828, 1015, 365, 521, 665, 583, 869, 800, -1]