[-1, 58, 492, 397, 500, 97, 25, 144, 32, 341, 37, 357, 484, 68, 352, 246, 561, 12, 84, 125, 138, 369, 320, 552, 91, 452, 152, 229, 374, 326, 367, 575, 396, 306, 318, 177, 320, 150, 520, 358, 329, 10, 181, 557, 232, 185, 576, 351, 246, 260, 458, 464, 57, 330, 315, 256, 48, 5, 193, 505, 240, 341, 122, 21, 90, 152, 92, 225, 313, 5, 131, 393, 325, 212, 573, 288, 504, 86, 281, 538, 170, 234, 225, 332, 55, 93, 567, 159, 347, 434, 40, 488, 282, 391, 
58, -1, 550, 455, 558, 39, 33, 202, 26, 399, 21, 299, 542, 10, 410, 304, 619, 70, 26, 183, 80, 311, 378, 610, 33, 510, 94, 171, 316, 384, 309, 633, 454, 364, 376, 119, 262, 208, 578, 416, 387, 48, 123, 615, 290, 127, 634, 293, 304, 202, 516, 522, 115, 272, 373, 198, 106, 63, 135, 563, 298, 399, 180, 37, 32, 94, 150, 167, 255, 63, 189, 335, 267, 154, 631, 230, 562, 144, 339, 596, 228, 292, 167, 274, 113, 35, 625, 217, 289, 492, 18, 546, 340, 333, 
492, 550, -1, 95, 8, 589, 517, 348, 524, 151, 529, 849, 8, 560, 140, 246, 69, 480, 576, 367, 630, 861, 172, 60, 583, 40, 644, 721, 866, 166, 859, 83, 96, 186, 174, 669, 812, 342, 28, 134, 163, 502, 673, 65, 260, 677, 84, 843, 246, 752, 34, 28, 435, 822, 177, 748, 444, 487, 685, 13, 252, 151, 370, 513, 582, 644, 400, 717, 805, 487, 361, 885, 817, 704, 81, 780, 12, 406, 211, 46, 322, 258, 717, 824, 437, 585, 75, 333, 839, 58, 532, 4, 210, 883, 
397, 455, 95, -1, 103, 494, 422, 253, 429, 56, 434, 754, 87, 465, 45, 151, 164, 385, 481, 272, 535, 766, 77, 155, 488, 55, 549, 626, 771, 71, 764, 178, 1, 91, 79, 574, 717, 247, 123, 39, 68, 407, 578, 160, 165, 582, 179, 748, 151, 657, 61, 67, 340, 727, 82, 653, 349, 392, 590, 108, 157, 56, 275, 418, 487, 549, 305, 622, 710, 392, 266, 790, 722, 609, 176, 685, 107, 311, 116, 141, 227, 163, 622, 729, 342, 490, 170, 238, 744, 37, 437, 91, 115, 788, 
500, 558, 8, 103, -1, 597, 525, 356, 532, 159, 537, 857, 16, 568, 148, 254, 61, 488, 584, 375, 638, 869, 180, 52, 591, 48, 652, 729, 874, 174, 867, 75, 104, 194, 182, 677, 820, 350, 20, 142, 171, 510, 681, 57, 268, 685, 76, 851, 254, 760, 42, 36, 443, 830, 185, 756, 452, 495, 693, 5, 260, 159, 378, 521, 590, 652, 408, 725, 813, 495, 369, 893, 825, 712, 73, 788, 4, 414, 219, 38, 330, 266, 725, 832, 445, 593, 67, 341, 847, 66, 540, 12, 218, 891, 
97, 39, 589, 494, 597, -1, 72, 241, 65, 438, 60, 260, 581, 29, 449, 343, 658, 109, 13, 222, 41, 272, 417, 649, 6, 549, 55, 132, 277, 423, 270, 672, 493, 403, 415, 80, 223, 247, 617, 455, 426, 87, 84, 654, 329, 88, 673, 254, 343, 163, 555, 561, 154, 233, 412, 159, 145, 102, 96, 602, 337, 438, 219, 76, 7, 55, 189, 128, 216, 102, 228, 296, 228, 115, 670, 191, 601, 183, 378, 635, 267, 331, 128, 235, 152, 4, 664, 256, 250, 531, 57, 585, 379, 294, 
25, 33, 517, 422, 525, 72, -1, 169, 7, 366, 12, 332, 509, 43, 377, 271, 586, 37, 59, 150, 113, 344, 345, 577, 66, 477, 127, 204, 349, 351, 342, 600, 421, 331, 343, 152, 295, 175, 545, 383, 354, 15, 156, 582, 257, 160, 601, 326, 271, 235, 483, 489, 82, 305, 340, 231, 73, 30, 168, 530, 265, 366, 147, 4, 65, 127, 117, 200, 288, 30, 156, 368, 300, 187, 598, 263, 529, 111, 306, 563, 195, 259, 200, 307, 80, 68, 592, 184, 322, 459, 15, 513, 307, 366, 
144, 202, 348, 253, 356, 241, 169, -1, 176, 197, 181, 501, 340, 212, 208, 102, 417, 132, 228, 19, 282, 513, 176, 408, 235, 308, 296, 373, 518, 182, 511, 431, 252, 162, 174, 321, 464, 6, 376, 214, 185, 154, 325, 413, 88, 329, 432, 495, 102, 404, 314, 320, 87, 474, 171, 400, 96, 139, 337, 361, 96, 197, 22, 165, 234, 296, 52, 369, 457, 139, 13, 537, 469, 356, 429, 432, 360, 58, 137, 394, 26, 90, 369, 476, 89, 237, 423, 15, 491, 290, 184, 344, 138, 535, 
32, 26, 524, 429, 532, 65, 7, 176, -1, 373, 5, 325, 516, 36, 384, 278, 593, 44, 52, 157, 106, 337, 352, 584, 59, 484, 120, 197, 342, 358, 335, 607, 428, 338, 350, 145, 288, 182, 552, 390, 361, 22, 149, 589, 264, 153, 608, 319, 278, 228, 490, 496, 89, 298, 347, 224, 80, 37, 161, 537, 272, 373, 154, 11, 58, 120, 124, 193, 281, 37, 163, 361, 293, 180, 605, 256, 536, 118, 313, 570, 202, 266, 193, 300, 87, 61, 599, 191, 315, 466, 8, 520, 314, 359, 
341, 399, 151, 56, 159, 438, 366, 197, 373, -1, 378, 698, 143, 409, 11, 95, 220, 329, 425, 216, 479, 710, 21, 211, 432, 111, 493, 570, 715, 15, 708, 234, 55, 35, 23, 518, 661, 191, 179, 17, 12, 351, 522, 216, 109, 526, 235, 692, 95, 601, 117, 123, 284, 671, 26, 597, 293, 336, 534, 164, 101, 0, 219, 362, 431, 493, 249, 566, 654, 336, 210, 734, 666, 553, 232, 629, 163, 255, 60, 197, 171, 107, 566, 673, 286, 434, 226, 182, 688, 93, 381, 147, 59, 732, 
37, 21, 529, 434, 537, 60, 12, 181, 5, 378, -1, 320, 521, 31, 389, 283, 598, 49, 47, 162, 101, 332, 357, 589, 54, 489, 115, 192, 337, 363, 330, 612, 433, 343, 355, 140, 283, 187, 557, 395, 366, 27, 144, 594, 269, 148, 613, 314, 283, 223, 495, 501, 94, 293, 352, 219, 85, 42, 156, 542, 277, 378, 159, 16, 53, 115, 129, 188, 276, 42, 168, 356, 288, 175, 610, 251, 541, 123, 318, 575, 207, 271, 188, 295, 92, 56, 604, 196, 310, 471, 3, 525, 319, 354, 
357, 299, 849, 754, 857, 260, 332, 501, 325, 698, 320, -1, 841, 289, 709, 603, 918, 369, 273, 482, 219, 12, 677, 909, 266, 809, 205, 128, 17, 683, 10, 932, 753, 663, 675, 180, 37, 507, 877, 715, 686, 347, 176, 914, 589, 172, 933, 6, 603, 97, 815, 821, 414, 27, 672, 101, 405, 362, 164, 862, 597, 698, 479, 336, 267, 205, 449, 132, 44, 362, 488, 36, 32, 145, 930, 69, 861, 443, 638, 895, 527, 591, 132, 25, 412, 264, 924, 516, 10, 791, 317, 845, 639, 34, 
484, 542, 8, 87, 16, 581, 509, 340, 516, 143, 521, 841, -1, 552, 132, 238, 77, 472, 568, 359, 622, 853, 164, 68, 575, 32, 636, 713, 858, 158, 851, 91, 88, 178, 166, 661, 804, 334, 36, 126, 155, 494, 665, 73, 252, 669, 92, 835, 238, 744, 26, 20, 427, 814, 169, 740, 436, 479, 677, 21, 244, 143, 362, 505, 574, 636, 392, 709, 797, 479, 353, 877, 809, 696, 89, 772, 20, 398, 203, 54, 314, 250, 709, 816, 429, 577, 83, 325, 831, 50, 524, 4, 202, 875, 
68, 10, 560, 465, 568, 29, 43, 212, 36, 409, 31, 289, 552, -1, 420, 314, 629, 80, 16, 193, 70, 301, 388, 620, 23, 520, 84, 161, 306, 394, 299, 643, 464, 374, 386, 109, 252, 218, 588, 426, 397, 58, 113, 625, 300, 117, 644, 283, 314, 192, 526, 532, 125, 262, 383, 188, 116, 73, 125, 573, 308, 409, 190, 47, 22, 84, 160, 157, 245, 73, 199, 325, 257, 144, 641, 220, 572, 154, 349, 606, 238, 302, 157, 264, 123, 25, 635, 227, 279, 502, 28, 556, 350, 323, 
352, 410, 140, 45, 148, 449, 377, 208, 384, 11, 389, 709, 132, 420, -1, 106, 209, 340, 436, 227, 490, 721, 32, 200, 443, 100, 504, 581, 726, 26, 719, 223, 44, 46, 34, 529, 672, 202, 168, 6, 23, 362, 533, 205, 120, 537, 224, 703, 106, 612, 106, 112, 295, 682, 37, 608, 304, 347, 545, 153, 112, 11, 230, 373, 442, 504, 260, 577, 665, 347, 221, 745, 677, 564, 221, 640, 152, 266, 71, 186, 182, 118, 577, 684, 297, 445, 215, 193, 699, 82, 392, 136, 70, 743, 
246, 304, 246, 151, 254, 343, 271, 102, 278, 95, 283, 603, 238, 314, 106, -1, 315, 234, 330, 121, 384, 615, 74, 306, 337, 206, 398, 475, 620, 80, 613, 329, 150, 60, 72, 423, 566, 96, 274, 112, 83, 256, 427, 311, 14, 431, 330, 597, 0, 506, 212, 218, 189, 576, 69, 502, 198, 241, 439, 259, 6, 95, 124, 267, 336, 398, 154, 471, 559, 241, 115, 639, 571, 458, 327, 534, 258, 160, 35, 292, 76, 12, 471, 578, 191, 339, 321, 87, 593, 188, 286, 242, 36, 637, 
561, 619, 69, 164, 61, 658, 586, 417, 593, 220, 598, 918, 77, 629, 209, 315, -1, 549, 645, 436, 699, 930, 241, 9, 652, 109, 713, 790, 935, 235, 928, 14, 165, 255, 243, 738, 881, 411, 41, 203, 232, 571, 742, 4, 329, 746, 15, 912, 315, 821, 103, 97, 504, 891, 246, 817, 513, 556, 754, 56, 321, 220, 439, 582, 651, 713, 469, 786, 874, 556, 430, 954, 886, 773, 12, 849, 57, 475, 280, 23, 391, 327, 786, 893, 506, 654, 6, 402, 908, 127, 601, 73, 279, 952, 
12, 70, 480, 385, 488, 109, 37, 132, 44, 329, 49, 369, 472, 80, 340, 234, 549, -1, 96, 113, 150, 381, 308, 540, 103, 440, 164, 241, 386, 314, 379, 563, 384, 294, 306, 189, 332, 138, 508, 346, 317, 22, 193, 545, 220, 197, 564, 363, 234, 272, 446, 452, 45, 342, 303, 268, 36, 7, 205, 493, 228, 329, 110, 33, 102, 164, 80, 237, 325, 7, 119, 405, 337, 224, 561, 300, 492, 74, 269, 526, 158, 222, 237, 344, 43, 105, 555, 147, 359, 422, 52, 476, 270, 403, 
84, 26, 576, 481, 584, 13, 59, 228, 52, 425, 47, 273, 568, 16, 436, 330, 645, 96, -1, 209, 54, 285, 404, 636, 7, 536, 68, 145, 290, 410, 283, 659, 480, 390, 402, 93, 236, 234, 604, 442, 413, 74, 97, 641, 316, 101, 660, 267, 330, 176, 542, 548, 141, 246, 399, 172, 132, 89, 109, 589, 324, 425, 206, 63, 6, 68, 176, 141, 229, 89, 215, 309, 241, 128, 657, 204, 588, 170, 365, 622, 254, 318, 141, 248, 139, 9, 651, 243, 263, 518, 44, 572, 366, 307, 
125, 183, 367, 272, 375, 222, 150, 19, 157, 216, 162, 482, 359, 193, 227, 121, 436, 113, 209, -1, 263, 494, 195, 427, 216, 327, 277, 354, 499, 201, 492, 450, 271, 181, 193, 302, 445, 25, 395, 233, 204, 135, 306, 432, 107, 310, 451, 476, 121, 385, 333, 339, 68, 455, 190, 381, 77, 120, 318, 380, 115, 216, 3, 146, 215, 277, 33, 350, 438, 120, 6, 518, 450, 337, 448, 413, 379, 39, 156, 413, 45, 109, 350, 457, 70, 218, 442, 34, 472, 309, 165, 363, 157, 516, 
138, 80, 630, 535, 638, 41, 113, 282, 106, 479, 101, 219, 622, 70, 490, 384, 699, 150, 54, 263, -1, 231, 458, 690, 47, 590, 14, 91, 236, 464, 229, 713, 534, 444, 456, 39, 182, 288, 658, 496, 467, 128, 43, 695, 370, 47, 714, 213, 384, 122, 596, 602, 195, 192, 453, 118, 186, 143, 55, 643, 378, 479, 260, 117, 48, 14, 230, 87, 175, 143, 269, 255, 187, 74, 711, 150, 642, 224, 419, 676, 308, 372, 87, 194, 193, 45, 705, 297, 209, 572, 98, 626, 420, 253, 
369, 311, 861, 766, 869, 272, 344, 513, 337, 710, 332, 12, 853, 301, 721, 615, 930, 381, 285, 494, 231, -1, 689, 921, 278, 821, 217, 140, 5, 695, 2, 944, 765, 675, 687, 192, 49, 519, 889, 727, 698, 359, 188, 926, 601, 184, 945, 18, 615, 109, 827, 833, 426, 39, 684, 113, 417, 374, 176, 874, 609, 710, 491, 348, 279, 217, 461, 144, 56, 374, 500, 24, 44, 157, 942, 81, 873, 455, 650, 907, 539, 603, 144, 37, 424, 276, 936, 528, 22, 803, 329, 857, 651, 22, 
320, 378, 172, 77, 180, 417, 345, 176, 352, 21, 357, 677, 164, 388, 32, 74, 241, 308, 404, 195, 458, 689, -1, 232, 411, 132, 472, 549, 694, 6, 687, 255, 76, 14, 2, 497, 640, 170, 200, 38, 9, 330, 501, 237, 88, 505, 256, 671, 74, 580, 138, 144, 263, 650, 5, 576, 272, 315, 513, 185, 80, 21, 198, 341, 410, 472, 228, 545, 633, 315, 189, 713, 645, 532, 253, 608, 184, 234, 39, 218, 150, 86, 545, 652, 265, 413, 247, 161, 667, 114, 360, 168, 38, 711, 
552, 610, 60, 155, 52, 649, 577, 408, 584, 211, 589, 909, 68, 620, 200, 306, 9, 540, 636, 427, 690, 921, 232, -1, 643, 100, 704, 781, 926, 226, 919, 23, 156, 246, 234, 729, 872, 402, 32, 194, 223, 562, 733, 5, 320, 737, 24, 903, 306, 812, 94, 88, 495, 882, 237, 808, 504, 547, 745, 47, 312, 211, 430, 573, 642, 704, 460, 777, 865, 547, 421, 945, 877, 764, 21, 840, 48, 466, 271, 14, 382, 318, 777, 884, 497, 645, 15, 393, 899, 118, 592, 64, 270, 943, 
91, 33, 583, 488, 591, 6, 66, 235, 59, 432, 54, 266, 575, 23, 443, 337, 652, 103, 7, 216, 47, 278, 411, 643, -1, 543, 61, 138, 283, 417, 276, 666, 487, 397, 409, 86, 229, 241, 611, 449, 420, 81, 90, 648, 323, 94, 667, 260, 337, 169, 549, 555, 148, 239, 406, 165, 139, 96, 102, 596, 331, 432, 213, 70, 1, 61, 183, 134, 222, 96, 222, 302, 234, 121, 664, 197, 595, 177, 372, 629, 261, 325, 134, 241, 146, 2, 658, 250, 256, 525, 51, 579, 373, 300, 
452, 510, 40, 55, 48, 549, 477, 308, 484, 111, 489, 809, 32, 520, 100, 206, 109, 440, 536, 327, 590, 821, 132, 100, 543, -1, 604, 681, 826, 126, 819, 123, 56, 146, 134, 629, 772, 302, 68, 94, 123, 462, 633, 105, 220, 637, 124, 803, 206, 712, 6, 12, 395, 782, 137, 708, 404, 447, 645, 53, 212, 111, 330, 473, 542, 604, 360, 677, 765, 447, 321, 845, 777, 664, 121, 740, 52, 366, 171, 86, 282, 218, 677, 784, 397, 545, 115, 293, 799, 18, 492, 36, 170, 843, 
152, 94, 644, 549, 652, 55, 127, 296, 120, 493, 115, 205, 636, 84, 504, 398, 713, 164, 68, 277, 14, 217, 472, 704, 61, 604, -1, 77, 222, 478, 215, 727, 548, 458, 470, 25, 168, 302, 672, 510, 481, 142, 29, 709, 384, 33, 728, 199, 398, 108, 610, 616, 209, 178, 467, 104, 200, 157, 41, 657, 392, 493, 274, 131, 62, 0, 244, 73, 161, 157, 283, 241, 173, 60, 725, 136, 656, 238, 433, 690, 322, 386, 73, 180, 207, 59, 719, 311, 195, 586, 112, 640, 434, 239, 
229, 171, 721, 626, 729, 132, 204, 373, 197, 570, 192, 128, 713, 161, 581, 475, 790, 241, 145, 354, 91, 140, 549, 781, 138, 681, 77, -1, 145, 555, 138, 804, 625, 535, 547, 52, 91, 379, 749, 587, 558, 219, 48, 786, 461, 44, 805, 122, 475, 31, 687, 693, 286, 101, 544, 27, 277, 234, 36, 734, 469, 570, 351, 208, 139, 77, 321, 4, 84, 234, 360, 164, 96, 17, 802, 59, 733, 315, 510, 767, 399, 463, 4, 103, 284, 136, 796, 388, 118, 663, 189, 717, 511, 162, 
374, 316, 866, 771, 874, 277, 349, 518, 342, 715, 337, 17, 858, 306, 726, 620, 935, 386, 290, 499, 236, 5, 694, 926, 283, 826, 222, 145, -1, 700, 7, 949, 770, 680, 692, 197, 54, 524, 894, 732, 703, 364, 193, 931, 606, 189, 950, 23, 620, 114, 832, 838, 431, 44, 689, 118, 422, 379, 181, 879, 614, 715, 496, 353, 284, 222, 466, 149, 61, 379, 505, 19, 49, 162, 947, 86, 878, 460, 655, 912, 544, 608, 149, 42, 429, 281, 941, 533, 27, 808, 334, 862, 656, 17, 
326, 384, 166, 71, 174, 423, 351, 182, 358, 15, 363, 683, 158, 394, 26, 80, 235, 314, 410, 201, 464, 695, 6, 226, 417, 126, 478, 555, 700, -1, 693, 249, 70, 20, 8, 503, 646, 176, 194, 32, 3, 336, 507, 231, 94, 511, 250, 677, 80, 586, 132, 138, 269, 656, 11, 582, 278, 321, 519, 179, 86, 15, 204, 347, 416, 478, 234, 551, 639, 321, 195, 719, 651, 538, 247, 614, 178, 240, 45, 212, 156, 92, 551, 658, 271, 419, 241, 167, 673, 108, 366, 162, 44, 717, 
367, 309, 859, 764, 867, 270, 342, 511, 335, 708, 330, 10, 851, 299, 719, 613, 928, 379, 283, 492, 229, 2, 687, 919, 276, 819, 215, 138, 7, 693, -1, 942, 763, 673, 685, 190, 47, 517, 887, 725, 696, 357, 186, 924, 599, 182, 943, 16, 613, 107, 825, 831, 424, 37, 682, 111, 415, 372, 174, 872, 607, 708, 489, 346, 277, 215, 459, 142, 54, 372, 498, 26, 42, 155, 940, 79, 871, 453, 648, 905, 537, 601, 142, 35, 422, 274, 934, 526, 20, 801, 327, 855, 649, 24, 
575, 633, 83, 178, 75, 672, 600, 431, 607, 234, 612, 932, 91, 643, 223, 329, 14, 563, 659, 450, 713, 944, 255, 23, 666, 123, 727, 804, 949, 249, 942, -1, 179, 269, 257, 752, 895, 425, 55, 217, 246, 585, 756, 18, 343, 760, 1, 926, 329, 835, 117, 111, 518, 905, 260, 831, 527, 570, 768, 70, 335, 234, 453, 596, 665, 727, 483, 800, 888, 570, 444, 968, 900, 787, 2, 863, 71, 489, 294, 37, 405, 341, 800, 907, 520, 668, 8, 416, 922, 141, 615, 87, 293, 966, 
396, 454, 96, 1, 104, 493, 421, 252, 428, 55, 433, 753, 88, 464, 44, 150, 165, 384, 480, 271, 534, 765, 76, 156, 487, 56, 548, 625, 770, 70, 763, 179, -1, 90, 78, 573, 716, 246, 124, 38, 67, 406, 577, 161, 164, 581, 180, 747, 150, 656, 62, 68, 339, 726, 81, 652, 348, 391, 589, 109, 156, 55, 274, 417, 486, 548, 304, 621, 709, 391, 265, 789, 721, 608, 177, 684, 108, 310, 115, 142, 226, 162, 621, 728, 341, 489, 171, 237, 743, 38, 436, 92, 114, 787, 
306, 364, 186, 91, 194, 403, 331, 162, 338, 35, 343, 663, 178, 374, 46, 60, 255, 294, 390, 181, 444, 675, 14, 246, 397, 146, 458, 535, 680, 20, 673, 269, 90, -1, 12, 483, 626, 156, 214, 52, 23, 316, 487, 251, 74, 491, 270, 657, 60, 566, 152, 158, 249, 636, 9, 562, 258, 301, 499, 199, 66, 35, 184, 327, 396, 458, 214, 531, 619, 301, 175, 699, 631, 518, 267, 594, 198, 220, 25, 232, 136, 72, 531, 638, 251, 399, 261, 147, 653, 128, 346, 182, 24, 697, 
318, 376, 174, 79, 182, 415, 343, 174, 350, 23, 355, 675, 166, 386, 34, 72, 243, 306, 402, 193, 456, 687, 2, 234, 409, 134, 470, 547, 692, 8, 685, 257, 78, 12, -1, 495, 638, 168, 202, 40, 11, 328, 499, 239, 86, 503, 258, 669, 72, 578, 140, 146, 261, 648, 3, 574, 270, 313, 511, 187, 78, 23, 196, 339, 408, 470, 226, 543, 631, 313, 187, 711, 643, 530, 255, 606, 186, 232, 37, 220, 148, 84, 543, 650, 263, 411, 249, 159, 665, 116, 358, 170, 36, 709, 
177, 119, 669, 574, 677, 80, 152, 321, 145, 518, 140, 180, 661, 109, 529, 423, 738, 189, 93, 302, 39, 192, 497, 729, 86, 629, 25, 52, 197, 503, 190, 752, 573, 483, 495, -1, 143, 327, 697, 535, 506, 167, 4, 734, 409, 8, 753, 174, 423, 83, 635, 641, 234, 153, 492, 79, 225, 182, 16, 682, 417, 518, 299, 156, 87, 25, 269, 48, 136, 182, 308, 216, 148, 35, 750, 111, 681, 263, 458, 715, 347, 411, 48, 155, 232, 84, 744, 336, 170, 611, 137, 665, 459, 214, 
320, 262, 812, 717, 820, 223, 295, 464, 288, 661, 283, 37, 804, 252, 672, 566, 881, 332, 236, 445, 182, 49, 640, 872, 229, 772, 168, 91, 54, 646, 47, 895, 716, 626, 638, 143, -1, 470, 840, 678, 649, 310, 139, 877, 552, 135, 896, 31, 566, 60, 778, 784, 377, 10, 635, 64, 368, 325, 127, 825, 560, 661, 442, 299, 230, 168, 412, 95, 7, 325, 451, 73, 5, 108, 893, 32, 824, 406, 601, 858, 490, 554, 95, 12, 375, 227, 887, 479, 27, 754, 280, 808, 602, 71, 
150, 208, 342, 247, 350, 247, 175, 6, 182, 191, 187, 507, 334, 218, 202, 96, 411, 138, 234, 25, 288, 519, 170, 402, 241, 302, 302, 379, 524, 176, 517, 425, 246, 156, 168, 327, 470, -1, 370, 208, 179, 160, 331, 407, 82, 335, 426, 501, 96, 410, 308, 314, 93, 480, 165, 406, 102, 145, 343, 355, 90, 191, 28, 171, 240, 302, 58, 375, 463, 145, 19, 543, 475, 362, 423, 438, 354, 64, 131, 388, 20, 84, 375, 482, 95, 243, 417, 9, 497, 284, 190, 338, 132, 541, 
520, 578, 28, 123, 20, 617, 545, 376, 552, 179, 557, 877, 36, 588, 168, 274, 41, 508, 604, 395, 658, 889, 200, 32, 611, 68, 672, 749, 894, 194, 887, 55, 124, 214, 202, 697, 840, 370, -1, 162, 191, 530, 701, 37, 288, 705, 56, 871, 274, 780, 62, 56, 463, 850, 205, 776, 472, 515, 713, 15, 280, 179, 398, 541, 610, 672, 428, 745, 833, 515, 389, 913, 845, 732, 53, 808, 16, 434, 239, 18, 350, 286, 745, 852, 465, 613, 47, 361, 867, 86, 560, 32, 238, 911, 
358, 416, 134, 39, 142, 455, 383, 214, 390, 17, 395, 715, 126, 426, 6, 112, 203, 346, 442, 233, 496, 727, 38, 194, 449, 94, 510, 587, 732, 32, 725, 217, 38, 52, 40, 535, 678, 208, 162, -1, 29, 368, 539, 199, 126, 543, 218, 709, 112, 618, 100, 106, 301, 688, 43, 614, 310, 353, 551, 147, 118, 17, 236, 379, 448, 510, 266, 583, 671, 353, 227, 751, 683, 570, 215, 646, 146, 272, 77, 180, 188, 124, 583, 690, 303, 451, 209, 199, 705, 76, 398, 130, 76, 749, 
329, 387, 163, 68, 171, 426, 354, 185, 361, 12, 366, 686, 155, 397, 23, 83, 232, 317, 413, 204, 467, 698, 9, 223, 420, 123, 481, 558, 703, 3, 696, 246, 67, 23, 11, 506, 649, 179, 191, 29, -1, 339, 510, 228, 97, 514, 247, 680, 83, 589, 129, 135, 272, 659, 14, 585, 281, 324, 522, 176, 89, 12, 207, 350, 419, 481, 237, 554, 642, 324, 198, 722, 654, 541, 244, 617, 175, 243, 48, 209, 159, 95, 554, 661, 274, 422, 238, 170, 676, 105, 369, 159, 47, 720, 
10, 48, 502, 407, 510, 87, 15, 154, 22, 351, 27, 347, 494, 58, 362, 256, 571, 22, 74, 135, 128, 359, 330, 562, 81, 462, 142, 219, 364, 336, 357, 585, 406, 316, 328, 167, 310, 160, 530, 368, 339, -1, 171, 567, 242, 175, 586, 341, 256, 250, 468, 474, 67, 320, 325, 246, 58, 15, 183, 515, 250, 351, 132, 11, 80, 142, 102, 215, 303, 15, 141, 383, 315, 202, 583, 278, 514, 96, 291, 548, 180, 244, 215, 322, 65, 83, 577, 169, 337, 444, 30, 498, 292, 381, 
181, 123, 673, 578, 681, 84, 156, 325, 149, 522, 144, 176, 665, 113, 533, 427, 742, 193, 97, 306, 43, 188, 501, 733, 90, 633, 29, 48, 193, 507, 186, 756, 577, 487, 499, 4, 139, 331, 701, 539, 510, 171, -1, 738, 413, 4, 757, 170, 427, 79, 639, 645, 238, 149, 496, 75, 229, 186, 12, 686, 421, 522, 303, 160, 91, 29, 273, 44, 132, 186, 312, 212, 144, 31, 754, 107, 685, 267, 462, 719, 351, 415, 44, 151, 236, 88, 748, 340, 166, 615, 141, 669, 463, 210, 
557, 615, 65, 160, 57, 654, 582, 413, 589, 216, 594, 914, 73, 625, 205, 311, 4, 545, 641, 432, 695, 926, 237, 5, 648, 105, 709, 786, 931, 231, 924, 18, 161, 251, 239, 734, 877, 407, 37, 199, 228, 567, 738, -1, 325, 742, 19, 908, 311, 817, 99, 93, 500, 887, 242, 813, 509, 552, 750, 52, 317, 216, 435, 578, 647, 709, 465, 782, 870, 552, 426, 950, 882, 769, 16, 845, 53, 471, 276, 19, 387, 323, 782, 889, 502, 650, 10, 398, 904, 123, 597, 69, 275, 948, 
232, 290, 260, 165, 268, 329, 257, 88, 264, 109, 269, 589, 252, 300, 120, 14, 329, 220, 316, 107, 370, 601, 88, 320, 323, 220, 384, 461, 606, 94, 599, 343, 164, 74, 86, 409, 552, 82, 288, 126, 97, 242, 413, 325, -1, 417, 344, 583, 14, 492, 226, 232, 175, 562, 83, 488, 184, 227, 425, 273, 8, 109, 110, 253, 322, 384, 140, 457, 545, 227, 101, 625, 557, 444, 341, 520, 272, 146, 49, 306, 62, 2, 457, 564, 177, 325, 335, 73, 579, 202, 272, 256, 50, 623, 
185, 127, 677, 582, 685, 88, 160, 329, 153, 526, 148, 172, 669, 117, 537, 431, 746, 197, 101, 310, 47, 184, 505, 737, 94, 637, 33, 44, 189, 511, 182, 760, 581, 491, 503, 8, 135, 335, 705, 543, 514, 175, 4, 742, 417, -1, 761, 166, 431, 75, 643, 649, 242, 145, 500, 71, 233, 190, 8, 690, 425, 526, 307, 164, 95, 33, 277, 40, 128, 190, 316, 208, 140, 27, 758, 103, 689, 271, 466, 723, 355, 419, 40, 147, 240, 92, 752, 344, 162, 619, 145, 673, 467, 206, 
576, 634, 84, 179, 76, 673, 601, 432, 608, 235, 613, 933, 92, 644, 224, 330, 15, 564, 660, 451, 714, 945, 256, 24, 667, 124, 728, 805, 950, 250, 943, 1, 180, 270, 258, 753, 896, 426, 56, 218, 247, 586, 757, 19, 344, 761, -1, 927, 330, 836, 118, 112, 519, 906, 261, 832, 528, 571, 769, 71, 336, 235, 454, 597, 666, 728, 484, 801, 889, 571, 445, 969, 901, 788, 3, 864, 72, 490, 295, 38, 406, 342, 801, 908, 521, 669, 9, 417, 923, 142, 616, 88, 294, 967, 
351, 293, 843, 748, 851, 254, 326, 495, 319, 692, 314, 6, 835, 283, 703, 597, 912, 363, 267, 476, 213, 18, 671, 903, 260, 803, 199, 122, 23, 677, 16, 926, 747, 657, 669, 174, 31, 501, 871, 709, 680, 341, 170, 908, 583, 166, 927, -1, 597, 91, 809, 815, 408, 21, 666, 95, 399, 356, 158, 856, 591, 692, 473, 330, 261, 199, 443, 126, 38, 356, 482, 42, 26, 139, 924, 63, 855, 437, 632, 889, 521, 585, 126, 19, 406, 258, 918, 510, 4, 785, 311, 839, 633, 40, 
246, 304, 246, 151, 254, 343, 271, 102, 278, 95, 283, 603, 238, 314, 106, 0, 315, 234, 330, 121, 384, 615, 74, 306, 337, 206, 398, 475, 620, 80, 613, 329, 150, 60, 72, 423, 566, 96, 274, 112, 83, 256, 427, 311, 14, 431, 330, 597, -1, 506, 212, 218, 189, 576, 69, 502, 198, 241, 439, 259, 6, 95, 124, 267, 336, 398, 154, 471, 559, 241, 115, 639, 571, 458, 327, 534, 258, 160, 35, 292, 76, 12, 471, 578, 191, 339, 321, 87, 593, 188, 286, 242, 36, 637, 
260, 202, 752, 657, 760, 163, 235, 404, 228, 601, 223, 97, 744, 192, 612, 506, 821, 272, 176, 385, 122, 109, 580, 812, 169, 712, 108, 31, 114, 586, 107, 835, 656, 566, 578, 83, 60, 410, 780, 618, 589, 250, 79, 817, 492, 75, 836, 91, 506, -1, 718, 724, 317, 70, 575, 4, 308, 265, 67, 765, 500, 601, 382, 239, 170, 108, 352, 35, 53, 265, 391, 133, 65, 48, 833, 28, 764, 346, 541, 798, 430, 494, 35, 72, 315, 167, 827, 419, 87, 694, 220, 748, 542, 131, 
458, 516, 34, 61, 42, 555, 483, 314, 490, 117, 495, 815, 26, 526, 106, 212, 103, 446, 542, 333, 596, 827, 138, 94, 549, 6, 610, 687, 832, 132, 825, 117, 62, 152, 140, 635, 778, 308, 62, 100, 129, 468, 639, 99, 226, 643, 118, 809, 212, 718, -1, 6, 401, 788, 143, 714, 410, 453, 651, 47, 218, 117, 336, 479, 548, 610, 366, 683, 771, 453, 327, 851, 783, 670, 115, 746, 46, 372, 177, 80, 288, 224, 683, 790, 403, 551, 109, 299, 805, 24, 498, 30, 176, 849, 
464, 522, 28, 67, 36, 561, 489, 320, 496, 123, 501, 821, 20, 532, 112, 218, 97, 452, 548, 339, 602, 833, 144, 88, 555, 12, 616, 693, 838, 138, 831, 111, 68, 158, 146, 641, 784, 314, 56, 106, 135, 474, 645, 93, 232, 649, 112, 815, 218, 724, 6, -1, 407, 794, 149, 720, 416, 459, 657, 41, 224, 123, 342, 485, 554, 616, 372, 689, 777, 459, 333, 857, 789, 676, 109, 752, 40, 378, 183, 74, 294, 230, 689, 796, 409, 557, 103, 305, 811, 30, 504, 24, 182, 855, 
57, 115, 435, 340, 443, 154, 82, 87, 89, 284, 94, 414, 427, 125, 295, 189, 504, 45, 141, 68, 195, 426, 263, 495, 148, 395, 209, 286, 431, 269, 424, 518, 339, 249, 261, 234, 377, 93, 463, 301, 272, 67, 238, 500, 175, 242, 519, 408, 189, 317, 401, 407, -1, 387, 258, 313, 9, 52, 250, 448, 183, 284, 65, 78, 147, 209, 35, 282, 370, 52, 74, 450, 382, 269, 516, 345, 447, 29, 224, 481, 113, 177, 282, 389, 2, 150, 510, 102, 404, 377, 97, 431, 225, 448, 
330, 272, 822, 727, 830, 233, 305, 474, 298, 671, 293, 27, 814, 262, 682, 576, 891, 342, 246, 455, 192, 39, 650, 882, 239, 782, 178, 101, 44, 656, 37, 905, 726, 636, 648, 153, 10, 480, 850, 688, 659, 320, 149, 887, 562, 145, 906, 21, 576, 70, 788, 794, 387, -1, 645, 74, 378, 335, 137, 835, 570, 671, 452, 309, 240, 178, 422, 105, 17, 335, 461, 63, 5, 118, 903, 42, 834, 416, 611, 868, 500, 564, 105, 2, 385, 237, 897, 489, 17, 764, 290, 818, 612, 61, 
315, 373, 177, 82, 185, 412, 340, 171, 347, 26, 352, 672, 169, 383, 37, 69, 246, 303, 399, 190, 453, 684, 5, 237, 406, 137, 467, 544, 689, 11, 682, 260, 81, 9, 3, 492, 635, 165, 205, 43, 14, 325, 496, 242, 83, 500, 261, 666, 69, 575, 143, 149, 258, 645, -1, 571, 267, 310, 508, 190, 75, 26, 193, 336, 405, 467, 223, 540, 628, 310, 184, 708, 640, 527, 258, 603, 189, 229, 34, 223, 145, 81, 540, 647, 260, 408, 252, 156, 662, 119, 355, 173, 33, 706, 
256, 198, 748, 653, 756, 159, 231, 400, 224, 597, 219, 101, 740, 188, 608, 502, 817, 268, 172, 381, 118, 113, 576, 808, 165, 708, 104, 27, 118, 582, 111, 831, 652, 562, 574, 79, 64, 406, 776, 614, 585, 246, 75, 813, 488, 71, 832, 95, 502, 4, 714, 720, 313, 74, 571, -1, 304, 261, 63, 761, 496, 597, 378, 235, 166, 104, 348, 31, 57, 261, 387, 137, 69, 44, 829, 32, 760, 342, 537, 794, 426, 490, 31, 76, 311, 163, 823, 415, 91, 690, 216, 744, 538, 135, 
48, 106, 444, 349, 452, 145, 73, 96, 80, 293, 85, 405, 436, 116, 304, 198, 513, 36, 132, 77, 186, 417, 272, 504, 139, 404, 200, 277, 422, 278, 415, 527, 348, 258, 270, 225, 368, 102, 472, 310, 281, 58, 229, 509, 184, 233, 528, 399, 198, 308, 410, 416, 9, 378, 267, 304, -1, 43, 241, 457, 192, 293, 74, 69, 138, 200, 44, 273, 361, 43, 83, 441, 373, 260, 525, 336, 456, 38, 233, 490, 122, 186, 273, 380, 7, 141, 519, 111, 395, 386, 88, 440, 234, 439, 
5, 63, 487, 392, 495, 102, 30, 139, 37, 336, 42, 362, 479, 73, 347, 241, 556, 7, 89, 120, 143, 374, 315, 547, 96, 447, 157, 234, 379, 321, 372, 570, 391, 301, 313, 182, 325, 145, 515, 353, 324, 15, 186, 552, 227, 190, 571, 356, 241, 265, 453, 459, 52, 335, 310, 261, 43, -1, 198, 500, 235, 336, 117, 26, 95, 157, 87, 230, 318, 0, 126, 398, 330, 217, 568, 293, 499, 81, 276, 533, 165, 229, 230, 337, 50, 98, 562, 154, 352, 429, 45, 483, 277, 396, 
193, 135, 685, 590, 693, 96, 168, 337, 161, 534, 156, 164, 677, 125, 545, 439, 754, 205, 109, 318, 55, 176, 513, 745, 102, 645, 41, 36, 181, 519, 174, 768, 589, 499, 511, 16, 127, 343, 713, 551, 522, 183, 12, 750, 425, 8, 769, 158, 439, 67, 651, 657, 250, 137, 508, 63, 241, 198, -1, 698, 433, 534, 315, 172, 103, 41, 285, 32, 120, 198, 324, 200, 132, 19, 766, 95, 697, 279, 474, 731, 363, 427, 32, 139, 248, 100, 760, 352, 154, 627, 153, 681, 475, 198, 
505, 563, 13, 108, 5, 602, 530, 361, 537, 164, 542, 862, 21, 573, 153, 259, 56, 493, 589, 380, 643, 874, 185, 47, 596, 53, 657, 734, 879, 179, 872, 70, 109, 199, 187, 682, 825, 355, 15, 147, 176, 515, 686, 52, 273, 690, 71, 856, 259, 765, 47, 41, 448, 835, 190, 761, 457, 500, 698, -1, 265, 164, 383, 526, 595, 657, 413, 730, 818, 500, 374, 898, 830, 717, 68, 793, 1, 419, 224, 33, 335, 271, 730, 837, 450, 598, 62, 346, 852, 71, 545, 17, 223, 896, 
240, 298, 252, 157, 260, 337, 265, 96, 272, 101, 277, 597, 244, 308, 112, 6, 321, 228, 324, 115, 378, 609, 80, 312, 331, 212, 392, 469, 614, 86, 607, 335, 156, 66, 78, 417, 560, 90, 280, 118, 89, 250, 421, 317, 8, 425, 336, 591, 6, 500, 218, 224, 183, 570, 75, 496, 192, 235, 433, 265, -1, 101, 118, 261, 330, 392, 148, 465, 553, 235, 109, 633, 565, 452, 333, 528, 264, 154, 41, 298, 70, 6, 465, 572, 185, 333, 327, 81, 587, 194, 280, 248, 42, 631, 
341, 399, 151, 56, 159, 438, 366, 197, 373, 0, 378, 698, 143, 409, 11, 95, 220, 329, 425, 216, 479, 710, 21, 211, 432, 111, 493, 570, 715, 15, 708, 234, 55, 35, 23, 518, 661, 191, 179, 17, 12, 351, 522, 216, 109, 526, 235, 692, 95, 601, 117, 123, 284, 671, 26, 597, 293, 336, 534, 164, 101, -1, 219, 362, 431, 493, 249, 566, 654, 336, 210, 734, 666, 553, 232, 629, 163, 255, 60, 197, 171, 107, 566, 673, 286, 434, 226, 182, 688, 93, 381, 147, 59, 732, 
122, 180, 370, 275, 378, 219, 147, 22, 154, 219, 159, 479, 362, 190, 230, 124, 439, 110, 206, 3, 260, 491, 198, 430, 213, 330, 274, 351, 496, 204, 489, 453, 274, 184, 196, 299, 442, 28, 398, 236, 207, 132, 303, 435, 110, 307, 454, 473, 124, 382, 336, 342, 65, 452, 193, 378, 74, 117, 315, 383, 118, 219, -1, 143, 212, 274, 30, 347, 435, 117, 9, 515, 447, 334, 451, 410, 382, 36, 159, 416, 48, 112, 347, 454, 67, 215, 445, 37, 469, 312, 162, 366, 160, 513, 
21, 37, 513, 418, 521, 76, 4, 165, 11, 362, 16, 336, 505, 47, 373, 267, 582, 33, 63, 146, 117, 348, 341, 573, 70, 473, 131, 208, 353, 347, 346, 596, 417, 327, 339, 156, 299, 171, 541, 379, 350, 11, 160, 578, 253, 164, 597, 330, 267, 239, 479, 485, 78, 309, 336, 235, 69, 26, 172, 526, 261, 362, 143, -1, 69, 131, 113, 204, 292, 26, 152, 372, 304, 191, 594, 267, 525, 107, 302, 559, 191, 255, 204, 311, 76, 72, 588, 180, 326, 455, 19, 509, 303, 370, 
90, 32, 582, 487, 590, 7, 65, 234, 58, 431, 53, 267, 574, 22, 442, 336, 651, 102, 6, 215, 48, 279, 410, 642, 1, 542, 62, 139, 284, 416, 277, 665, 486, 396, 408, 87, 230, 240, 610, 448, 419, 80, 91, 647, 322, 95, 666, 261, 336, 170, 548, 554, 147, 240, 405, 166, 138, 95, 103, 595, 330, 431, 212, 69, -1, 62, 182, 135, 223, 95, 221, 303, 235, 122, 663, 198, 594, 176, 371, 628, 260, 324, 135, 242, 145, 3, 657, 249, 257, 524, 50, 578, 372, 301, 
152, 94, 644, 549, 652, 55, 127, 296, 120, 493, 115, 205, 636, 84, 504, 398, 713, 164, 68, 277, 14, 217, 472, 704, 61, 604, 0, 77, 222, 478, 215, 727, 548, 458, 470, 25, 168, 302, 672, 510, 481, 142, 29, 709, 384, 33, 728, 199, 398, 108, 610, 616, 209, 178, 467, 104, 200, 157, 41, 657, 392, 493, 274, 131, 62, -1, 244, 73, 161, 157, 283, 241, 173, 60, 725, 136, 656, 238, 433, 690, 322, 386, 73, 180, 207, 59, 719, 311, 195, 586, 112, 640, 434, 239, 
92, 150, 400, 305, 408, 189, 117, 52, 124, 249, 129, 449, 392, 160, 260, 154, 469, 80, 176, 33, 230, 461, 228, 460, 183, 360, 244, 321, 466, 234, 459, 483, 304, 214, 226, 269, 412, 58, 428, 266, 237, 102, 273, 465, 140, 277, 484, 443, 154, 352, 366, 372, 35, 422, 223, 348, 44, 87, 285, 413, 148, 249, 30, 113, 182, 244, -1, 317, 405, 87, 39, 485, 417, 304, 481, 380, 412, 6, 189, 446, 78, 142, 317, 424, 37, 185, 475, 67, 439, 342, 132, 396, 190, 483, 
225, 167, 717, 622, 725, 128, 200, 369, 193, 566, 188, 132, 709, 157, 577, 471, 786, 237, 141, 350, 87, 144, 545, 777, 134, 677, 73, 4, 149, 551, 142, 800, 621, 531, 543, 48, 95, 375, 745, 583, 554, 215, 44, 782, 457, 40, 801, 126, 471, 35, 683, 689, 282, 105, 540, 31, 273, 230, 32, 730, 465, 566, 347, 204, 135, 73, 317, -1, 88, 230, 356, 168, 100, 13, 798, 63, 729, 311, 506, 763, 395, 459, 0, 107, 280, 132, 792, 384, 122, 659, 185, 713, 507, 166, 
313, 255, 805, 710, 813, 216, 288, 457, 281, 654, 276, 44, 797, 245, 665, 559, 874, 325, 229, 438, 175, 56, 633, 865, 222, 765, 161, 84, 61, 639, 54, 888, 709, 619, 631, 136, 7, 463, 833, 671, 642, 303, 132, 870, 545, 128, 889, 38, 559, 53, 771, 777, 370, 17, 628, 57, 361, 318, 120, 818, 553, 654, 435, 292, 223, 161, 405, 88, -1, 318, 444, 80, 12, 101, 886, 25, 817, 399, 594, 851, 483, 547, 88, 19, 368, 220, 880, 472, 34, 747, 273, 801, 595, 78, 
5, 63, 487, 392, 495, 102, 30, 139, 37, 336, 42, 362, 479, 73, 347, 241, 556, 7, 89, 120, 143, 374, 315, 547, 96, 447, 157, 234, 379, 321, 372, 570, 391, 301, 313, 182, 325, 145, 515, 353, 324, 15, 186, 552, 227, 190, 571, 356, 241, 265, 453, 459, 52, 335, 310, 261, 43, 0, 198, 500, 235, 336, 117, 26, 95, 157, 87, 230, 318, -1, 126, 398, 330, 217, 568, 293, 499, 81, 276, 533, 165, 229, 230, 337, 50, 98, 562, 154, 352, 429, 45, 483, 277, 396, 
131, 189, 361, 266, 369, 228, 156, 13, 163, 210, 168, 488, 353, 199, 221, 115, 430, 119, 215, 6, 269, 500, 189, 421, 222, 321, 283, 360, 505, 195, 498, 444, 265, 175, 187, 308, 451, 19, 389, 227, 198, 141, 312, 426, 101, 316, 445, 482, 115, 391, 327, 333, 74, 461, 184, 387, 83, 126, 324, 374, 109, 210, 9, 152, 221, 283, 39, 356, 444, 126, -1, 524, 456, 343, 442, 419, 373, 45, 150, 407, 39, 103, 356, 463, 76, 224, 436, 28, 478, 303, 171, 357, 151, 522, 
393, 335, 885, 790, 893, 296, 368, 537, 361, 734, 356, 36, 877, 325, 745, 639, 954, 405, 309, 518, 255, 24, 713, 945, 302, 845, 241, 164, 19, 719, 26, 968, 789, 699, 711, 216, 73, 543, 913, 751, 722, 383, 212, 950, 625, 208, 969, 42, 639, 133, 851, 857, 450, 63, 708, 137, 441, 398, 200, 898, 633, 734, 515, 372, 303, 241, 485, 168, 80, 398, 524, -1, 68, 181, 966, 105, 897, 479, 674, 931, 563, 627, 168, 61, 448, 300, 960, 552, 46, 827, 353, 881, 675, 2, 
325, 267, 817, 722, 825, 228, 300, 469, 293, 666, 288, 32, 809, 257, 677, 571, 886, 337, 241, 450, 187, 44, 645, 877, 234, 777, 173, 96, 49, 651, 42, 900, 721, 631, 643, 148, 5, 475, 845, 683, 654, 315, 144, 882, 557, 140, 901, 26, 571, 65, 783, 789, 382, 5, 640, 69, 373, 330, 132, 830, 565, 666, 447, 304, 235, 173, 417, 100, 12, 330, 456, 68, -1, 113, 898, 37, 829, 411, 606, 863, 495, 559, 100, 7, 380, 232, 892, 484, 22, 759, 285, 813, 607, 66, 
212, 154, 704, 609, 712, 115, 187, 356, 180, 553, 175, 145, 696, 144, 564, 458, 773, 224, 128, 337, 74, 157, 532, 764, 121, 664, 60, 17, 162, 538, 155, 787, 608, 518, 530, 35, 108, 362, 732, 570, 541, 202, 31, 769, 444, 27, 788, 139, 458, 48, 670, 676, 269, 118, 527, 44, 260, 217, 19, 717, 452, 553, 334, 191, 122, 60, 304, 13, 101, 217, 343, 181, 113, -1, 785, 76, 716, 298, 493, 750, 382, 446, 13, 120, 267, 119, 779, 371, 135, 646, 172, 700, 494, 179, 
573, 631, 81, 176, 73, 670, 598, 429, 605, 232, 610, 930, 89, 641, 221, 327, 12, 561, 657, 448, 711, 942, 253, 21, 664, 121, 725, 802, 947, 247, 940, 2, 177, 267, 255, 750, 893, 423, 53, 215, 244, 583, 754, 16, 341, 758, 3, 924, 327, 833, 115, 109, 516, 903, 258, 829, 525, 568, 766, 68, 333, 232, 451, 594, 663, 725, 481, 798, 886, 568, 442, 966, 898, 785, -1, 861, 69, 487, 292, 35, 403, 339, 798, 905, 518, 666, 6, 414, 920, 139, 613, 85, 291, 964, 
288, 230, 780, 685, 788, 191, 263, 432, 256, 629, 251, 69, 772, 220, 640, 534, 849, 300, 204, 413, 150, 81, 608, 840, 197, 740, 136, 59, 86, 614, 79, 863, 684, 594, 606, 111, 32, 438, 808, 646, 617, 278, 107, 845, 520, 103, 864, 63, 534, 28, 746, 752, 345, 42, 603, 32, 336, 293, 95, 793, 528, 629, 410, 267, 198, 136, 380, 63, 25, 293, 419, 105, 37, 76, 861, -1, 792, 374, 569, 826, 458, 522, 63, 44, 343, 195, 855, 447, 59, 722, 248, 776, 570, 103, 
504, 562, 12, 107, 4, 601, 529, 360, 536, 163, 541, 861, 20, 572, 152, 258, 57, 492, 588, 379, 642, 873, 184, 48, 595, 52, 656, 733, 878, 178, 871, 71, 108, 198, 186, 681, 824, 354, 16, 146, 175, 514, 685, 53, 272, 689, 72, 855, 258, 764, 46, 40, 447, 834, 189, 760, 456, 499, 697, 1, 264, 163, 382, 525, 594, 656, 412, 729, 817, 499, 373, 897, 829, 716, 69, 792, -1, 418, 223, 34, 334, 270, 729, 836, 449, 597, 63, 345, 851, 70, 544, 16, 222, 895, 
86, 144, 406, 311, 414, 183, 111, 58, 118, 255, 123, 443, 398, 154, 266, 160, 475, 74, 170, 39, 224, 455, 234, 466, 177, 366, 238, 315, 460, 240, 453, 489, 310, 220, 232, 263, 406, 64, 434, 272, 243, 96, 267, 471, 146, 271, 490, 437, 160, 346, 372, 378, 29, 416, 229, 342, 38, 81, 279, 419, 154, 255, 36, 107, 176, 238, 6, 311, 399, 81, 45, 479, 411, 298, 487, 374, 418, -1, 195, 452, 84, 148, 311, 418, 31, 179, 481, 73, 433, 348, 126, 402, 196, 477, 
281, 339, 211, 116, 219, 378, 306, 137, 313, 60, 318, 638, 203, 349, 71, 35, 280, 269, 365, 156, 419, 650, 39, 271, 372, 171, 433, 510, 655, 45, 648, 294, 115, 25, 37, 458, 601, 131, 239, 77, 48, 291, 462, 276, 49, 466, 295, 632, 35, 541, 177, 183, 224, 611, 34, 537, 233, 276, 474, 224, 41, 60, 159, 302, 371, 433, 189, 506, 594, 276, 150, 674, 606, 493, 292, 569, 223, 195, -1, 257, 111, 47, 506, 613, 226, 374, 286, 122, 628, 153, 321, 207, 1, 672, 
538, 596, 46, 141, 38, 635, 563, 394, 570, 197, 575, 895, 54, 606, 186, 292, 23, 526, 622, 413, 676, 907, 218, 14, 629, 86, 690, 767, 912, 212, 905, 37, 142, 232, 220, 715, 858, 388, 18, 180, 209, 548, 719, 19, 306, 723, 38, 889, 292, 798, 80, 74, 481, 868, 223, 794, 490, 533, 731, 33, 298, 197, 416, 559, 628, 690, 446, 763, 851, 533, 407, 931, 863, 750, 35, 826, 34, 452, 257, -1, 368, 304, 763, 870, 483, 631, 29, 379, 885, 104, 578, 50, 256, 929, 
170, 228, 322, 227, 330, 267, 195, 26, 202, 171, 207, 527, 314, 238, 182, 76, 391, 158, 254, 45, 308, 539, 150, 382, 261, 282, 322, 399, 544, 156, 537, 405, 226, 136, 148, 347, 490, 20, 350, 188, 159, 180, 351, 387, 62, 355, 406, 521, 76, 430, 288, 294, 113, 500, 145, 426, 122, 165, 363, 335, 70, 171, 48, 191, 260, 322, 78, 395, 483, 165, 39, 563, 495, 382, 403, 458, 334, 84, 111, 368, -1, 64, 395, 502, 115, 263, 397, 11, 517, 264, 210, 318, 112, 561, 
234, 292, 258, 163, 266, 331, 259, 90, 266, 107, 271, 591, 250, 302, 118, 12, 327, 222, 318, 109, 372, 603, 86, 318, 325, 218, 386, 463, 608, 92, 601, 341, 162, 72, 84, 411, 554, 84, 286, 124, 95, 244, 415, 323, 2, 419, 342, 585, 12, 494, 224, 230, 177, 564, 81, 490, 186, 229, 427, 271, 6, 107, 112, 255, 324, 386, 142, 459, 547, 229, 103, 627, 559, 446, 339, 522, 270, 148, 47, 304, 64, -1, 459, 566, 179, 327, 333, 75, 581, 200, 274, 254, 48, 625, 
225, 167, 717, 622, 725, 128, 200, 369, 193, 566, 188, 132, 709, 157, 577, 471, 786, 237, 141, 350, 87, 144, 545, 777, 134, 677, 73, 4, 149, 551, 142, 800, 621, 531, 543, 48, 95, 375, 745, 583, 554, 215, 44, 782, 457, 40, 801, 126, 471, 35, 683, 689, 282, 105, 540, 31, 273, 230, 32, 730, 465, 566, 347, 204, 135, 73, 317, 0, 88, 230, 356, 168, 100, 13, 798, 63, 729, 311, 506, 763, 395, 459, -1, 107, 280, 132, 792, 384, 122, 659, 185, 713, 507, 166, 
332, 274, 824, 729, 832, 235, 307, 476, 300, 673, 295, 25, 816, 264, 684, 578, 893, 344, 248, 457, 194, 37, 652, 884, 241, 784, 180, 103, 42, 658, 35, 907, 728, 638, 650, 155, 12, 482, 852, 690, 661, 322, 151, 889, 564, 147, 908, 19, 578, 72, 790, 796, 389, 2, 647, 76, 380, 337, 139, 837, 572, 673, 454, 311, 242, 180, 424, 107, 19, 337, 463, 61, 7, 120, 905, 44, 836, 418, 613, 870, 502, 566, 107, -1, 387, 239, 899, 491, 15, 766, 292, 820, 614, 59, 
55, 113, 437, 342, 445, 152, 80, 89, 87, 286, 92, 412, 429, 123, 297, 191, 506, 43, 139, 70, 193, 424, 265, 497, 146, 397, 207, 284, 429, 271, 422, 520, 341, 251, 263, 232, 375, 95, 465, 303, 274, 65, 236, 502, 177, 240, 521, 406, 191, 315, 403, 409, 2, 385, 260, 311, 7, 50, 248, 450, 185, 286, 67, 76, 145, 207, 37, 280, 368, 50, 76, 448, 380, 267, 518, 343, 449, 31, 226, 483, 115, 179, 280, 387, -1, 148, 512, 104, 402, 379, 95, 433, 227, 446, 
93, 35, 585, 490, 593, 4, 68, 237, 61, 434, 56, 264, 577, 25, 445, 339, 654, 105, 9, 218, 45, 276, 413, 645, 2, 545, 59, 136, 281, 419, 274, 668, 489, 399, 411, 84, 227, 243, 613, 451, 422, 83, 88, 650, 325, 92, 669, 258, 339, 167, 551, 557, 150, 237, 408, 163, 141, 98, 100, 598, 333, 434, 215, 72, 3, 59, 185, 132, 220, 98, 224, 300, 232, 119, 666, 195, 597, 179, 374, 631, 263, 327, 132, 239, 148, -1, 660, 252, 254, 527, 53, 581, 375, 298, 
567, 625, 75, 170, 67, 664, 592, 423, 599, 226, 604, 924, 83, 635, 215, 321, 6, 555, 651, 442, 705, 936, 247, 15, 658, 115, 719, 796, 941, 241, 934, 8, 171, 261, 249, 744, 887, 417, 47, 209, 238, 577, 748, 10, 335, 752, 9, 918, 321, 827, 109, 103, 510, 897, 252, 823, 519, 562, 760, 62, 327, 226, 445, 588, 657, 719, 475, 792, 880, 562, 436, 960, 892, 779, 6, 855, 63, 481, 286, 29, 397, 333, 792, 899, 512, 660, -1, 408, 914, 133, 607, 79, 285, 958, 
159, 217, 333, 238, 341, 256, 184, 15, 191, 182, 196, 516, 325, 227, 193, 87, 402, 147, 243, 34, 297, 528, 161, 393, 250, 293, 311, 388, 533, 167, 526, 416, 237, 147, 159, 336, 479, 9, 361, 199, 170, 169, 340, 398, 73, 344, 417, 510, 87, 419, 299, 305, 102, 489, 156, 415, 111, 154, 352, 346, 81, 182, 37, 180, 249, 311, 67, 384, 472, 154, 28, 552, 484, 371, 414, 447, 345, 73, 122, 379, 11, 75, 384, 491, 104, 252, 408, -1, 506, 275, 199, 329, 123, 550, 
