[-1, 231, 342, 547, 690, 225, 113, 642, 30, 559, 201, 661, 370, 187, 57, 816, 405, 264, 640, 46, 380, 888, 
231, -1, 111, 316, 459, 6, 118, 411, 261, 328, 30, 430, 139, 44, 288, 585, 174, 33, 409, 185, 149, 657, 
342, 111, -1, 205, 348, 117, 229, 300, 372, 217, 141, 319, 28, 155, 399, 474, 63, 78, 298, 296, 38, 546, 
547, 316, 205, -1, 143, 322, 434, 95, 577, 12, 346, 114, 177, 360, 604, 269, 142, 283, 93, 501, 167, 341, 
690, 459, 348, 143, -1, 465, 577, 48, 720, 131, 489, 29, 320, 503, 747, 126, 285, 426, 50, 644, 310, 198, 
225, 6, 117, 322, 465, -1, 112, 417, 255, 334, 24, 436, 145, 38, 282, 591, 180, 39, 415, 179, 155, 663, 
113, 118, 229, 434, 577, 112, -1, 529, 143, 446, 88, 548, 257, 74, 170, 703, 292, 151, 527, 67, 267, 775, 
642, 411, 300, 95, 48, 417, 529, -1, 672, 83, 441, 19, 272, 455, 699, 174, 237, 378, 2, 596, 262, 246, 
30, 261, 372, 577, 720, 255, 143, 672, -1, 589, 231, 691, 400, 217, 27, 846, 435, 294, 670, 76, 410, 918, 
559, 328, 217, 12, 131, 334, 446, 83, 589, -1, 358, 102, 189, 372, 616, 257, 154, 295, 81, 513, 179, 329, 
201, 30, 141, 346, 489, 24, 88, 441, 231, 358, -1, 460, 169, 14, 258, 615, 204, 63, 439, 155, 179, 687, 
661, 430, 319, 114, 29, 436, 548, 19, 691, 102, 460, -1, 291, 474, 718, 155, 256, 397, 21, 615, 281, 227, 
370, 139, 28, 177, 320, 145, 257, 272, 400, 189, 169, 291, -1, 183, 427, 446, 35, 106, 270, 324, 10, 518, 
187, 44, 155, 360, 503, 38, 74, 455, 217, 372, 14, 474, 183, -1, 244, 629, 218, 77, 453, 141, 193, 701, 
57, 288, 399, 604, 747, 282, 170, 699, 27, 616, 258, 718, 427, 244, -1, 873, 462, 321, 697, 103, 437, 945, 
816, 585, 474, 269, 126, 591, 703, 174, 846, 257, 615, 155, 446, 629, 873, -1, 411, 552, 176, 770, 436, 72, 
405, 174, 63, 142, 285, 180, 292, 237, 435, 154, 204, 256, 35, 218, 462, 411, -1, 141, 235, 359, 25, 483, 
264, 33, 78, 283, 426, 39, 151, 378, 294, 295, 63, 397, 106, 77, 321, 552, 141, -1, 376, 218, 116, 624, 
640, 409, 298, 93, 50, 415, 527, 2, 670, 81, 439, 21, 270, 453, 697, 176, 235, 376, -1, 594, 260, 248, 
46, 185, 296, 501, 644, 179, 67, 596, 76, 513, 155, 615, 324, 141, 103, 770, 359, 218, 594, -1, 334, 842, 
380, 149, 38, 167, 310, 155, 267, 262, 410, 179, 179, 281, 10, 193, 437, 436, 25, 116, 260, 334, -1, 508, 
888, 657, 546, 341, 198, 663, 775, 246, 918, 329, 687, 227, 518, 701, 945, 72, 483, 624, 248, 842, 508, -1]