[-1, 264, 632, 428, 363, 789, 190, 668, 470, 676, 649, 911, 702, 580, 698, 116, 506, 508, 729, 782, 162, 664, 302, 560, 927, 624, 751, 648, 363, 479, 837, 
264, -1, 831, 650, 316, 785, 438, 838, 530, 780, 746, 871, 826, 780, 590, 306, 583, 409, 902, 998, 383, 553, 492, 756, 876, 587, 825, 808, 329, 728, 986, 
632, 831, -1, 722, 702, 704, 596, 567, 464, 705, 706, 890, 481, 794, 831, 553, 705, 737, 239, 330, 586, 1122, 465, 614, 888, 820, 459, 969, 898, 268, 655, 
428, 650, 722, -1, 668, 1154, 247, 838, 816, 938, 921, 1297, 956, 561, 1104, 451, 817, 922, 791, 841, 446, 1012, 567, 671, 1315, 1016, 1039, 623, 691, 470, 1022, 
363, 316, 702, 668, -1, 759, 467, 918, 477, 905, 878, 895, 837, 938, 543, 290, 745, 401, 693, 958, 504, 839, 558, 872, 859, 726, 718, 1011, 618, 660, 1055, 
789, 785, 704, 1154, 759, -1, 919, 680, 345, 581, 572, 198, 420, 1053, 361, 746, 577, 418, 808, 785, 760, 837, 627, 816, 190, 395, 288, 1172, 822, 842, 671, 
190, 438, 596, 247, 467, 919, -1, 693, 583, 757, 736, 1058, 766, 532, 860, 211, 616, 676, 685, 743, 231, 822, 360, 557, 1074, 783, 831, 614, 506, 384, 873, 
668, 838, 567, 838, 918, 680, 693, -1, 555, 222, 242, 767, 295, 492, 894, 681, 340, 782, 804, 385, 518, 814, 373, 216, 849, 574, 633, 649, 687, 537, 188, 
470, 530, 464, 816, 477, 345, 583, 555, -1, 528, 510, 512, 381, 813, 394, 411, 449, 293, 573, 624, 457, 759, 342, 616, 509, 414, 298, 938, 614, 538, 638, 
676, 780, 705, 938, 905, 581, 757, 222, 528, -1, 37, 621, 314, 580, 787, 703, 205, 689, 925, 582, 541, 646, 412, 340, 721, 393, 633, 693, 598, 689, 263, 
649, 746, 706, 921, 878, 572, 736, 242, 510, 37, -1, 611, 325, 572, 763, 678, 169, 661, 923, 599, 516, 612, 392, 340, 710, 364, 631, 680, 563, 684, 298, 
911, 871, 890, 1297, 895, 198, 1058, 767, 512, 621, 611, -1, 537, 1140, 427, 886, 626, 511, 1006, 933, 876, 807, 754, 907, 133, 385, 480, 1241, 868, 1011, 734, 
702, 826, 481, 956, 837, 420, 766, 295, 381, 314, 325, 537, -1, 747, 693, 676, 409, 631, 685, 407, 599, 862, 420, 475, 598, 482, 357, 901, 765, 580, 287, 
580, 780, 794, 561, 938, 1053, 532, 492, 813, 580, 572, 1140, 747, -1, 1131, 652, 528, 960, 992, 696, 439, 796, 474, 277, 1213, 818, 1009, 189, 573, 584, 660, 
698, 590, 831, 1104, 543, 361, 860, 894, 394, 787, 763, 427, 693, 1131, -1, 653, 684, 192, 873, 1007, 742, 766, 685, 957, 360, 464, 511, 1217, 741, 915, 945, 
116, 306, 553, 451, 290, 746, 211, 681, 411, 703, 678, 886, 676, 652, 653, -1, 549, 472, 627, 745, 229, 745, 309, 600, 889, 642, 679, 741, 462, 431, 842, 
506, 583, 705, 817, 745, 577, 616, 340, 449, 205, 169, 626, 409, 528, 684, 549, -1, 553, 903, 666, 386, 483, 303, 348, 711, 297, 646, 615, 397, 648, 451, 
508, 409, 737, 922, 401, 418, 676, 782, 293, 689, 661, 511, 631, 960, 192, 472, 553, -1, 800, 913, 558, 648, 524, 810, 484, 394, 517, 1040, 567, 772, 867, 
729, 902, 239, 791, 693, 808, 685, 804, 573, 925, 923, 1006, 685, 992, 873, 627, 903, 800, -1, 551, 733, 1277, 645, 839, 973, 975, 543, 1157, 1041, 417, 887, 
782, 998, 330, 841, 958, 785, 743, 385, 624, 582, 599, 933, 407, 696, 1007, 745, 666, 913, 551, -1, 671, 1142, 522, 480, 972, 845, 590, 884, 954, 402, 429, 
162, 383, 586, 446, 504, 760, 231, 518, 457, 541, 516, 876, 599, 439, 742, 229, 386, 558, 733, 671, -1, 634, 180, 398, 912, 571, 721, 530, 342, 421, 695, 
664, 553, 1122, 1012, 839, 837, 822, 814, 759, 646, 612, 807, 862, 796, 766, 745, 483, 648, 1277, 1142, 634, -1, 678, 761, 880, 451, 1005, 764, 322, 1032, 909, 
302, 492, 465, 567, 558, 627, 360, 373, 342, 412, 392, 754, 420, 474, 685, 309, 303, 524, 645, 522, 180, 678, -1, 320, 796, 493, 570, 606, 445, 363, 538, 
560, 756, 614, 671, 872, 816, 557, 216, 616, 340, 340, 907, 475, 277, 957, 600, 348, 810, 839, 480, 398, 761, 320, -1, 983, 636, 767, 442, 578, 484, 395, 
927, 876, 888, 1315, 859, 190, 1074, 849, 509, 721, 710, 133, 598, 1213, 360, 889, 711, 484, 973, 972, 912, 880, 796, 983, -1, 468, 453, 1318, 921, 1027, 826, 
624, 587, 820, 1016, 726, 395, 783, 574, 414, 393, 364, 385, 482, 818, 464, 642, 297, 394, 975, 845, 571, 451, 493, 636, 468, -1, 585, 889, 496, 833, 619, 
751, 825, 459, 1039, 718, 288, 831, 633, 298, 633, 631, 480, 357, 1009, 511, 679, 646, 517, 543, 590, 721, 1005, 570, 767, 453, 585, -1, 1159, 898, 657, 640, 
648, 808, 969, 623, 1011, 1172, 614, 649, 938, 693, 680, 1241, 901, 189, 1217, 741, 615, 1040, 1157, 884, 530, 764, 606, 442, 1318, 889, 1159, -1, 564, 749, 809, 
363, 329, 898, 691, 618, 822, 506, 687, 614, 598, 563, 868, 765, 573, 741, 462, 397, 567, 1041, 954, 342, 322, 445, 578, 921, 496, 898, 564, -1, 761, 834, 
479, 728, 268, 470, 660, 842, 384, 537, 538, 689, 684, 1011, 580, 584, 915, 431, 648, 772, 417, 402, 421, 1032, 363, 484, 1027, 833, 657, 749, 761, -1, 685, 
837, 986, 655, 1022, 1055, 671, 873, 188, 638, 263, 298, 734, 287, 660, 945, 842, 451, 867, 887, 429, 695, 909, 538, 395, 826, 619, 640, 809, 834, 685, -1]