51
[[-1, 39399, 40582, 1441566961, 0, 0, 12255, 1812030704, 1830860712, 0, -1613008795, -2010499789, 0, 33776, 0, -2029120460, -1124905849, -2129332977, 14823, 42069, -1569160694, 1883343567, -1914417515, -1536472298, 31694, 0, -1136403458, -1695779081, -1092551894, -1505166943, 0, 0, -2028186714, -810768891, 0, -1728920720, 0, 30980, 1697189467, 0, 771458622, 42642, 20075, 28200, 0, 33863, 22852, 0, 38710, 42199, 13203],[39399, -1, 0, -1679594018, 27888, 0, 0, -1028329465, -1105030045, 35893, 810317477, 1663434726, 33698, 0, 0, 724256255, 1730140474, 422165620, 0, 0, 598985738, -710628113, 1257982918, 940508720, 0, 43623, 2001543612, 810437962, 2102341953, 2038489436, 35043, 0, 687819289, 1858156144, 18951, 430589194, 19023, 0, -1124262362, 46111, 588492835, 939966268, 1291003375, 293463309, 27330, 0, 0, 22251, 0, 1064273785, 0],[40582, 0, -1, -950703981, 0, 23798, 838443568, 0, 0, 33030, 36015, 0, 0, 1203926686, 0, 25995, 0, 36795, 1231994301, 0, 37977, 0, 44638, 0, 1888662735, 0, 32142, 0, 0, 8380, 19702, 21215, 26791, 11503, 27527, 0, 0, 0, -954689462, 23949, 0, 33262, 16713, 37397, 0, 1391556305, 0, 9317, 673280303, 44959, 1539685375],[1441566961, -1679594018, -950703981, -1, -1709549748, -874608130, -2129007588, 0, -1708547039, 35245, -1334156068, 17411, -1673994202, -2032129999, 26630, 32234, 43590, 41267, 0, -1097816821, 0, 0, -1644362180, -1850490848, -1949125806, 668038207, 0, -1841037925, 0, -1132091429, -1797845736, 0, -1866018830, 0, 1385733590, 0, -1700013640, 0, 0, 1572584764, -1950484707, -876464066, -2135530023, -1012502573, 0, 33206, 0, 0, 13531, 30370, 37611],[0, 27888, 0, -1709549748, -1, 32527, 14785, 754724890, -1662638463, 390845221, -1363510578, -1755771928, 0, 0, 0, 0, -996440553, 0, 27518, 0, 0, 15468, -1773322627, 0, 35788, 1188771876, 0, -1355976178, -1861710691, -116166635, 0, 27113, -1822061233, -1653398233, 550432512, 0, 249419073, 0, 25922, 1920964899, 20327, 25228, 0, 23618, 0, 21761, 31991, 0, 0, 0, 29666],[0, 0, 23798, -874608130, 32527, -1, -1344374461, 41089, 33103, 0, 145332705, 0, 35345, 0, 552214134, 0, 0, 43086, 46176, 35047, 0, 41065, 34664, 27716, 0, 0, 0, 0, 25321, 43904, 0, 1705756504, 35999, 0, 36882, 17534, 22290, 19441, 0, 27354, 41521, 37524, 31914, 41639, 0, 18351, 45179, 33875, 9436, 0, 33662],[12255, 0, 838443568, -2129007588, 14785, -1344374461, -1, -1939187698, 0, 33659, 35525, 24917, 45819, 28729, 1034579583, 24488, 32595, 0, 0, 0, 0, -837201781, 0, 24497, 33024, 0, 0, 0, 0, 0, 18531, 32888, 0, 21612, 0, 43771, 28667, 490732219, -2110353984, 40483, 32515, 43107, 0, 29819, 0, 28822, 192308253, 0, 37785, 40807, 0],[1812030704, -1028329465, 0, 0, 754724890, 41089, -1939187698, -1, -131242063, 0, 0, -1360668132, 526234054, -1137823456, 45786, 40031, 0, -2113863346, 0, -2050233980, -694901974, 0, 0, 0, -1652378520, 33733, -1274595021, -973816740, -1261943545, -1312803870, 1181036954, 0, -1348909671, -712090567, 36955, -531568166, 20006, 0, -1776527464, 46080, -1185009903, -790159177, -1268811986, 0, 821679481, -843009991, -505102823, 0, 0, -1214516677, -2057498413],[1830860712, -1105030045, 0, -1708547039, -1662638463, 33103, 0, -131242063, -1, 0, -827416968, -439242721, -1846363056, -1430866240, 26510, 0, 0, -1056219700, 0, 0, 0, -108195083, -881101330, -1623856235, 0, -1662762905, -125892785, -1833263817, -539328038, 0, 0, 27978, -549068657, -1410733804, 0, -1901481263, 0, 0, 0, -1618679305, 0, 0, 0, -1033372627, -1312363651, 0, 0, -1631918571, 39587, 0, 0],[0, 35893, 33030, 35245, 390845221, 0, 33659, 0, 0, -1, 0, -889622822, 1421688512, 38495, 1035894650, -1905340701, -801865605, -1927917456, 0, 0, 0, 32549, -1273123352, -1302398330, 23219, 27497, -2001012675, 1575230804, -1929465391, -963168586, 704020093, 0, -1588784709, -1953415643, 9382, 0, 0, 43005, 44286, 39635, 42841, 32948, 32395, 37573, 1938347075, 0, 0, 233336617, 0, 23047, 33429],[-1613008795, 810317477, 36015, -1334156068, -1363510578, 145332705, 35525, 0, -827416968, 0, -1, -923396321, -1533313950, 35624, 0, 0, 0, 0, 35130, 0, -1804224601, -1965869705, -1288474001, -1205627070, 0, -1984657635, 0, -1049659887, -672987110, -506856901, -1557341820, 0, 0, -1326461828, -1869522040, -1984584715, 1670213417, 35329, 0, 31764, 3650, 35785, 26109, 0, 0, 21530, 18807, 42489, 41068, 22716, 0],[-2010499789, 1663434726, 0, 17411, -1755771928, 0, 24917, -1360668132, -439242721, -889622822, -923396321, -1, 0, 35147, 0, 0, -548865712, 0, 0, 23302, 0, 10773, -319290261, 0, 0, -1984662155, -533374339, -802831646, -365745493, 793041608, 0, 0, 0, 725069507, 44215, -1936912795, 45428, 34131, 34484, 35710, 28974, 0, 0, 8372, 0, 0, 36994, 37049, 33027, 30008, 45538],[0, 33698, 0, -1673994202, 0, 35345, 45819, 526234054, -1846363056, 1421688512, -1533313950, 0, -1, 32241, 0, -1850449116, -1127032710, 0, 27003, 24701, -1708079662, 0, -1912184273, -1520567522, 27933, 0, -1188448021, 20423, -2097064398, 6999, 0, 0, 0, 39689, 46197, 30178, 33619, 0, 0, 16641, 0, 32237, 0, 34421, 4025, 0, 0, 0, 38918, 22856, 16375],[33776, 0, 1203926686, -2032129999, 0, 0, 28729, -1137823456, -1430866240, 38495, 35624, 35147, 32241, -1, 4188, 27924, 0, 30040, 19138, 1274248812, 29947, 0, 42971, 10226, 11387, 20074, 0, 0, 35209, 41849, 42300, 13082, 35752, 8663, 0, 31796, 0, 22412, -1410476883, 18221, 0, 7969, 0, 45083, 0, 0, 0, 21366, 42841, 38824, 28713],[0, 0, 0, 26630, 0, 552214134, 1034579583, 45786, 26510, 1035894650, 0, 0, 0, 4188, -1, 33921, 36863, 33235, 45877, 0, 40032, 26982, 0, 46003, 44753, 41396, 32978, 26128, 31519, 33416, 0, 35069, 27035, 24501, 34691, 11607, 0, 46034, 27499, 7063, 0, 0, 42256, 33840, 0, 0, 0, 19886, 30318, 29280, 30353],[-2029120460, 724256255, 25995, 32234, 0, 0, 24488, 40031, 0, -1905340701, 0, 0, -1850449116, 27924, 33921, -1, 0, -2106113221, 22890, 0, -1096042873, 0, -191727968, -2013841962, 41860, 0, 0, -1065504258, -1223077297, -1799102854, -1990581008, 35665, 0, 0, 37588, 0, 32882, 0, 19002, 0, 38057, 0, 24185, 35511, 0, 32971, 39520, 0, 0, 0, 42609],[-1124905849, 1730140474, 0, 43590, -996440553, 0, 32595, 0, 0, -801865605, 0, -548865712, -1127032710, 0, 36863, 0, -1, -1702966656, 41863, 44142, -1225329225, 32501, -776657754, -687307043, 40078, -1921276436, 0, 0, -137293171, -106681373, -2044126300, 45430, 22685, 33415, 23143, 0, 46119, 38012, 0, 19404, 18746, 10942, 0, 37955, 0, 28096, 0, 28814, 45375, 35164, 45866],[-2129332977, 422165620, 36795, 41267, 0, 43086, 0, -2113863346, -1056219700, -1927917456, 0, 0, 0, 30040, 33235, -2106113221, -1702966656, -1, 31339, 0, -2135031809, 14738, -1132393196, -2099942368, 42359, -1915517912, -1234517425, -1661861714, -838083879, -205979910, 0, 43078, 0, 0, 1904134441, 19403, 0, 6700, 36262, 0, 0, 33381, 19968, 25650, 41064, 41733, 40166, 14190, 0, 26714, 0],[14823, 0, 1231994301, 0, 27518, 46176, 0, 0, 0, 0, 35130, 0, 27003, 19138, 45877, 22890, 41863, 31339, -1, 20167, 37817, 0, 0, 0, 0, 22076, 14583, 36166, 0, 31406, 16845, 28632, 38538, 34612, 7353, 45060, 31899, 0, 1910262334, 44206, 23086, 43294, 42638, 36407, 37953, 0, 40535, 0, 41747, 43223, 22952],[42069, 0, 0, -1097816821, 0, 35047, 0, -2050233980, 0, 0, 0, 23302, 24701, 1274248812, 0, 0, 44142, 0, 20167, -1, 37697, 0, 26961, 42388, 40228, 5801, 0, 36345, 41623, 18382, 39451, 28713, 0, 21207, 14549, 46226, 44028, 0, 34693, 45065, 0, 0, 38027, 18040, 33143, 0, 40346, 0, 25880, 0, 38086],[-1569160694, 598985738, 37977, 0, 0, 0, 0, -694901974, 0, 0, -1804224601, 0, -1708079662, 29947, 40032, -1096042873, -1225329225, -2135031809, 37817, 37697, -1, 36607, 0, -1682177625, 43698, 0, 0, -1868935598, -1042165, -453186688, -2087953010, 26558, -1954423143, -1203681737, 0, 0, 39424, 0, 0, 0, 40791, 45559, 0, 32838, 0, 0, 34315, 0, 0, 35283, 0],[1883343567, -710628113, 0, 0, 15468, 41065, -837201781, 0, -108195083, 32549, -1965869705, 10773, 0, 0, 26982, 0, 32501, 14738, 0, 0, 36607, -1, 33928, 0, 0, 27843, 15424, 1943213700, 0, -813138949, 24603, 44898, -2045927945, 0, 33408, 0, 28639, -2050832575, 0, 40720, 33603, 13338, 0, 42835, 28295, 20520, 0, 39082, 25104, 24884, 33277],[-1914417515, 1257982918, 44638, -1644362180, -1773322627, 34664, 0, 0, -881101330, -1273123352, -1288474001, -319290261, -1912184273, 42971, 0, -191727968, -776657754, -1132393196, 0, 26961, 0, 33928, -1, -1234069216, 0, 0, -232632223, -1715733226, 0, 0, -1423023153, 37289, -1477405935, 0, 0, -1295482380, -1828579013, 26206, 14478, 0, -1797113135, -998943472, 45813, 0, 40220, 38024, 35311, 0, 0, 28882, 10085],[-1536472298, 940508720, 0, -1850490848, 0, 27716, 24497, 0, -1623856235, -1302398330, -1205627070, 0, -1520567522, 10226, 46003, -2013841962, -687307043, -2099942368, 0, 42388, -1682177625, 0, -1234069216, -1, 41160, -1995144828, -1343702722, 41989, 0, 39810, 44520, 33917, 38830, 26958, 23003, 45696, 17055, 19656, 0, 15193, 33035, 37635, 36983, 0, 10866, 0, 30305, 41554, 0, 28012, 0],[31694, 0, 1888662735, -1949125806, 35788, 0, 33024, -1652378520, 0, 23219, 0, 0, 27933, 11387, 44753, 41860, 40078, 42359, 0, 40228, 43698, 0, 0, 41160, -1, 38829, 10662, 39119, 0, 0, 9638, 27508, 42132, 0, 25231, 34479, 0, 0, 24563, 0, 0, 30298, 22165, 24964, 43868, 0, 0, 15755, 29290, 4970, 34638],[0, 43623, 0, 668038207, 1188771876, 0, 0, 33733, -1662762905, 27497, -1984657635, -1984662155, 0, 20074, 41396, 0, -1921276436, -1915517912, 22076, 5801, 0, 27843, 0, -1995144828, 38829, -1, 0, 44068, 0, 30944, 0, 19798, 27360, 0, 43801, 0, 44626, 35420, 38791, 0, 0, 36187, 3002, 36745, 0, 29769, 45313, 44235, 11685, 31463, 35897],[-1136403458, 2001543612, 32142, 0, 0, 0, 0, -1274595021, -125892785, -2001012675, 0, -533374339, -1188448021, 0, 32978, 0, 0, -1234517425, 14583, 0, 0, 15424, -232632223, -1343702722, 10662, 0, -1, 44446, 42331, 42416, 0, 0, 42113, 32096, 0, 27531, 22649, 45542, 0, 46176, 33836, 0, 42788, 43969, 36627, 14695, 44691, 0, 0, 0, 45864],[-1695779081, 810437962, 0, -1841037925, -1355976178, 0, 0, -973816740, -1833263817, 1575230804, -1049659887, -802831646, 20423, 0, 26128, -1065504258, 0, -1661861714, 36166, 36345, -1868935598, 1943213700, -1715733226, 41989, 39119, 44068, 44446, -1, 43630, 35649, 26236, 39740, 32672, 25687, 34775, 21984, 27109, 42556, 0, 32079, 0, 0, 29788, 33377, 16006, 42923, 16727, 18928, 36590, 22518, 34797],[-1092551894, 2102341953, 0, 0, -1861710691, 25321, 0, -1261943545, -539328038, -1929465391, -672987110, -365745493, -2097064398, 35209, 31519, -1223077297, -137293171, -838083879, 0, 41623, -1042165, 0, 0, 0, 0, 0, 42331, 43630, -1, 43269, 44860, 45187, 0, 0, 41100, 37965, 33232, 0, 32119, 0, 32250, 0, 44795, 0, 31602, 0, 32346, 41434, 8533, 20627, 11982],[-1505166943, 2038489436, 8380, -1132091429, -116166635, 43904, 0, -1312803870, 0, -963168586, -506856901, 793041608, 6999, 41849, 33416, -1799102854, -106681373, -205979910, 31406, 18382, -453186688, -813138949, 0, 39810, 0, 30944, 42416, 35649, 43269, -1, 0, 0, 32471, 23291, 45827, 0, 38858, 40657, 12266, 30218, 36944, 0, 0, 46077, 0, 0, 28254, 31066, 0, 39101, 25148],[0, 35043, 19702, -1797845736, 0, 0, 18531, 1181036954, 0, 704020093, -1557341820, 0, 0, 42300, 0, -1990581008, -2044126300, 0, 16845, 39451, -2087953010, 24603, -1423023153, 44520, 9638, 0, 0, 26236, 44860, 0, -1, 34163, 0, 0, 21924, 42937, 0, 0, 13990, 10071, 36940, 2775, 0, 19180, 28270, 45213, 33412, 41104, 0, 36786, 21503],[0, 0, 21215, 0, 27113, 1705756504, 32888, 0, 27978, 0, 0, 0, 0, 13082, 35069, 35665, 45430, 43078, 28632, 28713, 26558, 44898, 37289, 33917, 27508, 19798, 0, 39740, 45187, 0, 34163, -1, 0, 0, 45645, 32192, 0, 44291, 41477, 22222, 14406, 24240, 0, 20474, 35701, 36115, 0, 36264, 0, 0, 35874],[-2028186714, 687819289, 26791, -1866018830, -1822061233, 35999, 0, -1348909671, -549068657, -1588784709, 0, 0, 0, 35752, 27035, 0, 22685, 0, 38538, 0, -1954423143, -2045927945, -1477405935, 38830, 42132, 27360, 42113, 32672, 0, 32471, 0, 0, -1, 0, 0, 37426, 25253, 0, 42631, 24473, 0, 19420, 32681, 40985, 27567, 31585, 39825, 33209, 36107, 0, 0],[-810768891, 1858156144, 11503, 0, -1653398233, 0, 21612, -712090567, -1410733804, -1953415643, -1326461828, 725069507, 39689, 8663, 24501, 0, 33415, 0, 34612, 21207, -1203681737, 0, 0, 26958, 0, 0, 32096, 25687, 0, 23291, 0, 0, 0, -1, 28557, 23683, 22398, 27923, 44245, 0, 0, 37237, 22769, 18887, 0, 40359, 0, 37299, 43952, 0, 44103],[0, 18951, 27527, 1385733590, 550432512, 36882, 0, 36955, 0, 9382, -1869522040, 44215, 46197, 0, 34691, 37588, 23143, 1904134441, 7353, 14549, 0, 33408, 0, 23003, 25231, 43801, 0, 34775, 41100, 45827, 21924, 45645, 0, 28557, -1, 25896, 0, 36970, 38898, 29496, 36239, 33601, 0, 45009, 25534, 25276, 30329, 39085, 43114, 38243, 0],[-1728920720, 430589194, 0, 0, 0, 17534, 43771, -531568166, -1901481263, 0, -1984584715, -1936912795, 30178, 31796, 11607, 0, 0, 19403, 45060, 46226, 0, 0, -1295482380, 45696, 34479, 0, 27531, 21984, 37965, 0, 42937, 32192, 37426, 23683, 25896, -1, 33771, 0, 0, 9507, 45191, 0, 0, 0, 4376, 22026, 19934, 0, 33845, 43665, 28366],[0, 19023, 0, -1700013640, 249419073, 22290, 28667, 20006, 0, 0, 1670213417, 45428, 33619, 0, 0, 32882, 46119, 0, 31899, 44028, 39424, 28639, -1828579013, 17055, 0, 44626, 22649, 27109, 33232, 38858, 0, 0, 25253, 22398, 0, 33771, -1, 36096, 0, 0, 31385, 0, 36164, 43079, 28772, 0, 44597, 36725, 13625, 0, 0],[30980, 0, 0, 0, 0, 19441, 490732219, 0, 0, 43005, 35329, 34131, 0, 22412, 46034, 0, 38012, 6700, 0, 0, 0, -2050832575, 26206, 19656, 0, 35420, 45542, 42556, 0, 40657, 0, 44291, 0, 27923, 36970, 0, 36096, -1, 20331, 46287, 37398, 0, 37036, 32423, 0, 43012, 40549, 37984, 42182, 0, 0],[1697189467, -1124262362, -954689462, 0, 25922, 0, -2110353984, -1776527464, 0, 44286, 0, 34484, 0, -1410476883, 27499, 19002, 0, 36262, 1910262334, 34693, 0, 0, 14478, 0, 24563, 38791, 0, 0, 32119, 12266, 13990, 41477, 42631, 44245, 38898, 0, 0, 20331, -1, 24506, 0, 18731, 27921, 23585, 0, 0, 0, 0, 36650, 10515, 10006],[0, 46111, 23949, 1572584764, 1920964899, 27354, 40483, 46080, -1618679305, 39635, 31764, 35710, 16641, 18221, 7063, 0, 19404, 0, 44206, 45065, 0, 40720, 0, 15193, 0, 0, 46176, 32079, 0, 30218, 10071, 22222, 24473, 0, 29496, 9507, 0, 46287, 24506, -1, 0, 26982, 0, 30112, 25839, 42193, 0, 35708, 25983, 0, 0],[771458622, 588492835, 0, -1950484707, 20327, 41521, 32515, -1185009903, 0, 42841, 3650, 28974, 0, 0, 0, 38057, 18746, 0, 23086, 0, 40791, 33603, -1797113135, 33035, 0, 0, 33836, 0, 32250, 36944, 36940, 14406, 0, 0, 36239, 45191, 31385, 37398, 0, 0, -1, 34461, 32849, 41120, 0, 35332, 8942, 40317, 0, 40579, 30836],[42642, 939966268, 33262, -876464066, 25228, 37524, 43107, -790159177, 0, 32948, 35785, 0, 32237, 7969, 0, 0, 10942, 33381, 43294, 0, 45559, 13338, -998943472, 37635, 30298, 36187, 0, 0, 0, 0, 2775, 24240, 19420, 37237, 33601, 0, 0, 0, 18731, 26982, 34461, -1, 6749, 23119, 0, 26615, 0, 0, 0, 19411, 18514],[20075, 1291003375, 16713, -2135530023, 0, 31914, 0, -1268811986, 0, 32395, 26109, 0, 0, 0, 42256, 24185, 0, 19968, 42638, 38027, 0, 0, 45813, 36983, 22165, 3002, 42788, 29788, 44795, 0, 0, 0, 32681, 22769, 0, 0, 36164, 37036, 27921, 0, 32849, 6749, -1, 30260, 28784, 45666, 28504, 16887, 35628, 27300, 33114],[28200, 293463309, 37397, -1012502573, 23618, 41639, 29819, 0, -1033372627, 37573, 0, 8372, 34421, 45083, 33840, 35511, 37955, 25650, 36407, 18040, 32838, 42835, 0, 0, 24964, 36745, 43969, 33377, 0, 46077, 19180, 20474, 40985, 18887, 45009, 0, 43079, 32423, 23585, 30112, 41120, 23119, 30260, -1, 31284, 38932, 35040, 0, 27970, 27813, 29248],[0, 27330, 0, 0, 0, 0, 0, 821679481, -1312363651, 1938347075, 0, 0, 4025, 0, 0, 0, 0, 41064, 37953, 33143, 0, 28295, 40220, 10866, 43868, 0, 36627, 16006, 31602, 0, 28270, 35701, 27567, 0, 25534, 4376, 28772, 0, 0, 25839, 0, 0, 28784, 31284, -1, 35499, 41451, 11743, 16056, 16622, 35007],[33863, 0, 1391556305, 33206, 21761, 18351, 28822, -843009991, 0, 0, 21530, 0, 0, 0, 0, 32971, 28096, 41733, 0, 0, 0, 20520, 38024, 0, 0, 29769, 14695, 42923, 0, 0, 45213, 36115, 31585, 40359, 25276, 22026, 0, 43012, 0, 42193, 35332, 26615, 45666, 38932, 35499, -1, 0, 37741, 41319, 13507, 42470],[22852, 0, 0, 0, 31991, 45179, 192308253, -505102823, 0, 0, 18807, 36994, 0, 0, 0, 39520, 0, 40166, 40535, 40346, 34315, 0, 35311, 30305, 0, 45313, 44691, 16727, 32346, 28254, 33412, 0, 39825, 0, 30329, 19934, 44597, 40549, 0, 0, 8942, 0, 28504, 35040, 41451, 0, -1, 0, 35359, 0, 0],[0, 22251, 9317, 0, 0, 33875, 0, 0, -1631918571, 233336617, 42489, 37049, 0, 21366, 19886, 0, 28814, 14190, 0, 0, 0, 39082, 0, 41554, 15755, 44235, 0, 18928, 41434, 31066, 41104, 36264, 33209, 37299, 39085, 0, 36725, 37984, 0, 35708, 40317, 0, 16887, 0, 11743, 37741, 0, -1, 0, 38752, 0],[38710, 0, 673280303, 13531, 0, 9436, 37785, 0, 39587, 0, 41068, 33027, 38918, 42841, 30318, 0, 45375, 0, 41747, 25880, 0, 25104, 0, 0, 29290, 11685, 0, 36590, 8533, 0, 0, 0, 36107, 43952, 43114, 33845, 13625, 42182, 36650, 25983, 0, 0, 35628, 27970, 16056, 41319, 35359, 0, -1, 42165, 0],[42199, 1064273785, 44959, 30370, 0, 0, 40807, -1214516677, 0, 23047, 22716, 30008, 22856, 38824, 29280, 0, 35164, 26714, 43223, 0, 35283, 24884, 28882, 28012, 4970, 31463, 0, 22518, 20627, 39101, 36786, 0, 0, 0, 38243, 43665, 0, 0, 10515, 0, 40579, 19411, 27300, 27813, 16622, 13507, 0, 38752, 42165, -1, 30356],[13203, 0, 1539685375, 37611, 29666, 33662, 0, -2057498413, 0, 33429, 0, 45538, 16375, 28713, 30353, 42609, 45866, 0, 22952, 38086, 0, 33277, 10085, 0, 34638, 35897, 45864, 34797, 11982, 25148, 21503, 35874, 0, 44103, 0, 28366, 0, 0, 10006, 0, 30836, 18514, 33114, 29248, 35007, 42470, 0, 0, 0, 30356, -1]]