25
[[-1, 0, 0, 0, 1065, 796, 3463, 1214, 1050, 1186, 537, 1069, 0, 1238, 894, 0, 0, 0, 0, 0, 0, 0, 100, 697, 609],[0, -1, 0, 0, 917, 781, 0, 0, 0, 0, 0, 1087, 0, 0, 0, 3170, 932, 735, 0, 670, 812, 842, 0, 599, 290],[0, 0, -1, 508, 0, 0, 4716, 1097, 766, 0, 0, 0, 0, 865, 960, 950, 1123, 0, 0, 0, 931, 1018, 612, 914, 788],[0, 0, 508, -1, 0, 0, 5947, 1159, 1019, 0, 0, 691, 0, 0, 692, 1113, 968, 0, 991, 0, 1167, 1197, 671, 764, 948],[1065, 917, 0, 0, -1, 0, 4882, 0, 0, 0, 0, 0, 0, 0, 2809, 4781, 2325, 2231, 0, 0, 1819, 856, 0, 0, 2618],[796, 781, 0, 0, 0, -1, 1767, 2205, 0, 2206, 0, 2233, 814, 0, 421, 0, 605, 1107, 0, 0, 980, 985, 0, 2078, 0],[3463, 0, 4716, 5947, 4882, 1767, -1, 978, 0, 0, 0, 0, 2900, 4722, 777, 0, 0, 0, 7285, 0, 0, 0, 0, 0, 0],[1214, 0, 1097, 1159, 0, 2205, 978, -1, 2445, 0, 2599, 912, 630, 1091, 0, 950, 0, 858, 680, 0, 0, 643, 1587, 0, 0],[1050, 0, 766, 1019, 0, 0, 0, 2445, -1, 0, 0, 947, 576, 815, 1056, 868, 0, 605, 405, 782, 512, 660, 954, 881, 627],[1186, 0, 0, 0, 0, 2206, 0, 0, 0, -1, 0, 1016, 0, 0, 1023, 0, 917, 0, 0, 0, 891, 0, 1107, 861, 857],[537, 0, 0, 0, 0, 0, 0, 2599, 0, 0, -1, 831, 1325, 914, 732, 0, 846, 0, 0, 486, 811, 0, 0, 0, 0],[1069, 1087, 0, 691, 0, 2233, 0, 912, 947, 1016, 831, -1, 0, 0, 431, 0, 0, 1067, 0, 2009, 0, 854, 0, 680, 966],[0, 0, 0, 0, 0, 814, 2900, 630, 576, 0, 1325, 0, -1, 0, 0, 1326, 996, 1092, 608, 1050, 0, 989, 0, 0, 1081],[1238, 0, 865, 0, 0, 0, 4722, 1091, 815, 0, 914, 0, 0, -1, 1224, 0, 0, 546, 472, 865, 584, 669, 1165, 0, 935],[894, 0, 960, 692, 2809, 421, 777, 0, 1056, 1023, 732, 431, 0, 1224, -1, 960, 0, 0, 990, 0, 0, 901, 0, 375, 0],[0, 3170, 950, 1113, 4781, 0, 0, 950, 868, 0, 0, 0, 1326, 0, 960, -1, 0, 0, 0, 484, 0, 608, 0, 667, 0],[0, 932, 1123, 968, 2325, 605, 0, 0, 0, 917, 846, 0, 996, 0, 0, 0, -1, 1050, 0, 472, 0, 0, 0, 385, 0],[0, 735, 0, 0, 2231, 1107, 0, 858, 605, 0, 0, 1067, 1092, 546, 0, 0, 1050, -1, 551, 630, 345, 442, 873, 0, 0],[0, 0, 0, 991, 0, 0, 7285, 680, 405, 0, 0, 0, 608, 472, 990, 0, 0, 551, -1, 716, 0, 556, 1025, 0, 747],[0, 670, 0, 0, 0, 0, 0, 0, 782, 0, 486, 2009, 1050, 865, 0, 484, 472, 630, 716, -1, 0, 0, 0, 404, 443],[0, 812, 931, 1167, 1819, 980, 0, 0, 512, 891, 811, 0, 0, 584, 0, 0, 0, 345, 0, 0, -1, 178, 0, 0, 547],[0, 842, 1018, 1197, 856, 985, 0, 643, 660, 0, 0, 854, 989, 669, 901, 608, 0, 442, 556, 0, 178, -1, 0, 749, 0],[100, 0, 612, 671, 0, 0, 0, 1587, 954, 1107, 0, 0, 0, 1165, 0, 0, 0, 873, 1025, 0, 0, 0, -1, 672, 535],[697, 599, 914, 764, 0, 2078, 0, 0, 881, 861, 0, 680, 0, 0, 375, 667, 385, 0, 0, 404, 0, 749, 672, -1, 548],[609, 290, 788, 948, 2618, 0, 0, 0, 627, 857, 0, 966, 1081, 935, 0, 0, 0, 0, 747, 443, 547, 0, 535, 548, -1]]