18
[[-1, 32732, 2131645497, 602374120, 27176, 36582, 959182331, -1552902529, 0, -1205092608, -1762978930, 16743, 0, 0, 34277, 0, 33480, 11545],[32732, -1, -1115751122, -1726451426, 0, 0, -1797737050, 2036259604, 0, 2014978660, 1649362429, 1672751034, 40335, 23907, 227126413, 0, 1965202467, 849375099],[2131645497, -1115751122, -1, 0, 0, -80350686, 0, -714366475, 33301, -140156299, -1057268253, 0, -1857193401, -857240111, 0, 43150, 0, -787375373],[602374120, -1726451426, 0, -1, 0, -1956744822, -1305095225, 27270, 24781, 18684, 40113, 0, 192406375, 0, 1103686695, 25999, 45223, 29890],[27176, 0, 0, 0, -1, 181507577, 0, 27286, 26211, 43469, 38443, 30508, 39835, 33600, 0, 29170, 44154, 0],[36582, 0, -80350686, -1956744822, 181507577, -1, -1479044194, 0, 607646456, 19384, 40409, 0, 29059, 0, 0, 33264910, 43643, 0],[959182331, -1797737050, 0, -1305095225, 0, -1479044194, -1, 0, 0, -1513454895, -1390027393, -569772876, 0, 0, -1763304935, 38455, -1710826773, -2049279901],[-1552902529, 2036259604, -714366475, 27270, 27286, 0, 0, -1, 46285, -190460465, 0, -512667663, -1053859365, -1474516122, 0, 26425, -96153874, -1238643552],[0, 0, 33301, 24781, 26211, 607646456, 0, 46285, -1, 10941, 39571, 0, 0, 0, 12846, 1318073834, 35148, 0],[-1205092608, 2014978660, -140156299, 18684, 43469, 19384, -1513454895, -190460465, 10941, -1, -158492201, 0, -1271395105, -525473630, 33396, 5107, 0, 30233],[-1762978930, 1649362429, -1057268253, 40113, 38443, 40409, -1390027393, 0, 39571, -158492201, -1, 719316530, -1189807045, -1595840954, 40910, 37388, 41512, 0],[16743, 1672751034, 0, 0, 30508, 0, -569772876, -512667663, 0, 0, 719316530, -1, -2063815784, 44822, 0, 11086, 45787, 0],[0, 40335, -1857193401, 192406375, 39835, 29059, 0, -1053859365, 0, -1271395105, -1189807045, -2063815784, -1, 26752, 35070, 33831, 42900, 32764],[0, 23907, -857240111, 0, 33600, 0, 0, -1474516122, 0, -525473630, -1595840954, 44822, 26752, -1, 26079, 0, 36214, 44576],[34277, 227126413, 0, 1103686695, 0, 0, -1763304935, 0, 12846, 33396, 40910, 0, 35070, 26079, -1, 33412, 12013, 0],[0, 0, 43150, 25999, 29170, 33264910, 38455, 26425, 1318073834, 5107, 37388, 11086, 33831, 0, 33412, -1, 12530, 0],[33480, 1965202467, 0, 45223, 44154, 43643, -1710826773, -96153874, 35148, 0, 41512, 45787, 42900, 36214, 12013, 12530, -1, 0],[11545, 849375099, -787375373, 29890, 0, 0, -2049279901, -1238643552, 0, 30233, 0, 0, 32764, 44576, 0, 0, 0, -1]]