8
[[-1, 678, 704, 6124, 0, 0, 148, 380],[678, -1, 0, 4486, 601, 724, 1275, 1974],[704, 0, -1, 7617, 0, 0, 637, 332],[6124, 4486, 7617, -1, 0, 5969, 0, 537],[0, 601, 0, 0, -1, 1610, 359, 0],[0, 724, 0, 5969, 1610, -1, 0, 0],[148, 1275, 637, 0, 359, 0, -1, 0],[380, 1974, 332, 537, 0, 0, 0, -1]]