78
[[-1, 34474, 0, 298133377, 1304268879, -449143031, -1879050252, 0, 0, -2118678771, 0, -1947176563, 0, 1130831194, -1556544509, 1774747382, 25302, -423725311, -1829897580, 35342, 2134682172, 0, 1742049632, 519579330, -1845127700, 31911, 41618, 21663, -1315467995, 0, 0, 0, -1544046979, 1760501051, 1954655867, -1541654160, 0, -583872597, -1568103227, 19161, 33678, 0, 9841, 1124878958, -713870886, 0, 2033558251, 9232, -1634241820, 23056, 36531, 0, 23477, -1780369863, 1679275783, 5275, 0, 0, 43178, 0, 0, 46199, 0, -1358469852, 43084, 31263, 43756, 0, 20468, 45253, 45120, 42116, 39022, 33809, 45345, 0, 0, 0],[34474, -1, 16794, -2091586907, -1576499056, 2083440555, 2115514719, 43240, 0, 478865560, 14967, 1433694196, 0, -2037542198, 1674222602, -1405297744, 0, 1791825347, 2086473326, 0, -1965820173, 0, -1559764226, -1668560849, 1168606807, 0, 0, 0, 1729439595, 31946, 0, 20085, 705429512, -1160440847, -865524100, 963650922, 21535, 1624761274, 1021684004, 0, 0, 0, 0, -1586958968, 2068947440, 27035, -1774841043, 0, 1139637173, 0, 0, 19029, 0, 727766234, -1323950103, 0, 34493, 39500, 0, 45185, 0, 0, 35496, 1227689090, 0, 165667453, 0, 0, 943222628, 1493706573, 0, 999406363, 710376011, 1651191252, 968581306, 38832, 17985, 0],[0, 16794, -1, -1915790404, 2008582204, 0, -102358237, 0, 37375, -1817033246, 1738116792, -1304991675, 0, 0, 0, 31221, 0, 0, -480793393, 32650, 0, 0, 0, 42161, 0, 0, 40227, 0, 0, 194650912, 15084, 747319754, -1667877499, 0, 12925, -1850425865, 144582897, -2073437280, -1274716264, 43230, 0, 30735, 0, 34512, -1772236678, 1077531516, 44759, 41018, 0, 0, 0, 0, 8173, -1447341194, 34629, 10041, 921285253, 0, 5264, 0, 18407, 41062, 1887381425, 41142, 6646, 18167, 32786, 0, 42217, 44217, 42749, 9898, 0, 34312, 22233, 0, 1430490655, 14985],[298133377, -2091586907, -1915790404, -1, -1825032962, 1577715474, 0, -1918638389, 0, -2122882695, 35674, 0, 26236, -1235186498, 13118, -1117480999, 0, 0, 2140204679, -2024938395, 0, 0, -2044365264, -2144906224, -1973487654, -2108448570, -2037502275, -1886967770, -1896892708, 0, 1126893620, 0, 1402902329, -2121527145, 0, 1712298432, 35253, 2095482724, 0, -2108341359, -2048788207, 344438474, -1958026407, -2021098517, 27601, 14623, -563692151, -1890400870, -1862943924, 0, 0, 0, 0, 0, -364300999, -1887340255, 5228, 0, 0, 1536621495, 0, -1852559414, 23306, 12289, 0, 0, 0, 13211, 27608, 42215, 0, 28180, 0, 31443, 32719, -1266567108, 0, 1379242845],[1304268879, -1576499056, 2008582204, -1825032962, -1, 29189, 34046, -1307333596, -994393914, -965571214, 37999, 0, 0, 0, 2011218010, -1216972521, 0, 0, 0, -1883696900, -1505489012, 34928, -1100286125, 0, -1628273830, -845219548, -2044111352, -1575559277, -1123710946, 39208, -1605270942, 44684, -1831962723, -2085740067, 0, -1953841417, 45803, -1462116998, -2105016162, 0, -2141518956, 0, -1772092769, -865363537, -1345833691, 26932, -1992374554, 0, 0, -1108433518, -847217113, -1720687022, -1972142187, 0, -1630593440, -2094027115, 36155, 1079010352, 0, -1453547330, 0, 0, 21025, -2053593041, 0, 0, -1102012310, 0, 0, -1835210389, 0, -1577944710, 0, -1576653978, -1017038420, 0, 0, 0],[-449143031, 2083440555, 0, 1577715474, 29189, -1, -85435604, -1166978966, 45636, -1724311138, -1996744400, -246365028, -2076120256, 19355, -378792192, 25368, 1355610580, 0, -91914606, 24001, 40530, 1222141322, 0, 0, -457420602, 0, 0, 45598, -447917736, 0, 0, 0, 0, 34238, 35875, 0, -1653525086, 0, 0, 0, 43520, 15466, 0, -303864424, 0, -238420248, 0, 0, 151977429, 835875783, 41671, 0, 906963332, -383472887, 32424, 2023570169, 41293, -1675958146, 0, -1662412201, 43716, 24188, 38820, 0, 587059432, 12303, 28394, 0, 40741, 37402, 2133671472, 23465, 44136, 25537, 43380, -2022647469, 41734, 18895],[-1879050252, 2115514719, -102358237, 0, 34046, -85435604, -1, -1819742612, 0, 0, -501301978, -49147696, 0, 1198, -409603052, 33713, 18447, 0, -48902466, 0, 27919, 24246, 35762, 0, 0, 17656, 0, 11485, -348615398, 0, 34081, 0, -1406151745, 37088, 14858, 0, 31083, -94035087, 0, 18265, 17968, 0, 25910, 44289, 1297717958, 41070, 28401, 1190921955, 36171, 395445402, 26614, -1525867029, 892365309, 0, 12722, 0, 0, -47808136, 870604540, 0, 0, 41825, 35419, 39940, 0, 38811, 25092, 33514, 0, 41070, 40037, 0, 0, 0, 0, -994465400, 30196, 621458735],[0, 43240, 0, -1918638389, -1307333596, -1166978966, -1819742612, -1, 39122, -1810838129, 710669823, -1675963838, 32117, 0, -1697221220, 37371, 25462, -1525047228, -1044084599, 35333, 0, 45938, 35140, 19271, -1681138458, 11861, 19078, 40718, -1294703672, 0, 26263, 29735, -2105499992, 34098, 8121, -1889082617, 0, -1943499049, 0, 45570, 42523, 35104, 14427, 0, 18122, 0, 0, 0, 30120, 24338, 14247, 720751758, 33687, 32335, 12654, 22135, 35144, 0, 27695, 1907216542, 16981, 24587, 0, 19780, 0, 26021, 29110, -1329995442, 10433, 22779, 41768, 0, 11764, 0, 12958, 0, 15513, 0],[0, 0, 37375, 0, -994393914, 45636, 0, 39122, -1, -1305635383, -1028026203, 18491, 36528, 32687, 32133, 448134115, 42062, 36868, 37295, 0, 42188, 41344, 0, 28958, 43224, 5815, 14143, 19521, 21470, 40036, 1155113980, 19996, 0, 4908, 33763, 0, 35210, 27104, 35628, 24582, 37558, 1878513943, 40897, 39510, 38802, 32524, 0, 39749, 0, 35644, 0, 0, 45787, 36514, 42391, 0, 43370, 20566, 25171, 0, 196119218, 0, 0, 0, 26536, 0, 35542, 39186, 22793, 44269, 31988, 25632, 43554, 38467, 27918, 42426, 40047, 0],[-2118678771, 478865560, -1817033246, -2122882695, -965571214, -1724311138, 0, -1810838129, -1305635383, -1, -2000313461, -763591678, 38539, 29555, 0, 37194, 758579321, 0, -488134390, 0, 28188, 0, 34735, 27064, -1052438792, 28673, 40528, 0, 0, -1991548103, 17456, 0, -1866584232, -869493518, 0, -251123236, 0, 0, -1538701676, 0, 1019921066, 0, 34745, -1744946900, 0, 0, 0, 2109867794, -2017571125, 28898, 0, 0, 1854450844, -2113738314, -405788521, 0, 0, 0, 0, 0, 0, 0, 0, -1660599274, 0, 0, 61431778, 1148566057, -1598622294, 0, 0, 0, 1496487667, 45397, 43616, -1620087212, 0, -1500073693],[0, 14967, 1738116792, 35674, 37999, -1996744400, -501301978, 710669823, -1028026203, -2000313461, -1, -1357681112, 2025198729, 29599, -1587872761, 0, 11456, -980546169, 0, 15726, 39644, 0, 18114, 0, 0, 31641, 43635, 38275, -524145157, 0, 42914, 7829, 0, 10763, 14933, -1651318099, 42996, -882883499, -1502100859, 27908, 0, 0, 23266, 0, 0, 35488, 0, 23613, 12012, 15481, 0, 4649, 24322, 42875, 31477, 0, 39628, 0, 32661, 45920, 0, 0, 37050, 20960, 43318, 24892, 0, 0, 0, 46101, 34073, 40331, 27042, 37900, 36267, 751958412, 46328, -1942142096],[-1947176563, 1433694196, -1304991675, 0, 0, -246365028, -49147696, -1675963838, 18491, -763591678, -1357681112, -1, 33691, 0, 0, 23140, 30437, 0, -756016668, 0, 30257, 0, 0, 36902, -1603733438, 0, 1124124980, 0, 0, -1159458810, 38248, -1470499841, 0, -104070147, -1023508358, 0, -1148995658, -1095724622, -418026106, 30790, 37592, 28486, 0, 26852, 0, -1442848156, 42513, 17571, 0, 0, 21996, 0, 34868, 0, -258825794, 288231364, -1919566606, 0, 459480712, 10688, 45460, 29366, 44464, 41249, 0, 37590, 19432, 44372, 0, 42872, 40044, 35761, 20842, 11436, 42003, 38980, 43164, 0],[0, 0, 0, 26236, 0, -2076120256, 0, 32117, 36528, 38539, 2025198729, 33691, -1, 33045, 32090, 0, 0, 0, 29605, 14198, 36004, 23121, 27597, 0, 43483, 41280, 34367, 42590, 13828, 42372, 28745, 3644, 0, 29318, 34031, 31427, 30013, 0, 20130, 32771, 0, 6700, 0, 38391, 0, 45451, 42504, 36493, 31785, 37245, 0, 39541, 0, 37858, 0, 0, 0, 43744, 0, 35412, 32149, 0, 44763, 41021, 23174, 36184, 31296, 1393251426, 36018, 45741, 44039, 0, 0, 24794, 30289, 5503, 41123, 0],[1130831194, -2037542198, 0, -1235186498, 0, 19355, 1198, 0, 32687, 29555, 29599, 0, 33045, -1, 4226, -257192232, -1801624945, 37944, -1397898451, -1872735069, -57887407, 25602, 0, 0, -1922083131, -2000582432, -1884435968, 0, 0, 0, 0, 0, -1861754114, -1632929629, -1954824294, -1187182516, 31884, 0, -1419339703, 0, -1630574999, 31950, -1135994110, 0, 0, 0, -1820768394, -1046704285, -1467786099, -1617891246, -1311892473, 8230, -1426756350, -1754584998, -1827495251, 0, 37988, 0, -1321226726, 11918, 32385, -1841520553, 23501, -1706761530, -1235367168, -1884766307, -1919817984, 0, 0, 0, -1570918881, 0, 37761, 0, 27504, 21628, 42965, 29640],[-1556544509, 1674222602, 0, 13118, 2011218010, -378792192, -409603052, -1697221220, 32133, 0, -1587872761, 0, 32090, 4226, -1, 0, 45448, 0, 0, 0, 10923, 0, 0, 46235, 0, 33164, 0, 41384, -713473107, -839440840, 44191, -818757390, -1559008039, 2120363109, 0, 0, -1462903196, 0, 0, 20495, 44339, 0, 0, 0, -217766514, 0, -560986083, 40263, -1235130315, 44273, 0, 0, 0, 0, 42668, 940191489, -536981541, 0, 34685, 29574, 19473, 0, 19965, 0, 7512, 44441, 25074, 17637, 0, 26521, 33146, 34980, 38697, 17585, 0, 0, 33792, 0],[1774747382, -1405297744, 31221, -1117480999, -1216972521, 25368, 33713, 37371, 448134115, 37194, 0, 23140, 0, -257192232, 0, -1, 0, 33613, 23923, -1725734417, -226894351, 0, 0, 0, 30572, -1420005183, -1403020093, -1437541472, 34520, 30421, 36050, 0, 40223, -1423336553, -1000341936, 0, 0, 0, -2132814510, 0, 0, 22217, -556642163, 0, -1578798599, 35491, -1748074330, -756124878, 0, -1180889108, 0, 0, 0, -1820531171, -695579215, 0, 42817, 1463089037, -1204067059, 43303, 0, -838273394, 23108, 0, 0, -754450516, -682264727, 0, -820000689, 0, -1272225387, -1311522898, 0, 0, -974946842, 36909, 37001, 0],[25302, 0, 0, 0, 0, 1355610580, 18447, 25462, 42062, 758579321, 11456, 30437, 0, -1801624945, 45448, 0, -1, 44645, 29278, 827306139, -1037457209, 24996, -748995656, -1740874946, 44963, 980751040, 0, 844853847, 41786, 29088, 14853, 24913, 22275, 0, -1147948611, 20521, 33786, 0, 33601, 1333074764, 0, 20617, 403568839, -1506103835, 20827, 42871, -2126002645, 0, 11756, 256540449, 1039280076, 15437, 1487088624, 24857, 27782, 0, 0, 0, 1367638135, 36298, 0, 2001910578, 19736, 44194, 1188760647, 45579, 0, 45308, 37218, 11703, 0, 0, 34567, 32155, 0, 0, 22930, 22275],[-423725311, 1791825347, 0, 0, 0, 0, 0, -1525047228, 36868, 0, -980546169, 0, 0, 37944, 0, 33613, 44645, -1, -363856261, 24612, 0, 31551, 46231, 42107, -114381545, 0, 422572136, 16936, 0, 0, 43776, 0, 0, -1292673534, -139155215, 0, -788586984, -662635510, -1070733155, 31698, 1712374624, 32021, 41993, 0, -545654361, -543450287, 479177086, 0, 0, 0, 44156, -1453705262, 26654, 0, 0, 1521499915, -1717868358, 0, 40435, -434453301, 18766, 21752, -1950887465, 265651760, 0, 0, 1568963668, 28247, 21148, 33729, 2097223458, 26299, 0, 17770, 15092, 22887, 0, 0],[-1829897580, 2086473326, -480793393, 2140204679, 0, -91914606, -48902466, -1044084599, 37295, -488134390, 0, -756016668, 29605, -1397898451, 0, 23923, 29278, -363856261, -1, 0, 39302, 36884, 45323, 36158, 0, 0, 2033441450, 28498, 0, 26333, 45856, 37105, -852667271, 0, 0, -968930329, 37409, -510395880, 0, 12704, 1685, 0, 25368, 31846, 45313, 0, 27632, 1272777795, 0, 27634, 23314, 10562, 0, 0, 44263, 362836022, 0, 0, 22092, 31836, 6465, 0, 0, 44138, 2922, 0, 8760, 31221, 0, 45333, 0, 39201, 38360, 29750, 32291, 38592, 21608, 0],[35342, 0, 32650, -2024938395, -1883696900, 24001, 0, 35333, 0, 0, 15726, 0, 14198, -1872735069, 0, -1725734417, 827306139, 24612, 0, -1, -1058909748, 44142, 0, -1718375167, 0, 35312, 0, 44109, 0, 45153, 0, 0, 37969, -986069732, -359129200, 39118, 0, 0, 0, 0, 0, 34203, 35984, -1246234628, 0, 26310, -458646313, 1315097560, 42386, 36299, 16716, 42083, 8885, 42605, 19014, 1463024263, 0, 41028, 16489, 10520, 0, 9924, 38602, 0, 0, 40236, 0, 0, 18246, 0, 1142702770, 34878, 45966, 0, 17325, 23463, 31037, 0],[2134682172, -1965820173, 0, 0, -1505489012, 40530, 27919, 0, 42188, 28188, 39644, 30257, 36004, -57887407, 10923, -226894351, -1037457209, 0, 39302, -1058909748, -1, 43102, -206399901, 0, 23355, -1465269458, -322972588, -1255020408, 0, 25496, 0, 45515, 38875, -231481108, -1297874897, -1056026894, 0, 0, -1747356748, -865159962, 0, 32602, -505960268, -986465832, 30762, 19947, -172583006, -914874305, -694152330, -1472802596, -2064974759, 10026, 0, 44947, 0, 31442, 0, -1958662780, 20298, 35678, 41244, 42323, 31316, 28847, 39700, 40865, -2006112420, 0, 0, 0, 0, 28910, 0, 26097, 0, 35503, 34960, 0],[0, 0, 0, 0, 34928, 1222141322, 24246, 45938, 41344, 0, 0, 0, 23121, 25602, 0, 0, 24996, 31551, 36884, 44142, 43102, -1, 30002, 25470, 0, 28264, 37313, 25154, 0, 35396, 33713, 0, 23661, 39758, 31472, 32045, 42000, 38605, 0, 21501, 31327, 45298, 40822, 23095, 25641, 27202, 31503, 0, 9011, 19016, 33540, 28986, 31591, 29695, 43033, 6424, 0, 38634, 41777, 0, 0, 0, 34157, 28986, 22122, 0, 0, 9193, 9446, 44308, 0, 36128, 15581, 36386, 0, 18383, 27282, 27102],[1742049632, -1559764226, 0, -2044365264, -1100286125, 0, 35762, 35140, 0, 34735, 18114, 0, 27597, 0, 0, 0, -748995656, 46231, 45323, 0, -206399901, 30002, -1, -640019276, 30484, -1769900992, -630086001, -559593222, 0, 7756, 17758, 34578, 39310, -543350776, -508741497, -498586454, 27709, -1856058021, -1557731928, -1445800662, -1164931630, 0, -1723296665, 0, 0, 29522, 0, -1119976474, -1332479082, 0, -1616130485, 41043, -1200586775, 0, 0, 0, 11961, 1344119857, -1448939927, 6691, 10903, 0, 28387, 2801, 17878, 0, 0, 16677, 0, 13174, 15874, 0, 43032, 25850, 44743, 0, 43967, 0],[519579330, -1668560849, 42161, -2144906224, 0, 0, 0, 19271, 28958, 27064, 0, 36902, 0, 0, 46235, 0, -1740874946, 42107, 36158, -1718375167, 0, 25470, -640019276, -1, 23609, 1291298645, 0, 30804, 44863, 31121, 10328, 36391, 0, 0, -808621397, 29407, 0, 19377, 0, 0, 0, 32818, 31732, -1032052196, 0, 37707, -594533625, 0, 4705, 0, 0, 45594, 0, 39452, 24635, 41451, 0, 0, 0, 0, 0, 29252, 0, 41949, 0, 6233, -2065447170, 42238, 19669, 0, 0, 12807, 0, 45598, 0, 17535, 0, 0],[-1845127700, 1168606807, 0, -1973487654, -1628273830, -457420602, 0, -1681138458, 43224, -1052438792, 0, -1603733438, 43483, -1922083131, 0, 30572, 44963, -114381545, 0, 0, 23355, 0, 30484, 23609, -1, 36456, 1095116309, 0, 0, -1004631950, 21689, -1084013802, 0, -367824513, -1838168065, 0, -2127130775, 0, -2075899276, 38745, 1720029804, 0, 36293, 0, 0, 0, 0, 15027, -831987074, 29577, 25555, 0, 36066, -866605754, -176580735, 45279, 0, 0, 9046, 0, 0, 36182, -1663788150, -1772544671, 21543, -1025806962, 33587, 33220, -791761783, 5970, 8904, 0, 41649, 31001, 20583, 46301, 26954, 36996],[31911, 0, 0, -2108448570, -845219548, 0, 17656, 11861, 5815, 28673, 31641, 0, 41280, -2000582432, 33164, -1420005183, 980751040, 0, 0, 35312, -1465269458, 28264, -1769900992, 1291298645, 36456, -1, 529870186, 0, 0, 23841, 15545, 34594, 0, 0, 0, 28053, 32462, 42205, 43732, 0, 1684875623, 0, 0, -2084330885, 35406, 44070, 39480, 23609, 0, 0, 0, 36879, 24782, 0, 0, 36819, 42599, 17226, 0, 0, 0, 11307, 15920, 33287, 26234, 0, 1763836526, 21838, 20601, 14188, 35868, 0, 0, 4162, 0, 0, 0, 0],[41618, 0, 40227, -2037502275, -2044111352, 0, 0, 19078, 14143, 40528, 43635, 1124124980, 34367, -1884435968, 0, -1403020093, 0, 422572136, 2033441450, 0, -322972588, 37313, -630086001, 0, 1095116309, 529870186, -1, 37539, 16076, 0, 15044, 0, 36760, -1906122725, 0, 17578, 44492, 39228, 25738, 31476, 20523, 37731, 0, 2040411996, 0, 0, 45803, 27189, 41269, 0, 45865, 42176, 40578, 34671, 0, 34431, 36338, 41451, 0, 17550, 0, 27594, 24439, 5873, 37767, 40066, 32112, 15661, 0, 35069, 10014, 0, 0, 0, 19980, 0, 34659, 469189621],[21663, 0, 0, -1886967770, -1575559277, 45598, 11485, 40718, 19521, 0, 38275, 0, 42590, 0, 41384, -1437541472, 844853847, 16936, 28498, 44109, -1255020408, 25154, -559593222, 30804, 0, 0, 37539, -1, 34882, 16507, 0, 36044, 34052, -704597483, -825654169, 42637, 0, 21386, 0, 0, 34872, 0, 0, 0, 36944, 0, 27474, 38015, 0, 27465, 17142, 0, 0, 32220, 14253, 45776, 31450, 33330, 0, 0, 0, 44845, 37261, 33427, 25786, 36599, 19831, 27540, 0, 46088, 28105, 28909, 40170, 22744, 40260, 21199, 0, 30820],[-1315467995, 1729439595, 0, -1896892708, -1123710946, -447917736, -348615398, -1294703672, 21470, 0, -524145157, 0, 13828, 0, -713473107, 34520, 41786, 0, 0, 0, 0, 0, 0, 44863, 0, 0, 16076, 34882, -1, -1071339997, 43170, -594261615, -248808267, 34410, 32587, -411918424, -1389798457, 0, -803943363, 0, 0, 0, 0, 41374, 35841, 15037, 0, 0, 41301, 24248, 0, 0, 0, 36986, 41562, 39277, 0, 0, 14882, 0, 29306, 0, 19456, 0, 37562, 22787, 44768, 32196, 24077, 0, 38557, 45251, 0, 0, 43082, 42248, 44737, 23082],[0, 31946, 194650912, 0, 39208, 0, 0, 0, 40036, -1991548103, 0, -1159458810, 42372, 0, -839440840, 30421, 29088, 0, 26333, 45153, 25496, 35396, 7756, 31121, -1004631950, 23841, 0, 16507, -1071339997, -1, 31055, 0, -2105836927, 33031, 45650, -1450621445, 10207, 22287, -1938300763, 28098, 0, 40713, 41667, 0, 41954, 0, 33105, 33498, 45692, 38063, 0, 27016, 41838, 9596, 36899, 39918, 39733, 1151670723, 8862, 26421, 0, 42036, 0, 41066, 0, 22944, 41054, 31814, 32836, 42124, 0, 30744, 18779, 19425, 34229, 0, 33392, 29513],[0, 0, 15084, 1126893620, -1605270942, 0, 34081, 26263, 1155113980, 17456, 42914, 38248, 28745, 0, 44191, 36050, 14853, 43776, 45856, 0, 0, 33713, 17758, 10328, 21689, 15545, 15044, 0, 43170, 31055, -1, 0, 0, 43140, 0, 0, 17832, 0, 0, 28200, 17932, 0, 7660, 10157, 43983, 40358, 0, 18375, 39811, 38587, 0, 33915, 41530, 0, 41457, 0, 0, 11260, 19753, 43281, 43531, 0, 0, 45143, 31305, 41995, 0, 0, 0, 35181, 0, 30879, 7310, 34599, 39597, 28010, 0, 723],[0, 20085, 747319754, 0, 44684, 0, 0, 29735, 19996, 0, 7829, -1470499841, 3644, 0, -818757390, 0, 24913, 0, 37105, 0, 45515, 0, 34578, 36391, -1084013802, 34594, 0, 36044, -594261615, 0, 0, -1, 0, 0, 0, 0, 4548, 7147, -1988776979, 44708, 0, 14852, 32156, 0, 33043, 26095, 34090, 35937, 0, 42294, 0, 22268, 40323, 30606, 11689, 0, 0, 44914, 30018, 0, 5984, 0, 29116, 41557, 33207, 41751, 33783, 25855, 33407, 40238, 0, 40166, 20460, 27770, 31618, 39392, 0, 0],[-1544046979, 705429512, -1667877499, 1402902329, -1831962723, 0, -1406151745, -2105499992, 0, -1866584232, 0, 0, 0, -1861754114, -1559008039, 40223, 22275, 0, -852667271, 37969, 38875, 23661, 39310, 0, 0, 0, 36760, 34052, -248808267, -2105836927, 0, 0, -1, 0, 0, -1068316702, -1943782585, -633165971, -790121799, 42179, 41951, 45545, 6924, 0, 0, 40262, 0, 39178, 0, 33606, 0, 0, 25575, 44305, 41053, 0, 0, 38800, 26527, 33405, 0, 0, 28689, 42570, 0, 0, 28059, 30643, 0, 31159, 15508, 17421, 10349, 0, 0, 33481, 20486, 17795],[1760501051, -1160440847, 0, -2121527145, -2085740067, 34238, 37088, 34098, 4908, -869493518, 10763, -104070147, 29318, -1632929629, 2120363109, -1423336553, 0, -1292673534, 0, -986069732, -231481108, 39758, -543350776, 0, -367824513, 0, -1906122725, -704597483, 34410, 33031, 43140, 0, 0, -1, -476362241, 12482, 41141, 0, 0, -2078347544, -1208987028, 0, -1974253685, -153968023, 34575, 24030, 1241001254, 5438, 0, 44607, 0, 11335, 37109, 41429, 0, 23330, 0, 24790, 0, 18511, 21219, 25318, 0, 0, 35554, 33763, 38280, 0, 0, 32558, 26363, 0, 33753, 41646, 0, 17284, 6656, 15967],[1954655867, -865524100, 12925, 0, 0, 35875, 14858, 8121, 33763, 0, 14933, -1023508358, 34031, -1954824294, 0, -1000341936, -1147948611, -139155215, 0, -359129200, -1297874897, 31472, -508741497, -808621397, -1838168065, 0, 0, -825654169, 32587, 45650, 0, 0, 0, -476362241, -1, 0, 44802, 10951, 20411, -607022095, -250092548, 12456, -1578633659, -374557173, 33343, 0, 0, 0, 42538, -464336064, 41271, 39575, 0, 0, 0, 43440, 0, 40441, 45807, 27930, 0, 0, 36994, 0, 38582, 45058, 41130, 0, 40121, 0, 32459, 40343, 42128, 0, 44829, 0, 0, 33556],[-1541654160, 963650922, -1850425865, 1712298432, -1953841417, 0, 0, -1889082617, 0, -251123236, -1651318099, 0, 31427, -1187182516, 0, 0, 20521, 0, -968930329, 39118, -1056026894, 32045, -498586454, 29407, 0, 28053, 17578, 42637, -411918424, -1450621445, 0, 0, -1068316702, 12482, 0, -1, -2041793464, 42355, 0, 0, 0, 15465, 22529, 15924, 0, 0, 0, 40095, 45566, 19837, 0, 0, 0, 39257, 22202, 18670, 41924, 0, 31471, 29123, 34686, 0, 10205, 27414, 44084, 40555, 45302, 0, 35472, 0, 40783, 24636, 8110, 0, 5949, 23644, 27612, 27529],[0, 21535, 144582897, 35253, 45803, -1653525086, 31083, 0, 35210, 0, 42996, -1148995658, 30013, 31884, -1462903196, 0, 33786, -788586984, 37409, 0, 0, 42000, 27709, 0, -2127130775, 32462, 44492, 0, -1389798457, 10207, 17832, 4548, -1943782585, 41141, 44802, -2041793464, -1, 37396, 0, 45819, 38772, 33629, 0, 32425, 0, 0, 25267, 43007, 31550, 32687, 0, 20964, 43624, 30656, 33612, 0, 17402, 0, 0, 0, 45573, 0, 41828, 32080, 38688, 8022, 0, 29627, 0, 0, 42995, 28570, 44420, 24526, 34180, 10023, 0, 0],[-583872597, 1624761274, -2073437280, 2095482724, -1462116998, 0, -94035087, -1943499049, 27104, 0, -882883499, -1095724622, 0, 0, 0, 0, 0, -662635510, -510395880, 0, 0, 38605, -1856058021, 19377, 0, 42205, 39228, 21386, 0, 22287, 0, 7147, -633165971, 0, 10951, 42355, 37396, -1, -97490854, 0, 30777, 45432, 0, 32789, 29621, 23394, 24188, 0, 23275, 0, 31487, 0, 37107, 41394, 23094, 0, 0, 0, 0, 4755, 0, 37379, 0, 27635, 37297, 43156, 0, 642, 8672, 45575, 43838, 46058, 28966, 35957, 19960, 0, 24800, 0],[-1568103227, 1021684004, -1274716264, 0, -2105016162, 0, 0, 0, 35628, -1538701676, -1502100859, -418026106, 20130, -1419339703, 0, -2132814510, 33601, -1070733155, 0, 0, -1747356748, 0, -1557731928, 0, -2075899276, 43732, 25738, 0, -803943363, -1938300763, 0, -1988776979, -790121799, 0, 20411, 0, 0, -97490854, -1, 15506, 34309, 0, 0, 26301, -73856518, 2070328661, 30649, 35826, 37754, 33456, 13043, 12784, 37061, 0, 35551, 16247, 24870, 0, 0, 0, 18107, 0, 0, 30333, 18106, 28735, 35487, 26866, 30876, 35670, 33451, 0, 0, 39201, 38966, 5427, 5742, 37185],[19161, 0, 43230, -2108341359, 0, 0, 18265, 45570, 24582, 0, 27908, 30790, 32771, 0, 20495, 0, 1333074764, 31698, 12704, 0, -865159962, 21501, -1445800662, 0, 38745, 0, 31476, 0, 0, 28098, 28200, 44708, 42179, -2078347544, -607022095, 0, 45819, 0, 15506, -1, 44917, 0, 32821, 36009, 0, 0, 45970, 42557, 0, 38533, 37043, 0, 26514, 44000, 4900, 0, 37622, 0, 0, 21287, 0, 12929, 29507, 44867, 37558, 42013, 31772, 13872, 45489, 12634, 40699, 31675, 37507, 23985, 0, 30736, 0, 46097],[33678, 0, 0, -2048788207, -2141518956, 43520, 17968, 42523, 37558, 1019921066, 0, 37592, 0, -1630574999, 44339, 0, 0, 1712374624, 1685, 0, 0, 31327, -1164931630, 0, 1720029804, 1684875623, 20523, 34872, 0, 0, 17932, 0, 41951, -1208987028, -250092548, 0, 38772, 30777, 34309, 44917, -1, 17600, 0, 46226, 0, 0, 0, 0, 24077, 9954, 33795, 37415, 44133, 0, 36378, 0, 0, 0, 43490, 0, 32749, 44342, 35741, 30365, 37755, 45060, 36297, 0, 20173, 0, 42076, 0, 40856, 27922, 38099, 17450, 35921, 0],[0, 0, 30735, 344438474, 0, 15466, 0, 35104, 1878513943, 0, 0, 28486, 6700, 31950, 0, 22217, 20617, 32021, 0, 34203, 32602, 45298, 0, 32818, 0, 0, 37731, 0, 0, 40713, 0, 14852, 45545, 0, 12456, 15465, 33629, 45432, 0, 0, 17600, -1, 33492, 38302, 38564, 0, 34785, 3147, 39988, 0, 28510, 43029, 29642, 18071, 27729, 18964, 0, 25401, 43442, 39139, 37462, 19320, 40937, 0, 38887, 0, 43472, 0, 0, 32056, 0, 0, 38961, 29248, 31018, 0, 0, 44903],[9841, 0, 0, -1958026407, -1772092769, 0, 25910, 14427, 40897, 34745, 23266, 0, 0, -1135994110, 0, -556642163, 403568839, 41993, 25368, 35984, -505960268, 40822, -1723296665, 31732, 36293, 0, 0, 0, 0, 41667, 7660, 32156, 6924, -1974253685, -1578633659, 22529, 0, 0, 0, 32821, 0, 33492, -1, 29042, 40556, 18274, 41401, 32451, 23248, 26140, 26022, 30199, 0, 18340, 27217, 38491, 0, 0, 44231, 35733, 30588, 0, 26548, 42598, 0, 0, 0, 10897, 0, 39848, 0, 5563, 41764, 0, 0, 33604, 0, 1255],[1124878958, -1586958968, 34512, -2021098517, -865363537, -303864424, 44289, 0, 39510, -1744946900, 0, 26852, 38391, 0, 0, 0, -1506103835, 0, 31846, -1246234628, -986465832, 23095, 0, -1032052196, 0, -2084330885, 2040411996, 0, 41374, 0, 10157, 0, 0, -153968023, -374557173, 15924, 32425, 32789, 26301, 36009, 46226, 38302, 29042, -1, 0, 0, 0, 21797, 43250, 24889, 0, 0, 30677, 46255, 38865, 38326, 45737, 11762, 42135, 36898, 0, 44895, 42614, 40952, 44990, 17890, 45967, 0, 43583, 33629, 36452, 34721, 20473, 0, 0, 17522, 42011, 24632],[-713870886, 2068947440, -1772236678, 27601, -1345833691, 0, 1297717958, 18122, 38802, 0, 0, 0, 0, 0, -217766514, -1578798599, 20827, -545654361, 45313, 0, 30762, 25641, 0, 0, 0, 35406, 0, 36944, 35841, 41954, 43983, 33043, 0, 34575, 33343, 0, 0, 29621, -73856518, 0, 0, 38564, 40556, 0, -1, 40700, 40712, 30279, 0, 27979, 22640, 12256, 0, 4615, 38603, 23216, 43267, 22345, 14119, 5386, 35083, 25116, 33904, 22315, 32371, 0, 26327, 0, 41270, 0, 7767, 45338, 12418, 14152, 29615, 28036, 0, 0],[0, 27035, 1077531516, 14623, 26932, -238420248, 41070, 0, 32524, 0, 35488, -1442848156, 45451, 0, 0, 35491, 42871, -543450287, 0, 26310, 19947, 27202, 29522, 37707, 0, 44070, 0, 0, 15037, 0, 40358, 26095, 40262, 24030, 0, 0, 0, 23394, 2070328661, 0, 0, 0, 18274, 0, 40700, -1, 0, 9795, 0, 0, 20931, 31870, 0, 0, 0, 0, 38250, 25102, 35143, 0, 30893, 33338, 22599, 0, 38722, 46114, 44443, 36259, 45129, 25688, 33782, 22652, 37663, 0, 25721, 0, 0, 43065],[2033558251, -1774841043, 44759, -563692151, -1992374554, 0, 28401, 0, 0, 0, 0, 42513, 42504, -1820768394, -560986083, -1748074330, -2126002645, 479177086, 27632, -458646313, -172583006, 31503, 0, -594533625, 0, 39480, 45803, 27474, 0, 33105, 0, 34090, 0, 1241001254, 0, 0, 25267, 24188, 30649, 45970, 0, 34785, 41401, 0, 40712, 0, -1, 9433, 0, 38702, 33365, 0, 0, 36611, 45074, 42595, 18255, 42552, 0, 45309, 31679, 40038, 0, 0, 30875, 0, 14968, 0, 41523, 33885, 3217, 32903, 40973, 0, 20536, 0, 0, 0],[9232, 0, 41018, -1890400870, 0, 0, 1190921955, 0, 39749, 2109867794, 23613, 17571, 36493, -1046704285, 40263, -756124878, 0, 0, 1272777795, 1315097560, -914874305, 0, -1119976474, 0, 15027, 23609, 27189, 38015, 0, 33498, 18375, 35937, 39178, 5438, 0, 40095, 43007, 0, 35826, 42557, 0, 3147, 32451, 21797, 30279, 9795, 9433, -1, 19019, 46196, 15600, 39701, 41847, 19075, 8631, 23218, 33261, 27200, 0, 0, 34297, 36872, 33769, 21324, 0, 0, 37187, 0, 41923, 44971, 40185, 9975, 0, 41335, 5486, 43279, 0, 32144],[-1634241820, 1139637173, 0, -1862943924, 0, 151977429, 36171, 30120, 0, -2017571125, 12012, 0, 31785, -1467786099, -1235130315, 0, 11756, 0, 0, 42386, -694152330, 9011, -1332479082, 4705, -831987074, 0, 41269, 0, 41301, 45692, 39811, 0, 0, 0, 42538, 45566, 31550, 23275, 37754, 0, 24077, 39988, 23248, 43250, 0, 0, 0, 19019, -1, 28780, 25724, 25100, 41325, 35976, 40620, 34811, 0, 0, 19712, 36190, 38039, 0, 24297, 0, 12274, 12892, 33035, 25712, 27118, 28528, 0, 0, 0, 40283, 35930, 0, 0, 45530],[23056, 0, 0, 0, -1108433518, 835875783, 395445402, 24338, 35644, 28898, 15481, 0, 37245, -1617891246, 44273, -1180889108, 256540449, 0, 27634, 36299, -1472802596, 19016, 0, 0, 29577, 0, 0, 27465, 24248, 38063, 38587, 42294, 33606, 44607, -464336064, 19837, 32687, 0, 33456, 38533, 9954, 0, 26140, 24889, 27979, 0, 38702, 46196, 28780, -1, 42908, 26819, 21595, 39568, 43081, 17890, 45136, 24918, 35563, 0, 0, 45015, 38025, 34668, 0, 41538, 42374, 25035, 31955, 40476, 39723, 31950, 33293, 27991, 0, 0, 41121, 0],[36531, 0, 0, 0, -847217113, 41671, 26614, 14247, 0, 0, 0, 21996, 0, -1311892473, 0, 0, 1039280076, 44156, 23314, 16716, -2064974759, 33540, -1616130485, 0, 25555, 0, 45865, 17142, 0, 0, 0, 0, 0, 0, 41271, 0, 0, 31487, 13043, 37043, 33795, 28510, 26022, 0, 22640, 20931, 33365, 15600, 25724, 42908, -1, 0, 33015, 43953, 34343, 0, 40532, 16214, 33890, 28080, 41552, 17669, 40222, 33062, 34292, 43276, 46277, 46107, 0, 0, 19640, 7212, 14715, 0, 41367, 37834, 0, 0],[0, 19029, 0, 0, -1720687022, 0, -1525867029, 720751758, 0, 0, 4649, 0, 39541, 8230, 0, 0, 15437, -1453705262, 10562, 42083, 10026, 28986, 41043, 45594, 0, 36879, 42176, 0, 0, 27016, 33915, 22268, 0, 11335, 39575, 0, 20964, 0, 12784, 0, 37415, 43029, 30199, 0, 12256, 31870, 0, 39701, 25100, 26819, 0, -1, 38498, 0, 23771, 39234, 0, 0, 16065, 41377, 3879, 30318, 41499, 44921, 32868, 20083, 0, 0, 24979, 0, 19591, 0, 0, 0, 38983, 37662, 21126, 41141],[23477, 0, 8173, 0, -1972142187, 906963332, 892365309, 33687, 45787, 1854450844, 24322, 34868, 0, -1426756350, 0, 0, 1487088624, 26654, 0, 8885, 0, 31591, -1200586775, 0, 36066, 24782, 40578, 0, 0, 41838, 41530, 40323, 25575, 37109, 0, 0, 43624, 37107, 37061, 26514, 44133, 29642, 0, 30677, 0, 0, 0, 41847, 41325, 21595, 33015, 38498, -1, 0, 0, 0, 35333, 37109, 38010, 34701, 27248, 0, 0, 31336, 41604, 34928, 45950, 37189, 42048, 36254, 0, 0, 30563, 15516, 0, 37705, 6383, 0],[-1780369863, 727766234, -1447341194, 0, 0, -383472887, 0, 32335, 36514, -2113738314, 42875, 0, 37858, -1754584998, 0, -1820531171, 24857, 0, 0, 42605, 44947, 29695, 0, 39452, -866605754, 0, 34671, 32220, 36986, 9596, 0, 30606, 44305, 41429, 0, 39257, 30656, 41394, 0, 44000, 0, 18071, 18340, 46255, 4615, 0, 36611, 19075, 35976, 39568, 43953, 0, 0, -1, 26483, 0, 0, 0, 38392, 0, 19199, 37672, 0, 35946, 27890, 23792, 0, 0, 38702, 35878, 42708, 27157, 29437, 23101, 0, 26555, 0, 35578],[1679275783, -1323950103, 34629, -364300999, -1630593440, 32424, 12722, 12654, 42391, -405788521, 31477, -258825794, 0, -1827495251, 42668, -695579215, 27782, 0, 44263, 19014, 0, 43033, 0, 24635, -176580735, 0, 0, 14253, 41562, 36899, 41457, 11689, 41053, 0, 0, 22202, 33612, 23094, 35551, 4900, 36378, 27729, 27217, 38865, 38603, 0, 45074, 8631, 40620, 43081, 34343, 23771, 0, 26483, -1, 43116, 44330, 37884, 21823, 24592, 0, 11071, 40364, 44238, 20862, 30935, 40836, 4006, 23537, 31782, 0, 35464, 27053, 24940, 16924, 45102, 36812, 35696],[5275, 0, 10041, -1887340255, -2094027115, 2023570169, 0, 22135, 0, 0, 0, 288231364, 0, 0, 940191489, 0, 0, 1521499915, 362836022, 1463024263, 31442, 6424, 0, 41451, 45279, 36819, 34431, 45776, 39277, 39918, 0, 0, 0, 23330, 43440, 18670, 0, 0, 16247, 0, 0, 18964, 38491, 38326, 23216, 0, 42595, 23218, 34811, 17890, 0, 39234, 0, 0, 43116, -1, 34460, 0, 0, 11355, 12802, 43076, 0, 0, 39741, 30504, 28321, 36672, 0, 26848, 0, 40822, 0, 34615, 43842, 36891, 21932, 0],[0, 34493, 921285253, 5228, 36155, 41293, 0, 35144, 43370, 0, 39628, -1919566606, 0, 37988, -536981541, 42817, 0, -1717868358, 0, 0, 0, 0, 11961, 0, 0, 42599, 36338, 31450, 0, 39733, 0, 0, 0, 0, 0, 41924, 17402, 0, 24870, 37622, 0, 0, 0, 45737, 43267, 38250, 18255, 33261, 0, 45136, 40532, 0, 35333, 0, 44330, 34460, -1, 41324, 36786, 0, 0, 40364, 41642, 0, 0, 40139, 41621, 33946, 29695, 33374, 24195, 40464, 2708, 17004, 43671, 11783, 0, 37171],[0, 39500, 0, 0, 1079010352, -1675958146, -47808136, 0, 20566, 0, 0, 0, 43744, 0, 0, 1463089037, 0, 0, 0, 41028, -1958662780, 38634, 1344119857, 0, 0, 17226, 41451, 33330, 0, 1151670723, 11260, 44914, 38800, 24790, 40441, 0, 0, 0, 0, 0, 0, 25401, 0, 11762, 22345, 25102, 42552, 27200, 0, 24918, 16214, 0, 37109, 0, 37884, 0, 41324, -1, 25897, 0, 39997, 0, 31329, 0, 33245, 0, 38398, 34186, 0, 38621, 37892, 25200, 41401, 0, 43954, 0, 0, 0],[43178, 0, 5264, 0, 0, 0, 870604540, 27695, 25171, 0, 32661, 459480712, 0, -1321226726, 34685, -1204067059, 1367638135, 40435, 22092, 16489, 20298, 41777, -1448939927, 0, 9046, 0, 0, 0, 14882, 8862, 19753, 30018, 26527, 0, 45807, 31471, 0, 0, 0, 0, 43490, 43442, 44231, 42135, 14119, 35143, 0, 0, 19712, 35563, 33890, 16065, 38010, 38392, 21823, 0, 36786, 25897, -1, 27949, 6178, 32703, 17178, 23755, 0, 23310, 43269, 0, 0, 33827, 0, 37409, 0, 0, 0, 20716, 38821, 37181],[0, 45185, 0, 1536621495, -1453547330, -1662412201, 0, 1907216542, 0, 0, 45920, 10688, 35412, 11918, 29574, 43303, 36298, -434453301, 31836, 10520, 35678, 0, 6691, 0, 0, 0, 17550, 0, 0, 26421, 43281, 0, 33405, 18511, 27930, 29123, 0, 4755, 0, 21287, 0, 39139, 35733, 36898, 5386, 0, 45309, 0, 36190, 0, 28080, 41377, 34701, 0, 24592, 11355, 0, 0, 27949, -1, 0, 27917, 0, 17002, 8720, 36886, 22868, 27685, 0, 19965, 36432, 0, 41584, 16142, 12240, 35307, 40431, 4911],[0, 0, 18407, 0, 0, 43716, 0, 16981, 196119218, 0, 0, 45460, 32149, 32385, 19473, 0, 0, 18766, 6465, 0, 41244, 0, 10903, 0, 0, 0, 0, 0, 29306, 0, 43531, 5984, 0, 21219, 0, 34686, 45573, 0, 18107, 0, 32749, 37462, 30588, 0, 35083, 30893, 31679, 34297, 38039, 0, 41552, 3879, 27248, 19199, 0, 12802, 0, 39997, 6178, 0, -1, 8336, 17864, 35250, 0, 28020, 0, 11018, 28523, 24860, 39145, 21537, 26465, 4237, 0, 34056, 0, 24596],[46199, 0, 41062, -1852559414, 0, 24188, 41825, 24587, 0, 0, 0, 29366, 0, -1841520553, 0, -838273394, 2001910578, 21752, 0, 9924, 42323, 0, 0, 29252, 36182, 11307, 27594, 44845, 0, 42036, 0, 0, 0, 25318, 0, 0, 0, 37379, 0, 12929, 44342, 19320, 0, 44895, 25116, 33338, 40038, 36872, 0, 45015, 17669, 30318, 0, 37672, 11071, 43076, 40364, 0, 32703, 27917, 8336, -1, 0, 31060, 0, 36256, 34728, 31110, 37360, 45134, 6229, 0, 6424, 0, 28968, 16230, 38731, 0],[0, 35496, 1887381425, 23306, 21025, 38820, 35419, 0, 0, 0, 37050, 44464, 44763, 23501, 19965, 23108, 19736, -1950887465, 0, 38602, 31316, 34157, 28387, 0, -1663788150, 15920, 24439, 37261, 19456, 0, 0, 29116, 28689, 0, 36994, 10205, 41828, 0, 0, 29507, 35741, 40937, 26548, 42614, 33904, 22599, 0, 33769, 24297, 38025, 40222, 41499, 0, 0, 40364, 0, 41642, 31329, 17178, 0, 17864, 0, -1, 30358, 44055, 0, 0, 42184, 12205, 43320, 40863, 42905, 23503, 0, 33356, 32529, 0, 27246],[-1358469852, 1227689090, 41142, 12289, -2053593041, 0, 39940, 19780, 0, -1660599274, 20960, 41249, 41021, -1706761530, 0, 0, 44194, 265651760, 44138, 0, 28847, 28986, 2801, 41949, -1772544671, 33287, 5873, 33427, 0, 41066, 45143, 41557, 42570, 0, 0, 27414, 32080, 27635, 30333, 44867, 30365, 0, 42598, 40952, 22315, 0, 0, 21324, 0, 34668, 33062, 44921, 31336, 35946, 44238, 0, 0, 0, 23755, 17002, 35250, 31060, 30358, -1, 13898, 37221, 18775, 46120, 31208, 46303, 44162, 24080, 39111, 0, 26292, 18946, 19453, 41208],[43084, 0, 6646, 0, 0, 587059432, 0, 0, 26536, 0, 43318, 0, 23174, -1235367168, 7512, 0, 1188760647, 0, 2922, 0, 39700, 22122, 17878, 0, 21543, 26234, 37767, 25786, 37562, 0, 31305, 33207, 0, 35554, 38582, 44084, 38688, 37297, 18106, 37558, 37755, 38887, 0, 44990, 32371, 38722, 30875, 0, 12274, 0, 34292, 32868, 41604, 27890, 20862, 39741, 0, 33245, 0, 8720, 0, 0, 44055, 13898, -1, 0, 22593, 30332, 33543, 0, 23131, 37313, 38156, 0, 11303, 32826, 0, 0],[31263, 165667453, 18167, 0, 0, 12303, 38811, 26021, 0, 0, 24892, 37590, 36184, -1884766307, 44441, -754450516, 45579, 0, 0, 40236, 40865, 0, 0, 6233, -1025806962, 0, 40066, 36599, 22787, 22944, 41995, 41751, 0, 33763, 45058, 40555, 8022, 43156, 28735, 42013, 45060, 0, 0, 17890, 0, 46114, 0, 0, 12892, 41538, 43276, 20083, 34928, 23792, 30935, 30504, 40139, 0, 23310, 36886, 28020, 36256, 0, 37221, 0, -1, 34807, 44960, 40261, 0, 44916, 17529, 40031, 0, 0, 0, 5735, 0],[43756, 0, 32786, 0, -1102012310, 28394, 25092, 29110, 35542, 61431778, 0, 19432, 31296, -1919817984, 25074, -682264727, 0, 1568963668, 8760, 0, -2006112420, 0, 0, -2065447170, 33587, 1763836526, 32112, 19831, 44768, 41054, 0, 33783, 28059, 38280, 41130, 45302, 0, 0, 35487, 31772, 36297, 43472, 0, 45967, 26327, 44443, 14968, 37187, 33035, 42374, 46277, 0, 45950, 0, 40836, 28321, 41621, 38398, 43269, 22868, 0, 34728, 0, 18775, 22593, 34807, -1, 0, 39163, 33637, 30269, 0, 33621, 45370, 46308, 0, 0, 32046],[0, 0, 0, 13211, 0, 0, 33514, -1329995442, 39186, 1148566057, 0, 44372, 1393251426, 0, 17637, 0, 45308, 28247, 31221, 0, 0, 9193, 16677, 42238, 33220, 21838, 15661, 27540, 32196, 31814, 0, 25855, 30643, 0, 0, 0, 29627, 642, 26866, 13872, 0, 0, 10897, 0, 0, 36259, 0, 0, 25712, 25035, 46107, 0, 37189, 0, 4006, 36672, 33946, 34186, 0, 27685, 11018, 31110, 42184, 46120, 30332, 44960, 0, -1, 44903, 0, 31121, 26526, 25703, 0, 31489, 33882, 0, 18468],[20468, 943222628, 42217, 27608, 0, 40741, 0, 10433, 22793, -1598622294, 0, 0, 36018, 0, 0, -820000689, 37218, 21148, 0, 18246, 0, 9446, 0, 19669, -791761783, 20601, 0, 0, 24077, 32836, 0, 33407, 0, 0, 40121, 35472, 0, 8672, 30876, 45489, 20173, 0, 0, 43583, 41270, 45129, 41523, 41923, 27118, 31955, 0, 24979, 42048, 38702, 23537, 0, 29695, 0, 0, 0, 28523, 37360, 12205, 31208, 33543, 40261, 39163, 44903, -1, 0, 39083, 0, 0, 21198, 31097, 0, 0, 0],[45253, 1493706573, 44217, 42215, -1835210389, 37402, 41070, 22779, 44269, 0, 46101, 42872, 45741, 0, 26521, 0, 11703, 33729, 45333, 0, 0, 44308, 13174, 0, 5970, 14188, 35069, 46088, 0, 42124, 35181, 40238, 31159, 32558, 0, 0, 0, 45575, 35670, 12634, 0, 32056, 39848, 33629, 0, 25688, 33885, 44971, 28528, 40476, 0, 0, 36254, 35878, 31782, 26848, 33374, 38621, 33827, 19965, 24860, 45134, 43320, 46303, 0, 0, 33637, 0, 0, -1, 30797, 0, 25153, 0, 0, 0, 39852, 36714],[45120, 0, 42749, 0, 0, 2133671472, 40037, 41768, 31988, 0, 34073, 40044, 44039, -1570918881, 33146, -1272225387, 0, 2097223458, 0, 1142702770, 0, 0, 15874, 0, 8904, 35868, 10014, 28105, 38557, 0, 0, 0, 15508, 26363, 32459, 40783, 42995, 43838, 33451, 40699, 42076, 0, 0, 36452, 7767, 33782, 3217, 40185, 0, 39723, 19640, 19591, 0, 42708, 0, 0, 24195, 37892, 0, 36432, 39145, 6229, 40863, 44162, 23131, 44916, 30269, 31121, 39083, 30797, -1, 0, 0, 14778, 0, 46167, 27398, 15962],[42116, 999406363, 9898, 28180, -1577944710, 23465, 0, 0, 25632, 0, 40331, 35761, 0, 0, 34980, -1311522898, 0, 26299, 39201, 34878, 28910, 36128, 0, 12807, 0, 0, 0, 28909, 45251, 30744, 30879, 40166, 17421, 0, 40343, 24636, 28570, 46058, 0, 31675, 0, 0, 5563, 34721, 45338, 22652, 32903, 9975, 0, 31950, 7212, 0, 0, 27157, 35464, 40822, 40464, 25200, 37409, 0, 21537, 0, 42905, 24080, 37313, 17529, 0, 26526, 0, 0, 0, -1, 0, 44836, 0, 25151, 40061, 34529],[39022, 710376011, 0, 0, 0, 44136, 0, 11764, 43554, 1496487667, 27042, 20842, 0, 37761, 38697, 0, 34567, 0, 38360, 45966, 0, 15581, 43032, 0, 41649, 0, 0, 40170, 0, 18779, 7310, 20460, 10349, 33753, 42128, 8110, 44420, 28966, 0, 37507, 40856, 38961, 41764, 20473, 12418, 37663, 40973, 0, 0, 33293, 14715, 0, 30563, 29437, 27053, 0, 2708, 41401, 0, 41584, 26465, 6424, 23503, 39111, 38156, 40031, 33621, 25703, 0, 25153, 0, 0, -1, 0, 0, 19206, 0, 35364],[33809, 1651191252, 34312, 31443, -1576653978, 25537, 0, 0, 38467, 45397, 37900, 11436, 24794, 0, 17585, 0, 32155, 17770, 29750, 0, 26097, 36386, 25850, 45598, 31001, 4162, 0, 22744, 0, 19425, 34599, 27770, 0, 41646, 0, 0, 24526, 35957, 39201, 23985, 27922, 29248, 0, 0, 14152, 0, 0, 41335, 40283, 27991, 0, 0, 15516, 23101, 24940, 34615, 17004, 0, 0, 16142, 4237, 0, 0, 0, 0, 0, 45370, 0, 21198, 0, 14778, 44836, 0, -1, 37116, 36366, 35656, 33062],[45345, 968581306, 22233, 32719, -1017038420, 43380, 0, 12958, 27918, 43616, 36267, 42003, 30289, 27504, 0, -974946842, 0, 15092, 32291, 17325, 0, 0, 44743, 0, 20583, 0, 19980, 40260, 43082, 34229, 39597, 31618, 0, 0, 44829, 5949, 34180, 19960, 38966, 0, 38099, 31018, 0, 0, 29615, 25721, 20536, 5486, 35930, 0, 41367, 38983, 0, 0, 16924, 43842, 43671, 43954, 0, 12240, 0, 28968, 33356, 26292, 11303, 0, 46308, 31489, 31097, 0, 0, 0, 0, 37116, -1, 36356, 21132, 27835],[0, 38832, 0, -1266567108, 0, -2022647469, -994465400, 0, 42426, -1620087212, 751958412, 38980, 5503, 21628, 0, 36909, 0, 22887, 38592, 23463, 35503, 18383, 0, 17535, 46301, 0, 0, 21199, 42248, 0, 28010, 39392, 33481, 17284, 0, 23644, 10023, 0, 5427, 30736, 17450, 0, 33604, 17522, 28036, 0, 0, 43279, 0, 0, 37834, 37662, 37705, 26555, 45102, 36891, 11783, 0, 20716, 35307, 34056, 16230, 32529, 18946, 32826, 0, 0, 33882, 0, 0, 46167, 25151, 19206, 36366, 36356, -1, 0, 30822],[0, 17985, 1430490655, 0, 0, 41734, 30196, 15513, 40047, 0, 46328, 43164, 41123, 42965, 33792, 37001, 22930, 0, 21608, 31037, 34960, 27282, 43967, 0, 26954, 0, 34659, 0, 44737, 33392, 0, 0, 20486, 6656, 0, 27612, 0, 24800, 5742, 0, 35921, 0, 0, 42011, 0, 0, 0, 0, 0, 41121, 0, 21126, 6383, 0, 36812, 21932, 0, 0, 38821, 40431, 0, 38731, 0, 19453, 0, 5735, 0, 0, 0, 39852, 27398, 40061, 0, 35656, 21132, 0, -1, 43817],[0, 0, 14985, 1379242845, 0, 18895, 621458735, 0, 0, -1500073693, -1942142096, 0, 0, 29640, 0, 0, 22275, 0, 0, 0, 0, 27102, 0, 0, 36996, 0, 469189621, 30820, 23082, 29513, 723, 0, 17795, 15967, 33556, 27529, 0, 0, 37185, 46097, 0, 44903, 1255, 24632, 0, 43065, 0, 32144, 45530, 0, 0, 41141, 0, 35578, 35696, 0, 37171, 0, 37181, 4911, 24596, 0, 27246, 41208, 0, 0, 32046, 18468, 0, 36714, 15962, 34529, 35364, 33062, 27835, 30822, 43817, -1]]