67
[[-1, 32737, 1676830434, 0, -1747810994, 1797068003, 0, 41848, 0, 42075, 0, -1080081162, 32039, -1353422864, 45434, 1600824437, 0, -786597409, 1615123594, 0, 44500, 0, 22591, -1585521042, 29056, -120997097, -967965310, 41396, -1916193668, 0, -1386843466, 1627372115, 25562, 26619, 29581, 32354, 0, 32536, 36651, 0, 0, 39674, 32057, 18467, 41389, 22773, 21846, 0, 45480, 0, 34176, 43709, 0, 0, 6771, 0, 0, 0, 10704, 41755, 44595, 28208, 0, 41942, 42382, 23043, 0],[32737, -1, -860453323, 0, 1640664130, -984857819, 0, 0, 0, 0, 44687, 1160887617, 0, 1507574004, 0, -688479129, 46200, 1519330599, -1752102309, 44093, 0, 42701, 0, 1523596646, 0, 2120020953, 1481471595, 0, 1614101252, 36337, 1120589513, -1708544336, 1923171798, 0, 571023094, 1355945375, 23432, 968747696, 0, 24625, 20545, 0, 0, 2052738425, 1222247979, 248524058, 1493764, 0, 1173002111, 0, 1777271140, 0, 22527, 40220, 509153376, 32669, 24936, 0, 0, 1388002544, 95818722, 0, 41790, 1245580013, 1127103802, 0, 0],[1676830434, -860453323, -1, 0, 0, 0, 0, 0, 0, 0, 0, -762393067, -543757910, -887005683, 0, -1528459861, 0, -1271234943, 0, 0, 0, -388714543, 0, -176410679, -1148146446, 0, 0, 0, -809639791, -548365542, -993251713, 0, -441687287, -1145217575, 0, -1949446790, 0, 0, -1600918172, 0, -683748136, -1114720327, 0, -695890080, 0, -780697492, 0, 0, 0, 41189, -55286382, 0, -1728275807, -1279549200, -371430054, 0, -801112892, 28865, 0, -1213385391, 0, 0, 0, -568281913, -344765673, -1304295068, 12920],[0, 0, 0, -1, 0, 46039, -2056554419, 17711, -855701227, 441811392, 19593, 0, 0, 0, 22514, 29613, 27233, 34439, 25610, 17409, 0, 0, 39733, 0, -846291924, 46317, 0, 0, 41876, 32887, 0, 0, 45397, 42705, 0, 0, 35305, 38458, -232577024, 22991, 45459, 40015, 0, 0, 36240, 0, 45810, 30387, 0, 40496, 40857, 0, 14962, 0, 10975, 0, 16126, 35629, 24781, 0, 40909, 30061, 9520, 0, 40683, 29306, 42175],[-1747810994, 1640664130, 0, 0, -1, -496479488, 13976, 19892, 0, 20279, 0, -18428815, 84361840, -269586295, 728587584, 0, 0, 0, -407679670, -1271650641, 1320594186, -1778480550, 589309305, -1243705977, 42587, -1095095177, -896075280, 0, 0, 0, 0, -348293557, 0, 0, -787434939, -284537550, -1512852694, -59079563, 757665705, 0, 0, 20714, 0, -586507012, -802687459, -455951014, 46082, 25616, 25327, 45728, 0, 1389873624, -1097145495, -629885439, 5905, -1981797380, 0, 26487, 1372404648, 34412, 39125, 2067104635, -1572134492, 31460, 0, 234254449, 46219],[1797068003, -984857819, 0, 46039, -496479488, -1, 2102034735, 0, 1608064054, -1698875640, -2079304322, -801292485, -801595741, 0, -769049722, 0, -1984338091, -1233358827, 0, -1734168965, 0, -1275648265, -1102455900, -613648092, 2040656623, -2130534595, -868025720, 0, -1239749874, -2011808175, 0, 0, -246944112, -1836294451, 0, 0, -1723681424, -1684694479, 1936481311, 0, -1755703163, 0, -953268123, 0, 0, -321606827, -446371660, 1172690714, -1807049939, 43550, 0, -1710651745, -1337867459, -1802266104, -1154150818, -1941614020, 0, 43159, -1530797135, -886020199, -951597255, 0, -1031481851, 0, -119750916, 0, 39192],[0, 0, 0, -2056554419, 13976, 2102034735, -1, 186750735, -433525683, 0, 40509, 22173, 0, 42053, 0, 36283, 0, 0, 34091, 0, 0, 0, 45350, 37630, 0, 43029, 0, 26725, 0, 27226, 44983, 20494, 0, 44908, 0, 38051, 37500, 0, 23531, 20172, 22292, 40597, 43810, 0, 35610, 0, 0, 38809, 41106, 0, 44407, 15530, 39599, 0, 0, 45846, 31350, 0, 18702, 0, 28288, 0, 0, 40868, 0, 0, 43362],[41848, 0, 0, 17711, 19892, 0, 186750735, -1, 0, 1089596704, 0, 45126, 0, 0, 992441462, -1128577209, 43953, 34347, 0, 37260, 592488329, 44645, 0, 37732, 1800824973, 37587, 43050, 1834146306, 0, 38859, 27417, 0, 26888, 0, 0, 41658, 37256, 31231, 0, 15932, 0, 0, 1452741444, 27281, 34130, 0, 35260, 30605, 0, 0, 32964, 564299146, 41807, 42502, 34867, 0, 18000, 35359, 2102176477, 0, 34106, 0, 10028, 22996, 44917, 0, 0],[0, 0, 0, -855701227, 0, 1608064054, -433525683, 0, -1, -1961116890, 25579, 34457, 0, 31754, 40789, 22588, 0, 33246, 0, 30725, 22090, 0, 0, 0, 0, 0, 1681664040, 0, 0, 25357, 45886, 0, -1625973719, -1080301114, 10083, 26974, 0, -1870971632, 0, 0, 24790, 45796, -140932241, 15124, 39555, -2094401760, -1614411523, -967361505, 0, -947623977, 12951, 42575, 0, 37384, -1518803384, 32805, 44488, -1020403856, 35227, 0, 0, 29999, 0, 32470, 20954, 0, -2063976545],[42075, 0, 0, 441811392, 20279, -1698875640, 0, 1089596704, -1961116890, -1, 0, 30938, 0, 35216, 45402, 0, 21876, 9691, -2083695430, 37791, 0, 31574, 272279281, 22533, 34693, 0, 0, 0, 14655, 33447, 34863, 0, 28472, 356504678, 0, 41094, 0, 0, 223229144, 0, 0, 1759655325, 30402, 41559, 0, 45738, 0, 43758, 44090, 0, 0, 46247, 25576, 31265, 42137, 40545, 26256, 0, 27642, 45093, 4700, 423047413, 36487, 15600, 38124, 2137878186, 0],[0, 44687, 0, 19593, 0, -2079304322, 40509, 0, 25579, 0, -1, -1437445642, 0, -1514466600, 0, -1234440984, 2067040574, 0, 44217, 1902715108, 7789, 0, 20573, -1533856758, 0, -1476537312, -2052159716, 0, 0, 0, -2112916477, 40005, 25927, 0, 23591, 33442, 1754353581, 24595, 0, 256795409, 673183665, 27824, 0, 20115, 3415, 0, 0, 43771, 40517, 21415, 43245, 37973, 1128243836, 293621130, 0, 1207873513, 0, 33569, 32819, 40673, 26772, 29822, 1153297367, 45480, 0, 24880, 0],[-1080081162, 1160887617, -762393067, 0, -18428815, -801292485, 22173, 45126, 34457, 30938, -1437445642, -1, 881287249, 0, 0, 0, 0, 0, -1532195518, 0, 0, -1171909465, 41685, -557494299, 23980, 0, -1600723877, 8221, -786587884, -2100738957, -38785273, -1357882315, 0, 22444, -1851897404, -932651021, 0, -579938876, 38636, -1794867060, -1917546135, 0, 0, 0, 38611, 29859, 3265, 0, 27941, 0, 26714, 0, 0, 28333, 37122, 33117, 0, 1522033694, 12268, 43789, 38067, 45434, 24591, 20867, 9004, 43824, 1345887998],[32039, 0, -543757910, 0, 84361840, -801595741, 0, 0, 0, 0, 0, 881287249, -1, 0, 317086773, -1389383294, 0, 0, 0, 42709, 36155, 34851, 40011, 0, 0, 0, 0, 40485, 12264, 27947, 36013, -824531831, 35096, 29818, 42307, 0, 32060, 30976, 0, 44277, 37815, 0, 0, 24417, 0, 8844, 0, 0, 35823, -2091434434, 44330, 0, 32790, 22167, 0, 35394, 28975, -1876795591, 13415, 35678, 0, 38732, 0, 0, 0, 40387, 0],[-1353422864, 1507574004, -887005683, 0, -269586295, 0, 42053, 0, 31754, 35216, -1514466600, 0, 0, -1, 23034, 0, 0, -443714958, 0, -1452687480, 23926, -1119625462, 0, -721181690, 0, 0, 0, 36096, -633655819, -1849420299, 0, -652010848, -1362743015, 33175, -1041620297, 0, -1698070948, -1089663354, 40499, -2090389402, 0, 33266, 38765, 0, -479743672, 27248, 11412, 32821, 25108, 15233, 36172, 0, 10079, 37919, 38557, 40465, 0, 32294, 42491, 0, 0, 33034, 46304, 0, 28685, 34185, 30510],[45434, 0, 0, 22514, 728587584, -769049722, 0, 992441462, 40789, 45402, 0, 0, 317086773, 23034, -1, -1666667538, 43211, 0, -901251552, 41839, 0, 36872, 39969, 33239, 45842, 40439, 0, 0, 40673, 18039, 36712, 0, 22344, 39653, 0, 14678, 43420, 25395, 0, 0, 38507, 0, 0, 41920, 43133, 42520, 0, 29242, 14205, 0, 42313, 10737, 0, 33633, 40238, 0, 19838, 39658, 8502, 31183, 36524, 38965, 0, 0, 32965, 0, 0],[1600824437, -688479129, -1528459861, 29613, 0, 0, 36283, -1128577209, 22588, 0, -1234440984, 0, -1389383294, 0, -1666667538, -1, 29442, 0, -798266245, 41831, -1258812109, 27979, -576965805, 28652, 1939612034, 9685, 21353, 45612, 30818, 0, 8200, -402791284, 45606, 14912, 0, 19760, 0, 0, 44699, 37571, 0, 0, 0, 27397, 0, 44655, 39031, 18465, 0, 0, 25887, 27821, 12524, 42145, 0, 28403, 0, 915504668, 0, 33922, 0, 37199, 35994, 15852, 29570, 43501, 0],[0, 46200, 0, 27233, 0, -1984338091, 0, 43953, 0, 21876, 2067040574, 0, 0, 0, 43211, 29442, -1, -1247347340, 0, 36427, 36300, 2062700314, 28284, -2132754275, 40574, 0, -1400842348, 44749, -1274777305, 849473862, 0, 21701, 40600, 40199, 41703, 0, 0, 26227, 26403, 22994, 40731, 37127, 0, 0, 8853, 7752, 36070, 0, 0, 0, 28988, 30691, 21902, 0, 34277, 38895, 0, 0, 0, 40166, 22438, 11740, 18306, 45760, 0, 0, 38580],[-786597409, 1519330599, -1271234943, 34439, 0, -1233358827, 0, 34347, 33246, 9691, 0, 0, 0, -443714958, 0, 0, -1247347340, -1, -1597993007, 0, 17113, 0, 22362, -1468725854, 40287, -1138053680, 0, 24404, -1244771113, -1048131061, -896726731, -794635876, -2141237848, 38619, -1892166000, -881467016, 12513, 21012, 18126, 0, 20863, 0, 40640, 0, 44378, 0, 45549, 15983, 0, 328435421, 42446, 0, 0, 39673, 24856, 44888, 0, 21607, 0, 43783, 37553, 33009, 19487, 32904, 34597, 46003, 1587462764],[1615123594, -1752102309, 0, 25610, -407679670, 0, 34091, 0, 0, -2083695430, 44217, -1532195518, 0, 0, -901251552, -798266245, 0, -1597993007, -1, 41656, -1571680340, 0, 0, 40638, -968118471, 27169, 0, -1314656499, 5615, 29115, 12871, -1815071817, -1018393240, -1484169756, 0, 0, 24552, -1043581397, 29318, 0, 39841, 0, 38117, 35292, 40456, 0, 0, 25565, 39588, 0, 0, 33274, 0, 38293, 0, 44295, -1614286977, 35820, 0, 0, 0, 0, 39031, 0, 30857, 40087, 0],[0, 44093, 0, 17409, -1271650641, -1734168965, 0, 37260, 30725, 37791, 1902715108, 0, 42709, -1452687480, 41839, 41831, 36427, 0, 41656, -1, 0, 0, 39868, -1221310868, 0, 0, 0, 28161, -1862827980, 30683, -1307413881, 31070, 43584, 37566, 5049, 39990, 43003, 21198, 0, 0, 0, 23951, 0, 0, 30431, 16261, 41805, 35987, 31049, 34078, 0, 0, 17283, 22450, 0, 41164, 476420386, 32200, 12565, 18416, 16108, 0, 0, 0, 0, 32838, 21552],[44500, 0, 0, 0, 1320594186, 0, 0, 592488329, 22090, 0, 7789, 0, 36155, 23926, 0, -1258812109, 36300, 17113, -1571680340, 0, -1, 7604, 0, 0, 36064, 0, 45463, 0, 42794, 39590, 34207, 0, 29379, 32131, 0, 38925, 2408, 0, 29856, 9581, 0, 36054, 15781, 43613, 0, 0, 44310, 0, 38786, 20852, 0, 0, 37587, 45386, 18122, 0, 0, 24947, 0, 0, 36951, 0, 0, 43680, 40206, 20892, 0],[0, 42701, -388714543, 0, -1778480550, -1275648265, 0, 44645, 0, 31574, 0, -1171909465, 34851, -1119625462, 36872, 27979, 2062700314, 0, 0, 0, 7604, -1, 0, -1914972308, 36914, 0, -1334471188, 0, -764867780, 0, -1176408521, 45778, 24500, 0, 37680, 0, 26204, 34242, 30400, 0, 32550, 29245, 0, 34928, 36728, 0, 16161, 37322, 0, 38317, 39723, 41446, 45207, 0, 22729, 30287, 0, 0, 30371, 34931, 18064, 34358, 39863, 16550, 0, 41089, 25301],[22591, 0, 0, 39733, 589309305, -1102455900, 45350, 0, 0, 272279281, 20573, 41685, 40011, 0, 39969, -576965805, 28284, 22362, 0, 39868, 0, 0, -1, 0, 26972, 16533, 0, 23129, 31416, 0, 26716, 21213, 30237, 11338, 27550, 0, 0, 16381, 35418, 0, 0, 32175, 20686, 30728, 38870, 21568, 0, 0, 0, 45165, 43568, 41331, 42049, 38235, 0, 29494, 30618, 44763, 0, 7118, 24853, 34381, 0, 22905, 42007, 0, 14692],[-1585521042, 1523596646, -176410679, 0, -1243705977, -613648092, 37630, 37732, 0, 22533, -1533856758, -557494299, 0, -721181690, 33239, 28652, -2132754275, -1468725854, 40638, -1221310868, 0, -1914972308, 0, -1, 31720, -445309790, 0, 32945, -1054242415, 0, -550938715, -546307814, -680119683, 36094, 18995, 15788, 0, 42224, 0, 33371, 24894, 0, 36211, 23439, 0, 5759, 43439, 28491, 26587, 26465, 2831, 0, 33210, 0, 15380, 0, 46147, 1600022130, 0, 0, 45048, 26857, 10232, 0, 24473, 0, 0],[29056, 0, -1148146446, -846291924, 42587, 2040656623, 0, 1800824973, 0, 34693, 0, 23980, 0, 0, 45842, 1939612034, 40574, 40287, -968118471, 0, 36064, 36914, 26972, 31720, -1, 41335, 45927, 0, 0, 39372, 39079, 44327, 29259, 38955, 0, 26379, 45363, 36102, 0, 34200, 26351, 0, 37305, 42348, 40650, 0, 20583, 35782, 0, 1639291321, 42655, 0, 0, 37162, 32458, 10390, 30178, 2071558712, 45483, 26807, 28467, 11717, 36127, 36966, 26463, 16080, 569131550],[-120997097, 2120020953, 0, 46317, -1095095177, -2130534595, 43029, 37587, 0, 0, -1476537312, 0, 0, 0, 40439, 9685, 0, -1138053680, 27169, 0, 0, 0, 16533, -445309790, 41335, -1, -153984163, 37563, 0, 0, -514934104, 12308, -100391562, 13288, 8832, 12334, 39226, 0, 0, 38938, 28185, 7988, 0, 0, 16052, 26714, 0, 0, 44870, 40590, 4723, 26076, 0, 45858, 30231, 35307, 43026, 28675, 0, 42110, 0, 31496, 28423, 0, 44336, 0, 20306],[-967965310, 1481471595, 0, 0, -896075280, -868025720, 0, 43050, 1681664040, 0, -2052159716, -1600723877, 0, 0, 0, 21353, -1400842348, 0, 0, 0, 45463, -1334471188, 0, 0, 45927, -153984163, -1, 25283, -565497847, -1506236679, 0, 15575, 0, 18809, 0, 37995, 41666, 38326, 31440, 43519, 11508, 0, 0, 19128, 0, 29644, 0, 15709, 45219, 12533, 0, 0, 45300, 23315, 0, 22790, 20526, 44037, 13314, 26546, 9439, 27858, 31841, 25737, 45642, 28904, 16970],[41396, 0, 0, 0, 0, 0, 26725, 1834146306, 0, 0, 0, 8221, 40485, 36096, 0, 45612, 44749, 24404, -1314656499, 28161, 0, 0, 23129, 32945, 0, 37563, 25283, -1, 0, 40838, 0, 25408, 43872, 39971, 23422, 46135, 26500, 40355, 9908, 45243, 20297, 16166, 0, 31330, 22238, 22438, 29635, 0, 37644, 38360, 32254, 21214, 20523, 16791, 45824, 32614, 42353, 0, 0, 26265, 0, 19051, 42112, 0, 29668, 0, 44910],[-1916193668, 1614101252, -809639791, 41876, 0, -1239749874, 0, 0, 0, 14655, 0, -786587884, 12264, -633655819, 40673, 30818, -1274777305, -1244771113, 5615, -1862827980, 42794, -764867780, 31416, -1054242415, 0, 0, -565497847, 0, -1, 0, -761446561, 0, -268413290, 25486, 0, 0, 0, -2147286873, 0, -1371206332, 26525, 29106, 0, 0, 0, 41675, 31844, 30907, 0, 0, 0, 45418, 34472, 14468, 9998, 31824, 22997, 27134, 46021, 31859, 20912, 32443, 9137, 0, 0, 15348, 9632],[0, 36337, -548365542, 32887, 0, -2011808175, 27226, 38859, 25357, 33447, 0, -2100738957, 27947, -1849420299, 18039, 0, 849473862, -1048131061, 29115, 30683, 39590, 0, 0, 0, 39372, 0, -1506236679, 40838, 0, -1, 0, 24851, 0, 21642, 0, 32172, 28545, 37879, 27631, 42586, 10257, 26751, 22394, 23015, 0, 26986, 32974, 40082, 0, 35243, 0, 33801, 13077, 42582, 34124, 0, 38014, 0, 0, 0, 38747, 12893, 31304, 25956, 15512, 41105, 41226],[-1386843466, 1120589513, -993251713, 0, 0, 0, 44983, 27417, 45886, 34863, -2112916477, -38785273, 36013, 0, 36712, 8200, 0, -896726731, 12871, -1307413881, 34207, -1176408521, 26716, -550938715, 39079, -514934104, 0, 0, -761446561, 0, -1, 0, 0, 20448, 0, -1007152072, 0, 1615931594, 0, 34046, 0, 36950, 35067, 0, 10123, 0, 30068, 38464, 37982, 40422, 0, 45590, 43650, 0, 0, 34154, 33242, 0, 18189, 0, 43066, 40710, 0, 0, 18641, 0, 0],[1627372115, -1708544336, 0, 0, -348293557, 0, 20494, 0, 0, 0, 40005, -1357882315, -824531831, -652010848, 0, -402791284, 21701, -794635876, -1815071817, 31070, 0, 45778, 21213, -546307814, 44327, 12308, 15575, 25408, 0, 24851, 0, -1, 0, 29645, 0, 31180, 43616, 12099, 27940, 34407, 0, 25553, 19109, 20721, 0, 42668, 21184, 32977, 0, 24477, 43124, 45481, 39754, 41893, 0, 36526, 43459, 24599, 41676, 0, 41925, 27693, 9148, 39222, 44697, 30944, 0],[25562, 1923171798, -441687287, 45397, 0, -246944112, 0, 26888, -1625973719, 28472, 25927, 0, 35096, -1362743015, 22344, 45606, 40600, -2141237848, -1018393240, 43584, 29379, 24500, 30237, -680119683, 29259, -100391562, 0, 43872, -268413290, 0, 0, 0, -1, 27608, 40775, 24449, 0, 0, 44504, 0, 0, 41734, 7541, 28014, 20117, 36337, 33055, 0, 24334, 44041, 44924, 25996, 11022, 29221, 0, 36717, 0, 0, 0, 33763, 20393, 45192, 44847, 21787, 45343, 0, 43797],[26619, 0, -1145217575, 42705, 0, -1836294451, 44908, 0, -1080301114, 356504678, 0, 22444, 29818, 33175, 39653, 14912, 40199, 38619, -1484169756, 37566, 32131, 0, 11338, 36094, 38955, 13288, 18809, 39971, 25486, 21642, 20448, 29645, 27608, -1, 43982, 41218, 0, 17561, 0, 45797, 0, 32895, 0, 42421, 0, 38458, 41836, 0, 45516, 34583, 26377, 0, 38621, 44745, 0, 34413, 40406, 0, 43889, 22631, 17117, 44332, 0, 29052, 23500, 41377, 40063],[29581, 571023094, 0, 0, -787434939, 0, 0, 0, 10083, 0, 23591, -1851897404, 42307, -1041620297, 0, 0, 41703, -1892166000, 0, 5049, 0, 37680, 27550, 18995, 0, 8832, 0, 23422, 0, 0, 0, 0, 40775, 43982, -1, 40340, 24015, 44891, 21234, 0, 0, 29088, 42963, 0, 0, 0, 15174, 0, 23801, 35833, 31430, 0, 23055, 27276, 15325, 0, 25178, 34028, 45623, 11891, 30516, 0, 25198, 30749, 33717, 45769, 24515],[32354, 1355945375, -1949446790, 0, -284537550, 0, 38051, 41658, 26974, 41094, 33442, -932651021, 0, 0, 14678, 19760, 0, -881467016, 0, 39990, 38925, 0, 0, 15788, 26379, 12334, 37995, 46135, 0, 32172, -1007152072, 31180, 24449, 41218, 40340, -1, 0, 44919, 0, 0, 40426, 0, 46286, 37108, 0, 27507, 19169, 28240, 30344, 8358, 44768, 0, 14300, 24982, 26753, 0, 42667, 13211, 0, 43429, 0, 5924, 19458, 0, 32256, 38603, 34068],[0, 23432, 0, 35305, -1512852694, -1723681424, 37500, 37256, 0, 0, 1754353581, 0, 32060, -1698070948, 43420, 0, 0, 12513, 24552, 43003, 2408, 26204, 0, 0, 45363, 39226, 41666, 26500, 0, 28545, 0, 43616, 0, 0, 24015, 0, -1, 0, 0, 0, 0, 0, 0, 17548, 43449, 0, 16667, 28957, 0, 42813, 36883, 38197, 0, 9859, 0, 0, 44174, 0, 38148, 46026, 0, 26633, 43989, 0, 0, 0, 0],[32536, 968747696, 0, 38458, -59079563, -1684694479, 0, 31231, -1870971632, 0, 24595, -579938876, 30976, -1089663354, 25395, 0, 26227, 21012, -1043581397, 21198, 0, 34242, 16381, 42224, 36102, 0, 38326, 40355, -2147286873, 37879, 1615931594, 12099, 0, 17561, 44891, 44919, 0, -1, 45088, 42974, 43157, 0, 43521, 43824, 34745, 0, 13315, 44714, 10547, 21015, 8503, 5740, 0, 20119, 26016, 37319, 0, 39244, 0, 0, 0, 38341, 20695, 0, 41102, 0, 44406],[36651, 0, -1600918172, -232577024, 757665705, 1936481311, 23531, 0, 0, 223229144, 0, 38636, 0, 40499, 0, 44699, 26403, 18126, 29318, 0, 29856, 30400, 35418, 0, 0, 0, 31440, 9908, 0, 27631, 0, 27940, 44504, 0, 21234, 0, 0, 45088, -1, 39784, 0, 14930, 35980, 0, 0, 32397, 0, 0, 27937, 7415, 27752, 27036, 27551, 40198, 27101, 0, 44157, 22028, 32599, 25955, 0, 0, 45495, 36032, 30478, 0, 35349],[0, 24625, 0, 22991, 0, 0, 20172, 15932, 0, 0, 256795409, -1794867060, 44277, -2090389402, 0, 37571, 22994, 0, 0, 0, 9581, 0, 0, 33371, 34200, 38938, 43519, 45243, -1371206332, 42586, 34046, 34407, 0, 45797, 0, 0, 0, 42974, 39784, -1, 43116, 0, 38016, 12486, 0, 0, 0, 27617, 0, 0, 5395, 44327, 16834, 0, 28164, 0, 0, 0, 32415, 32236, 31665, 0, 0, 10873, 0, 43131, 23880],[0, 20545, -683748136, 45459, 0, -1755703163, 22292, 0, 24790, 0, 673183665, -1917546135, 37815, 0, 38507, 0, 40731, 20863, 39841, 0, 0, 32550, 0, 24894, 26351, 28185, 11508, 20297, 26525, 10257, 0, 0, 0, 0, 0, 40426, 0, 43157, 0, 43116, -1, 0, 29527, 22513, 43546, 40414, 41698, 45047, 0, 32267, 0, 0, 0, 0, 10278, 18909, 14052, 36825, 19834, 10050, 29290, 35948, 16304, 10976, 28999, 44101, 44226],[39674, 0, -1114720327, 40015, 20714, 0, 40597, 0, 45796, 1759655325, 27824, 0, 0, 33266, 0, 0, 37127, 0, 0, 23951, 36054, 29245, 32175, 0, 0, 7988, 0, 16166, 29106, 26751, 36950, 25553, 41734, 32895, 29088, 0, 0, 0, 14930, 0, 0, -1, 36950, 25035, 20175, 40685, 0, 45541, 41383, 0, 29680, 30616, 0, 39159, 0, 28381, 0, 0, 0, 26486, 22479, 36870, 3789, 0, 0, 0, 41275],[32057, 0, 0, 0, 0, -953268123, 43810, 1452741444, -140932241, 30402, 0, 0, 0, 38765, 0, 0, 0, 40640, 38117, 0, 15781, 0, 20686, 36211, 37305, 0, 0, 0, 0, 22394, 35067, 19109, 7541, 0, 42963, 46286, 0, 43521, 35980, 38016, 29527, 36950, -1, 0, 0, 45614, 45788, 38662, 46210, 25255, 27138, 0, 43878, 0, 0, 20254, 0, 25640, 0, 21086, 40123, 40468, 0, 0, 35939, 38564, 0],[18467, 2052738425, -695890080, 0, -586507012, 0, 0, 27281, 15124, 41559, 20115, 0, 24417, 0, 41920, 27397, 0, 0, 35292, 0, 43613, 34928, 30728, 23439, 42348, 0, 19128, 31330, 0, 23015, 0, 20721, 28014, 42421, 0, 37108, 17548, 43824, 0, 12486, 22513, 25035, 0, -1, 46297, 38358, 32824, 0, 34858, 33137, 29072, 16406, 26697, 40729, 40910, 0, 40098, 21381, 41769, 0, 0, 0, 40885, 37062, 38571, 0, 45931],[41389, 1222247979, 0, 36240, -802687459, 0, 35610, 34130, 39555, 0, 3415, 38611, 0, -479743672, 43133, 0, 8853, 44378, 40456, 30431, 0, 36728, 38870, 0, 40650, 16052, 0, 22238, 0, 0, 10123, 0, 20117, 0, 0, 0, 43449, 34745, 0, 0, 43546, 20175, 0, 46297, -1, 45331, 35346, 33719, 0, 0, 34456, 40344, 38029, 0, 11147, 0, 37681, 0, 18816, 32349, 0, 24106, 33272, 25870, 33653, 0, 28740],[22773, 248524058, -780697492, 0, -455951014, -321606827, 0, 0, -2094401760, 45738, 0, 29859, 8844, 27248, 42520, 44655, 7752, 0, 0, 16261, 0, 0, 21568, 5759, 0, 26714, 29644, 22438, 41675, 26986, 0, 42668, 36337, 38458, 0, 27507, 0, 0, 32397, 0, 40414, 40685, 45614, 38358, 45331, -1, 32865, 25091, 34492, 24115, 0, 45354, 0, 11457, 0, 27183, 45056, 0, 23040, 41835, 0, 38386, 0, 0, 0, 38866, 0],[21846, 1493764, 0, 45810, 46082, -446371660, 0, 35260, -1614411523, 0, 0, 3265, 0, 11412, 0, 39031, 36070, 45549, 0, 41805, 44310, 16161, 0, 43439, 20583, 0, 0, 29635, 31844, 32974, 30068, 21184, 33055, 41836, 15174, 19169, 16667, 13315, 0, 0, 41698, 0, 45788, 32824, 35346, 32865, -1, 36752, 0, 0, 0, 0, 20251, 0, 35174, 17219, 0, 44525, 46317, 28410, 30722, 19391, 0, 0, 31521, 23895, 41033],[0, 0, 0, 30387, 25616, 1172690714, 38809, 30605, -967361505, 43758, 43771, 0, 0, 32821, 29242, 18465, 0, 15983, 25565, 35987, 0, 37322, 0, 28491, 35782, 0, 15709, 0, 30907, 40082, 38464, 32977, 0, 0, 0, 28240, 28957, 44714, 0, 27617, 45047, 45541, 38662, 0, 33719, 25091, 36752, -1, 37307, 45410, 26381, 0, 10370, 0, 24102, 37656, 35471, 15871, 39882, 31694, 0, 0, 37486, 0, 0, 0, 0],[45480, 1173002111, 0, 0, 25327, -1807049939, 41106, 0, 0, 44090, 40517, 27941, 35823, 25108, 14205, 0, 0, 0, 39588, 31049, 38786, 0, 0, 26587, 0, 44870, 45219, 37644, 0, 0, 37982, 0, 24334, 45516, 23801, 30344, 0, 10547, 27937, 0, 0, 41383, 46210, 34858, 0, 34492, 0, 37307, -1, 42621, 0, 0, 41632, 44549, 10480, 0, 0, 11283, 45907, 32581, 0, 33356, 0, 36223, 43417, 32320, 43981],[0, 0, 41189, 40496, 45728, 43550, 0, 0, -947623977, 0, 21415, 0, -2091434434, 15233, 0, 0, 0, 328435421, 0, 34078, 20852, 38317, 45165, 26465, 1639291321, 40590, 12533, 38360, 0, 35243, 40422, 24477, 44041, 34583, 35833, 8358, 42813, 21015, 7415, 0, 32267, 0, 25255, 33137, 0, 24115, 0, 45410, 42621, -1, 36726, 17400, 0, 37826, 29672, 0, 45831, 0, 35890, 36042, 0, 37719, 35549, 0, 44750, 1999003937, 0],[34176, 1777271140, -55286382, 40857, 0, 0, 44407, 32964, 12951, 0, 43245, 26714, 44330, 36172, 42313, 25887, 28988, 42446, 0, 0, 0, 39723, 43568, 2831, 42655, 4723, 0, 32254, 0, 0, 0, 43124, 44924, 26377, 31430, 44768, 36883, 8503, 27752, 5395, 0, 29680, 27138, 29072, 34456, 0, 0, 26381, 0, 36726, -1, 41351, 14307, 32582, 32446, 0, 41967, 33558, 41291, 0, 0, 0, 33315, 33571, 0, 25749, 0],[43709, 0, 0, 0, 1389873624, -1710651745, 15530, 564299146, 42575, 46247, 37973, 0, 0, 0, 10737, 27821, 30691, 0, 33274, 0, 0, 41446, 41331, 0, 0, 26076, 0, 21214, 45418, 33801, 45590, 45481, 25996, 0, 0, 0, 38197, 5740, 27036, 44327, 0, 30616, 0, 16406, 40344, 45354, 0, 0, 0, 17400, 41351, -1, 20763, 21345, 41830, 0, 42956, 41156, 41320, 0, 37459, 42254, 17116, 45653, 0, 0, 0],[0, 22527, -1728275807, 14962, -1097145495, -1337867459, 39599, 41807, 0, 25576, 1128243836, 0, 32790, 10079, 0, 12524, 21902, 0, 0, 17283, 37587, 45207, 42049, 33210, 0, 0, 45300, 20523, 34472, 13077, 43650, 39754, 11022, 38621, 23055, 14300, 0, 0, 27551, 16834, 0, 0, 43878, 26697, 38029, 0, 20251, 10370, 41632, 0, 14307, 20763, -1, 6110, 35043, 20349, 0, 20001, 0, 26497, 27595, 15894, 0, 21475, 38978, 33662, 34163],[0, 40220, -1279549200, 0, -629885439, -1802266104, 0, 42502, 37384, 31265, 293621130, 28333, 22167, 37919, 33633, 42145, 0, 39673, 38293, 22450, 45386, 0, 38235, 0, 37162, 45858, 23315, 16791, 14468, 42582, 0, 41893, 29221, 44745, 27276, 24982, 9859, 20119, 40198, 0, 0, 39159, 0, 40729, 0, 11457, 0, 0, 44549, 37826, 32582, 21345, 6110, -1, 14726, 21412, 0, 0, 39043, 45218, 0, 19377, 36894, 0, 14166, 0, 18269],[6771, 509153376, -371430054, 10975, 5905, -1154150818, 0, 34867, -1518803384, 42137, 0, 37122, 0, 38557, 40238, 0, 34277, 24856, 0, 0, 18122, 22729, 0, 15380, 32458, 30231, 0, 45824, 9998, 34124, 0, 0, 0, 0, 15325, 26753, 0, 26016, 27101, 28164, 10278, 0, 0, 40910, 11147, 0, 35174, 24102, 10480, 29672, 32446, 41830, 35043, 14726, -1, 0, 31202, 45377, 22693, 0, 0, 26399, 39955, 32612, 0, 46282, 13521],[0, 32669, 0, 0, -1981797380, -1941614020, 45846, 0, 32805, 40545, 1207873513, 33117, 35394, 40465, 0, 28403, 38895, 44888, 44295, 41164, 0, 30287, 29494, 0, 10390, 35307, 22790, 32614, 31824, 0, 34154, 36526, 36717, 34413, 0, 0, 0, 37319, 0, 0, 18909, 28381, 20254, 0, 0, 27183, 17219, 37656, 0, 0, 0, 0, 20349, 21412, 0, -1, 0, 27261, 0, 26455, 0, 0, 0, 24962, 0, 0, 34863],[0, 24936, -801112892, 16126, 0, 0, 31350, 18000, 44488, 26256, 0, 0, 28975, 0, 19838, 0, 0, 0, -1614286977, 476420386, 0, 0, 30618, 46147, 30178, 43026, 20526, 42353, 22997, 38014, 33242, 43459, 0, 40406, 25178, 42667, 44174, 0, 44157, 0, 14052, 0, 0, 40098, 37681, 45056, 0, 35471, 0, 45831, 41967, 42956, 0, 0, 31202, 0, -1, 44480, 0, 0, 0, 0, 0, 0, 35635, 0, 38518],[0, 0, 28865, 35629, 26487, 43159, 0, 35359, -1020403856, 0, 33569, 1522033694, -1876795591, 32294, 39658, 915504668, 0, 21607, 35820, 32200, 24947, 0, 44763, 1600022130, 2071558712, 28675, 44037, 0, 27134, 0, 0, 24599, 0, 0, 34028, 13211, 0, 39244, 22028, 0, 36825, 0, 25640, 21381, 0, 0, 44525, 15871, 11283, 0, 33558, 41156, 20001, 0, 45377, 27261, 44480, -1, 0, 30703, 42806, 36082, 0, 0, 26069, 12336, 1178708365],[10704, 0, 0, 24781, 1372404648, -1530797135, 18702, 2102176477, 35227, 27642, 32819, 12268, 13415, 42491, 8502, 0, 0, 0, 0, 12565, 0, 30371, 0, 0, 45483, 0, 13314, 0, 46021, 0, 18189, 41676, 0, 43889, 45623, 0, 38148, 0, 32599, 32415, 19834, 0, 0, 41769, 18816, 23040, 46317, 39882, 45907, 35890, 41291, 41320, 0, 39043, 22693, 0, 0, 0, -1, 24093, 14808, 24614, 0, 27914, 0, 26030, 43369],[41755, 1388002544, -1213385391, 0, 34412, -886020199, 0, 0, 0, 45093, 40673, 43789, 35678, 0, 31183, 33922, 40166, 43783, 0, 18416, 0, 34931, 7118, 0, 26807, 42110, 26546, 26265, 31859, 0, 0, 0, 33763, 22631, 11891, 43429, 46026, 0, 25955, 32236, 10050, 26486, 21086, 0, 32349, 41835, 28410, 31694, 32581, 36042, 0, 0, 26497, 45218, 0, 26455, 0, 30703, 24093, -1, 0, 41315, 0, 0, 0, 10333, 37798],[44595, 95818722, 0, 40909, 39125, -951597255, 28288, 34106, 0, 4700, 26772, 38067, 0, 0, 36524, 0, 22438, 37553, 0, 16108, 36951, 18064, 24853, 45048, 28467, 0, 9439, 0, 20912, 38747, 43066, 41925, 20393, 17117, 30516, 0, 0, 0, 0, 31665, 29290, 22479, 40123, 0, 0, 0, 30722, 0, 0, 0, 0, 37459, 27595, 0, 0, 0, 0, 42806, 14808, 0, -1, 0, 0, 0, 36990, 0, 28079],[28208, 0, 0, 30061, 2067104635, 0, 0, 0, 29999, 423047413, 29822, 45434, 38732, 33034, 38965, 37199, 11740, 33009, 0, 0, 0, 34358, 34381, 26857, 11717, 31496, 27858, 19051, 32443, 12893, 40710, 27693, 45192, 44332, 0, 5924, 26633, 38341, 0, 0, 35948, 36870, 40468, 0, 24106, 38386, 19391, 0, 33356, 37719, 0, 42254, 15894, 19377, 26399, 0, 0, 36082, 24614, 41315, 0, -1, 0, 37848, 0, 18101, 43512],[0, 41790, 0, 9520, -1572134492, -1031481851, 0, 10028, 0, 36487, 1153297367, 24591, 0, 46304, 0, 35994, 18306, 19487, 39031, 0, 0, 39863, 0, 10232, 36127, 28423, 31841, 42112, 9137, 31304, 0, 9148, 44847, 0, 25198, 19458, 43989, 20695, 45495, 0, 16304, 3789, 0, 40885, 33272, 0, 0, 37486, 0, 35549, 33315, 17116, 0, 36894, 39955, 0, 0, 0, 0, 0, 0, 0, -1, 0, 37233, 0, 0],[41942, 1245580013, -568281913, 0, 31460, 0, 40868, 22996, 32470, 15600, 45480, 20867, 0, 0, 0, 15852, 45760, 32904, 0, 0, 43680, 16550, 22905, 0, 36966, 0, 25737, 0, 0, 25956, 0, 39222, 21787, 29052, 30749, 0, 0, 0, 36032, 10873, 10976, 0, 0, 37062, 25870, 0, 0, 0, 36223, 0, 33571, 45653, 21475, 0, 32612, 24962, 0, 0, 27914, 0, 0, 37848, 0, -1, 0, 5310, 29934],[42382, 1127103802, -344765673, 40683, 0, -119750916, 0, 44917, 20954, 38124, 0, 9004, 0, 28685, 32965, 29570, 0, 34597, 30857, 0, 40206, 0, 42007, 24473, 26463, 44336, 45642, 29668, 0, 15512, 18641, 44697, 45343, 23500, 33717, 32256, 0, 41102, 30478, 0, 28999, 0, 35939, 38571, 33653, 0, 31521, 0, 43417, 44750, 0, 0, 38978, 14166, 0, 0, 35635, 26069, 0, 0, 36990, 0, 37233, 0, -1, 0, 42747],[23043, 0, -1304295068, 29306, 234254449, 0, 0, 0, 0, 2137878186, 24880, 43824, 40387, 34185, 0, 43501, 0, 46003, 40087, 32838, 20892, 41089, 0, 0, 16080, 0, 28904, 0, 15348, 41105, 0, 30944, 0, 41377, 45769, 38603, 0, 0, 0, 43131, 44101, 0, 38564, 0, 0, 38866, 23895, 0, 32320, 1999003937, 25749, 0, 33662, 0, 46282, 0, 0, 12336, 26030, 10333, 0, 18101, 0, 5310, 0, -1, 24983],[0, 0, 12920, 42175, 46219, 39192, 43362, 0, -2063976545, 0, 0, 1345887998, 0, 30510, 0, 0, 38580, 1587462764, 0, 21552, 0, 25301, 14692, 0, 569131550, 20306, 16970, 44910, 9632, 41226, 0, 0, 43797, 40063, 24515, 34068, 0, 44406, 35349, 23880, 44226, 41275, 0, 45931, 28740, 0, 41033, 0, 43981, 0, 0, 0, 34163, 18269, 13521, 34863, 38518, 1178708365, 43369, 37798, 28079, 43512, 0, 29934, 42747, 24983, -1]]