62
[[-1, 580, 235567, 0, 0, 502, 370, 0, 994, 0, 0, 0, 547, 0, 0, 1142, 0, 410, 0, 0, 902, 0, 567, 0, 0, 491, 344, 0, 692, 0, 815, 998, 1113, 0, 0, 977, 0, 1088, 401, 432, 552, 345, 362, 0, 755, 830, 0, 776, 0, 0, 0, 0, 0, 635, 654, 0, 0, 0, 0, 414, 0, 0],[580, -1, 236217, 0, 362, 1470, 0, 780, 2060, 0, 0, 0, 0, 0, 0, 0, 673, 1521, 0, 722, 0, 401, 1846, 0, 454, 1379, 0, 630, 0, 122, 2133, 2145, 0, 0, 658, 0, 0, 2512, 0, 1687, 1642, 0, 1147, 0, 0, 0, 0, 0, 726, 0, 873, 0, 889, 2028, 2214, 884, 0, 0, 484, 1327, 771, 786],[235567, 236217, -1, 0, 232540, 329, 236934, 237665, 0, 0, 0, 0, 236703, 0, 0, 0, 0, 304, 319, 238468, 237336, 237875, 0, 512, 0, 454, 236877, 235884, 0, 0, 776, 0, 236896, 0, 0, 237334, 543, 0, 236946, 150, 104, 235950, 0, 520, 0, 237336, 516, 0, 0, 415, 0, 0, 0, 0, 0, 237777, 0, 818, 0, 312, 0, 0],[0, 0, 0, -1, 689, 1198, 795, 587, 602, 1056, 1262, 227, 690, 0, 319, 724, 570, 658, 0, 0, 0, 583, 0, 871, 0, 0, 730, 0, 0, 0, 771, 0, 0, 807, 0, 585, 981, 0, 949, 0, 0, 873, 984, 0, 0, 0, 0, 0, 0, 889, 285, 804, 605, 1040, 347, 795, 0, 586, 0, 0, 0, 1032],[0, 362, 232540, 689, -1, 303, 0, 0, 0, 2234, 2588, 1077, 0, 0, 0, 0, 0, 164, 233798, 0, 0, 0, 577, 0, 0, 0, 497, 353, 597, 0, 0, 0, 0, 0, 1868, 0, 0, 974, 266, 0, 0, 233, 0, 233783, 423, 680, 233242, 641, 0, 233954, 0, 0, 0, 721, 544, 0, 359, 0, 0, 0, 0, 1391],[502, 1470, 329, 1198, 303, -1, 0, 0, 563, 785, 880, 0, 0, 251, 1797, 0, 0, 0, 469, 223, 0, 335, 530, 0, 0, 341, 0, 0, 0, 0, 0, 0, 736, 2882, 0, 633, 1514, 0, 562, 0, 434, 434, 0, 757, 0, 0, 396, 1340, 0, 0, 0, 0, 3203, 645, 263, 0, 1126, 0, 2176, 349, 2952, 663],[370, 0, 236934, 795, 0, 0, -1, 0, 0, 0, 0, 0, 207, 0, 0, 0, 232, 0, 632, 251, 0, 689, 0, 0, 0, 275, 0, 0, 0, 0, 944, 720, 1094, 0, 0, 0, 0, 773, 670, 313, 342, 0, 0, 812, 1155, 600, 625, 0, 485, 533, 534, 1602, 0, 410, 460, 955, 693, 0, 0, 0, 759, 465],[0, 780, 237665, 587, 0, 0, 0, -1, 0, 0, 949, 0, 0, 487, 0, 0, 1746, 0, 499, 0, 0, 440, 0, 238824, 1598, 0, 1009, 999, 0, 0, 610, 629, 275, 832, 194, 0, 1047, 700, 932, 0, 776, 0, 937, 0, 462, 616, 726, 862, 1784, 0, 0, 433, 0, 0, 0, 354, 599, 0, 947, 907, 745, 0],[994, 2060, 0, 602, 0, 563, 0, 0, -1, 0, 897, 550, 0, 940, 300, 0, 599, 0, 485, 635, 0, 0, 660, 0, 540, 691, 0, 0, 0, 2607, 0, 268, 751, 0, 0, 0, 596, 0, 0, 0, 0, 862, 0, 0, 0, 0, 0, 836, 974, 866, 3344, 0, 119, 716, 0, 0, 0, 910, 828, 668, 869, 656],[0, 0, 0, 1056, 2234, 785, 0, 0, 0, -1, 0, 1066, 972, 736, 822, 0, 856, 0, 317, 0, 0, 637, 0, 0, 0, 0, 0, 1003, 0, 739, 0, 918, 630, 924, 0, 957, 0, 0, 878, 0, 582, 716, 701, 171, 545, 0, 772, 1238, 1152, 688, 0, 0, 0, 686, 0, 0, 509, 0, 0, 0, 0, 0],[0, 0, 0, 1262, 2588, 880, 0, 949, 897, 0, -1, 0, 970, 907, 0, 880, 0, 0, 492, 0, 0, 805, 447, 944, 455, 1058, 0, 0, 394, 748, 0, 0, 0, 955, 797, 1186, 0, 0, 0, 0, 0, 657, 0, 0, 724, 1100, 810, 0, 0, 632, 1151, 579, 849, 0, 1076, 0, 593, 1146, 581, 0, 1247, 0],[0, 0, 0, 227, 1077, 0, 0, 0, 550, 1066, 0, -1, 502, 0, 267, 0, 445, 0, 770, 0, 0, 655, 853, 0, 0, 0, 578, 0, 1161, 942, 0, 0, 917, 0, 631, 769, 0, 577, 0, 0, 735, 0, 912, 1067, 0, 0, 0, 0, 634, 0, 0, 0, 0, 914, 188, 0, 860, 0, 875, 0, 490, 907],[547, 0, 236703, 690, 0, 0, 207, 0, 0, 972, 970, 502, -1, 456, 515, 0, 236, 0, 0, 227, 740, 0, 526, 0, 0, 186, 251, 0, 1913, 0, 1015, 564, 1107, 842, 766, 1044, 458, 631, 826, 392, 0, 0, 597, 0, 0, 459, 739, 0, 550, 690, 426, 0, 0, 0, 345, 0, 0, 0, 0, 0, 0, 0],[0, 0, 0, 0, 0, 251, 0, 487, 940, 736, 907, 0, 456, -1, 0, 561, 332, 424, 0, 0, 655, 0, 0, 699, 0, 439, 562, 0, 879, 0, 0, 324, 0, 723, 0, 682, 667, 0, 787, 344, 471, 634, 683, 0, 0, 210, 0, 549, 0, 0, 0, 481, 282, 677, 254, 551, 588, 659, 0, 455, 0, 0],[0, 0, 0, 319, 0, 1797, 0, 0, 300, 822, 0, 267, 515, 0, -1, 573, 432, 0, 550, 444, 0, 528, 702, 809, 581, 495, 643, 726, 0, 853, 810, 0, 0, 831, 0, 716, 0, 0, 0, 0, 0, 0, 815, 840, 668, 127, 0, 537, 739, 0, 311, 547, 0, 0, 274, 0, 0, 712, 785, 544, 591, 753],[1142, 0, 0, 724, 0, 0, 0, 0, 0, 0, 880, 0, 0, 561, 573, -1, 846, 1694, 477, 892, 1092, 542, 0, 1132, 584, 991, 0, 0, 917, 858, 723, 0, 0, 939, 0, 0, 1024, 0, 0, 0, 777, 886, 0, 654, 0, 700, 817, 0, 0, 870, 835, 0, 557, 966, 0, 0, 0, 0, 0, 964, 898, 918],[0, 673, 0, 570, 0, 0, 232, 1746, 599, 856, 0, 445, 236, 332, 432, 846, -1, 316, 544, 69, 0, 0, 473, 392, 0, 0, 0, 0, 0, 651, 780, 0, 914, 616, 0, 825, 622, 675, 0, 206, 0, 471, 0, 0, 0, 0, 513, 533, 0, 502, 0, 675, 0, 0, 0, 824, 594, 747, 438, 0, 0, 0],[410, 1521, 304, 658, 164, 0, 0, 0, 0, 0, 0, 0, 0, 424, 0, 1694, 316, -1, 0, 364, 0, 0, 438, 405, 0, 489, 475, 373, 0, 343, 0, 742, 711, 0, 0, 650, 0, 834, 368, 172, 0, 219, 0, 0, 0, 0, 0, 668, 0, 0, 521, 586, 615, 589, 0, 0, 0, 0, 0, 424, 531, 0],[0, 0, 319, 0, 233798, 469, 632, 499, 485, 317, 492, 770, 0, 0, 550, 477, 544, 0, -1, 610, 0, 393, 369, 755, 109, 0, 755, 0, 522, 0, 0, 0, 578, 0, 0, 771, 0, 672, 0, 0, 339, 0, 501, 309, 382, 0, 536, 930, 850, 475, 718, 0, 0, 525, 0, 0, 0, 1298, 0, 620, 825, 0],[0, 722, 238468, 0, 0, 223, 251, 0, 635, 0, 0, 0, 227, 0, 444, 892, 69, 364, 610, -1, 605, 553, 538, 0, 558, 127, 204, 0, 0, 691, 809, 0, 955, 0, 654, 838, 649, 697, 654, 272, 438, 517, 0, 0, 701, 0, 0, 0, 0, 0, 0, 0, 540, 0, 229, 874, 649, 757, 0, 0, 530, 625],[902, 0, 237336, 0, 0, 0, 0, 0, 0, 0, 0, 0, 740, 655, 0, 1092, 0, 0, 0, 605, -1, 0, 1121, 845, 0, 0, 0, 0, 0, 0, 0, 0, 0, 0, 906, 797, 1126, 0, 0, 807, 1014, 0, 0, 1359, 0, 534, 876, 0, 0, 0, 0, 1124, 887, 1192, 0, 1154, 0, 0, 0, 755, 0, 1207],[0, 401, 237875, 583, 0, 335, 689, 440, 0, 637, 805, 655, 0, 0, 528, 542, 0, 0, 393, 553, 0, -1, 0, 663, 0, 675, 0, 631, 0, 0, 314, 736, 448, 0, 0, 0, 0, 844, 0, 387, 570, 427, 594, 0, 0, 606, 286, 692, 0, 418, 0, 523, 0, 0, 563, 641, 0, 359, 0, 653, 0, 801],[567, 1846, 0, 0, 577, 530, 0, 0, 660, 0, 447, 853, 526, 0, 702, 0, 473, 438, 369, 538, 1121, 0, -1, 0, 271, 0, 0, 553, 0, 0, 882, 798, 934, 761, 0, 0, 0, 766, 0, 0, 120, 0, 0, 0, 648, 747, 0, 992, 777, 436, 0, 518, 567, 182, 686, 0, 0, 971, 246, 449, 0, 212],[0, 0, 512, 871, 0, 0, 0, 238824, 0, 0, 944, 0, 0, 699, 809, 1132, 392, 405, 755, 0, 845, 663, 0, -1, 0, 0, 292, 92, 736, 567, 0, 0, 1110, 505, 892, 0, 887, 0, 0, 420, 0, 374, 399, 934, 761, 787, 0, 0, 285, 416, 636, 0, 873, 647, 0, 0, 649, 0, 375, 379, 0, 0],[0, 454, 0, 0, 0, 0, 0, 1598, 540, 0, 455, 0, 0, 0, 581, 584, 0, 0, 109, 558, 0, 0, 271, 0, -1, 0, 681, 631, 461, 0, 0, 0, 0, 0, 0, 812, 705, 709, 609, 0, 252, 0, 393, 0, 0, 0, 0, 0, 789, 395, 0, 307, 484, 0, 638, 0, 0, 0, 0, 0, 0, 0],[491, 1379, 454, 0, 0, 341, 275, 0, 691, 0, 1058, 0, 186, 439, 495, 991, 0, 489, 0, 127, 0, 675, 0, 0, 0, -1, 175, 348, 975, 809, 924, 0, 0, 0, 760, 935, 0, 0, 0, 393, 0, 629, 631, 0, 827, 423, 0, 0, 393, 0, 0, 837, 0, 650, 0, 0, 0, 855, 576, 190, 585, 0],[344, 0, 236877, 730, 497, 0, 0, 1009, 0, 0, 0, 578, 251, 562, 643, 0, 0, 475, 755, 204, 0, 0, 0, 292, 681, 175, -1, 209, 0, 759, 0, 0, 0, 692, 846, 998, 0, 854, 0, 0, 0, 555, 536, 0, 0, 587, 627, 585, 329, 0, 452, 899, 710, 607, 407, 1058, 763, 0, 0, 0, 648, 661],[0, 630, 235884, 0, 353, 0, 0, 999, 0, 1003, 0, 0, 0, 0, 726, 0, 0, 373, 0, 0, 0, 631, 553, 92, 631, 348, 209, -1, 0, 589, 812, 872, 0, 525, 837, 930, 0, 0, 477, 363, 508, 0, 410, 0, 743, 699, 474, 654, 0, 0, 552, 893, 795, 0, 518, 0, 641, 817, 375, 0, 0, 683],[692, 0, 0, 0, 597, 0, 0, 0, 0, 0, 394, 1161, 1913, 879, 0, 917, 0, 0, 522, 0, 0, 0, 0, 736, 461, 975, 0, 0, -1, 411, 706, 1166, 853, 0, 781, 0, 1068, 1169, 0, 0, 0, 0, 0, 0, 531, 0, 523, 1211, 927, 0, 0, 0, 945, 0, 0, 0, 0, 0, 468, 835, 0, 0],[0, 122, 0, 0, 0, 0, 0, 0, 2607, 739, 748, 942, 0, 0, 853, 858, 651, 343, 0, 691, 0, 0, 0, 567, 0, 809, 759, 589, 411, -1, 0, 0, 0, 232, 675, 0, 1138, 0, 188, 0, 643, 252, 465, 705, 0, 909, 0, 0, 645, 227, 0, 754, 0, 0, 0, 933, 0, 0, 522, 741, 0, 852],[815, 2133, 776, 771, 0, 0, 944, 610, 0, 0, 0, 0, 1015, 0, 810, 723, 780, 0, 0, 809, 0, 314, 882, 0, 0, 924, 0, 812, 706, 0, -1, 1023, 0, 356, 590, 0, 1297, 1146, 507, 0, 0, 567, 782, 862, 285, 0, 0, 841, 770, 549, 812, 783, 0, 1058, 823, 0, 0, 0, 0, 0, 0, 1078],[998, 2145, 0, 0, 0, 0, 720, 629, 268, 918, 0, 0, 564, 324, 0, 0, 0, 742, 0, 0, 0, 736, 798, 0, 0, 0, 0, 872, 1166, 0, 1023, -1, 0, 1041, 0, 0, 631, 236, 0, 633, 683, 0, 0, 0, 0, 219, 0, 0, 0, 959, 0, 630, 273, 835, 0, 604, 897, 922, 0, 637, 0, 792],[1113, 0, 236896, 0, 0, 736, 1094, 275, 751, 630, 0, 917, 1107, 0, 0, 0, 914, 711, 578, 955, 0, 448, 934, 1110, 0, 0, 0, 0, 853, 0, 0, 0, -1, 777, 377, 444, 1249, 960, 880, 0, 0, 828, 0, 0, 382, 0, 695, 1004, 0, 0, 902, 562, 799, 1099, 895, 0, 0, 522, 999, 0, 0, 1076],[0, 0, 0, 807, 0, 2882, 0, 832, 0, 924, 955, 0, 842, 723, 831, 939, 616, 0, 0, 0, 0, 0, 761, 505, 0, 0, 692, 525, 0, 232, 356, 1041, 777, -1, 737, 572, 1189, 0, 0, 0, 0, 350, 0, 896, 0, 861, 0, 0, 489, 0, 728, 0, 0, 914, 732, 1033, 0, 0, 612, 0, 0, 0],[0, 658, 0, 0, 1868, 0, 0, 194, 0, 0, 797, 631, 766, 0, 0, 0, 0, 0, 0, 654, 906, 0, 0, 892, 0, 760, 846, 837, 781, 675, 590, 0, 377, 737, -1, 0, 0, 0, 0, 499, 0, 673, 0, 0, 0, 0, 607, 0, 884, 0, 0, 291, 0, 0, 0, 0, 0, 0, 0, 733, 697, 0],[977, 0, 237334, 585, 0, 633, 0, 0, 0, 957, 1186, 769, 1044, 682, 716, 0, 825, 650, 771, 838, 797, 0, 0, 0, 812, 935, 998, 930, 0, 0, 0, 0, 444, 572, 0, -1, 1334, 1075, 760, 766, 970, 0, 0, 0, 467, 0, 0, 0, 832, 0, 730, 835, 913, 0, 766, 850, 0, 139, 0, 980, 0, 1202],[0, 0, 543, 981, 0, 1514, 0, 1047, 596, 0, 0, 0, 458, 667, 0, 1024, 622, 0, 0, 649, 1126, 0, 0, 887, 705, 0, 0, 0, 1068, 1138, 1297, 631, 1249, 1189, 0, 1334, -1, 517, 0, 0, 0, 923, 783, 835, 1072, 687, 0, 0, 0, 941, 790, 750, 0, 451, 0, 0, 0, 0, 720, 0, 1142, 0],[1088, 2512, 0, 0, 974, 0, 773, 700, 0, 0, 0, 577, 631, 0, 0, 0, 675, 834, 672, 697, 0, 844, 766, 0, 709, 0, 854, 0, 1169, 0, 1146, 236, 960, 0, 0, 1075, 517, -1, 0, 0, 667, 1012, 0, 862, 940, 430, 0, 889, 0, 1021, 0, 577, 230, 774, 0, 0, 952, 1085, 0, 710, 986, 0],[401, 0, 236946, 949, 266, 562, 670, 932, 0, 878, 0, 0, 826, 787, 0, 0, 0, 368, 0, 654, 0, 0, 0, 0, 609, 0, 0, 477, 0, 188, 507, 0, 880, 0, 0, 760, 0, 0, -1, 0, 662, 225, 0, 0, 0, 0, 0, 0, 537, 0, 823, 878, 979, 801, 0, 1069, 398, 640, 0, 691, 681, 862],[432, 1687, 150, 0, 0, 0, 313, 0, 0, 0, 0, 0, 392, 344, 0, 0, 206, 172, 0, 272, 807, 387, 0, 420, 0, 393, 0, 363, 0, 0, 0, 633, 0, 0, 499, 766, 0, 0, 0, -1, 246, 0, 343, 606, 0, 507, 0, 674, 508, 0, 473, 530, 487, 0, 407, 715, 405, 692, 320, 292, 611, 0],[552, 1642, 104, 0, 0, 434, 342, 776, 0, 582, 0, 735, 0, 471, 0, 777, 0, 0, 339, 438, 1014, 570, 120, 0, 252, 0, 0, 508, 0, 643, 0, 683, 0, 0, 0, 970, 0, 667, 662, 246, -1, 438, 323, 0, 621, 0, 0, 0, 714, 448, 656, 479, 465, 0, 0, 693, 0, 910, 284, 362, 0, 0],[345, 0, 235950, 873, 233, 434, 0, 0, 862, 716, 657, 0, 0, 634, 0, 886, 471, 219, 0, 517, 0, 427, 0, 374, 0, 629, 555, 0, 0, 252, 567, 0, 828, 350, 673, 0, 923, 1012, 225, 0, 438, -1, 0, 635, 0, 804, 0, 0, 0, 42, 0, 698, 0, 0, 681, 906, 0, 684, 275, 0, 0, 0],[362, 1147, 0, 984, 0, 0, 0, 937, 0, 701, 0, 912, 597, 683, 815, 0, 0, 0, 501, 0, 0, 594, 0, 399, 393, 631, 536, 410, 0, 465, 782, 0, 0, 0, 0, 0, 783, 0, 0, 343, 323, 0, -1, 575, 613, 0, 0, 962, 635, 0, 0, 0, 765, 0, 730, 928, 446, 0, 0, 472, 864, 460],[0, 0, 520, 0, 233783, 757, 812, 0, 0, 171, 0, 1067, 0, 0, 840, 654, 0, 0, 309, 0, 1359, 0, 0, 934, 0, 0, 0, 0, 0, 705, 862, 0, 0, 896, 0, 0, 835, 862, 0, 606, 0, 635, 575, -1, 0, 935, 740, 1231, 1091, 610, 0, 356, 672, 543, 941, 0, 0, 1004, 600, 0, 0, 509],[755, 0, 0, 0, 423, 0, 1155, 462, 0, 545, 724, 0, 0, 0, 668, 0, 0, 0, 382, 701, 0, 0, 648, 761, 0, 827, 0, 743, 531, 0, 285, 0, 382, 0, 0, 467, 1072, 940, 0, 0, 621, 0, 613, 0, -1, 759, 0, 866, 0, 426, 0, 0, 724, 827, 0, 0, 180, 433, 0, 0, 652, 833],[830, 0, 237336, 0, 680, 0, 600, 616, 0, 0, 1100, 0, 459, 210, 127, 700, 0, 0, 0, 0, 534, 606, 747, 787, 0, 423, 587, 699, 0, 909, 0, 219, 0, 861, 0, 0, 687, 430, 0, 507, 0, 804, 0, 935, 759, -1, 0, 0, 694, 823, 229, 661, 0, 806, 0, 0, 790, 762, 809, 508, 0, 0],[0, 0, 516, 0, 233242, 396, 625, 726, 0, 772, 810, 0, 739, 0, 0, 817, 513, 0, 536, 0, 876, 286, 0, 0, 0, 0, 627, 474, 523, 0, 0, 0, 695, 0, 607, 0, 0, 0, 0, 0, 0, 0, 0, 740, 0, 0, -1, 0, 503, 228, 0, 723, 0, 771, 0, 0, 0, 0, 0, 619, 525, 0],[776, 0, 0, 0, 641, 1340, 0, 862, 836, 1238, 0, 0, 0, 549, 537, 0, 533, 668, 930, 0, 0, 692, 992, 0, 0, 0, 585, 654, 1211, 0, 841, 0, 1004, 0, 0, 0, 0, 889, 0, 674, 0, 0, 962, 1231, 866, 0, 0, -1, 0, 876, 0, 0, 0, 0, 0, 1063, 0, 0, 0, 0, 296, 0],[0, 726, 0, 0, 0, 0, 485, 1784, 974, 1152, 0, 634, 550, 0, 739, 0, 0, 0, 850, 0, 0, 0, 777, 285, 789, 393, 329, 0, 927, 645, 770, 0, 0, 489, 884, 832, 0, 0, 537, 508, 714, 0, 635, 1091, 0, 694, 503, 0, -1, 572, 0, 1014, 0, 0, 501, 1161, 734, 0, 614, 460, 0, 0],[0, 0, 415, 889, 233954, 0, 533, 0, 866, 688, 632, 0, 690, 0, 0, 870, 502, 0, 475, 0, 0, 418, 436, 416, 395, 0, 0, 0, 0, 227, 549, 959, 0, 0, 0, 0, 941, 1021, 0, 0, 448, 42, 0, 610, 426, 823, 228, 876, 572, -1, 0, 0, 795, 593, 707, 892, 268, 0, 0, 0, 0, 646],[0, 873, 0, 285, 0, 0, 534, 0, 3344, 0, 1151, 0, 426, 0, 311, 835, 0, 521, 718, 0, 0, 0, 0, 636, 0, 0, 452, 552, 0, 0, 812, 0, 902, 728, 0, 730, 790, 0, 823, 473, 656, 0, 0, 0, 0, 229, 0, 0, 0, 0, -1, 0, 0, 0, 95, 853, 0, 679, 0, 441, 0, 0],[0, 0, 0, 804, 0, 0, 1602, 433, 0, 0, 579, 0, 0, 481, 547, 0, 675, 586, 0, 0, 1124, 523, 518, 0, 307, 837, 899, 893, 0, 754, 783, 630, 562, 0, 291, 835, 750, 577, 878, 530, 479, 698, 0, 356, 0, 661, 723, 0, 1014, 0, 0, -1, 395, 636, 725, 239, 515, 0, 701, 0, 934, 581],[0, 889, 0, 605, 0, 3203, 0, 0, 119, 0, 849, 0, 0, 282, 0, 557, 0, 615, 0, 540, 887, 0, 567, 873, 484, 0, 710, 795, 945, 0, 0, 273, 799, 0, 0, 913, 0, 230, 979, 487, 465, 0, 765, 672, 724, 0, 0, 0, 0, 795, 0, 395, -1, 612, 467, 439, 0, 0, 0, 557, 0, 0],[635, 2028, 0, 1040, 721, 645, 410, 0, 716, 686, 0, 914, 0, 677, 0, 966, 0, 589, 525, 0, 1192, 0, 182, 647, 0, 650, 607, 0, 0, 0, 1058, 835, 1099, 914, 0, 0, 451, 774, 801, 0, 0, 0, 0, 543, 827, 806, 771, 0, 0, 593, 0, 636, 612, -1, 0, 0, 0, 0, 339, 465, 0, 96],[654, 2214, 0, 347, 544, 263, 460, 0, 0, 0, 1076, 188, 345, 254, 274, 0, 0, 0, 0, 229, 0, 563, 686, 0, 638, 0, 407, 518, 0, 0, 823, 0, 895, 732, 0, 766, 0, 0, 0, 407, 0, 681, 730, 941, 0, 0, 0, 0, 501, 707, 95, 725, 467, 0, -1, 0, 731, 0, 690, 366, 0, 753],[0, 884, 237777, 795, 0, 0, 955, 354, 0, 0, 0, 0, 0, 551, 0, 0, 824, 0, 0, 874, 1154, 641, 0, 0, 0, 0, 1058, 0, 0, 933, 0, 604, 0, 1033, 0, 850, 0, 0, 1069, 715, 693, 906, 928, 0, 0, 0, 0, 1063, 1161, 892, 853, 239, 439, 0, 0, -1, 697, 895, 0, 913, 1002, 785],[0, 0, 0, 0, 359, 1126, 693, 599, 0, 509, 593, 860, 0, 588, 0, 0, 594, 0, 0, 649, 0, 0, 0, 649, 0, 0, 763, 641, 0, 0, 0, 897, 0, 0, 0, 0, 0, 952, 398, 405, 0, 0, 446, 0, 180, 790, 0, 0, 734, 268, 0, 515, 0, 0, 731, 697, -1, 561, 0, 692, 711, 710],[0, 0, 818, 586, 0, 0, 0, 0, 910, 0, 1146, 0, 0, 659, 712, 0, 747, 0, 1298, 757, 0, 359, 971, 0, 0, 855, 0, 817, 0, 0, 0, 922, 522, 0, 0, 139, 0, 1085, 640, 692, 910, 684, 0, 1004, 433, 762, 0, 0, 0, 0, 679, 0, 0, 0, 0, 895, 561, -1, 917, 0, 0, 0],[0, 484, 0, 0, 0, 2176, 0, 947, 828, 0, 581, 875, 0, 0, 785, 0, 438, 0, 0, 0, 0, 0, 246, 375, 0, 576, 0, 375, 468, 522, 0, 0, 999, 612, 0, 0, 720, 0, 0, 320, 284, 275, 0, 600, 0, 809, 0, 0, 614, 0, 0, 701, 0, 339, 690, 0, 0, 917, -1, 0, 0, 0],[414, 1327, 312, 0, 0, 349, 0, 907, 668, 0, 0, 0, 0, 455, 544, 964, 0, 424, 620, 0, 755, 653, 449, 379, 0, 190, 0, 0, 835, 741, 0, 637, 0, 0, 733, 980, 0, 710, 691, 292, 362, 0, 472, 0, 0, 508, 619, 0, 460, 0, 441, 0, 557, 465, 366, 913, 692, 0, 0, -1, 693, 505],[0, 771, 0, 0, 0, 2952, 759, 745, 869, 0, 1247, 490, 0, 0, 591, 898, 0, 531, 825, 530, 0, 0, 0, 0, 0, 585, 648, 0, 0, 0, 0, 0, 0, 0, 697, 0, 1142, 986, 681, 611, 0, 0, 864, 0, 652, 0, 525, 296, 0, 0, 0, 934, 0, 0, 0, 1002, 711, 0, 0, 693, -1, 0],[0, 786, 0, 1032, 1391, 663, 465, 0, 656, 0, 0, 907, 0, 0, 753, 918, 0, 0, 0, 625, 1207, 801, 212, 0, 0, 0, 661, 683, 0, 852, 1078, 792, 1076, 0, 0, 1202, 0, 0, 862, 0, 0, 0, 460, 509, 833, 0, 0, 0, 0, 646, 0, 581, 0, 96, 753, 785, 710, 0, 0, 505, 0, -1]]