95
[[-1, 32627, 1883215018, 0, 1465203564, 0, 24107, 0, 1425432501, 42613, 27355, 0, 0, 0, 1693240119, 26256, -1307560304, -1608432417, 1739660528, 1547600660, 36414, -765922142, 38895, 23348, -1920049411, -847735808, 0, 1912888119, -2137067703, 0, 29960, 0, 0, -1470523193, 44034, 1226054899, 2142554655, 2065593491, -2083453468, 0, 0, 0, -2013655651, 0, 11343, -1590521755, 0, -2012368105, -1125382606, -1813783619, -1270347738, 8985, -1090394241, -1074868514, 27350, 0, 935260801, 37931, 23309, 0, 0, -1641792458, 0, 0, 12229, -1525960135, -1507739347, -2089825911, 15022, -1181542697, 45497, 16581, 0, 884294582, 0, 0, 31481, 41087, 37745, 0, 24321, 34687, 44824, 0, 27557, 13541, 43565, 29084, 31859, 23671, 0, 20668, 0, 33747, 19030],[32627, -1, -1857113603, 0, -829682230, 0, 0, 32179, -931627434, 0, 0, 30089, 35506, 36453, -900627852, 0, 1731476638, 1429037833, -1539730036, -990735095, 0, 1799487590, 0, 0, 578482647, 1572561820, 0, -510079776, 815250368, 0, 0, 0, 16959, 1125822722, 0, -1565173607, -1856929288, -973607242, 714132804, 32669, 0, 34087, 826725417, 31085, 0, 1081043421, 28170, 1925464820, 1708442476, 2064303760, 1507409725, 0, 1875790899, 2100423297, 0, 17029, -1871173127, 0, 0, 39554, 44521, 2111320424, 40658, 0, 0, 1294683040, 1202745681, 1236060186, 0, 1047801467, 0, 0, 43016, 403866297, 46119, 11807, 0, 0, 1928926918, 42475, 647714379, 0, 421806363, 41926, 744469187, 0, 986752006, 0, 0, 0, 0, 0, 4352, 246427246, 505868884],[1883215018, -1857113603, -1, 37588, -723661333, 45767, -1623766733, -782891413, -1381705394, 0, -1538106429, 0, 41751, -1007156608, -898051677, -1715335363, 0, -2144792412, -426125630, -1358385627, -2014627702, -2056913925, -1352247638, -1993778328, 0, -862122851, 0, -331399003, -1663262981, 32330, -1587196750, 0, -748993666, -1746399463, -1428747161, 0, -1177082170, -1912655963, 0, 0, 0, 0, -448041730, -1613741162, -1100235446, -1255988377, 950522372, -1825431168, 0, -2114017418, -1318565127, -1488264989, 0, -976928257, -705203943, 5905, -1931548599, 0, 0, 38946, 1870822458, -1447405446, 0, 43875, -1692547580, -1901273834, -1519544794, -815224438, -624603138, -1906616974, 0, -1094391271, 25675, -411921244, 44078, -1154305241, 0, -502396645, -547161585, -1943649668, -554212449, -2011858178, -1679027170, 0, -838356878, 0, 0, -1602192921, -964245041, -1996159220, 0, 0, -2110289845, 0, 0],[0, 0, 37588, -1, 1099750942, 1063577964, 41099, 22279, 45129, 31295, 33080, 28623, 39982, 37415, 43353, 11767, 0, 44136, 22519, 15579, 43733, 0, 31520, 38086, 0, 37441, 21194, 0, 0, 0, 0, 0, 0, 34451, 0, 35729, 0, 20487, 39289, 0, 16455, 23482, 36433, 39614, 23921, 0, 20412, 41847, 0, 30156, 23601, 14225, 42661, 31250, 14158, 0, 39535, 39703, 0, 19191, 0, 0, 0, 496016963, 39544, 27704, 38470, 32698, 0, 28819, 42430, 0, 38872, 25825, 40021, 0, 30065, 32567, 33398, 0, 16191, 0, 40496, 37128, 23431, 0, 45703, 30734, 43794, 44427, 43440, 21848, 19355, 41481, 41893],[1465203564, -829682230, -723661333, 1099750942, -1, 0, -1148988931, 0, -623217815, 0, 0, -1161758094, 608340169, 0, -1372653906, -1735011896, -1508625555, 0, 0, -1989726261, 0, 0, 0, -1131299662, 0, 0, -2138769774, -1523602429, -1581119990, 463315798, 0, 0, 236145098, -961301309, 0, 0, -905008565, -701198081, -1073441103, -2074747542, -1301707892, -1007892781, -834422700, 0, -2123297854, -1715800208, 0, 0, -826354951, -1416245953, 0, -2112578169, 0, 0, -2101034966, 25770, 0, 0, 0, -2119329832, 1329176880, 0, 0, 41504, 0, -1830264175, -1900635087, -1647161521, -1306382360, 0, -1599889867, -703529386, 1366024781, -1162415636, 0, -1756269867, -1599209364, -799659476, 1873659461, -1925214563, 41291, -2141542779, 45082, 0, 29439, 0, 17982, 0, 0, -2024752390, 0, -1796082701, 25581, 28784, 12341],[0, 0, 45767, 1063577964, 0, -1, 30033, 27373, 0, 23064, 18691, 20129, 0, 0, 13393, 44774, 33263, 33474, 18603, 0, 0, 0, 26040, 30887, 0, 29008, -1530457030, 42702, 0, 1486842082, 38774, 24930, 25515, 17940, 28379, 0, 0, 35360, 24977, 0, -1389406187, 13406, 38477, 27944, 14127, 16856, 18215, 13275, 18246, 0, 36654, 44533, 0, 12603, 43690, 0, 45403, 0, 25568, 0, 31004, 36911, 0, 12270, 32156, 6500, 12910, 31026, 17178, 0, 20827, 0, 23772, 0, 43208, 32442, 7049, 0, 28009, 0, 22367, 30944, 0, 0, 28230, 15840, 27388, 0, 0, 0, -1763420073, 20997, 42838, 41329, 23856],[24107, 0, -1623766733, 41099, -1148988931, 30033, -1, 31394, -1488638077, 2097339929, 1731395839, 26146, 38652, 0, -919134327, 0, 34631, 37609, -482214398, -1583856150, 1331090726, 8368, 0, 0, 0, 15032, 985536886, 0, 0, 0, 688823987, 1304249640, 16798, 0, 2086071489, 0, 0, -1496727434, 42706, 44235, 624344067, 0, 16470, 44587, 858965798, 32025, 9373, 23840, 0, 0, 40135, 0, 33476, 37823, 0, 35325, -1379399808, 0, 0, 0, 37628, 24461, 12755, 18345, 0, 17964, 45790, 35979, 192647945, 0, 0, 1982008877, 18994, 20101, 0, 40138, 1814921370, 0, 31462, 43840, 28854, 0, 27157, 23716, 19506, 459136088, 0, 0, 0, 0, 983670005, 1068151692, 20540, 0, 37318],[0, 32179, -782891413, 22279, 0, 27373, 31394, -1, -2125233761, 0, 31425, 0, 0, 0, -1662882274, 37659, -1970481067, 0, -692903586, 0, 41180, -1528339807, 33072, 43903, -814740381, -1622708110, 0, -1378952636, -1129480118, 3806, 20128, 35158, 1236042536, -1193159655, 0, 0, 0, 42485, 0, 15595778, 39987, 0, -2102850905, 0, 16379, 0, 1545378634, 0, -704383702, -1278860812, -770387397, 33032, -867479352, 0, 44303, 0, 18680, 28485, 42293, 0, 0, 0, 0, 0, 32076, -2128721924, -2139574661, -1406735914, 32082, 0, 36549, 0, 1606562990, 0, 456957616, 1822939484, 29036, 0, 29209, 852292722, 0, 29319, 29145, 1820391176, 28506, 26033, 38413, 0, 0, 0, 19222, 10632, 1930749502, 39225, 29695],[1425432501, -931627434, -1381705394, 45129, -623217815, 0, -1488638077, -2125233761, -1, -1368901161, -1459206558, 0, -1007380135, -2005527339, -128790583, -1631588238, 1671117658, 41893, -896826867, -1024116407, 0, 15586, 0, -1680733305, 45705, -781032277, 0, -2037993829, 0, 0, -1361898051, 45270, 2874, 40298, 0, 0, -1842539156, -806994336, 0, 0, 43054, -1519635000, -1165741900, 0, -736888939, 27459, 0, 2002885114, 0, -1033714332, -1117961325, -1954981206, 36927, 31360, 0, 440510221, -1707788493, -1622249603, 0, 1186902167, -1259685908, -1051584124, -1587767074, 0, -1801747138, 1922723725, 40639, -1589999042, -1327337923, 0, -749113424, -1424531029, 0, -2026514320, 43275, 29063, 0, -2083745604, 0, 39588, 33958, -1432063248, 25762, 0, 32730, 13517, 24246, -2087559266, -1079834423, -1944959605, 0, 44866, 0, 41740, 37960],[42613, 0, 0, 31295, 0, 23064, 2097339929, 0, -1368901161, -1, 0, 42497, 0, 25434, 0, 0, 0, 35920, -743804852, -1466700565, 0, 20075, 0, 0, 42256, 4356, 0, -559913262, 0, 0, 24128, 0, 0, 36329, 17632, -1381866476, -315598438, -2050447175, 0, 38447, 0, 0, 16991, 8726, 11992, 0, 0, 36105, 13327, 0, 0, 156675608, 0, 42044, 1896089512, 0, -1746594074, 0, 1318178290, 0, 31137, 0, 0, 38331, 0, 0, 10572, 0, 20691, 0, 0, 0, 29585, 33916, 0, 0, 20797, 0, 34843, 0, 0, 529818597, 39120, 14808, 23850, 18957, 0, 0, 212950693, 1511474020, 25759, 0, 13548, 17809, 0],[27355, 0, -1538106429, 33080, 0, 18691, 1731395839, 31425, -1459206558, 0, -1, 35885, 38502, 22177, -2122549854, 117468130, 0, 41309, -1873529133, 0, 0, 0, 104779476, 0, 40873, 40846, 24309, -1360172065, 0, 0, 0, 34647, 41125, 0, 31811, -995863898, -1781326888, 0, 0, 0, 20547, 0, 27673, 32159, 24886, 0, 22995, 0, 0, 0, 11148, 0, 24021, 37855, 15960, 0, 0, 2049026410, 0, 20393, 0, 40949, 39704, 0, 384015252, 32967, 28681, 0, 23057, 0, 543660809, 0, 13867, 0, 14896, 0, 18638, 983705093, 21121, 35844, 34471, 33474, 0, 35228, 0, 31887, 27390, 0, 30358, 14617, 30173, 0, 0, 26091, 0],[0, 30089, 0, 28623, -1161758094, 20129, 26146, 0, 0, 42497, 35885, -1, 839547647, 1869717899, 43693, 44367, -1825638492, -1720135362, 21210, 0, 17974, 0, 0, 23823, -1926941391, -2100004752, 22498, 0, -2048223135, 0, 12143, 34127, 0, -1932300615, 30897, 28137, 46209, 4128, -1477063593, 0, 37024, 0, -1541990781, 194370134, 42144, -1755507665, 0, -1117545404, -1414778252, -368579178, 14013, 0, -1094349225, 0, 0, 0, 37254, 36789, 28489, 388128406, 186444889, -924435204, 1307860805, 9910, 0, 1348200003, 0, -1135672802, 22149, -1464551853, 22523, 0, 30356, 0, 0, 32235, 39268, 36612, 38778, 0, 0, 31350, 41526, 0, 44699, 0, 0, 0, 22508, 0, 40516, 45205, 25315, 0, 44286],[0, 35506, 41751, 39982, 608340169, 0, 38652, 0, -1007380135, 0, 38502, 839547647, -1, 42386, 26158, 0, -1078463565, 0, 38932, 44114, 0, 0, 22063, 11808, -2070486707, 0, 33267, 9975, -1533614848, 0, 12558, 0, 0, -1336544136, 0, 45088, 33338, 14458, -1957293901, 26738, 25035, 1664465484, -1878938333, 0, 24618, -1424998765, 0, -1836636846, -1760525124, 0, 9137, 0, -1270263761, 0, 45950, 907064642, 44422, 32730, 39076, 29560, 42641, 0, 0, 13433, 35760, 0, 27051, -1247666274, 34265, 20857, 0, 0, 0, 32197, 21152, 0, 0, 43547, 13670, 43921, 37286, 23309, 34594, 28888, 0, 28261, 0, 40432, 0, 11996, 12877, 0, 33665, 0, 33213],[0, 36453, -1007156608, 37415, 0, 0, 0, 0, -2005527339, 25434, 22177, 1869717899, 42386, -1, 5462, 0, -1130526058, -1179717848, 26178, 29467, 45391, -887478658, 28417, 31116, -1893905069, -607310345, 23383, 0, 1636409837, 40033, 0, 19506, 3071, -1605281926, 0, 16729, 30404, 0, -1919597324, 6961, 40499, 29974, 0, 44524, 0, 0, 0, -1864342551, 11933, -1146812663, 41809, 6774, 0, -732126155, 0, 34904, 45132, 43964, 33593, 21873, 42942, -440710104, 0, 0, 30384, 25626, 31742, 29868, 24273, 44320, 25080, 0, 38083, 32758, 0, 0, 0, 45587, 27034, 36312, 27600, 17588, 25487, 36575, 41012, 38273, 37798, 0, 22637, 40137, 30970, 23297, 45112, 0, 0],[1693240119, -900627852, -898051677, 43353, -1372653906, 13393, -919134327, -1662882274, -128790583, 0, -2122549854, 43693, 26158, 5462, -1, 0, 0, 40887, -220117648, -982512649, -647034496, 0, 0, -1307640277, 32858, 21409, 32224, -840196199, 0, 35438, -1276927177, 42561, 31466, 15271, -2024041675, -512997203, 0, -151622423, 41815, 28911, 20079, 41000, 0, 0, 0, 0, 39516, 38206, 32874, 42921, 28819, -511273834, 36405, 0, -1932013441, 0, -1141917507, -1482264038, 40224, 0, 0, 29533, 0, 33710, 23094, 0, 0, 9598, 34751, 0, 34279, 14921, 0, 28212, 32561, 0, 37174, 33434, 29242, 39308, 45969, 42532, 29081, 10872, 0, 45697, 37918, 0, 39051, 0, 0, 39487, 45157, 29620, 32200],[26256, 0, -1715335363, 11767, -1735011896, 44774, 0, 37659, -1631588238, 0, 117468130, 44367, 0, 0, 0, -1, 0, 21070, -689976264, -618092252, 35299, 45344, 29533, 1581897797, 20453, 28618, 18160, -432267106, 0, 31183, 0, 0, 32133, 0, 25147, -2038393287, -1242186636, -1397509237, 0, 20084, 37413, 0, 40338, 43145, 26565, 39739, 38804, 26515, 36855, 0, 19231, 38219, 18154, 34768, 43726, 35122, 0, 30863, 17031, 35030, 44792, 0, 11999, 22310, 3123, 16596, 17193, 44850, 37294, 46121, 24976, 0, 38319, 43648, 0, 32719, 0, 0, 22608, 9665, 44189, 27846, 0, 0, 43545, 0, 8495, 864222260, 43871, 0, 26582, 33243, 31470, 0, 28566],[-1307560304, 1731476638, 0, 0, -1508625555, 33263, 34631, -1970481067, 1671117658, 0, 0, -1825638492, -1078463565, -1130526058, 0, 0, -1, -1051820015, 0, 42346, 27814, -306291475, 0, 26656, -421743896, -847477458, 37413, 37723, -1736556871, 42182, 10478, 0, 0, -382184428, 18153, 0, 40480, 19815, -722018272, 0, 14675, -870757613, -1235674965, -645528032, 0, -1137481801, -823234632, 0, 0, -347585826, -711963789, 0, -63942094, 1185346110, 0, 0, 41549, 36871, 43720, 45258, 16645, 51038731, 0, 42117, 34092, 0, 0, 37285, 30628, 37306, 0, 37587, 15359, 14154, 0, 41323, 0, 0, 33828, 23793, 36253, 40003, 16136, 15985, 0, 40703, 0, 38867, 3384, 17918, 22674, 28459, 27042, 45159, 37978],[-1608432417, 1429037833, -2144792412, 44136, 0, 33474, 37609, 0, 41893, 35920, 41309, -1720135362, 0, -1179717848, 40887, 21070, -1051820015, -1, 8593, 0, 24973, 0, 30320, 0, -864838597, 0, 23986, -531871631, 0, 34977, 0, 45165, -1328576928, -237224724, 39020, 0, -324893690, -806781355, 0, 0, 0, 0, -450742352, -2026456097, 19270, -616151825, -1722455689, 0, 0, 0, -1980188896, 0, -659113788, -376338942, 0, -1400047356, 0, 0, 21762, -1775533605, -1661412484, 0, 1507451904, 40086, 37878, 0, 11673, 6685, 0, 0, 33212, 0, 28053, 43170, 44071, 18169, 26869, 34063, 0, 0, 28773, 0, 33313, 38161, 45176, 29339, 41829, 0, 33830, 40497, 44495, 28375, 34760, 0, 35302],[1739660528, -1539730036, -426125630, 22519, 0, 18603, -482214398, -692903586, -896826867, -743804852, -1873529133, 21210, 38932, 26178, -220117648, -689976264, 0, 8593, -1, -500577908, 0, 0, -1787632963, 0, 0, 42158, 15216, -557415549, 39682, 25598, -684712586, 20315, 7953, 0, -676457187, 0, -113005618, 0, 0, 0, 0, 17113, 0, 0, 0, 42885, 0, 0, 25782, 22426, 0, 0, 26323, 44377, -1879653601, 0, 0, 0, -1692378011, 23793, 40781, 41588, 19056, 27217, -1349636758, 0, 40635, 0, -1564670775, 0, -2082782264, 44705, 0, 0, 18673, 0, 29105, 0, 45909, 35498, 0, 43334, 42567, 40630, 0, 33646, 33558, 0, 44001, 38261, 0, 0, 6737, 37912, 38669],[1547600660, -990735095, -1358385627, 15579, -1989726261, 0, -1583856150, 0, -1024116407, -1466700565, 0, 0, 44114, 29467, -982512649, -618092252, 42346, 0, -500577908, -1, 0, 37860, -2146112133, 0, 40793, 28201, 0, -94710049, 0, 43000, 0, 0, 38130, 32723, 0, -960939222, -61517079, -449509737, 19937, 0, 24932, 0, 36563, 37398, 0, 42760, 37647, 0, 36880, 34487, -1306791408, -2140318666, 32736, 37851, 1880189621, 12239, -681429900, 37711, 0, 19618, 22225, 24243, 0, 29044, 0, 25227, 0, 0, 44162, 40941, 36617, 41394, 16389, 46251, 28432, 20852, 34190, 20463, 0, 44540, 0, 41950, 0, 42863, 0, 23452, 0, 0, 26348, 43395, 0, 42718, 32174, 27113, 0],[36414, 0, -2014627702, 43733, 0, 0, 1331090726, 41180, 0, 0, 0, 17974, 0, 45391, -647034496, 35299, 27814, 24973, 0, 0, -1, 4130, 29855, 0, 46201, 4321, 0, 0, 16820, 0, 39669, 0, 0, 0, 0, -1003596379, -1638276048, 0, 0, 38156, 41429, 34281, 44853, 0, 43683, 0, 0, 0, 42493, 37602, 44483, 0, 23771, 0, 0, 38814, -1563688290, 0, 43784, 20110, 0, 42582, 0, 0, 0, 37649, 0, 0, 11844, 26538, 40524, 23589, 31619, 0, 44381, 0, 42367, 26871, 45892, 40036, 0, 5697, 44476, 0, 45569, 0, 27476, 43361, 0, 43671, 41849, 27838, 44430, 0, 39509],[-765922142, 1799487590, -2056913925, 0, 0, 0, 8368, -1528339807, 15586, 20075, 0, 0, 0, -887478658, 0, 45344, -306291475, 0, 0, 37860, 4130, -1, 0, 26422, -884033607, -841346119, 0, 19219, -76945790, 0, 0, 40293, -914954470, -104827169, 45677, 0, 29239, 0, -1065384555, -897907140, 29325, -1472852401, 0, 0, 25909, -647750960, -584630528, -51369388, -722574944, 0, 712947696, 0, -192007005, 29067, 36974, 39855, 14084, 39813, 38938, 0, 43001, 45894, 18247, 38292, 0, 0, 41083, 0, 37454, 0, 12631, 40299, 45090, 0, 17276, 0, 0, 26504, 0, 34019, 43486, 43662, 0, 42697, 46281, 44946, 44357, 34261, 35956, 34576, 25295, 45073, 43909, 39849, 39566],[38895, 0, -1352247638, 31520, 0, 26040, 0, 33072, 0, 0, 104779476, 0, 22063, 28417, 0, 29533, 0, 30320, -1787632963, -2146112133, 29855, 0, -1, 41939, 1655, 29900, 0, -1960235254, 37334, 0, 40371, 41217, 29733, 18982, 0, 2006688718, -1090201950, -1761287856, 16567, 0, 0, 44264, 33499, 0, 24290, 35379, 0, 41278, 22471, 0, 34568, 0, 0, 27218, 36617, 0, 1795147752, 0, 9729, 27032, 0, 28708, 15085, 30585, 38153, 28071, 0, 39788, 25542, 0, 34823, 8582, 25092, 0, 31358, 0, 35170, 31705, 24134, 0, 18110, 23611, 32129, 0, 8730, 15218, 11304, 34786, 41797, 32947, 31976, 26083, 0, 33459, 0],[23348, 0, -1993778328, 38086, -1131299662, 30887, 0, 43903, -1680733305, 0, 0, 23823, 11808, 31116, -1307640277, 1581897797, 26656, 0, 0, 0, 0, 26422, 41939, -1, 10432, 40893, 34277, -2146070707, 0, 29893, 0, 0, 0, 20618, 23489, 32476, 0, -1079918559, 0, 28651, 0, 38524, 34141, 30237, 0, 0, 0, 0, 41532, 41780, 0, 0, 36168, 0, 39103, 0, 14662, 37516, 13791, 2520, 0, 37574, 0, 31640, 23138, 20220, 0, 39047, 0, 0, 0, 36655, 0, 45857, 0, 27610, 44007, 0, 23539, 0, 31241, 33262, 0, 44547, 0, 12820, 19559, 44087, 28988, 18334, 25980, 0, 37695, 34213, 6170],[-1920049411, 578482647, 0, 0, 0, 0, 0, -814740381, 45705, 42256, 40873, -1926941391, -2070486707, -1893905069, 32858, 20453, -421743896, -864838597, 0, 40793, 46201, -884033607, 1655, 10432, -1, -119058052, 24962, 15004, -1065272448, 39912, 21357, 0, -1847999317, -1684992339, 39716, 33687, 18281, 0, -927659142, -1818992044, 36624, -1607306666, 0, -1774696099, 0, -1318758925, 31863, 0, 29033, -1539055942, 40628, 24402, 0, 40154, 3926, 44329, 0, 0, 0, 43132, 0, 38341, 42373, 45977, 35139, 40178, 0, 0, 32911, 0, 45009, 5202, 6375, 38890, 0, 0, 0, 21831, 0, 0, 23177, 45354, 0, 0, 0, 0, 38542, 0, 0, 43184, 13739, 37907, 2904, 42650, 0],[-847735808, 1572561820, -862122851, 37441, 0, 29008, 15032, -1622708110, -781032277, 4356, 40846, -2100004752, 0, -607310345, 21409, 28618, -847477458, 0, 42158, 28201, 4321, -841346119, 29900, 40893, -119058052, -1, 44262, 23841, -118237344, 40814, 22435, 0, -1748965863, 0, 40432, 35823, 0, 0, 0, -1139278176, 31492, -1231297027, -444153776, -1474581433, 0, 0, -870687188, -266872218, 0, 0, -660366035, 14377, -98536646, 0, 0, -1236633937, 0, 0, 29260, -2023666955, -1388813905, 0, -2142134309, 25073, 0, 0, -75529815, 0, 16739, 41040, 25147, 0, 0, 42214, 28696, 29133, 0, 0, 36557, 41994, 26174, 0, 45532, 43083, 0, 26102, 40220, 26386, 0, 40717, 4496, 27066, 0, 0, 38598],[0, 0, 0, 21194, -2138769774, -1530457030, 985536886, 0, 0, 0, 24309, 22498, 33267, 23383, 32224, 18160, 37413, 23986, 15216, 0, 0, 0, 0, 34277, 24962, 44262, -1, 39859, 30375, 0, 24199, 45059, 30106, 38386, 0, 43838, 0, 18837, 0, 15715, 45592, 31026, 0, 44867, 38656, 42827, 35535, 39798, 39294, 30562, 36749, 0, 24901, 32293, 0, 0, 41875, 42949, 44980, 21290, 34735, 24272, 36451, 20558, 15846, 35884, 0, 26829, 37124, 28312, 33637, 0, 40163, 0, 30925, 32955, 0, 27380, 26219, 0, 36185, 0, 27812, 35538, 0, 35518, 46119, 0, 0, 30583, 0, 0, 0, 0, 30567],[1912888119, -510079776, -331399003, 0, -1523602429, 42702, 0, -1378952636, -2037993829, -559913262, -1360172065, 0, 9975, 0, -840196199, -432267106, 37723, -531871631, -557415549, -94710049, 0, 19219, -1960235254, -2146070707, 15004, 23841, 39859, -1, 42103, 0, -1662610418, 35204, 32007, 43024, 0, 0, -178011964, 0, 35092, 0, 39179, 22037, 0, 16593, -1872762215, 41860, 0, 40808, 0, 15755, 28060, 45072, 25848, 23849, 20879, 44279, 42217, 38706, 43136, 26749, 3794, 24825, 0, 10353, 0, 12698, 26117, 46111, 45106, 25810, 32837, 40997, 41356, 0, 39894, 0, 0, 0, 0, 0, 18277, 26282, 0, 16761, 43693, 21986, 0, 0, 41595, 17600, 22549, 29517, 13572, 11599, 0],[-2137067703, 815250368, -1663262981, 0, -1581119990, 0, 0, -1129480118, 0, 0, 0, -2048223135, -1533614848, 1636409837, 0, 0, -1736556871, 0, 39682, 0, 16820, -76945790, 37334, 0, -1065272448, -118237344, 30375, 42103, -1, 0, 11586, 40239, 0, 0, 42946, 31578, 43746, 20804, -1441701922, 30320, 33496, 0, -1894385453, 43629, 19075, -1580491127, 45716, -897061618, 9380, 0, 42386, 0, 12188, 26746, 0, 0, 34779, 0, 38061, 14648, 45229, 17465, 13847, 0, 37033, 0, 0, 0, 24648, 42490, 16258, 45123, 35231, 30344, 36194, 44570, 45970, 44640, 13848, 0, 42835, 38565, 0, 42923, 0, 0, 0, 7658, 20665, 38627, 0, 24317, 33893, 25622, 0],[0, 0, 32330, 0, 463315798, 1486842082, 0, 3806, 0, 0, 0, 0, 0, 40033, 35438, 31183, 42182, 34977, 25598, 43000, 0, 0, 0, 29893, 39912, 40814, 0, 0, 0, -1, 6428, 38223, 12815, 27525, 0, 15221, 42110, 35644, 32314, 0, 14674, 30996, 33818, 42241, 34606, 8552, 45100, 0, 0, 29917, 36931, 0, 0, 0, 27249, 44298, 31722, 0, 12993, 28949, 35215, 37427, 0, 38003, 0, 0, 22721, 0, 0, 15130, 0, 43066, 26694, 25682, 31442, 0, 29796, 35878, 43405, 0, 15183, 0, 0, 32173, 42885, 41410, 26327, 33939, 0, 44683, 0, 0, 0, 32541, 0],[29960, 0, -1587196750, 0, 0, 38774, 688823987, 20128, -1361898051, 24128, 0, 12143, 12558, 0, -1276927177, 0, 10478, 0, -684712586, 0, 39669, 0, 40371, 0, 21357, 22435, 24199, -1662610418, 11586, 6428, -1, 23884, 0, 13075, 35733, 46240, -1031454690, -2088088409, 42469, 26190, 19144, 13352, 35338, 0, 33014, 40602, 17732, 17416, 0, 0, 10032, 0, 41305, 42422, 29263, 0, 16239, 0, 29327, 42193, 0, 45284, 33509, 0, 0, 41179, 0, 39002, 19315, 0, 15325, 0, 35493, 0, 0, 0, 0, 10745, 24501, 0, 0, 30795, 31434, 26991, 4112, 21575, 0, 35061, 32289, 35927, 0, 33037, 28624, 35531, 15356],[0, 0, 0, 0, 0, 24930, 1304249640, 35158, 45270, 0, 34647, 34127, 0, 19506, 42561, 0, 0, 45165, 20315, 0, 0, 40293, 41217, 0, 0, 0, 45059, 35204, 40239, 38223, 23884, -1, 32683, 34791, 44367, 0, 0, 0, 44334, 19699, 30960, 28268, 25337, 44627, 13549, 24088, 0, 41598, 20024, 11769, 30927, 42811, 40503, 0, 0, 41263, 0, 0, 45835, 0, 0, 31782, 1137, 41428, 0, 0, 26809, 0, 39908, 32632, 28172, 0, 21360, 10251, 37595, 0, 33447, 25632, 0, 44572, 41326, 21817, 25915, 33982, 44564, 26938, 15855, 0, 0, 0, 28769, 27409, 0, 15378, 17921],[0, 16959, -748993666, 0, 236145098, 25515, 16798, 1236042536, 2874, 0, 41125, 0, 0, 3071, 31466, 32133, 0, -1328576928, 7953, 38130, 0, -914954470, 29733, 0, -1847999317, -1748965863, 30106, 32007, 0, 12815, 0, 32683, -1, 0, 13559, 0, 0, 34737, 899893821, 36555, 22702, 40035, 17512, 3530, 45648, -1571205670, 21985, 0, 24105, -1396628261, 0, 35417, 45567, 34203, 45987, 44136, 31179, 44978, 0, 36453, 35068, 15888, 0, 26993, 24794, 19724, 0, 27271, 41334, 31781, 0, 39999, 0, 25047, 28659, 13369, 0, 0, 19288, 35034, 11368, 39779, 39084, 30252, 14800, 30377, 0, 17890, 0, 42327, 46011, 45702, 37778, 12259, 14574],[-1470523193, 1125822722, -1746399463, 34451, -961301309, 17940, 0, -1193159655, 40298, 36329, 0, -1932300615, -1336544136, -1605281926, 15271, 0, -382184428, -237224724, 0, 32723, 0, -104827169, 18982, 20618, -1684992339, 0, 38386, 43024, 0, 27525, 13075, 34791, 0, -1, 44662, 0, 37905, 23397, 0, 0, 0, -1064883868, -825799893, -1731254744, 0, -1811109258, 6211, 0, 0, 94708006, 0, 0, 30403, 0, 11157, 36755, 23113, 38315, 41666, 0, 46030, 35143, 44668, 19748, 31886, 42264, 45111, 42724, 0, 18929, 33131, 24877, 0, 36604, 0, 43329, 40232, 13165, 37748, 32677, 0, 33330, 34419, 0, 42158, 6905, 34732, 22832, 0, 0, 42249, 40370, 21784, 29058, 31912],[44034, 0, -1428747161, 0, 0, 28379, 2086071489, 0, 0, 17632, 31811, 30897, 0, 0, -2024041675, 25147, 18153, 39020, -676457187, 0, 0, 45677, 0, 23489, 39716, 40432, 0, 0, 42946, 0, 35733, 44367, 13559, 44662, -1, 0, 0, 0, 26661, 34252, 0, 24260, 41649, 23265, 0, 40787, 0, 34808, 33552, 40148, 0, 41231, 35241, 27244, 0, 2975, 44234, 42767, 0, 0, 32803, 0, 19304, 0, 45749, 0, 10919, 44401, 45043, 41662, 38738, 23739, 10521, 39842, 0, 0, 44674, 0, 33706, 0, 28205, 23712, 0, 34594, 24028, 36746, 0, 42680, 24155, 0, 36633, 39950, 0, 16723, 0],[1226054899, -1565173607, 0, 35729, 0, 0, 0, 0, 0, -1381866476, -995863898, 28137, 45088, 16729, -512997203, -2038393287, 0, 0, 0, -960939222, -1003596379, 0, 2006688718, 32476, 33687, 35823, 43838, 0, 31578, 15221, 46240, 0, 0, 0, 0, -1, 561637241, -176359684, 25997, 29824, 44102, 28401, 44174, 38321, 17294, 14547, 26674, 45285, 0, 36135, 29306, 0, 46260, 0, 41534, 11558, 37276, 0, 37431, 37646, 0, 34224, 42235, 36590, 0, 43546, 0, 19320, 0, 11751, 35863, 22567, 0, 23180, 21839, 44300, 0, 0, 27233, 33560, 17371, 26766, 17355, 0, 0, 41204, 29919, 44176, 33533, 0, 35763, 23232, 14972, 27310, 16817],[2142554655, -1856929288, -1177082170, 0, -905008565, 0, 0, 0, -1842539156, -315598438, -1781326888, 46209, 33338, 30404, 0, -1242186636, 40480, -324893690, -113005618, -61517079, -1638276048, 29239, -1090201950, 0, 18281, 0, 0, -178011964, 43746, 42110, -1031454690, 0, 0, 37905, 0, 561637241, -1, 0, 33928, 37066, 0, 13575, 35978, 37292, 24522, 0, 0, 44376, 13623, 46014, 40638, 32698, 0, 28546, 39597, 41250, 25253, 33636, 0, 0, 41862, 0, 32864, 9652, 20123, 30764, 3725, 35290, 10489, 14283, 33919, 0, 36635, 39178, 22350, 29772, 41953, 0, 36639, 0, 0, 39077, 0, 0, 0, 38566, 25957, 34305, 42399, 38222, 42420, 14902, 0, 30045, 26915],[2065593491, -973607242, -1912655963, 20487, -701198081, 35360, -1496727434, 42485, -806994336, -2050447175, 0, 4128, 14458, 0, -151622423, -1397509237, 19815, -806781355, 0, -449509737, 0, 0, -1761287856, -1079918559, 0, 0, 18837, 0, 20804, 35644, -2088088409, 0, 34737, 23397, 0, -176359684, 0, -1, 0, 0, 39602, 0, 0, 41926, -565342675, 0, 34253, 0, 28991, 28532, 17705, -752501984, 0, 27574, -1945992522, 0, 0, -1924687060, -2134769306, 25296, 42631, 0, 0, 16082, 0, 33844, 35095, 24774, -1023881436, 20590, 10272, 28833, 0, 35976, 26742, 13722, 0, 0, 30882, 24794, 44424, 0, 0, 32444, 39160, 45877, 0, 36264, 24449, 23452, 40096, 26680, 39410, 42018, 3176],[-2083453468, 714132804, 0, 39289, -1073441103, 24977, 42706, 0, 0, 0, 0, -1477063593, -1957293901, -1919597324, 41815, 0, -722018272, 0, 0, 19937, 0, -1065384555, 16567, 0, -927659142, 0, 0, 35092, -1441701922, 32314, 42469, 44334, 899893821, 0, 26661, 25997, 33928, 0, -1, 38170, 0, 44620, 38846, 0, 0, 36336, 0, 0, 44572, 20978, 0, 43922, 38220, 31402, 0, 31498, 25046, 19784, 0, 40958, 32156, 40950, 25230, 13739, 22377, 28188, 27571, 26899, 45396, 36215, 39390, 39653, 26403, 28363, 0, 22935, 37590, 25539, 0, 22762, 41166, 42403, 27130, 0, 20020, 38780, 42864, 9422, 25877, 0, 35772, 0, 0, 24170, 0],[0, 32669, 0, 0, -2074747542, 0, 44235, 15595778, 0, 38447, 0, 0, 26738, 6961, 28911, 20084, 0, 0, 0, 0, 38156, -897907140, 0, 28651, -1818992044, -1139278176, 15715, 0, 30320, 0, 26190, 19699, 36555, 0, 34252, 29824, 37066, 0, 38170, -1, 38601, 0, 41449, 0, 0, 0, 44784, -1536620691, 33411, 34676, 0, 37174, 0, 0, 6911, 38273, 32804, 22988, 0, 0, 0, 20519, 0, 16585, 0, 36842, 44105, 16949, 0, 37629, 0, 28578, 0, 0, 5632, 18350, 36704, 0, 40087, 13819, 15436, 0, 27170, 41253, 34953, 0, 29027, 0, 37389, 0, 43451, 0, 41870, 9955, 26239],[0, 0, 0, 16455, -1301707892, -1389406187, 624344067, 39987, 43054, 0, 20547, 37024, 25035, 40499, 20079, 37413, 14675, 0, 0, 24932, 41429, 29325, 0, 0, 36624, 31492, 45592, 39179, 33496, 14674, 19144, 30960, 22702, 0, 0, 44102, 0, 39602, 0, 38601, -1, 12058, 38291, 23095, 40722, 21999, 39003, 10895, 38209, 30993, 14813, 9792, 42533, 44789, 19993, 9856, 38685, 35430, 42528, 32425, 45001, 0, 0, 42469, 22049, 43522, 0, 0, 0, 0, 16628, 13038, 16175, 35202, 30722, 22917, 44378, 38841, 24317, 0, 0, 39416, 13083, 44361, 22620, 0, 45891, 0, 0, 42033, 31018, 0, 40774, 0, 10691],[0, 34087, 0, 23482, -1007892781, 13406, 0, 0, -1519635000, 0, 0, 0, 1664465484, 29974, 41000, 0, -870757613, 0, 17113, 0, 34281, -1472852401, 44264, 38524, -1607306666, -1231297027, 31026, 22037, 0, 30996, 13352, 28268, 40035, -1064883868, 24260, 28401, 13575, 0, 44620, 0, 12058, -1, 0, 38667, 41731, 0, 21410, -1341091312, 25544, 13540, 0, 0, 28055, 0, 13058, 29043, 40199, 19441, 31296, 0, 0, 30865, 36002, 0, 38738, 10537, 24144, 31243, 35701, 33457, 30941, 0, 27822, 44303, 0, 14800, 7692, 15001, 18259, 19611, 35327, 44936, 0, 29886, 39277, 41295, 39041, 39211, 28129, 0, 44819, 0, 36378, 20054, 29307],[-2013655651, 826725417, -448041730, 36433, -834422700, 38477, 16470, -2102850905, -1165741900, 16991, 27673, -1541990781, -1878938333, 0, 0, 40338, -1235674965, -450742352, 0, 36563, 44853, 0, 33499, 34141, 0, -444153776, 0, 0, -1894385453, 33818, 35338, 25337, 17512, -825799893, 41649, 44174, 35978, 0, 38846, 41449, 38291, 0, -1, 0, 36671, 17628, 14676, -829306661, 29987, 0, 0, 26098, 45713, 45725, 30039, 28273, 0, 0, 30361, 17303, 20826, 0, 25651, 22861, 27367, 0, 13917, 0, 23905, 12608, 42220, 0, 0, 20353, 0, 44472, 35496, 45673, 0, 42947, 3344, 0, 25703, 16191, 40404, 45834, 0, 25111, 0, 42585, 18923, 41505, 28433, 0, 0],[0, 31085, -1613741162, 39614, 0, 27944, 44587, 0, 0, 8726, 32159, 194370134, 0, 44524, 0, 43145, -645528032, -2026456097, 0, 37398, 0, 0, 0, 30237, -1774696099, -1474581433, 44867, 16593, 43629, 42241, 0, 44627, 3530, -1731254744, 23265, 38321, 37292, 41926, 0, 0, 23095, 38667, 0, -1, 38723, 28639, 16789, 0, 0, 43641, 37368, 0, 14582, 0, 43218, 24450, 0, 39881, 0, 30322, 13354, 40855, 29888, 0, 0, 34371, 20240, 20358, 38141, 13478, 28161, 23961, 0, 7657, 29744, 34990, 0, 16832, 40738, 0, 32740, 0, 43225, 22881, 28252, 20297, 39855, 32732, 16796, 0, 0, 0, 18687, 33728, 41052],[11343, 0, -1100235446, 23921, -2123297854, 14127, 858965798, 16379, -736888939, 11992, 24886, 42144, 24618, 0, 0, 26565, 0, 19270, 0, 0, 43683, 25909, 24290, 0, 0, 0, 38656, -1872762215, 19075, 34606, 33014, 13549, 45648, 0, 0, 17294, 24522, -565342675, 0, 0, 40722, 41731, 36671, 38723, -1, 0, 0, 20578, 42409, 25465, 0, 41334, 0, 4940, 0, 0, 27195, 0, 0, 32685, 44813, 39522, 34765, 45567, 40273, 0, 0, 33708, 0, 42188, 27013, 0, 15977, 43859, 42162, 39761, 15704, 0, 34134, 43508, 40339, 31960, 0, 30174, 42220, 44983, 0, 15406, 40270, 0, 39634, 0, 32916, 44371, 0],[-1590521755, 1081043421, -1255988377, 0, -1715800208, 16856, 32025, 0, 27459, 0, 0, -1755507665, -1424998765, 0, 0, 39739, -1137481801, -616151825, 42885, 42760, 0, -647750960, 35379, 0, -1318758925, 0, 42827, 41860, -1580491127, 8552, 40602, 24088, -1571205670, -1811109258, 40787, 14547, 0, 0, 36336, 0, 21999, 0, 17628, 28639, 0, -1, 0, -441077610, 45265, 32706, 40806, 36251, 42993, 0, 14156, 30846, 43193, 24749, 0, 36056, 43411, 36916, 0, 41640, 33666, 0, 37109, 31968, 0, 26643, 30082, 22805, 0, 27542, 34309, 31259, 45500, 30239, 0, 0, 45620, 31575, 0, 43671, 0, 5578, 41565, 27128, 8199, 29557, 0, 27474, 0, 41194, 45812],[0, 28170, 950522372, 20412, 0, 18215, 9373, 1545378634, 0, 0, 22995, 0, 0, 0, 39516, 38804, -823234632, -1722455689, 0, 37647, 0, -584630528, 0, 0, 31863, -870687188, 35535, 0, 45716, 45100, 17732, 0, 21985, 6211, 0, 26674, 0, 34253, 0, 44784, 39003, 21410, 14676, 16789, 0, 0, -1, -987156032, 43358, 0, 12982, 29581, 28971, 42302, 15222, 0, 10719, 2973, 0, 22558, 0, 0, 0, 38500, 13640, 31648, 33630, 29532, 20666, 11923, 12384, 34740, 0, 0, 37936, 0, 0, 21124, 0, 45611, 0, 12728, 0, 5505, 31920, 37994, 43152, 46302, 17859, 35006, 45153, 24885, 0, 29468, 0],[-2012368105, 1925464820, -1825431168, 41847, 0, 13275, 23840, 0, 2002885114, 36105, 0, -1117545404, -1836636846, -1864342551, 38206, 26515, 0, 0, 0, 0, 0, -51369388, 41278, 0, 0, -266872218, 39798, 40808, -897061618, 0, 17416, 41598, 0, 0, 34808, 45285, 44376, 0, 0, -1536620691, 10895, -1341091312, -829306661, 0, 20578, -441077610, -987156032, -1, -332260168, 102250086, 32686, 11665, 43961, 22874, 34277, 0, 22632, 0, 33745, 0, 0, 41127, 44447, 24889, 37349, 30698, 45064, 35033, 0, 7058, 34845, 0, 23619, 0, 40970, 19226, 35113, 42145, 0, 43389, 38908, 36524, 36974, 0, 0, 0, 38136, 45951, 43283, 32614, 30707, 0, 26670, 0, 28407],[-1125382606, 1708442476, 0, 0, -826354951, 18246, 0, -704383702, 0, 13327, 0, -1414778252, -1760525124, 11933, 32874, 36855, 0, 0, 25782, 36880, 42493, -722574944, 22471, 41532, 29033, 0, 39294, 0, 9380, 0, 0, 20024, 24105, 0, 33552, 0, 13623, 28991, 44572, 33411, 38209, 25544, 29987, 0, 42409, 45265, 43358, -332260168, -1, 17257, 0, 31518, 0, 0, 43146, 41317, 29644, 0, 32146, 0, 17599, 31714, 33370, 0, 33263, 32585, 22992, 38811, 0, 0, 37947, 10587, 0, 44476, 0, 40164, 17989, 0, 7091, 36240, 17105, 35556, 0, 31566, 18283, 26569, 45917, 12574, 44190, 17515, 43279, 35458, 36964, 0, 0],[-1813783619, 2064303760, -2114017418, 30156, -1416245953, 0, 0, -1278860812, -1033714332, 0, 0, -368579178, 0, -1146812663, 42921, 0, -347585826, 0, 22426, 34487, 37602, 0, 0, 41780, -1539055942, 0, 30562, 15755, 0, 29917, 0, 11769, -1396628261, 94708006, 40148, 36135, 46014, 28532, 20978, 34676, 30993, 13540, 0, 43641, 25465, 32706, 0, 102250086, 17257, -1, 0, 31510, 32940, 0, 0, 35765, 45742, 0, 0, 0, 28591, 18983, 0, 44849, 27550, 15770, 0, 0, 23828, 31771, 0, 41016, 41337, 0, 40094, 0, 13084, 38505, 31228, 28064, 0, 40174, 20917, 24453, 27393, 0, 43928, 0, 0, 16933, 0, 0, 0, 0, 0],[-1270347738, 1507409725, -1318565127, 23601, 0, 36654, 40135, -770387397, -1117961325, 0, 11148, 14013, 9137, 41809, 28819, 19231, -711963789, -1980188896, 0, -1306791408, 44483, 712947696, 34568, 0, 40628, -660366035, 36749, 28060, 42386, 36931, 10032, 30927, 0, 0, 0, 29306, 40638, 17705, 0, 0, 14813, 0, 0, 37368, 0, 40806, 12982, 32686, 0, 0, -1, 26903, 0, 0, 0, 0, 19150, 0, 14258, 27212, 5943, 46272, 29180, 20330, 9380, 37659, 39551, 9929, 39616, 8100, 20443, 0, 0, 24149, 24159, 37574, 7492, 16270, 0, 23630, 44713, 34839, 0, 46184, 45116, 20547, 0, 10934, 33235, 0, 0, 0, 34543, 0, 0],[8985, 0, -1488264989, 14225, -2112578169, 44533, 0, 33032, -1954981206, 156675608, 0, 0, 0, 6774, -511273834, 38219, 0, 0, 0, -2140318666, 0, 0, 0, 0, 24402, 14377, 0, 45072, 0, 0, 0, 42811, 35417, 0, 41231, 0, 32698, -752501984, 43922, 37174, 9792, 0, 26098, 0, 41334, 36251, 29581, 11665, 31518, 31510, 26903, -1, 41670, 45266, 0, 2884, 0, 19916, 34685, 30654, 10602, 38648, 0, 0, 0, 0, 27669, 31284, 8262, 16071, 0, 43553, 0, 0, 0, 27554, 17599, 32201, 0, 17603, 37788, 0, 29108, 14382, 26803, 40300, 0, 18348, 11790, 16053, 0, 34471, 16999, 0, 0],[-1090394241, 1875790899, 0, 42661, 0, 0, 33476, -867479352, 36927, 0, 24021, -1094349225, -1270263761, 0, 36405, 18154, -63942094, -659113788, 26323, 32736, 23771, -192007005, 0, 36168, 0, -98536646, 24901, 25848, 12188, 0, 41305, 40503, 45567, 30403, 35241, 46260, 0, 0, 38220, 0, 42533, 28055, 45713, 14582, 0, 42993, 28971, 43961, 0, 32940, 0, 41670, -1, 34441, 28018, 45400, 0, 29808, 44344, 0, 0, 0, 0, 28652, 0, 41395, 18449, 0, 40052, 29794, 30549, 41861, 37983, 33760, 0, 36528, 31294, 42753, 13457, 39236, 28037, 18324, 43153, 30480, 34416, 15684, 0, 0, 18454, 31218, 24832, 0, 0, 0, 0],[-1074868514, 2100423297, -976928257, 31250, 0, 12603, 37823, 0, 31360, 42044, 37855, 0, 0, -732126155, 0, 34768, 1185346110, -376338942, 44377, 37851, 0, 29067, 27218, 0, 40154, 0, 32293, 23849, 26746, 0, 42422, 0, 34203, 0, 27244, 0, 28546, 27574, 31402, 0, 44789, 0, 45725, 0, 4940, 0, 42302, 22874, 0, 0, 0, 45266, 34441, -1, 6066, 26106, 24598, 35429, 8447, 29533, 39067, 41801, 0, 0, 0, 11196, 42533, 36501, 41907, 0, 36996, 24538, 44583, 42649, 23508, 0, 21751, 41871, 9982, 0, 41931, 26959, 37195, 46205, 33307, 0, 12033, 38059, 41615, 0, 24893, 36756, 8772, 39447, 42420],[27350, 0, -705203943, 14158, -2101034966, 43690, 0, 44303, 0, 1896089512, 15960, 0, 45950, 0, -1932013441, 43726, 0, 0, -1879653601, 1880189621, 0, 36974, 36617, 39103, 3926, 0, 0, 20879, 0, 27249, 29263, 0, 45987, 11157, 0, 41534, 39597, -1945992522, 0, 6911, 19993, 13058, 30039, 43218, 0, 14156, 15222, 34277, 43146, 0, 0, 0, 28018, 6066, -1, 11726, 0, 0, 37808, 0, 31567, 29320, 35094, 32265, 38495, 33449, 13121, 39476, 0, 0, 29292, 0, 0, 29159, 0, 0, 0, 26948, 33285, 0, 0, 0, 42903, 23070, 43014, 43759, 39793, 13374, 9156, 10036, 0, 38162, 20323, 29105, 0],[0, 17029, 5905, 0, 25770, 0, 35325, 0, 440510221, 0, 0, 0, 907064642, 34904, 0, 35122, 0, -1400047356, 0, 12239, 38814, 39855, 0, 0, 44329, -1236633937, 0, 44279, 0, 44298, 0, 41263, 44136, 36755, 2975, 11558, 41250, 0, 31498, 38273, 9856, 29043, 28273, 24450, 0, 30846, 0, 0, 41317, 35765, 0, 2884, 45400, 26106, 11726, -1, 619, 0, 0, 44650, 0, 21215, 38530, 45276, 30744, 35001, 0, 0, 0, 20617, 43340, 45055, 43527, 43721, 39697, 0, 6709, 40524, 0, 20901, 15568, 0, 0, 0, 0, 44089, 38243, 0, 35258, 16443, 0, 0, 0, 39146, 40853],[935260801, -1871173127, -1931548599, 39535, 0, 45403, -1379399808, 18680, -1707788493, -1746594074, 0, 37254, 44422, 45132, -1141917507, 0, 41549, 0, 0, -681429900, -1563688290, 14084, 1795147752, 14662, 0, 0, 41875, 42217, 34779, 31722, 16239, 0, 31179, 23113, 44234, 37276, 25253, 0, 25046, 32804, 38685, 40199, 0, 0, 27195, 43193, 10719, 22632, 29644, 45742, 19150, 0, 0, 24598, 0, 619, -1, 32972, 12485, 0, 26200, 0, 41570, 0, 30256, 42810, 0, 34043, 37277, 24128, 0, 0, 20805, 0, 32355, 0, 0, 631, 0, 18651, 44535, 0, 0, 0, 30957, 0, 0, 21809, 43691, 33898, 33121, 37643, 29259, 36381, 40876],[37931, 0, 0, 39703, 0, 0, 0, 28485, -1622249603, 0, 2049026410, 36789, 32730, 43964, -1482264038, 30863, 36871, 0, 0, 37711, 0, 39813, 0, 37516, 0, 0, 42949, 38706, 0, 0, 0, 0, 44978, 38315, 42767, 0, 33636, -1924687060, 19784, 22988, 35430, 19441, 0, 39881, 0, 24749, 2973, 0, 0, 0, 0, 19916, 29808, 35429, 0, 0, 32972, -1, 0, 12390, 16403, 28203, 4080, 15956, 44392, 0, 18870, 42290, 0, 41181, 33976, 27743, 29191, 21789, 44210, 41457, 12436, 0, 0, 8271, 42115, 43414, 34060, 0, 32031, 15686, 19333, 0, 0, 35547, 34920, 42776, 41451, 31691, 16538],[23309, 0, 0, 0, 0, 25568, 0, 42293, 0, 1318178290, 0, 28489, 39076, 33593, 40224, 17031, 43720, 21762, -1692378011, 0, 43784, 38938, 9729, 13791, 0, 29260, 44980, 43136, 38061, 12993, 29327, 45835, 0, 41666, 0, 37431, 0, -2134769306, 0, 0, 42528, 31296, 30361, 0, 0, 0, 0, 33745, 32146, 0, 14258, 34685, 44344, 8447, 37808, 0, 12485, 0, -1, 36962, 35587, 11139, 0, 0, 38086, 33454, 30515, 21757, 32481, 0, 44465, 0, 35363, 0, 24152, 27941, 0, 0, 9737, 14763, 0, 0, 37093, 0, 33162, 20930, 0, 12846, 22215, 43501, 0, 37524, 5542, 42366, 0],[0, 39554, 38946, 19191, -2119329832, 0, 0, 0, 1186902167, 0, 20393, 388128406, 29560, 21873, 0, 35030, 45258, -1775533605, 23793, 19618, 20110, 0, 27032, 2520, 43132, -2023666955, 21290, 26749, 14648, 28949, 42193, 0, 36453, 0, 0, 37646, 0, 25296, 40958, 0, 32425, 0, 17303, 30322, 32685, 36056, 22558, 0, 0, 0, 27212, 30654, 0, 29533, 0, 44650, 0, 12390, 36962, -1, 19755, 24426, 42089, 31217, 28655, 38879, 27726, 15967, 2720, 41704, 0, 43820, 45654, 0, 0, 0, 18543, 42770, 35863, 40265, 24709, 45044, 26383, 0, 0, 0, 43756, 43212, 0, 28562, 0, 44949, 43750, 0, 43508],[0, 44521, 1870822458, 0, 1329176880, 31004, 37628, 0, -1259685908, 31137, 0, 186444889, 42641, 42942, 0, 44792, 16645, -1661412484, 40781, 22225, 0, 43001, 0, 0, 0, -1388813905, 34735, 3794, 45229, 35215, 0, 0, 35068, 46030, 32803, 0, 41862, 42631, 32156, 0, 45001, 0, 20826, 13354, 44813, 43411, 0, 0, 17599, 28591, 5943, 10602, 0, 39067, 31567, 0, 26200, 16403, 35587, 19755, -1, 42581, 0, 26257, 0, 0, 30735, 41488, 0, 37290, 33568, 31166, 35447, 0, 37844, 28772, 34980, 18751, 36758, 27635, 33827, 13936, 34878, 0, 28621, 38694, 0, 19618, 28640, 29954, 0, 40565, 0, 45855, 45295],[-1641792458, 2111320424, -1447405446, 0, 0, 36911, 24461, 0, -1051584124, 0, 40949, -924435204, 0, -440710104, 29533, 0, 51038731, 0, 41588, 24243, 42582, 45894, 28708, 37574, 38341, 0, 24272, 24825, 17465, 37427, 45284, 31782, 15888, 35143, 0, 34224, 0, 0, 40950, 20519, 0, 30865, 0, 40855, 39522, 36916, 0, 41127, 31714, 18983, 46272, 38648, 0, 41801, 29320, 21215, 0, 28203, 11139, 24426, 42581, -1, 40731, 41834, 0, 0, 46016, 0, 28622, 17286, 43592, 0, 11481, 0, 43538, 37188, 0, 33804, 31807, 35741, 40656, 24111, 13861, 37173, 35198, 0, 0, 40158, 0, 0, 22769, 0, 0, 40623, 12785],[0, 40658, 0, 0, 0, 0, 12755, 0, -1587767074, 0, 39704, 1307860805, 0, 0, 0, 11999, 0, 1507451904, 19056, 0, 0, 18247, 15085, 0, 42373, -2142134309, 36451, 0, 13847, 0, 33509, 1137, 0, 44668, 19304, 42235, 32864, 0, 25230, 0, 0, 36002, 25651, 29888, 34765, 0, 0, 44447, 33370, 0, 29180, 0, 0, 0, 35094, 38530, 41570, 4080, 0, 42089, 0, 40731, -1, 45028, 45206, 46163, 0, 0, 45881, 39316, 45212, 37230, 0, 0, 41578, 0, 35904, 26036, 45148, 0, 41587, 35414, 0, 43560, 34905, 23701, 34137, 0, 19448, 18077, 42426, 46038, 35359, 34329, 0],[0, 0, 43875, 496016963, 41504, 12270, 18345, 0, 0, 38331, 0, 9910, 13433, 0, 33710, 22310, 42117, 40086, 27217, 29044, 0, 38292, 30585, 31640, 45977, 25073, 20558, 10353, 0, 38003, 0, 41428, 26993, 19748, 0, 36590, 9652, 16082, 13739, 16585, 42469, 0, 22861, 0, 45567, 41640, 38500, 24889, 0, 44849, 20330, 0, 28652, 0, 32265, 45276, 0, 15956, 0, 31217, 26257, 41834, 45028, -1, 37561, 0, 0, 43142, 33612, 30885, 0, 0, 0, 21325, 42668, 33114, 0, 36961, 20827, 32334, 0, 0, 37971, 29643, 18958, 36546, 0, 40695, 0, 43637, 38720, 0, 25408, 38027, 0],[12229, 0, -1692547580, 39544, 0, 32156, 0, 32076, -1801747138, 0, 384015252, 0, 35760, 30384, 23094, 3123, 34092, 37878, -1349636758, 0, 0, 0, 38153, 23138, 35139, 0, 15846, 0, 37033, 0, 0, 0, 24794, 31886, 45749, 0, 20123, 0, 22377, 0, 22049, 38738, 27367, 0, 40273, 33666, 13640, 37349, 33263, 27550, 9380, 0, 0, 0, 38495, 30744, 30256, 44392, 38086, 28655, 0, 0, 45206, 37561, -1, 7911, 40061, 0, 0, 0, 45314, 31333, 15085, 17355, 0, 0, 31893, 35338, 37572, 0, 26227, 41427, 41480, 0, 0, 33676, 23342, 0, 42020, 22546, 38446, 0, 35985, 26118, 19574],[-1525960135, 1294683040, -1901273834, 27704, -183026417