15
[[-1, 823, 0, 1175, 0, 10082, 1027, 1015, 0, 0, 0, 860, 663, 1153, 0],[823, -1, 0, 0, 0, 8803, 0, 0, 368, 0, 1174, 2592, 1784, 0, 1213],[0, 0, -1, 0, 1061, 0, 0, 854, 0, 6609, 1077, 1255, 829, 766, 740],[1175, 0, 0, -1, 1270, 11257, 2645, 0, 0, 253, 690, 904, 0, 2853, 0],[0, 0, 1061, 1270, -1, 814, 0, 0, 896, 7677, 0, 0, 1050, 1264, 1288],[10082, 8803, 0, 11257, 814, -1, 577, 6922, 9959, 0, 0, 876, 871, 0, 0],[1027, 0, 0, 2645, 0, 577, -1, 1097, 891, 1176, 596, 954, 0, 0, 0],[1015, 0, 854, 0, 0, 6922, 1097, -1, 970, 562, 863, 0, 555, 0, 165],[0, 368, 0, 0, 896, 9959, 891, 970, -1, 732, 2381, 0, 890, 0, 0],[0, 0, 6609, 253, 7677, 0, 1176, 562, 732, -1, 804, 1001, 695, 0, 619],[0, 1174, 1077, 690, 0, 0, 596, 863, 2381, 804, -1, 682, 1059, 981, 0],[860, 2592, 1255, 904, 0, 876, 954, 0, 0, 1001, 682, -1, 1125, 1157, 3109],[663, 1784, 829, 0, 1050, 871, 0, 555, 890, 695, 1059, 1125, -1, 1219, 624],[1153, 0, 766, 2853, 1264, 0, 0, 0, 0, 0, 981, 1157, 1219, -1, 0],[0, 1213, 740, 0, 1288, 0, 0, 165, 0, 619, 0, 3109, 624, 0, -1]]