91
[[-1, 11701, 1899810515, -1571826458, 0, 1186751080, 0, -1227158659, 46181, 0, -1703618870, -1655803862, 25399, -1230206141, 1944919899, -1626718802, -1594078086, 31181, 0, 0, 2019484785, 37960, -1744851490, -1521424229, 21343, 42903, 0, 0, 45416, 42082, 36997, -1588198667, 29788, 35424, -1327487969, -1406912838, 14788, 43615, 2131075015, 0, 1443720187, 2023748475, 15404, 35023, -1375701649, -1777268800, 41300, 25817, -1671551048, -762435454, 0, 40660, -944369225, -893840072, 41104, 30135, 41031, 35242, 42713, 0, 14728, 35111, 0, 43698, 25065, 3769, 0, 44824, 0, 42663, 30398, 44678, 40917, 12997, 0, 0, 33488, 0, 0, 6326, 0, 0, 14998, 0, 0, 42648, 42476, 30501, 44359, 20447, 0],[11701, -1, -394684863, 661482162, 0, -1850848320, 42707, 952156946, 0, 29353, 759735649, 1891823700, 0, 1426432689, -458435334, 1023922707, 904445547, 0, 0, 0, -2135075532, 0, 2100265995, 1729265609, 0, 0, 24595, 19693, 0, 0, 0, 1557121205, 0, 0, 1557251656, 1826706896, 0, 0, -497664476, 0, -1000127542, -1826476369, 0, 0, 1380739612, 1463640024, 0, 0, 620950055, 1832362136, 41321, 0, 2063126999, 1421101952, 1076021303, 1525207197, 0, 0, 1543347589, 0, 0, 1006037343, 29558, 352882034, 0, 0, 38710, 283048219, 8784, 547080025, 219513299, 0, 869445312, 189349773, 33743, 23834, 2015691700, 38439, 0, 1344723118, 39418, 0, 418909271, 0, 36299, 0, 1762336898, 978514828, 0, 911682538, 38552],[1899810515, -394684863, -1, -718014820, 38337, 0, -1470322685, 0, 0, -1763025055, 0, -552869197, -410259209, -870816767, 0, 0, 0, -1694660954, 0, 16396, 0, -1961618740, -1061663004, 0, -408282157, -1254806049, 0, 0, -1566384738, 0, -665648989, -32890159, 0, -487056809, -1134074655, -328853384, -418984674, -1187175127, -1508258967, 40396, -1433367230, -620612220, 0, 0, -180081223, 0, -596274168, -1624931707, -474979202, -1222996116, -1362185922, -359073773, -649504937, -1874083679, 0, -966552996, -2002472984, -1411882668, 0, 22013, -254366764, -712968559, 0, -1053048344, -1841577704, -1654662110, 0, -560404222, 0, -280760972, 0, -1183582898, -854737357, 0, 0, -1119326317, -437798402, 0, 36554, 0, -1852475136, 33128, -616752447, 24648, -1813414443, -648848670, -1208341320, -1499091888, 0, 0, 0],[-1571826458, 661482162, -718014820, -1, 0, 1961609929, 0, -1592043780, 0, -1116880774, 0, -1257949296, 19807, -234766864, -1415348804, -2115557088, -1103672979, 0, 0, 1987771301, -1076788244, 1645619619, -1398196938, -300901166, 0, 0, 0, -1864953536, 25456, 0, 1802402476, 0, 1440536715, 35136, -559955810, -457815572, -1246864149, 0, 0, 1670815128, -1185429367, -1602017995, 0, 0, -944315182, -1483364672, 30211, 20209, 0, -1135300322, 0, 41893, -935184049, -197437183, 0, -1549647459, 0, 0, -1196097961, -2002362505, 40158, -747232406, -1711306156, -1753261026, 0, 28906, 0, -697213071, 0, 0, 0, 0, -1279249086, -1041972217, -1582805826, 0, -119546691, -1931539322, 0, 0, -1824336997, -1847576027, 0, 916911249, 0, 254968014, -498694143, -1369068681, 1970124374, -1319327037, -2087089875],[0, 0, 38337, 0, -1, 0, 2019866127, 43793, 18326, 0, 44850, 692923236, -1452535732, 0, 22975, 44680, 30516, -2105561910, 37291, 1655037946, 31915, 0, 40843, 36108, 0, 41874, 21523, 25310, 0, 0, 39255, 30385, 15111, 39010, 26792, 37479, 28361, 0, 0, 0, 0, 0, 25012, 35270, 12395, 0, 0, 0, 24084, 10317, 40331, 34365, 5027, 18342, 0, 29464, 19157, 45469, 44380, 1325126371, 0, 0, 33216, 13780, 3228, 23813, 23522, 12915, 26613, 0, 0, 0, 0, 46229, 0, 0, 44605, 0, 0, 21509, 19271, 990674859, 10741, 1430834392, 0, 22200, 7862, 0, 0, 0, 0],[1186751080, -1850848320, 0, 1961609929, 0, -1, -2069568567, -1674022210, -2039665395, -1764558104, 0, -1103674179, -1839873190, 0, -1491860695, -1869048712, -1366703393, 0, 29762, 24173, -997781533, -1652934151, 0, -2080628950, -1362645899, 0, 0, -1342612363, 0, -2016441498, -1146310300, -1535557491, -969183959, -1462691585, -1926891085, -1604147874, -1320488462, -2123525157, 0, 0, -1442330194, -1017708496, -1442246941, -1723378010, 1521673708, 16975, -1695051092, -1923259717, 1987604673, 0, 0, -2037718656, -1486318704, 0, -2009651338, -1760537441, -1201777415, -1849989328, 0, 0, -1718798555, 0, 46017, -1978181587, -2089695523, -1441017729, 0, -1198863654, -1733679489, 1954572746, 36352, 0, 0, 12027, 27429, 0, 0, 0, 38885, 38061, 0, 0, 36943, 46040, 31740, -1640946477, 20561, 0, -2120620641, 0, 853542054],[0, 42707, -1470322685, 0, 2019866127, -2069568567, -1, 0, 18247, 0, 0, 0, 41795, 0, -1467562708, -1723642643, -1991877485, 0, -1920121820, 0, 1835511192, 19580, -138013627, -453863167, 0, 44889, 637518476, 1902960692, 20160, 11707, 16897, -2134236716, 0, 29157, -1003305136, -948695530, 0, 38683, 33276, 37868, 40569, 3455, 37433, 46239, -1817610520, -1000031242, 35078, 38007, -2006465525, -2128377305, 1900615084, 0, -281335775, 0, 42622, 0, 0, 0, 39828, 13003, 5929, 44542, 362304938, 33947, 0, 0, 1495411964, 41167, 969802325, 38210, 38515, 34573, 29407, 15188, 1827902360, 784535043, 0, 69710272, 0, 0, 827376915, 42845, 0, 13076, 1325846302, 0, 0, 39482, 24831, 24928, 0],[-1227158659, 952156946, 0, -1592043780, 43793, -1674022210, 0, -1, 1360883346, 0, -627163511, 0, 0, -806565727, -379190566, 0, 0, 0, 1256874943, 42009, 0, 237973631, 0, 0, 0, 686788083, 0, -1447616410, 0, 1509139129, 45841, -1571919508, 0, 1986515408, 0, 0, 31707, 692542897, 25312, 22944, 0, -1434878566, 784516839, 0, -876974768, -1001272918, 1035026878, 1818185595, 0, 0, 0, 24892, -1062503559, 0, 0, -2128461440, 0, 1950940704, 0, 0, 0, 0, -1337472331, -1595048307, 151945367, 1342234367, -1383642634, 0, 0, -1314404924, -2039660415, 946013561, -1419139170, 0, 0, -1775973764, -1087960948, 38585, 0, 41018, 41348, 33653, 40332, 0, 37930, 0, 36026, 43784, 25467, 29894, -2059571012],[46181, 0, 0, 0, 18326, -2039665395, 18247, 1360883346, -1, 0, 36267, 8004, 0, 45620, 0, 45272, 1636309079, 634637423, 30251, 40393, -1986079436, 978237316, 17090, 0, 1817640491, 747646773, 8449, 37108, 1416110913, 1468256446, 1335182455, 0, 409589894, 0, 17235, 33374, 1005501798, 0, -557433162, 42788, -2073400130, -393095803, 2075910893, 270371481, 38397, 17420, 840515045, 47229310, 0, 21349, 28765, 1174475573, 40419, 16647, 14890, 36882, 1174028587, 1795792455, 0, 25553, 1551704624, 41824, 15436, 19963, 0, 730296941, 42364, 33652, 42186, 24633, 39204, 0, 0, 14746, 30635, 32815, 0, 40942, 24687, 43183, 14317, 21237, 39445, 19102, 35172, 0, 17766, 13293, 301059601, 18987, 45393],[0, 29353, -1763025055, -1116880774, 0, -1764558104, 0, 0, 0, -1, -1345067572, -461526906, 44281, -1895533228, 45722, -1453486969, -1917146965, 0, 21586, 0, 0, 0, 0, 0, 34640, 29935, 0, 614461135, 0, 31479, 39280, -707954960, 36044, 21949, 0, 0, 0, 45855, 39132, 11722, 0, 15244, 38844, 0, 0, 0, 0, 38838, -2080906884, 0, 0, 0, 32767, 1533127882, 37285, 21796, 20732, 39601, 0, 44468, 11823, 4724, 25086, 0, 28000, 28633, 0, 36099, 22518, 32246, 14777, 23146, 7584, 34756, 28262, 29264, 20577, 0, 169591709, 35192, 41838, 25417, 30557, 0, 45556, 33599, 23693, 0, 0, 36867, 0],[-1703618870, 759735649, 0, 0, 44850, 0, 0, -627163511, 36267, -1345067572, -1, -540220768, -1581668495, 0, 1328226241, -1680203391, -1904158078, 0, 0, 19417, -366601865, 20483, -1666436061, -636803635, 32557, 0, -2090074949, -1738363932, 14440, 34186, 45884, 0, 0, 0, 0, -1627181606, 35765, 859872119, 43185, 0, 10963, 44148, 2570, 0, -2118752512, 0, 29903, 35960, 0, -1689301730, 0, 6790, 0, -2004754058, -802925184, 44899, 0, 32329, 0, 39863, 17065, 16243, 45889, 0, -992540116, 0, 40200, 36680, 30313, 31358, 38737, 0, 0, 7333, 0, 9812, 37077, 0, 42813, 36324, 0, 35619, 30884, 0, 40713, 461230381, 0, 19769, 42854, 15630, -762587665],[-1655803862, 1891823700, -552869197, -1257949296, 692923236, -1103674179, 0, 0, 8004, -461526906, -540220768, -1, 315970058, -687439699, 0, 0, -771653733, 0, 32971, 0, 290779993, 0, -98660179, 0, 40172, 29188, 0, -852501123, 0, 10942, 12490, 0, 23806, 0, 0, 0, 0, 194161613, 28254, 36697, 21600, 0, 0, 39137, -1639490533, 0, 34160, 35703, 0, -677709853, -1820838650, 40911, -1402031782, -509280926, -179762233, -527247411, 0, 37960, 0, 35414, 0, -966791202, 0, 37177, 0, 0, 26823, 0, 0, 44549, 10466, 1450386229, 0, 37730, 0, 0, 42672, 34408, 0, 18007, 0, 34886, 45034, 0, 0, 1281300543, 0, 0, 0, 0, 0],[25399, 0, -410259209, 19807, -1452535732, -1839873190, 41795, 0, 0, 44281, -1581668495, 315970058, -1, 162110719, -927787361, 1959914956, 656489685, 1098643577, 33499, 0, 0, 0, 0, 32621, 42202, 42317, 43859, 0, 45827, 0, 32748, 0, 0, 1693554102, 38388, 0, 34786, 1303983892, -1693815909, -1327828324, 0, -576342578, 42579, 24743, 43070, 13733, 44180, 17135, 43795, 38101, 0, 44628, 43219, 28403, 34987, 0, 0, 9706, 34066, 0, 45063, 0, 0, 36645, 1422962742, 0, 29372, 0, 34277, 36338, 28499, 0, 0, 0, 0, 38584, 21148, 0, 0, 0, 27317, 37868, 28540, 40563, 24891, 1760251377, 0, 26060, 0, 41128, 43270],[-1230206141, 1426432689, -870816767, -234766864, 0, 0, 0, -806565727, 45620, -1895533228, 0, -687439699, 162110719, -1, 0, -984367589, -70477950, 34156, 33308, 38709, 1032834224, 29969, 0, 0, 19352, 43877, -1879812826, 0, 26183, 40294, 18504, 0, 0, 43794, 0, 0, 32414, 45366, 795207534, 34230, 31827, 0, 0, 0, 0, -23719696, 41888, 16857, -1096313916, 0, -888725572, 32366, -1034284521, -1131341832, 0, -771195996, 38970, 8095, -1425666883, 0, 39964, -509252300, -1115954597, -1228913182, 25111, 26621, -1030470581, 0, -1959070742, -956421196, 0, 0, -346889071, -202021820, -862330381, 25185, 35687, 20760, 1413741232, 15907, 24778, 0, 25242, 45280, 0, 44182, 30766, 0, 0, 35634, 0],[1944919899, -458435334, 0, -1415348804, 22975, -1491860695, -1467562708, -379190566, 0, 45722, 1328226241, 0, -927787361, 0, -1, 31908, -1768482017, 0, 19558, 35782, -45760441, -225776355, 17699, 0, 0, -1447688757, 33519, 25943, -722910883, -889269590, -538336433, 0, -1614889273, -1008261016, 31403, 0, -237362805, -543505008, -42136431, 25592, -388251942, -257308275, -557169964, -237271604, 0, 0, -1182106682, -753199141, 0, 39367, 37568, -1734827331, 0, 0, 0, 43409, 0, 40220, 0, 34592, 28138, 44258, 0, 18712, 33443, 18672, 32743, 0, 36616, 40824, 17761, -453349786, 25872, 45388, 37239, 18299, 8626, 26834, 0, 0, 43274, 10327, 0, 22774, 0, 28460, 32986, 40154, 0, 0, -1202346412],[-1626718802, 1023922707, 0, -2115557088, 44680, -1869048712, -1723642643, 0, 45272, -1453486969, -1680203391, 0, 1959914956, -984367589, 31908, -1, 0, 0, 43703, 29952, 0, 0, -775212085, -324129342, 0, 0, 0, -1901362558, 0, 42636, 0, -61453045, 8137, 30593, -1329214312, 0, 24699, 40921, 20997, 0, 26114, -1589327286, 41217, 33468, -1076275170, 0, 18608, 21419, 0, -1209869791, -1672993130, 11143, -792022373, -1832133566, -320137657, -602812021, 0, 0, 0, 30100, 21645, 23695, 0, 38822, 39821, 0, 0, 0, 18226, 22470, 28878, 0, 30782, 38061, 45756, 30708, 40073, 0, 10000, 0, 43485, 27725, 41592, 43551, 39968, 0, 40968, 38349, 45574, 40880, -1253536193],[-1594078086, 904445547, 0, -1103672979, 30516, -1366703393, -1991877485, 0, 1636309079, -1917146965, -1904158078, -771653733, 656489685, -70477950, -1768482017, 0, -1, 0, 43167, 36407, 32985, 45260, 0, -387033026, 43135, 20159, -2031201087, -1956687423, 19499, 0, 40062, 0, 18866, 29178, -1657071491, -1057587098, 7684, 33327, 6048, 0, 19357, 1750380582, 45763, 27615, 0, -1705378546, 11040, 0, -1972398378, -260473419, -2013603398, 17044, -665191087, 0, -1235355303, 39928, 0, 22245, 37304, 42956, 41307, 0, 0, 0, 0, 28367, 33917, 0, 40541, 6605, 0, 100281528, 0, 0, 36348, 31795, 34466, 0, 41212, 23767, 0, 16026, 42112, 0, 0, 37672, 1228, 0, 0, 38745, -1545400883],[31181, 0, -1694660954, 0, -2105561910, 0, 0, 0, 634637423, 0, 0, 0, 1098643577, 34156, 0, 0, 0, -1, 40640, 0, 0, 25344, 31614, 24789, 43901, 0, 26219, 25320, 0, 26555, 0, 0, 16049, 0, 0, 0, 31769, 39641, -2080865966, 0, -1931119994, 0, 42567, 0, 38843, 37864, 0, 41139, 0, 0, 42411, 32029, 41552, 44339, 0, 27329, 0, 45754, 4796, 0, 0, 0, 0, 34033, 25472, 35451, 16881, 0, 44519, 44651, 24677, 1071224974, 43589, 0, 18332, 0, 24539, 40059, -605297005, 22840, 40798, 16949, 0, 36095, 0, 25099, 37981, 0, 0, 21828, 0],[0, 0, 0, 0, 37291, 29762, -1920121820, 1256874943, 30251, 21586, 0, 32971, 33499, 33308, 19558, 43703, 43167, 40640, -1, 37947, 33612, 37238, 39889, 15509, 42819, 0, 41803, 29228, 44475, 0, 32191, 32601, 42527, 32080, 44808, 9013, 17927, 42533, 28338, 0, 8038, 0, 26947, 40470, 0, 41582, 23761, 44720, 43658, 36891, 23951, 41023, 26436, 22583, 0, 14226, 0, 35432, 43498, 43658, 43162, 40878, 41548, 29999, 0, 30013, 0, 34110, 13677, 0, 18842, 22250, 0, 0, 34878, 43901, 20558, 24509, 0, 0, 44525, 0, 41017, 0, 35129, 0, 42982, 0, 43429, 42400, 0],[0, 0, 16396, 1987771301, 1655037946, 24173, 0, 42009, 40393, 0, 19417, 0, 0, 38709, 35782, 29952, 36407, 0, 37947, -1, 36420, 0, 18165, 0, 38510, 0, 0, 0, 0, 30303, 21419, 32298, 0, 26824, 43437, 26684, 0, 0, 43273, 2060505445, 46063, 27205, 41876, 40657, 12088, 0, 0, 39220, 0, 13427, 0, 34106, 32986, 30706, 40407, 0, 46005, 30561, 0, 0, 42384, 0, 21695, 14734, 0, 32097, 10859, 0, 22591, 18177, 0, 22510, 0, 33701, 0, 9911, 35448, 44906, 0, 0, 24100, 29462, 0, 0, 0, 35658, 24295, 33666, 17146, 41675, 11467],[2019484785, -2135075532, 0, -1076788244, 31915, -997781533, 1835511192, 0, -1986079436, 0, -366601865, 290779993, 0, 1032834224, -45760441, 0, 32985, 0, 33612, 36420, -1, -1072613772, 36751, 0, 0, -2081013922, 37065, 35363, 0, 0, -1501365245, 39924, 0, -145471756, 0, 0, -1124413901, -901711373, 0, 0, 0, -1503240823, -1359277014, -913696899, 0, -172763451, 0, -932236525, 0, -1937596115, 0, -166078769, -1377369651, -1325000440, 0, -1269645062, 0, 0, -1544602226, 40166, 0, -901494151, 0, -2039777761, -1575643247, -1885106684, 18545, 0, 0, -544463564, 0, -1602825105, -829702601, 3757, 2574, 0, 0, 37941, 29565, 0, 33434, 0, 45466, 24514, 14868, 18814, 46149, 0, 37384, 42131, -1528239616],[37960, 0, -1961618740, 1645619619, 0, -1652934151, 19580, 237973631, 978237316, 0, 20483, 0, 0, 29969, -225776355, 0, 45260, 25344, 37238, 0, -1072613772, -1, 0, 0, 37756, 0, 33533, 46328, 22531, 39411, 41260, 16294, 0, 0, 46007, 4954, 0, 0, -251229569, 15599, -955660702, -433447863, 0, 26679, 15828, 0, 31400, 0, 34063, 0, 0, 0, 0, 0, 45961, 39209, 0, 0, 0, 0, 38267, 44257, 0, 25110, 40172, 44755, 46237, 44510, 41293, 38415, 40183, 20178, 43347, 29635, 14084, 9922, 0, 35498, 0, 14593, 0, 0, 25168, 10540, 29259, 0, 25565, 40626, 39133, 0, 30690],[-1744851490, 2100265995, -1061663004, -1398196938, 40843, 0, -138013627, 0, 17090, 0, -1666436061, -98660179, 0, 0, 17699, -775212085, 0, 31614, 39889, 18165, 36751, 0, -1, -109414306, 0, 33184, -1350540503, -588460325, 31344, 0, 25679, -326093673, 32616, 43983, -66728644, -76094776, 44475, 0, 0, 0, 10689, 0, 17086, 24396, -275559308, -601456188, 46018, 0, 0, -217846857, -1180587536, 0, 0, -1273533000, 849967908, 0, 12737, 43939, 40665, 18701, 27098, 12429, 19154, 44191, 42656, 32796, 33916, 26397, 14924, 42499, 13046, 44162, 0, 33103, 30037, 17796, 25767, 0, 130271881, 38305, 37577, 43346, 16926, 25882, 32148, 0, 21581, 30329, 43358, 30969, -1876348200],[-1521424229, 1729265609, 0, -300901166, 36108, -2080628950, -453863167, 0, 0, 0, -636803635, 0, 32621, 0, 0, -324129342, -387033026, 24789, 15509, 0, 0, 0, -109414306, -1, 39911, 0, -926803432, -2092296878, 0, 39050, 43300, 0, 28184, 33329, -153483995, -563317803, 0, 42974, 35189, 27974, 40523, 0, 39523, 0, -971100141, 0, 26868, 26846, -1345339553, -49313447, 0, 42332, -218841339, -162015029, -4177340, 0, 0, 31540, -921913167, 28151, 29718, 0, 30127, 21886, 0, 36493, 0, 37022, 0, 0, 34610, 46140, 37244, 38894, 10174, 28289, 40130, 42235, 24441, 20576, 36962, 19280, 27028, 32636, 0, 40774, 27508, 37730, 17287, 0, -814164129],[21343, 0, -408282157, 0, 0, -1362645899, 0, 0, 1817640491, 34640, 32557, 40172, 42202, 19352, 0, 0, 43135, 43901, 42819, 38510, 0, 37756, 0, 39911, -1, 15044, 44550, 20792, 0, 0, 34729, 10562, 24746, 36443, 0, 38034, 27082, 0, -1900481622, 26445, -1680953933, 0, 0, 0, 43277, 41081, 21390, 45920, 0, 20676, 31624, 0, 0, 44483, 0, 0, 0, 0, 9093, 21016, 27777, 0, 0, 37672, 32302, 17765, 34871, 0, 32123, 42882, 0, 35245, 2550, 40074, 33700, 34996, 40770, 0, 1779008347, 22232, 32008, 0, 35333, 28672, 0, 42564, 45051, 0, 0, 0, 0],[42903, 0, -1254806049, 0, 41874, 0, 44889, 686788083, 747646773, 29935, 0, 29188, 42317, 43877, -1447688757, 0, 20159, 0, 0, 0, -2081013922, 0, 33184, 0, 15044, -1, 0, 35138, 42900, 36578, 17057, 0, 21422, 0, 21152, 0, 38308, 0, -1258753705, 0, -804625031, 0, 15260, 28900, 45346, 23224, 0, 30336, 36685, 35145, 28548, 0, 44355, 20607, 44599, 43967, 16773, 31431, 37470, 0, 45828, 0, 30672, 46141, 12970, 41864, 0, 0, 35062, 0, 28222, 31738, 0, 35406, 0, 22130, 39686, 0, 44760, 31532, 30723, 0, 0, 0, 0, 0, 40184, 0, 0, 0, 28868],[0, 24595, 0, 0, 21523, 0, 637518476, 0, 8449, 0, -2090074949, 0, 43859, -1879812826, 33519, 0, -2031201087, 26219, 41803, 0, 37065, 33533, -1350540503, -926803432, 44550, 0, -1, 0, 11325, 35073, 0, -1720791405, 16242, 0, 0, 0, 15265, 36339, 45388, 42140, 0, 0, 44630, 0, -932349194, -764834087, 27719, 44839, 0, -869032468, 45578, 46326, 11704, 18870, 0, 0, 0, 29024, 0, 0, 44867, 0, 45684, 15442, 31648, 25706, 42633, 44069, 43469, 46064, 14690, 33461, 16559, 0, 0, 0, 0, 0, 38866, 9609, 30466, 38310, 39339, 37014, 0, 0, 0, 37184, 30342, 38748, 457995545],[0, 19693, 0, -1864953536, 25310, -1342612363, 1902960692, -1447616410, 37108, 614461135, -1738363932, -852501123, 0, 0, 25943, -1901362558, -1956687423, 25320, 29228, 0, 35363, 46328, -588460325, -2092296878, 20792, 35138, 0, -1, 22061, 27735, 22878, -1944472450, 38377, 0, 0, -1069983970, 31015, 0, 0, 36503, 36258, 45056, 0, 0, 0, -1841000759, 0, 45204, 1435203728, 40767, 25682, 26707, 3680, 21636, 0, 39605, 0, 0, 34119, 13361, 38027, 0, 37533, 31123, 0, 44664, 28770, 0, 43948, 44445, 0, 0, 37254, 19484, 0, 24470, 28879, 26833, 42614, 27383, 0, 27394, 21706, 0, 42895, 40007, 14786, 35254, 12859, 31947, 44702],[45416, 0, -1566384738, 25456, 0, 0, 20160, 0, 1416110913, 0, 14440, 0, 45827, 26183, -722910883, 0, 19499, 0, 44475, 0, 0, 22531, 31344, 0, 0, 42900, 11325, 22061, -1, 35051, 27404, 0, 0, 0, 0, 18802, 0, 14146, -753747039, 10348, 0, -2117271189, 0, 1790, 15824, 40419, 27890, 0, 34283, 30034, 0, 0, 23768, 0, 31198, 36222, 36917, 37390, 44733, 45696, 4173, 45231, 33478, 0, 35570, 43364, 42663, 15700, 36742, 0, 0, 23052, 15146, 0, 0, 0, 0, 45531, 39980, 46172, 0, 0, 0, 33040, 27346, 0, 0, 24768, 45704, 33268, 0],[42082, 0, 0, 0, 0, -2016441498, 11707, 1509139129, 1468256446, 31479, 34186, 10942, 0, 40294, -889269590, 42636, 0, 26555, 0, 30303, 0, 39411, 0, 39050, 0, 36578, 35073, 27735, 35051, -1, 37231, 35934, 25675, 32582, 0, 41784, 4031, 0, 0, 43887, -758750057, 0, 20690, 37643, 19748, 21568, 26812, 25356, 16473, 21961, 19095, 37695, 43235, 7220, 13288, 28576, 42169, 26472, 0, 35215, 35046, 21843, 31478, 31131, 0, 34046, 42763, 0, 0, 0, 42123, 26478, 44676, 9522, 8147, 0, 39768, 0, 0, 39954, 28263, 0, 0, 20594, 28581, 28911, 27390, 24740, 5711, 42756, 19418],[36997, 0, -665648989, 1802402476, 39255, -1146310300, 16897, 45841, 1335182455, 39280, 45884, 12490, 32748, 18504, -538336433, 0, 40062, 0, 32191, 21419, -1501365245, 41260, 25679, 43300, 34729, 17057, 0, 22878, 27404, 37231, -1, 39383, 31460, 6111, 23440, 0, 0, 36890, -1203731423, 45601, 0, -273307631, 37805, 42500, 0, 32842, 29622, 38872, 0, 0, 34104, 27803, 44621, 0, 40581, 25751, 21336, 0, 43811, 17345, 36523, 0, 7157, 41296, 0, 0, 0, 43574, 25328, 0, 0, 0, 44964, 0, 16431, 19342, 0, 0, 24906, 25588, 13063, 0, 4815, 18515, 22219, 40221, 37343, 0, 45468, 28760, 0],[-1588198667, 1557121205, -32890159, 0, 30385, -1535557491, -2134236716, -1571919508, 0, -707954960, 0, 0, 0, 0, 0, -61453045, 0, 0, 32601, 32298, 39924, 16294, -326093673, 0, 10562, 0, -1720791405, -1944472450, 0, 35934, 39383, -1, 0, 0, -980104654, -583741074, 0, 4398, 0, 0, 42036, 10460, 39223, 0, -458880624, -917023070, 36462, 17011, -1279891728, 1025580961, 34099, 0, 37788, 29749, 18772, 10983, 18999, 13261, 37116, 32505, 44201, 37095, 18309, 25741, 0, 0, 42370, 0, 0, 25938, 43216, 0, 42484, 0, 0, 29412, 0, 31368, 20035, 37616, 44109, 0, 45062, 0, 0, 34300, 37315, 43303, 23964, 27057, 33884],[29788, 0, 0, 1440536715, 15111, -969183959, 0, 0, 409589894, 36044, 0, 23806, 0, 0, -1614889273, 8137, 18866, 16049, 42527, 0, 0, 0, 32616, 28184, 24746, 21422, 16242, 38377, 0, 25675, 31460, 0, -1, 12266, 34623, 26620, 43844, 37935, -429262593, 4421, -830322510, 46291, 46182, 0, 0, 7725, 0, 0, 0, 38079, 0, 27934, 0, 15180, 31327, 0, 12558, 34455, 13397, 40638, 0, 26544, 18683, 0, 7259, 0, 12607, 0, 0, 21095, 10591, 0, 0, 41921, 28300, 0, 0, 23615, 0, 22523, 39796, 32582, 22345, 0, 43833, 42148, 40759, 0, 0, 0, 41950],[35424, 0, -487056809, 35136, 39010, -1462691585, 29157, 1986515408, 0, 21949, 0, 0, 1693554102, 43794, -1008261016, 30593, 29178, 0, 32080, 26824, -145471756, 0, 43983, 33329, 36443, 0, 0, 0, 0, 32582, 6111, 0, 12266, -1, 27278, 0, 36188, 10647, -1571256390, 23898, -2013241017, 0, 0, 45036, 16398, 0, 1644, 31213, 0, 26362, 21741, 11228, 34411, 25572, 39135, 12117, 0, 39242, 39734, 0, 24445, 30009, 33377, 39749, 16973, 7577, 34971, 0, 0, 26194, 0, 16481, 0, 37021, 34266, 5047, 28271, 12512, 23324, 42799, 45957, 42533, 16008, 0, 0, 36326, 28137, 19649, 0, 30897, 14921],[-1327487969, 1557251656, -1134074655, -559955810, 26792, -1926891085, -1003305136, 0, 17235, 0, 0, 0, 38388, 0, 31403, -1329214312, -1657071491, 0, 44808, 43437, 0, 46007, -66728644, -153483995, 0, 21152, 0, 0, 0, 0, 23440, -980104654, 34623, 27278, -1, -526779397, 0, 0, 19807, 0, 7637, 0, 0, 0, 0, -1256404276, 16019, 0, -927234739, -354523628, 1624799727, 0, 36431, 0, 25355, 43117, 0, 27363, 32830, 0, 38494, 0, 19505, 33552, 39790, 4685, 0, 27709, 44117, 36283, 39829, 0, 34461, 21384, 38177, 46166, 0, 0, 0, 28749, 37800, 0, 0, 20496, 36102, 21276, 34433, 0, 14829, 28961, 21031],[-1406912838, 1826706896, -328853384, -457815572, 37479, -1604147874, -948695530, 0, 33374, 0, -1627181606, 0, 0, 0, 0, 0, -1057587098, 0, 9013, 26684, 0, 4954, -76094776, -563317803, 38034, 0, 0, -1069983970, 18802, 41784, 0, -583741074, 26620, 0, -526779397, -1, 22640, 0, 30502, 41497, 9674, 44452, 13896, 32756, 0, -697145160, 42665, 28828, 0, 0, 32192, 0, 0, 37912, 35750, 41346, 27966, 31815, 30185, 15554, 0, 25420, 45526, 0, 0, 45448, 0, 30994, 43261, 0, 24590, 32316, 20770, 31896, 39017, 43493, 0, 11978, 38698, 32455, 0, 0, 21695, 10092, 0, 42965, 43750, 17038, 31242, 0, 30057],[14788, 0, -418984674, -1246864149, 28361, -1320488462, 0, 31707, 1005501798, 0, 35765, 0, 34786, 32414, -237362805, 24699, 7684, 31769, 17927, 0, -1124413901, 0, 44475, 0, 27082, 38308, 15265, 31015, 0, 4031, 0, 0, 43844, 36188, 0, 22640, -1, 0, 0, 26386, -882978573, 24701, 0, 26865, 36328, 25366, 20769, 34362, 0, 8308, 0, 0, 0, 17473, 18557, 42630, 0, 43422, 21074, 36733, 44949, 0, 42516, 0, 35802, 45602, 0, 0, 28707, 0, 44778, 0, 30458, 40064, 17997, 41141, 38247, 0, 30537, 17483, 28107, 41367, 0, 42509, 39785, 4826, 31210, 28676, 0, 21161, 6051],[43615, 0, -1187175127, 0, 0, -2123525157, 38683, 692542897, 0, 45855, 859872119, 194161613, 1303983892, 45366, -543505008, 40921, 33327, 39641, 42533, 0, -901711373, 0, 0, 42974, 0, 0, 36339, 0, 14146, 0, 36890, 4398, 37935, 10647, 0, 0, 0, -1, -296435488, 35719, -1547187580, 24350, 17988, 0, 0, 24403, 44770, 10083, 0, 44271, 40391, 0, 19622, 22841, 0, 0, 34955, 0, 17232, 38139, 40172, 31056, 0, 45256, 12448, 0, 0, 38234, 18726, 37863, 23814, 4619, 34050, 33129, 22419, 24741, 10144, 0, 0, 13761, 0, 39261, 34526, 45184, 35852, 32256, 24580, 29384, 15897, 22822, 27841],[2131075015, -497664476, -1508258967, 0, 0, 0, 33276, 25312, -557433162, 39132, 43185, 28254, -1693815909, 795207534, -42136431, 20997, 6048, -2080865966, 28338, 43273, 0, -251229569, 0, 35189, -1900481622, -1258753705, 45388, 0, -753747039, 0, -1203731423, 0, -429262593, -1571256390, 19807, 30502, 0, -296435488, -1, 0, 0, 1942030103, 41882, 31448, 31242, 0, 0, 0, 0, 26802, 0, 0, 0, 36886, 28967, 14590, 21250, 0, 0, 21800, 34356, 40134, 36278, 40044, 19420, 16078, 0, 0, 0, 39374, 27788, 33761, 0, 0, 41217, 29117, 23740, 0, 36328, 9757, 17257, 29901, 0, 32960, 0, 0, 32265, 0, 6353, 45163, 30719],[0, 0, 40396, 1670815128, 0, 0, 37868, 22944, 42788, 11722, 0, 36697, -1327828324, 34230, 25592, 0, 0, 0, 0, 2060505445, 0, 15599, 0, 27974, 26445, 0, 42140, 36503, 10348, 43887, 45601, 0, 4421, 23898, 0, 41497, 26386, 35719, 0, -1, 29903, 35368, 44609, 32875, 29390, 0, 0, 20464, 0, 0, 0, 21683, 0, 15533, 0, 0, 28693, 22591, 0, 46143, 28169, 15344, 41507, 0, 46218, 0, 27710, 1549, 46159, 0, 0, 44665, 33867, 0, 17504, 39049, 44054, 20563, 27403536, 21204, 8004, 40713, 0, 0, 25467, 0, 44155, 38493, 43386, 23630, 0],[1443720187, -1000127542, -1433367230, -1185429367, 0, -1442330194, 40569, 0, -2073400130, 0, 10963, 21600, 0, 31827, -388251942, 26114, 19357, -1931119994, 8038, 46063, 0, -955660702, 10689, 40523, -1680953933, -804625031, 0, 36258, 0, -758750057, 0, 42036, -830322510, -2013241017, 7637, 9674, -882978573, -1547187580, 0, 29903, -1, -50469125, 0, 0, 0, 0, -1939296247, 44458, 41738, 44974, 27435, 32718, 33621, 29284, 33230, 40144, 0, 38653, 0, 44257, 0, 44503, 0, 0, 4894, 20346, 39724, 43505, 35361, 33004, 39186, 34162, 0, 0, 16992, 12317, 30300, 13393, 33150, 0, 25850, 38450, 33895, 0, 0, 20561, 14554, 37629, 19366, 18294, 38595],[2023748475, -1826476369, -620612220, -1602017995, 0, -1017708496, 3455, -1434878566, -393095803, 15244, 44148, 0, -576342578, 0, -257308275, -1589327286, 1750380582, 0, 0, 27205, -1503240823, -433447863, 0, 0, 0, 0, 0, 45056, -2117271189, 0, -273307631, 10460, 46291, 0, 0, 44452, 24701, 24350, 1942030103, 35368, -50469125, -1, 39957, 19015, 26619, 35334, 0, 9551, 32750, 45411, 24013, 12278, 0, 25464, 0, 20271, 29441, 28363, 0, 0, 0, 9159, 23859, 0, 19838, 44122, 0, 19999, 3622, 0, 44588, 40680, 24141, 0, 26227, 39758, 0, 43355, 0, 44419, 46055, 44173, 29474, 41119, 0, 0, 0, 42855, 30820, 41485, 35644],[15404, 0, 0, 0, 25012, -1442246941, 37433, 784516839, 2075910893, 38844, 2570, 0, 42579, 0, -557169964, 41217, 45763, 42567, 26947, 41876, -1359277014, 0, 17086, 39523, 0, 15260, 44630, 0, 0, 20690, 37805, 39223, 46182, 0, 0, 13896, 0, 17988, 41882, 44609, 0, 39957, -1, 0, 46311, 34037, 9035, 0, 37449, 39366, 0, 0, 13335, 29199, 0, 0, 0, 39366, 11801, 0, 0, 43347, 32356, 9453, 0, 42053, 40540, 38986, 0, 42348, 21507, 44194, 0, 14420, 22435, 39418, 0, 39282, 0, 42830, 17384, 0, 9599, 0, 37473, 14219, 25545, 0, 0, 0, 0],[35023, 0, 0, 0, 35270, -1723378010, 46239, 0, 270371481, 0, 0, 39137, 24743, 0, -237271604, 33468, 27615, 0, 40470, 40657, -913696899, 26679, 24396, 0, 0, 28900, 0, 0, 1790, 37643, 42500, 0, 0, 45036, 0, 32756, 26865, 0, 31448, 32875, 0, 19015, 0, -1, 12602, 0, 0, 23993, 31486, 0, 12716, 27272, 42888, 20729, 28258, 22458, 44107, 31564, 0, 35162, 31593, 42191, 29111, 32784, 45069, 0, 15244, 0, 40396, 0, 20807, 0, 28198, 11204, 42442, 30287, 18025, 33173, 38595, 22542, 29688, 32837, 0, 45813, 44829, 42649, 46106, 0, 0, 33972, 0],[-1375701649, 1380739612, -180081223, -944315182, 12395, 1521673708, -1817610520, -876974768, 38397, 0, -2118752512, -1639490533, 43070, 0, 0, -1076275170, 0, 38843, 0, 12088, 0, 15828, -275559308, -971100141, 43277, 45346, -932349194, 0, 15824, 19748, 0, -458880624, 0, 16398, 0, 0, 36328, 0, 31242, 29390, 0, 26619, 46311, 12602, -1, -1256302404, 0, 12467, 0, 0, -1271570665, 43768, 0, 0, 0, 0, 29070, 43368, 505532116, 0, 41935, 22509, 6793, 39917, 23568, 0, 0, 17891, 0, 29648, 0, 38091, 0, 44431, 40479, 0, 19480, 0, 41385, 0, 37847, 35490, 0, 42937, 40455, 42788, 23272, 0, 32917, 9366, 17531],[-1777268800, 1463640024, 0, -1483364672, 0, 16975, -1000031242, -1001272918, 17420, 0, 0, 0, 13733, -23719696, 0, 0, -1705378546, 37864, 41582, 0, -172763451, 0, -601456188, 0, 41081, 23224, -764834087, -1841000759, 40419, 21568, 32842, -917023070, 7725, 0, -1256404276, -697145160, 25366, 24403, 0, 0, 0, 35334, 34037, 0, -1256302404, -1, 36545, 0, -173663632, 0, 16337, 16106, 28875, 0, 0, 18452, 43278, 44132, 29584, 42760, 0, 0, 0, 0, 0, 15673, 0, 40084, 35137, 22205, 24152, 41128, 0, 41280, 36722, 41616, 38044, 32665, 41608, 0, 25685, 18091, 0, 13465, 0, 38227, 6571, 29983, 38425, 45274, 31778],[41300, 0, -596274168, 30211, 0, -1695051092, 35078, 1035026878, 840515045, 0, 29903, 34160, 44180, 41888, -1182106682, 18608, 11040, 0, 23761, 0, 0, 31400, 46018, 26868, 21390, 0, 27719, 0, 27890, 26812, 29622, 36462, 0, 1644, 16019, 42665, 20769, 44770, 0, 0, -1939296247, 0, 9035, 0, 0, 36545, -1, 27894, 35188, 34624, 43040, 0, 37252, 43544, 12259, 0, 28942, 19551, 0, 0, 0, 0, 41761, 40306, 40484, 22345, 15703, 0, 0, 27443, 43875, 26188, 0, 0, 0, 29226, 36949, 0, 25042, 27558, 0, 0, 32478, 45785, 0, 0, 0, 39600, 15864, 31815, 44111],[25817, 0, -1624931707, 20209, 0, -1923259717, 38007, 1818185595, 47229310, 38838, 35960, 35703, 17135, 16857, -753199141, 21419, 0, 41139, 44720, 39220, -932236525, 0, 0, 26846, 45920, 30336, 44839, 45204, 0, 25356, 38872, 17011, 0, 31213, 0, 28828, 34362, 10083, 0, 20464, 44458, 9551, 0, 23993, 12467, 0, 27894, -1, 0, 0, 6472, 32317, 36613, 31716, 0, 37722, 18190, 26815, 36761, 39764, 15686, 0, 36236, 0, 27177, 0, 0, 0, 0, 0, 31508, 46270, 31153, 21159, 35139, 0, 10496, 16103, 40377, 0, 0, 1375, 0, 42994, 34907, 0, 41896, 0, 36282, 39705, 0],[-1671551048, 620950055, -474979202, 0, 24084, 1987604673, -2006465525, 0, 0, -2080906884, 0, 0, 43795, -1096313916, 0, 0, -1972398378, 0, 43658, 0, 0, 34063, 0, -1345339553, 0, 36685, 0, 1435203728, 34283, 16473, 0, -1279891728, 0, 0, -927234739, 0, 0, 0, 0, 0, 41738, 32750, 37449, 31486, 0, -173663632, 35188, 0, -1, 38622, 0, 11172, 43696, 0, 0, 0, 0, 39836, 35748, 40449, 35690, 42613, 43142, 0, 0, 22133, 39625, 30989, 11507, 22064, 17001, 44469, 45520, 20195, 0, 17004, 38083, 32759, 34870, 0, 45841, 30733, 0, 44167, 0, 37614, 0, 0, 5772, 19332, 26895],[-762435454, 1832362136, -1222996116, -1135300322, 10317, 0, -2128377305, 0, 21349, 0, -1689301730, -677709853, 38101, 0, 39367, -1209869791, -260473419, 0, 36891, 13427, -1937596115, 0, -217846857, -49313447, 20676, 35145, -869032468, 40767, 30034, 21961, 0, 1025580961, 38079, 26362, -354523628, 0, 8308, 44271, 26802, 0, 44974, 45411, 39366, 0, 0, 0, 34624, 0, 38622, -1, 37203, 0, 9751, 0, 0, 0, 40850, 38366, 0, 0, 0, 0, 33660, 0, 33066, 0, 6058, 0, 26413, 35265, 34902, 41031, 40172, 33211, 22095, 20462, 42284, 9975, 14937, 27107, 43634, 0, 0, 0, 32423, 44785, 38098, 0, 0, 28042, 27292],[0, 41321, -1362185922, 0, 40331, 0, 1900615084, 0, 28765, 0, 0, -1820838650, 0, -888725572, 37568, -1672993130, -2013603398, 42411, 23951, 0, 0, 0, -1180587536, 0, 31624, 28548, 45578, 25682, 0, 19095, 34104, 34099, 0, 21741, 1624799727, 32192, 0, 40391, 0, 0, 27435, 24013, 0, 12716, -1271570665, 16337, 43040, 6472, 0, 37203, -1, 42135, 26043, 13168, 0, 29133, 0, 0, 0, 6099, 0, 46124, 0, 29207, 32476, 0, 31457, 36446, 4819, 16534, 0, 10518, 0, 31769, 0, 35545, 42255, 0, 38969, 44586, 29519, 0, 0, 21438, 40989, 0, 43497, 44948, 26126, 40388, 32352],[40660, 0, -359073773, 41893, 34365, -2037718656, 0, 24892, 1174475573, 0, 6790, 40911, 44628, 32366, -1734827331, 11143, 17044, 32029, 41023, 34106, -166078769, 0, 0, 42332, 0, 0, 46326, 26707, 0, 37695, 27803, 0, 27934, 11228, 0, 0, 0, 0, 0, 21683, 32718, 12278, 0, 27272, 43768, 16106, 0, 32317, 11172, 0, 42135, -1, 28430, 31211, 40007, 37415, 38611, 10313, 27527, 0, 0, 0, 31311, 27020, 24586, 0, 7721, 0, 25125, 23959, 0, 26344, 28788, 44180, 0, 41071, 43781, 42699, 0, 0, 0, 10461, 0, 42464, 9521, 36483, 9636, 27573, 21373, 38332, 0],[-944369225, 2063126999, -649504937, -935184049, 5027, -1486318704, -281335775, -1062503559, 40419, 32767, 0, -1402031782, 43219, -1034284521, 0, -792022373, -665191087, 41552, 26436, 32986, -1377369651, 0, 0, -218841339, 0, 44355, 11704, 3680, 23768, 43235, 44621, 37788, 0, 34411, 36431, 0, 0, 19622, 0, 0, 33621, 0, 13335, 42888, 0, 28875, 37252, 36613, 43696, 9751, 26043, 28430, -1, 0, 0, 17911, 0, 35770, 0, 0, 33245, 38305, 0, 22951, 40123, 0, 44025, 45057, 24214, 36412, 0, 35925, 0, 0, 0, 37623, 14683, 37368, 37940, 0, 0, 25416, 42768, 29455, 0, 14004, 0, 28192, 40665, 33295, 0],[-893840072, 1421101952, -1874083679, -197437183, 18342, 0, 0, 0, 16647, 1533127882, -2004754058, -509280926, 28403, -1131341832, 0, -1832133566, 0, 44339, 22583, 30706, -1325000440, 0, -1273533000, -162015029, 44483, 20607, 18870, 21636, 0, 7220, 0, 29749, 15180, 25572, 0, 37912, 17473, 22841, 36886, 15533, 29284, 25464, 29199, 20729, 0, 0, 43544, 31716, 0, 0, 13168, 31211, 0, -1, 0, 30270, 30341, 0, 28864, 1960, 0, 45305, 31366, 0, 0, 42809, 39932, 43733, 30068, 0, 25538, 17902, 44357, 0, 24245, 19939, 11154, 25801, 0, 10149, 13385, 43632, 7539, 0, 25265, 0, 17607, 45508, 42436, 0, 44971],[41104, 1076021303, 0, 0, 0, -2009651338, 42622, 0, 14890, 37285, -802925184, -179762233, 34987, 0, 0, -320137657, -1235355303, 0, 0, 40407, 0, 45961, 849967908, -4177340, 0, 44599, 0, 0, 31198, 13288, 40581, 18772, 31327, 39135, 25355, 35750, 18557, 0, 28967, 0, 33230, 0, 0, 28258, 0, 0, 12259, 0, 0, 0, 0, 40007, 0, 0, -1, 0, 42639, 25145, 17085, 21324, 41487, 0, 0, 19528, 46250, 31570, 0, 27554, 40111, 31506, 0, 0, 0, 0, 2351, 0, 16856, 40188, 14766, 30203, 46280, 41764, 0, 0, 15197, 37053, 0, 37156, 18573, 23072, 21673],[30135, 1525207197, -966552996, -1549647459, 29464, -1760537441, 0, -2128461440, 36882, 21796, 44899, -527247411, 0, -771195996, 43409, -602812021, 39928, 27329, 14226, 0, -1269645062, 39209, 0, 0, 0, 43967, 0, 39605, 36222, 28576, 25751, 10983, 0, 12117, 43117, 41346, 42630, 0, 14590, 0, 40144, 20271, 0, 22458, 0, 18452, 0, 37722, 0, 0, 29133, 37415, 17911, 30270, 0, -1, 9251, 11150, 29657, 42924, 13462, 37886, 0, 0, 25277, 39826, 21565, 35930, 0, 24197, 6486, 0, 0, 30296, 0, 17787, 28556, 34674, 37570, 43974, 39702, 41562, 0, 32504, 0, 0, 0, 45325, 0, 32548, 32647],[41031, 0, -2002472984, 0, 19157, -1201777415, 0, 0, 1174028587, 20732, 0, 0, 0, 38970, 0, 0, 0, 0, 0, 46005, 0, 0, 12737, 0, 0, 16773, 0, 0, 36917, 42169, 21336, 18999, 12558, 0, 0, 27966, 0, 34955, 21250, 28693, 0, 29441, 0, 44107, 29070, 43278, 28942, 18190, 0, 40850, 0, 38611, 0, 30341, 42639, 9251, -1, 45945, 37761, 33973, 0, 23100, 13779, 27223, 0, 35371, 41065, 28704, 0, 28290, 0, 27510, 32696, 0, 4232, 41696, 0, 44671, 0, 30588, 0, 34345, 14473, 13724, 0, 0, 0, 0, 44541, 43657, 0],[35242, 0, -1411882668, 0, 45469, -1849989328, 0, 1950940704, 1795792455, 39601, 32329, 37960, 9706, 8095, 40220, 0, 22245, 45754, 35432, 30561, 0, 0, 43939, 31540, 0, 31431, 29024, 0, 37390, 26472, 0, 13261, 34455, 39242, 27363, 31815, 43422, 0, 0, 22591, 38653, 28363, 39366, 31564, 43368, 44132, 19551, 26815, 39836, 38366, 0, 10313, 35770, 0, 25145, 11150, 45945, -1, 0, 39368, 23984, 45438, 0, 17967, 0, 20885, 39849, 45491, 8965, 31684, 0, 45643, 27451, 0, 12835, 28427, 32870, 15094, 0, 31191, 21290, 0, 0, 29207, 42187, 45239, 0, 0, 39530, 18500, 30337],[42713, 1543347589, 0, -1196097961, 44380, 0, 39828, 0, 0, 0, 0, 0, 34066, -1425666883, 0, 0, 37304, 4796, 43498, 0, -1544602226, 0, 40665, -921913167, 9093, 37470, 0, 34119, 44733, 0, 43811, 37116, 13397, 39734, 32830, 30185, 21074, 17232, 0, 0, 0, 0, 11801, 0, 505532116, 29584, 0, 36761, 35748, 0, 0, 27527, 0, 28864, 17085, 29657, 37761, 0, -1, 19098, 10382, 38285, 36113, 35858, 38129, 14826, 0, 21129, 0, 0, 0, 0, 39249, 39923, 35740, 0, 0, 18224, 33169, 17286, 46028, 33633, 0, 0, 0, 21386, 17372, 23143, 16428, 0, 32776],[0, 0, 22013, -2002362505, 1325126371, 0, 13003, 0, 25553, 44468, 39863, 35414, 0, 0, 34592, 30100, 42956, 0, 43658, 0, 40166, 0, 18701, 28151, 21016, 0, 0, 13361, 45696, 35215, 17345, 32505, 40638, 0, 0, 15554, 36733, 38139, 21800, 46143, 44257, 0, 0, 35162, 0, 42760, 0, 39764, 40449, 0, 6099, 0, 0, 1960, 21324, 42924, 33973, 39368, 19098, -1, 45448, 27551, 43957, 0, 44619, 0, 0, 0, 34651, 38561, 0, 14212, 40991, 29539, 16755, 0, 38299, 26691, 45737, 41282, 0, 24921, 28035, 0, 44776, 37785, 0, 41558, 23969, 45854, 0],[14728, 0, -254366764, 40158, 0, -1718798555, 5929, 0, 1551704624, 11823, 17065, 0, 45063, 39964, 28138, 21645, 41307, 0, 43162, 42384, 0, 38267, 27098, 29718, 27777, 45828, 44867, 38027, 4173, 35046, 36523, 44201, 0, 24445, 38494, 0, 44949, 40172, 34356, 28169, 0, 0, 0, 31593, 41935, 0, 0, 15686, 35690, 0, 0, 0, 33245, 0, 41487, 13462, 0, 23984, 10382, 45448, -1, 16919, 0, 39493, 34490, 23782, 0, 21975, 0, 21730, 0, 36885, 29481, 24254, 32341, 0, 15393, 0, 26283, 42751, 44834, 2643, 25557, 21279, 0, 0, 0, 44473, 18361, 17430, 4006],[35111, 1006037343, -712968559, -747232406, 0, 0, 44542, 0, 41824, 4724, 16243, -966791202, 0, -509252300, 44258, 23695, 0, 0, 40878, 0, -901494151, 44257, 12429, 0, 0, 0, 0, 0, 45231, 21843, 0, 37095, 26544, 30009, 0, 25420, 0, 31056, 40134, 15344, 44503, 9159, 43347, 42191, 22509, 0, 0, 0, 42613, 0, 46124, 0, 38305, 45305, 0, 37886, 23100, 45438, 38285, 27551, 16919, -1, 0, 22903, 0, 0, 4887, 29949, 35401, 34618, 30633, 17612, 34972, 0, 13334, 15672, 40942, 41854, 13644, 0, 34986, 41996, 0, 22386, 25784, 26467, 30137, 0, 44652, 18687, 0],[0, 29558, 0, -1711306156, 33216, 46017, 362304938, -1337472331, 15436, 25086, 45889, 0, 0, -1115954597, 0, 0, 0, 0, 41548, 21695, 0, 0, 19154, 30127, 0, 30672, 45684, 37533, 33478, 31478, 7157, 18309, 18683, 33377, 19505, 45526, 42516, 0, 36278, 41507, 0, 23859, 32356, 29111, 6793, 0, 41761, 36236, 43142, 33660, 0, 31311, 0, 31366, 0, 0, 13779, 0, 36113, 43957, 0, 0, -1, 45836, 0, 0, 35285, 0, 45795, 0, 41010, 20912, 0, 0, 25645, 0, 43965, 0, 43420, 0, 0, 19449, 0, 36355, 30973, 0, 0, 26893, 0, 35132, 22689],[43698, 352882034, -1053048344, -1753261026, 13780, -1978181587, 33947, -1595048307, 19963, 0, 0, 37177, 36645, -1228913182, 18712, 38822, 0, 34033, 29999, 14734, -2039777761, 25110, 44191, 21886, 37672, 46141, 15442, 31123, 0, 31131, 41296, 25741, 0, 39749, 33552, 0, 0, 45256, 40044, 0, 0, 0, 9453, 32784, 39917, 0, 40306, 0, 0, 0, 29207, 27020, 22951, 0, 19528, 0, 27223, 17967, 35858, 0, 39493, 22903, 45836, -1, 43402, 45980, 0, 0, 0, 42721, 0, 0, 0, 0, 28662, 11400, 43836, 19494, 34509, 0, 0, 0, 36984, 38451, 0, 37796, 0, 0, 0, 0, 25198],[25065, 0, -1841577704, 0, 3228, -2089695523, 0, 151945367, 0, 28000, -992540116, 0, 1422962742, 25111, 33443, 39821, 0, 25472, 0, 0, -1575643247, 40172, 42656, 0, 32302, 12970, 31648, 0, 35570, 0, 0, 0, 7259, 16973, 39790, 0, 35802, 12448, 19420, 46218, 4894, 19838, 0, 45069, 23568, 0, 40484, 27177, 0, 33066, 32476, 24586, 40123, 0, 46250, 25277, 0, 0, 38129, 44619, 34490, 0, 0, 43402, -1, 11193, 45753, 38568, 0, 4192, 0, 0, 42340, 43057, 44080, 29302, 0, 38479, 45158, 0, 45591, 40220, 39189, 0, 37535, 38857, 30260, 0, 44033, 0, 0],[3769, 0, -1654662110, 28906, 23813, -1441017729, 0, 1342234367, 730296941, 28633, 0, 0, 0, 26621, 18672, 0, 28367, 35451, 30013, 32097, -1885106684, 44755, 32796, 36493, 17765, 41864, 25706, 44664, 43364, 34046, 0, 0, 0, 7577, 4685, 45448, 45602, 0, 16078, 0, 20346, 44122, 42053, 0, 0, 15673, 22345, 0, 22133, 0, 0, 0, 0, 42809, 31570, 39826, 35371, 20885, 14826, 0, 23782, 0, 0, 45980, 11193, -1, 30300, 0, 0, 11199, 44489, 41419, 0, 26925, 0, 43007, 2772, 0, 0, 0, 43627, 39563, 38506, 41977, 31372, 35147, 0, 0, 0, 13917, 0],[0, 38710, 0, 0, 23522, 0, 1495411964, -1383642634, 42364, 0, 40200, 26823, 29372, -1030470581, 32743, 0, 33917, 16881, 0, 10859, 18545, 46237, 33916, 0, 34871, 0, 42633, 28770, 42663, 42763, 0, 42370, 12607, 34971, 0, 0, 0, 0, 0, 27710, 39724, 0, 40540, 15244, 0, 0, 15703, 0, 39625, 6058, 31457, 7721, 44025, 39932, 0, 21565, 41065, 39849, 0, 0, 0, 4887, 35285, 0, 45753, 30300, -1, 45950, 44797, 46137, 32872, 32551, 14564, 42814, 43266, 27412, 0, 40298, 40479, 24599, 27169, 0, 39176, 26751, 0, 23917, 35669, 18492, 45606, 0, 42326],[44824, 283048219, -560404222, -697213071, 12915, -1198863654, 41167, 0, 33652, 36099, 36680, 0, 0, 0, 0, 0, 0, 0, 34110, 0, 0, 44510, 26397, 37022, 0, 0, 44069, 0, 15700, 0, 43574, 0, 0, 0, 27709, 30994, 0, 38234, 0, 1549, 43505, 19999, 38986, 0, 17891, 40084, 0, 0, 30989, 0, 36446, 0, 45057, 43733, 27554, 35930, 28704, 45491, 21129, 0, 21975, 29