41
[[-1, 43949, 0, 0, 0, 24310, 0, 0, 630660158, 0, 1529989571, 1192626501, 43679, 0, -2036432372, 19745, -1726834149, -1905042959, 28989, 26112, 0, -1150864670, -1600452955, 1906046686, 15453, 0, -1654676536, 30789, 7099, 0, 795279992, 44114, 0, 882293515, 0, 1989243725, 0, 36514, 25626, 16285, 44306],[43949, -1, 21790, 32768, 33982, 0, 43672, 43039, -2080980791, 38917, -1630970309, -1539708980, 0, 14594, 346174930, 0, 536921958, 1751679415, 0, 0, 0, 2085890212, 1192700989, -1837777531, 0, 27199, 2067688762, 0, 0, 40573, -1479726090, 0, 36438, -1822293433, 34386, 52994476, 46308, 1867464388, 1307005257, 0, 1461464293],[0, 21790, -1, 573347338, 1308322014, 41051, 1613125515, 0, 0, 45899058, 46022, 43018, 12186, 0, 1348087530, 37588, 0, -2106303040, 40601, 19533, 32199, -1785851552, 0, 36816, 15884, 1274410030, -392684578, 21516, 32523, 798303402, 0, 0, 0, 20476, 1435148650, 0, 0, 0, 0, 0, 34192],[0, 32768, 573347338, -1, 32455, 0, 39374, 555705650, 40824, 0, 35589, 31715, 27690, 206160884, 28093, 35234, 1936912004, -1869315554, 0, 40321, 0, -670891382, -1916632750, 15340, 14235, 42361, 0, 0, 0, 22047, 38674, 20262, 0, 0, 23382, 26225, 0, 0, 27854, 0, 0],[0, 33982, 1308322014, 32455, -1, 45406, 0, 0, 43760, 36670, 39707, 0, 0, 40970, 17599, 24041, 24840, -1092250041, 37304, 0, -292773746, -556344766, -1594609126, 42902, 20790, 9386, -969558896, 0, 0, 44013, 23036, 29963, 0, 43930, 40956, 34013, 1861909081, 0, 31109, 45432, 44570],[24310, 0, 41051, 0, 45406, -1, 0, 21346, -1853416051, 40102, -1737947704, 0, 72861525, 43731, 15447, 1022038309, 0, 37399, 1379401753, 2024163021, 741685808, 15294, 26031, -358653109, 1773181970, 0, 0, 81670699, 1634438573, 42936, 0, 1882872929, 38300, -2050765942, 20260, 40834, 0, 32973, 0, 1237851475, 0],[0, 43672, 1613125515, 39374, 0, 0, -1, 24866, 11156, 45121, 0, 0, 17021, 44391, 14330, 44860, 34388, 0, 18368, 16230, 0, -1801926456, -2035578585, 35271, 43039, 21656, -1608498710, 6995, 42583, 39201, 0, 0, 2012391170, 34071, 38895, 1431, 40147, 21192, 40327, 0, 12654],[0, 43039, 0, 555705650, 0, 21346, 24866, -1, 0, 12739, 27944, 29257, 43243, 0, 0, 37817, 0, -2134416824, 25711, 20800, 39171, -1694042317, 0, 44669, 39592, 25939, 42464, 40527, 43710, 25801, 0, 31262, 33648, 0, 32990, 0, 30476, 42274, 0, 28116, 0],[630660158, -2080980791, 0, 40824, 43760, -1853416051, 11156, 0, -1, 26632, -1511201350, -1524771945, -1987751592, 14611, 25224, 0, 18668, 41151, 0, -1602120034, 31116, 0, 40728, -1641661958, 0, 30179, 22081, 0, -2038943485, 32501, -1029535187, 1548958276, 45305, 32133, 36644, 18109, 16540, 0, 0, 0, 26309],[0, 38917, 45899058, 0, 36670, 40102, 45121, 12739, 26632, -1, 0, 12494, 0, 0, 31544, 6850, 0, 0, 0, 0, 0, -117296360, -1310527858, 33555, 26594, 30155, 0, 0, 38747, 38288, 40272, 21963, 36081, 44399, 0, 33721, 28429, 44311, 3190, 0, 23643],[1529989571, -1630970309, 46022, 35589, 39707, -1737947704, 0, 27944, -1511201350, 0, -1, -1521830010, 0, 21672, 23170, -1662782893, -1852014502, 42732, -2064464417, -620523856, 9930, 0, 0, 0, -2041769664, 43654, -751289574, -1582596682, -1588955478, 0, -951338783, -1301449392, 42865, -915357075, 0, -1260146595, 0, 0, 0, 0, -1637826066],[1192626501, -1539708980, 43018, 31715, 0, 0, 0, 29257, -1524771945, 12494, -1521830010, -1, -1200242915, 41497, 33308, -1618358650, 15781, 33459, 0, -1167978665, 28092, 31409, 0, 0, 0, 40812, -1914378726, 0, -1418103453, 0, 0, -1811382704, 0, 0, 0, -1470469337, 0, -1563022910, 0, -1803969533, 32969],[43679, 0, 12186, 27690, 0, 72861525, 17021, 43243, -1987751592, 0, 0, -1200242915, -1, 0, 14086, 45431, 34443, 0, 0, 14673, 22624, 0, 43945, -888310118, 36879, 38134, 23849, 36718, 11575, 0, 0, 0, 34115, 36713, 15770, 20082, 8587, 38500, 17434, 21992, 39571],[0, 14594, 0, 206160884, 40970, 43731, 44391, 0, 14611, 0, 21672, 41497, 0, -1, 2275, 12313, 29231, 0, 32605, 32647, 11837, -1564363565, 0, 40407, 45378, 0, 22096, 0, 30536, 0, 0, 0, 19772, 39452, 0, 0, 40974, 22602, 0, 0, 41250],[-2036432372, 346174930, 1348087530, 28093, 17599, 15447, 14330, 0, 25224, 31544, 23170, 33308, 14086, 2275, -1, 15659, 41733, 0, 0, 13745, 0, 0, -910462423, 0, 17387, 19410, 0, 23365, 0, 0, 38825, 43966, 0, 0, 0, 0, 34697, 35245, 0, 22440, 24548],[19745, 0, 37588, 35234, 24041, 1022038309, 44860, 37817, 0, 6850, -1662782893, -1618358650, 45431, 12313, 15659, -1, 38478, 44904, 34631, 0, 27077, 0, 40355, 0, 45261, 0, 0, 0, 23062, 15169, 0, 39720, 19833, 0, 0, 0, 17348, 0, 16824, 27715, 0],[-1726834149, 536921958, 0, 1936912004, 24840, 0, 34388, 0, 18668, 0, -1852014502, 15781, 34443, 29231, 41733, 38478, -1, -33028187, 24525, 0, 45648, 0, -1647402446, 25860, 0, 27812, 17552, 34818, 11041, 39114, 0, 27549, 0, 44123, 0, 0, 10035, 2444, 11055, 0, 0],[-1905042959, 1751679415, -2106303040, -1869315554, -1092250041, 37399, 0, -2134416824, 41151, 0, 42732, 33459, 0, 0, 0, 44904, -33028187, -1, 34093, 40591, 40436, -440308928, 0, 33775, 23173, 0, 43111, 12783, 44651, 0, 0, 0, 0, 45222, 0, 0, 0, 44757, 0, 35702, 19639],[28989, 0, 40601, 0, 37304, 1379401753, 18368, 25711, 0, 0, -2064464417, 0, 0, 32605, 0, 34631, 24525, 34093, -1, 39290, 29466, 24782, 18102, -1500754711, 15955, 0, 35128, 27136, 0, 44060, 24536, 0, 0, 32061, 0, 20760, 3967, 42486, 33338, 37535, 30597],[26112, 0, 19533, 40321, 0, 2024163021, 16230, 20800, -1602120034, 0, -620523856, -1167978665, 14673, 32647, 13745, 0, 0, 40591, 39290, -1, 39908, 0, 42679, 0, 40144, 41261, 31098, 9202, 45499, 35853, 0, 27002, 37452, 9511, 0, 35279, 0, 42628, 37468, 23594, 0],[0, 0, 32199, 0, -292773746, 741685808, 0, 39171, 31116, 0, 9930, 28092, 22624, 11837, 0, 27077, 45648, 40436, 29466, 39908, -1, 25117, 34897, 21288, 45738, 21165, 0, 23199, 0, 0, 42043, 0, 35700, 0, 0, 35308, 39352, 0, 0, 41808, 0],[-1150864670, 2085890212, -1785851552, -670891382, -556344766, 15294, -1801926456, -1694042317, 0, -117296360, 0, 31409, 0, -1564363565, 0, 0, 0, -440308928, 24782, 0, 25117, -1, -872085723, 45798, 0, -1469049195, 0, 27028, 24428, -1836337034, 32362, 0, 29195, 0, 25464, 0, 12498, 42593, 44423, 45298, 31312],[-1600452955, 1192700989, 0, -1916632750, -1594609126, 26031, -2035578585, 0, 40728, -1310527858, 0, 0, 43945, 0, -910462423, 40355, -1647402446, 0, 18102, 42679, 34897, -872085723, -1, 40531, 25239, -1831242436, 21128, 30021, 43989, 0, 42350, 0, 0, 16801, 31075, 23738, 38175, 29998, 22926, 0, 0],[1906046686, -1837777531, 36816, 15340, 42902, -358653109, 35271, 44669, -1641661958, 33555, 0, 0, -888310118, 40407, 0, 0, 25860, 33775, -1500754711, 0, 21288, 45798, 40531, -1, -1211239094, 0, 40089, -425186322, 0, 23337, -1386528899, -617215445, 0, 31331, 0, 31037, 17199, 44292, 0, 0, 21772],[15453, 0, 15884, 14235, 20790, 1773181970, 43039, 39592, 0, 26594, -2041769664, 0, 36879, 45378, 17387, 45261, 0, 23173, 15955, 40144, 45738, 0, 25239, -1211239094, -1, 0, 30358, 14551, 31171, 0, 0, 23880, 0, 0, 42399, 0, 0, 39404, 0, 43447, 41244],[0, 27199, 1274410030, 42361, 9386, 0, 21656, 25939, 30179, 30155, 43654, 40812, 38134, 0, 19410, 0, 27812, 0, 0, 41261, 21165, -1469049195, -1831242436, 0, 0, -1, 0, 41784, 24753, 0, 18588, 0, 0, 0, 38323, 32386, 15627, 38191, 0, 0, 15931],[-1654676536, 2067688762, -392684578, 0, -969558896, 0, -1608498710, 42464, 22081, 0, -751289574, -1914378726, 23849, 22096, 0, 0, 17552, 43111, 35128, 31098, 0, 0, 21128, 40089, 30358, 0, -1, 45325, 25205, 34996, 22586, 26543, 0, 40899, 28580, 22174, 43970, 45507, 36955, 36058, 33476],[30789, 0, 21516, 0, 0, 81670699, 6995, 40527, 0, 0, -1582596682, 0, 36718, 0, 23365, 0, 34818, 12783, 27136, 9202, 23199, 27028, 30021, -425186322, 14551, 41784, 45325, -1, 7796, 0, 0, 0, 31245, 0, 10015, 21153, 15586, 27314, 0, 37119, 0],[7099, 0, 32523, 0, 0, 1634438573, 42583, 43710, -2038943485, 38747, -1588955478, -1418103453, 11575, 30536, 0, 23062, 11041, 44651, 0, 45499, 0, 24428, 43989, 0, 31171, 24753, 25205, 7796, -1, 38041, 0, 0, 24627, 23226, 0, 0, 27163, 26161, 0, 37980, 0],[0, 40573, 798303402, 22047, 44013, 42936, 39201, 25801, 32501, 38288, 0, 0, 0, 0, 0, 15169, 39114, 0, 44060, 35853, 0, -1836337034, 0, 23337, 0, 0, 34996, 0, 38041, -1, 42155, 15308, 28775, 45921, 0, 42396, 33616, 41845, 37419, 38891, 0],[795279992, -1479726090, 0, 38674, 23036, 0, 0, 0, -1029535187, 40272, -951338783, 0, 0, 0, 38825, 0, 0, 0, 24536, 0, 42043, 32362, 42350, -1386528899, 0, 18588, 22586, 0, 0, 42155, -1, 29875, 0, 41862, 10938, 0, 42000, 29165, 0, 21553, 33606],[44114, 0, 0, 20262, 29963, 1882872929, 0, 31262, 1548958276, 21963, -1301449392, -1811382704, 0, 0, 43966, 39720, 27549, 0, 0, 27002, 0, 0, 0, -617215445, 23880, 0, 26543, 0, 0, 15308, 29875, -1, 10248, 0, 30555, 43894, 35533, 29615, 18845, 0, 0],[0, 36438, 0, 0, 0, 38300, 2012391170, 33648, 45305, 36081, 42865, 0, 34115, 19772, 0, 19833, 0, 0, 0, 37452, 35700, 29195, 0, 0, 0, 0, 0, 31245, 24627, 28775, 0, 10248, -1, 45375, 0, 19286, 45481, 29850, 44841, 0, 0],[882293515, -1822293433, 20476, 0, 43930, -2050765942, 34071, 0, 32133, 44399, -915357075, 0, 36713, 39452, 0, 0, 44123, 45222, 32061, 9511, 0, 0, 16801, 31331, 0, 0, 40899, 0, 23226, 45921, 41862, 0, 45375, -1, 12848, 0, 36080, 39325, 12051, 0, 35120],[0, 34386, 1435148650, 23382, 40956, 20260, 38895, 32990, 36644, 0, 0, 0, 15770, 0, 0, 0, 0, 0, 0, 0, 0, 25464, 31075, 0, 42399, 38323, 28580, 10015, 0, 0, 10938, 30555, 0, 12848, -1, 0, 41470, 29485, 0, 722, 27968],[1989243725, 52994476, 0, 26225, 34013, 40834, 1431, 0, 18109, 33721, -1260146595, -1470469337, 20082, 0, 0, 0, 0, 0, 20760, 35279, 35308, 0, 23738, 31037, 0, 32386, 22174, 21153, 0, 42396, 0, 43894, 19286, 0, 0, -1, 7786, 44304, 18367, 46195, 17704],[0, 46308, 0, 0, 1861909081, 0, 40147, 30476, 16540, 28429, 0, 0, 8587, 40974, 34697, 17348, 10035, 0, 3967, 0, 39352, 12498, 38175, 17199, 0, 15627, 43970, 15586, 27163, 33616, 42000, 35533, 45481, 36080, 41470, 7786, -1, 40933, 18510, 45146, 41791],[36514, 1867464388, 0, 0, 0, 32973, 21192, 42274, 0, 44311, 0, -1563022910, 38500, 22602, 35245, 0, 2444, 44757, 42486, 42628, 0, 42593, 29998, 44292, 39404, 38191, 45507, 27314, 26161, 41845, 29165, 29615, 29850, 39325, 29485, 44304, 40933, -1, 29329, 34714, 0],[25626, 1307005257, 0, 27854, 31109, 0, 40327, 0, 0, 3190, 0, 0, 17434, 0, 0, 16824, 11055, 0, 33338, 37468, 0, 44423, 22926, 0, 0, 0, 36955, 0, 0, 37419, 0, 18845, 44841, 12051, 0, 18367, 18510, 29329, -1, 39118, 19807],[16285, 0, 0, 0, 45432, 1237851475, 0, 28116, 0, 0, 0, -1803969533, 21992, 0, 22440, 27715, 0, 35702, 37535, 23594, 41808, 45298, 0, 0, 43447, 0, 36058, 37119, 37980, 38891, 21553, 0, 0, 0, 722, 46195, 45146, 34714, 39118, -1, 0],[44306, 1461464293, 34192, 0, 44570, 0, 12654, 0, 26309, 23643, -1637826066, 32969, 39571, 41250, 24548, 0, 0, 19639, 30597, 0, 0, 31312, 0, 21772, 41244, 15931, 33476, 0, 0, 0, 33606, 0, 0, 35120, 27968, 17704, 41791, 0, 19807, 0, -1]]