60
[[-1, 0, 748, 0, 835416, 632, 0, 412, 309, 540, 0, 182, 0, 402, 565, 0, 0, 161, 507, 67, 0, 614, 512, 0, 344, 0, 0, 440, 0, 0, 0, 484, 0, 291, 194, 0, 0, 0, 0, 356, 0, 200, 383, 296, 0, 0, 0, 0, 375, 0, 0, 117, 149, 418, 0, 254, 296, 0, 431, 403],[0, -1, 0, 534, 711, 0, 0, 0, 0, 759, 674275, 294, 803, 610, 0, 0, 688, 355, 0, 273, 336, 0, 759, 0, 0, 0, 348, 605, 0, 773, 0, 719, 0, 0, 430, 254, 0, 0, 0, 523, 124, 442, 515, 464, 0, 630, 0, 720, 383, 250, 464, 0, 0, 635, 0, 0, 190, 505, 616, 0],[748, 0, -1, 902, 834503, 0, 0, 0, 0, 1298, 598, 1186, 573, 1451, 1864, 0, 584, 1714, 0, 1175, 842, 0, 0, 0, 0, 0, 984, 1952, 0, 0, 0, 1669, 0, 1678, 0, 1246, 0, 590, 0, 0, 1021, 1391, 1672, 1619, 820, 0, 0, 0, 0, 0, 0, 1409, 0, 0, 395, 0, 1561, 690, 1844, 0],[0, 534, 902, -1, 0, 788, 640, 0, 346, 0, 673695, 669, 0, 374, 1012, 0, 1612, 0, 0, 424, 0, 857, 0, 0, 0, 0, 1318, 0, 739, 0, 898, 0, 563, 0, 0, 881, 197, 1625, 0, 257, 0, 436, 0, 0, 0, 0, 878, 0, 151, 0, 0, 459, 0, 0, 1501, 744, 351, 0, 317, 857],[835416, 711, 834503, 0, -1, 0, 604, 0, 833971, 176, 338, 418, 0, 0, 0, 118, 120, 649, 0, 597, 0, 832128, 0, 0, 0, 0, 0, 0, 0, 1678, 369, 0, 0, 0, 836169, 0, 0, 0, 162, 836256, 0, 582, 853, 251, 835449, 2054, 0, 0, 834195, 1564, 0, 0, 0, 0, 438, 0, 826, 1351, 819, 0],[632, 0, 0, 788, 0, -1, 2014, 1088, 871, 0, 498, 705, 0, 413, 589, 758, 526, 0, 0, 624, 743, 0, 1872, 596, 1776, 0, 0, 0, 0, 0, 0, 0, 1656, 0, 517, 0, 0, 539, 0, 0, 0, 0, 0, 0, 0, 431, 2146, 311, 0, 670, 596, 0, 1387, 0, 0, 1339, 863, 605, 474, 0],[0, 0, 0, 640, 604, 2014, -1, 653, 326, 0, 0, 0, 709, 651, 0, 1251, 596, 395, 0, 297, 223, 370, 0, 2677, 0, 0, 470, 0, 1564, 0, 0, 0, 0, 0, 0, 266, 0, 0, 1453, 584, 0, 0, 591, 0, 0, 676, 251, 748, 494, 0, 536, 0, 0, 552, 0, 304, 315, 408, 670, 0],[412, 0, 0, 0, 0, 1088, 653, -1, 0, 0, 477, 580, 0, 0, 783, 0, 692, 0, 1353, 357, 648, 0, 266, 241, 143, 0, 0, 70, 0, 0, 0, 0, 0, 650, 465, 856, 0, 0, 959, 90, 555, 236, 0, 0, 0, 35, 0, 162, 360, 354, 162, 463, 548, 1345, 0, 0, 492, 0, 0, 0],[309, 0, 0, 346, 833971, 871, 326, 0, -1, 849, 537, 432, 0, 519, 0, 849, 790, 301, 0, 273, 492, 514, 707, 278, 358, 0, 0, 0, 0, 855, 0, 650, 592, 563, 503, 402, 0, 832, 971, 0, 84, 414, 0, 0, 440, 0, 542, 0, 196, 0, 0, 0, 408, 727, 639, 0, 0, 625, 0, 1305],[540, 759, 1298, 0, 176, 0, 0, 0, 849, -1, 0, 0, 0, 657, 0, 294, 84, 0, 0, 0, 1121, 0, 552, 0, 748, 294, 0, 0, 0, 0, 195, 602, 0, 0, 346, 0, 770, 68, 308, 0, 0, 518, 785, 0, 933, 0, 0, 0, 883, 653, 0, 651, 0, 0, 0, 371, 0, 0, 0, 0],[0, 674275, 598, 673695, 338, 498, 0, 477, 537, 0, -1, 0, 0, 443, 0, 0, 260, 0, 300, 0, 245, 0, 0, 0, 0, 0, 0, 0, 0, 319, 0, 456, 277, 0, 34, 669, 0, 302, 495, 463, 0, 0, 516, 0, 0, 479, 0, 0, 579, 0, 0, 341, 0, 0, 0, 0, 0, 0, 499, 189],[182, 294, 1186, 669, 418, 705, 0, 580, 432, 0, 0, -1, 1612, 0, 463, 417, 0, 340, 508, 0, 0, 561, 0, 383, 0, 300, 0, 0, 0, 492, 2101, 618, 457, 0, 188, 464, 981, 0, 0, 0, 0, 0, 0, 0, 704, 593, 377, 1844, 543, 300, 0, 230, 32, 351, 416, 109, 419, 211, 600, 0],[0, 803, 573, 0, 0, 0, 709, 0, 0, 0, 0, 1612, -1, 727, 0, 0, 115, 672, 0, 642, 0, 1043, 0, 0, 0, 360, 0, 839, 0, 0, 247, 0, 0, 0, 402, 962, 837, 0, 0, 789, 0, 0, 0, 0, 1001, 0, 807, 708, 0, 0, 0, 702, 0, 177, 391, 0, 0, 0, 795, 0],[402, 610, 1451, 374, 0, 413, 651, 0, 519, 657, 443, 0, 727, -1, 740, 836, 649, 257, 503, 0, 0, 0, 0, 0, 0, 975, 0, 0, 0, 638, 555, 0, 0, 0, 0, 865, 0, 685, 919, 0, 933, 0, 192, 0, 0, 35, 0, 123, 0, 360, 1856, 466, 532, 0, 337, 0, 0, 599, 69, 0],[565, 0, 1864, 1012, 0, 589, 0, 783, 0, 0, 0, 463, 0, 740, -1, 0, 91, 658, 0, 617, 0, 980, 653, 709, 0, 357, 957, 0, 300, 150, 306, 0, 0, 0, 378, 0, 0, 55, 198, 791, 0, 580, 851, 0, 1001, 775, 740, 0, 927, 687, 805, 0, 476, 163, 0, 354, 858, 252, 0, 0],[0, 0, 0, 0, 118, 758, 1251, 0, 849, 294, 0, 417, 0, 836, 0, -1, 0, 697, 472, 631, 0, 857, 0, 0, 0, 0, 0, 0, 314, 334, 0, 822, 640, 0, 416, 0, 0, 226, 125, 860, 805, 0, 912, 273, 0, 871, 603, 0, 944, 696, 859, 645, 0, 278, 534, 0, 0, 247, 0, 232],[0, 688, 584, 1612, 120, 526, 596, 692, 790, 84, 260, 0, 115, 649, 91, 0, -1, 0, 240, 0, 380, 0, 571, 0, 0, 0, 0, 0, 224, 118, 259, 0, 0, 288, 0, 851, 744, 42, 277, 0, 768, 489, 760, 0, 909, 685, 0, 647, 839, 601, 714, 0, 406, 0, 0, 0, 778, 188, 714, 0],[161, 355, 1714, 0, 649, 0, 395, 0, 301, 0, 0, 340, 672, 257, 658, 697, 0, -1, 523, 100, 412, 726, 413, 0, 0, 315, 0, 0, 0, 0, 586, 366, 0, 436, 0, 609, 0, 610, 0, 0, 335, 0, 224, 426, 369, 280, 0, 365, 274, 0, 0, 0, 0, 498, 0, 397, 0, 449, 0, 0],[507, 0, 0, 0, 0, 0, 0, 1353, 0, 0, 300, 508, 0, 503, 0, 472, 240, 523, -1, 530, 524, 0, 0, 0, 0, 0, 0, 0, 339, 159, 63, 424, 283, 448, 331, 969, 0, 0, 502, 0, 0, 0, 658, 0, 798, 0, 0, 463, 793, 595, 626, 625, 501, 210, 0, 431, 792, 352, 573, 0],[67, 273, 1175, 424, 597, 624, 297, 357, 273, 0, 0, 0, 642, 0, 617, 631, 0, 100, 530, -1, 0, 0, 486, 0, 279, 0, 0, 379, 324, 0, 593, 0, 0, 357, 240, 0, 302, 0, 744, 295, 0, 169, 0, 0, 455, 378, 0, 0, 313, 0, 260, 120, 216, 464, 0, 0, 262, 0, 0, 0],[0, 336, 842, 0, 0, 743, 223, 648, 492, 1121, 245, 0, 0, 0, 0, 0, 380, 412, 524, 0, -1, 557, 0, 455, 597, 335, 0, 686, 0, 485, 0, 677, 0, 0, 229, 0, 621, 416, 0, 0, 0, 0, 0, 152, 0, 660, 0, 696, 613, 0, 579, 296, 105, 345, 0, 0, 0, 0, 0, 0],[614, 0, 0, 857, 832128, 0, 370, 0, 514, 0, 0, 561, 1043, 0, 980, 857, 0, 726, 0, 0, 557, -1, 1125, 732, 852, 853, 0, 0, 736, 1042, 0, 1089, 969, 0, 742, 117, 0, 969, 977, 891, 0, 0, 0, 0, 0, 1001, 260, 0, 709, 621, 829, 0, 568, 902, 0, 650, 510, 749, 0, 855],[512, 759, 0, 0, 0, 1872, 0, 266, 707, 552, 0, 0, 0, 0, 653, 0, 571, 413, 0, 486, 0, 1125, -1, 428, 0, 365, 682, 331, 0, 522, 0, 79, 0, 645, 455, 1010, 0, 597, 848, 342, 748, 317, 410, 0, 513, 234, 0, 0, 610, 519, 0, 0, 0, 513, 257, 0, 0, 0, 277, 0],[0, 0, 0, 0, 0, 596, 2677, 241, 278, 0, 0, 383, 0, 0, 709, 0, 0, 0, 0, 0, 455, 732, 428, -1, 0, 364, 279, 0, 433, 0, 0, 0, 0, 0, 0, 615, 167, 661, 0, 166, 0, 153, 0, 0, 322, 268, 0, 0, 227, 0, 0, 224, 350, 549, 391, 0, 0, 0, 0, 0],[344, 0, 0, 0, 0, 1776, 0, 143, 358, 748, 0, 0, 0, 0, 0, 0, 0, 0, 0, 279, 597, 852, 0, 0, -1, 457, 293, 0, 557, 737, 684, 324, 0, 0, 455, 0, 0, 0, 0, 0, 424, 0, 0, 605, 0, 0, 0, 303, 0, 252, 22, 0, 0, 650, 0, 580, 0, 0, 147, 0],[0, 0, 0, 0, 0, 0, 0, 0, 0, 294, 0, 300, 360, 975, 357, 0, 0, 315, 0, 0, 335, 853, 365, 364, 457, -1, 0, 0, 172, 0, 292, 382, 0, 284, 111, 748, 479, 0, 528, 0, 0, 225, 0, 0, 0, 426, 0, 0, 590, 372, 450, 0, 286, 0, 119, 0, 566, 0, 453, 217],[0, 348, 984, 1318, 0, 0, 470, 0, 0, 0, 0, 0, 0, 0, 957, 0, 0, 0, 0, 0, 0, 0, 682, 279, 293, 0, -1, 399, 662, 0, 0, 0, 599, 675, 0, 542, 0, 914, 1077, 347, 0, 0, 0, 0, 316, 0, 0, 596, 78, 270, 276, 0, 520, 803, 0, 0, 0, 723, 438, 0],[440, 605, 1952, 0, 0, 0, 0, 70, 0, 0, 0, 0, 839, 0, 0, 0, 0, 0, 0, 379, 686, 0, 331, 0, 0, 0, 399, -1, 619, 0, 0, 252, 340, 696, 516, 855, 0, 793, 0, 85, 0, 0, 0, 671, 183, 0, 0, 0, 321, 0, 143, 0, 0, 0, 0, 0, 475, 0, 0, 708],[0, 0, 0, 739, 0, 0, 1564, 0, 0, 0, 0, 0, 0, 0, 300, 314, 224, 0, 339, 324, 0, 736, 0, 433, 557, 172, 662, 619, -1, 312, 391, 0, 367, 0, 0, 643, 581, 265, 421, 0, 544, 0, 0, 59, 0, 570, 0, 574, 0, 393, 0, 0, 184, 0, 0, 0, 558, 0, 589, 140],[0, 773, 0, 0, 1678, 0, 0, 0, 855, 0, 319, 492, 0, 638, 150, 334, 118, 0, 159, 0, 485, 1042, 522, 0, 737, 0, 0, 0, 312, -1, 0, 0, 416, 0, 353, 0, 0, 108, 346, 707, 842, 510, 773, 0, 919, 0, 0, 0, 879, 655, 0, 0, 495, 141, 0, 0, 0, 0, 706, 0],[0, 0, 0, 898, 369, 0, 0, 0, 0, 195, 0, 2101, 247, 555, 306, 0, 259, 586, 63, 593, 0, 0, 0, 0, 684, 292, 0, 0, 391, 0, -1, 0, 0, 0, 391, 1027, 702, 0, 0, 645, 0, 477, 715, 429, 853, 0, 922, 505, 0, 658, 685, 0, 0, 246, 0, 482, 855, 397, 625, 305],[484, 719, 1669, 0, 0, 0, 0, 0, 650, 602, 456, 618, 0, 0, 0, 822, 0, 366, 424, 0, 677, 1089, 79, 0, 324, 382, 0, 252, 0, 0, 0, -1, 0, 652, 458, 0, 0, 642, 889, 270, 697, 284, 335, 607, 0, 0, 0, 0, 540, 0, 0, 0, 591, 549, 0, 616, 644, 605, 198, 589],[0, 0, 0, 563, 0, 1656, 0, 0, 592, 0, 277, 457, 0, 0, 0, 640, 0, 0, 283, 0, 0, 969, 0, 0, 0, 0, 599, 340, 367, 416, 0, 0, -1, 474, 0, 856, 0, 469, 0, 0, 619, 0, 0, 426, 0, 0, 829, 0, 0, 388, 0, 0, 0, 370, 0, 0, 583, 423, 0, 408],[291, 0, 1678, 0, 0, 0, 0, 650, 563, 0, 0, 0, 0, 0, 0, 0, 288, 436, 448, 357, 0, 0, 645, 0, 0, 284, 675, 696, 0, 0, 0, 652, 474, -1, 194, 564, 0, 0, 407, 0, 521, 413, 659, 0, 0, 657, 427, 675, 665, 0, 604, 360, 0, 0, 403, 0, 0, 102, 672, 207],[194, 430, 0, 0, 836169, 517, 0, 465, 503, 346, 34, 188, 402, 0, 378, 416, 0, 0, 331, 240, 229, 742, 455, 0, 455, 111, 0, 516, 0, 353, 391, 458, 0, 194, -1, 0, 0, 334, 518, 445, 0, 0, 0, 0, 646, 469, 0, 481, 0, 310, 0, 0, 0, 0, 227, 158, 0, 170, 0, 0],[0, 254, 1246, 881, 0, 0, 266, 856, 402, 0, 669, 464, 962, 865, 0, 0, 851, 609, 969, 0, 0, 117, 1010, 615, 0, 748, 542, 855, 643, 0, 1027, 0, 856, 564, 0, -1, 751, 0, 920, 774, 321, 0, 760, 0, 0, 0, 237, 0, 598, 0, 712, 404, 468, 813, 0, 561, 398, 0, 869, 0],[0, 0, 0, 197, 0, 0, 0, 0, 0, 770, 0, 981, 837, 0, 0, 0, 744, 0, 0, 302, 621, 0, 0, 167, 0, 479, 0, 0, 581, 0, 702, 0, 0, 0, 0, 751, -1, 783, 0, 61, 437, 0, 16, 0, 0, 179, 0, 306, 216, 272, 0, 383, 516, 0, 466, 604, 0, 648, 0, 686],[0, 0, 590, 1625, 0, 539, 0, 0, 832, 68, 302, 0, 0, 685, 55, 226, 42, 610, 0, 0, 416, 969, 597, 661, 0, 0, 914, 793, 265, 108, 0, 642, 469, 0, 334, 0, 783, -1, 0, 738, 809, 529, 0, 267, 0, 720, 736, 0, 0, 644, 0, 630, 0, 0, 0, 0, 820, 226, 751, 125],[0, 0, 0, 0, 162, 0, 1453, 959, 971, 308, 495, 0, 0, 919, 198, 125, 277, 0, 502, 744, 0, 977, 848, 0, 0, 528, 1077, 0, 421, 346, 0, 889, 0, 407, 518, 920, 0, 0, -1, 956, 929, 0, 1011, 0, 1162, 955, 720, 924, 1058, 811, 961, 0, 563, 0, 0, 436, 0, 0, 982, 311],[356, 523, 0, 257, 836256, 0, 584, 90, 0, 0, 463, 0, 789, 0, 791, 860, 0, 0, 0, 295, 0, 891, 342, 166, 0, 0, 347, 85, 0, 707, 645, 270, 0, 0, 445, 774, 61, 738, 956, -1, 468, 0, 0, 0, 212, 0, 0, 249, 271, 279, 71, 390, 0, 0, 411, 0, 403, 0, 0, 645],[0, 124, 1021, 0, 0, 0, 0, 555, 84, 0, 0, 0, 0, 933, 0, 805, 768, 335, 0, 0, 0, 0, 748, 0, 424, 0, 0, 0, 544, 842, 0, 697, 619, 521, 0, 321, 437, 809, 929, 468, -1, 0, 445, 554, 0, 0, 0, 691, 279, 0, 401, 0, 369, 709, 651, 0, 0, 0, 565, 684],[200, 442, 1391, 436, 582, 0, 0, 236, 414, 518, 0, 0, 0, 0, 580, 0, 489, 0, 0, 169, 0, 0, 317, 153, 0, 225, 0, 0, 0, 510, 477, 284, 0, 413, 0, 0, 0, 529, 0, 0, 0, -1, 271, 386, 421, 246, 0, 293, 0, 0, 0, 290, 0, 0, 0, 374, 405, 401, 0, 431],[383, 515, 1672, 0, 853, 0, 591, 0, 0, 785, 516, 0, 0, 192, 851, 912, 760, 224, 658, 0, 0, 0, 410, 0, 0, 0, 0, 0, 0, 773, 715, 335, 0, 659, 0, 760, 16, 0, 1011, 0, 445, 271, -1, 645, 150, 0, 842, 310, 0, 0, 57, 396, 532, 688, 480, 620, 0, 0, 0, 702],[296, 464, 1619, 0, 251, 0, 0, 0, 0, 0, 0, 0, 0, 0, 0, 273, 0, 426, 0, 0, 152, 0, 0, 0, 605, 0, 0, 671, 59, 0, 429, 607, 426, 0, 0, 0, 0, 267, 0, 0, 554, 386, 645, -1, 793, 0, 0, 633, 671, 0, 591, 382, 184, 0, 0, 0, 575, 41, 643, 0],[0, 0, 820, 0, 835449, 0, 0, 0, 440, 933, 0, 704, 1001, 0, 1001, 0, 909, 369, 798, 455, 0, 0, 513, 322, 0, 0, 316, 183, 0, 919, 853, 0, 0, 0, 646, 0, 0, 0, 1162, 212, 0, 421, 150, 793, -1, 0, 0, 401, 246, 0, 202, 0, 672, 0, 0, 0, 0, 0, 238, 853],[0, 630, 0, 0, 2054, 431, 676, 35, 0, 0, 479, 593, 0, 35, 775, 871, 685, 280, 0, 378, 660, 1001, 234, 268, 0, 426, 0, 0, 570, 0, 0, 0, 0, 657, 469, 0, 179, 720, 955, 0, 0, 246, 0, 0, 0, -1, 924, 0, 395, 380, 0, 0, 0, 615, 0, 0, 0, 634, 43, 0],[0, 0, 0, 878, 0, 2146, 251, 0, 542, 0, 0, 377, 807, 0, 740, 603, 0, 0, 0, 0, 0, 260, 0, 0, 0, 0, 0, 0, 0, 0, 922, 0, 829, 427, 0, 237, 0, 736, 720, 0, 0, 0, 842, 0, 0, 924, -1, 0, 0, 0, 787, 446, 0, 0, 793, 440, 533, 529, 920, 631],[0, 720, 0, 0, 0, 311, 748, 162, 0, 0, 0, 1844, 708, 123, 0, 0, 647, 365, 463, 0, 696, 0, 0, 0, 303, 0, 596, 0, 574, 0, 505, 0, 0, 675, 481, 0, 306, 0, 924, 249, 691, 293, 310, 633, 401, 0, 0, -1, 0, 472, 0, 0, 607, 0, 324, 638, 0, 0, 169, 622],[375, 383, 0, 151, 834195, 0, 494, 360, 196, 883, 579, 543, 0, 0, 927, 944, 839, 274, 793, 313, 613, 709, 610, 227, 0, 590, 78, 321, 0, 879, 0, 540, 0, 665, 0, 598, 216, 0, 1058, 271, 279, 0, 0, 671, 246, 395, 0, 0, -1, 248, 202, 321, 513, 0, 616, 0, 0, 0, 360, 0],[0, 250, 0, 0, 1564, 670, 0, 354, 0, 653, 0, 300, 0, 360, 687, 696, 601, 0, 595, 0, 0, 621, 519, 0, 252, 372, 270, 0, 393, 655, 658, 0, 388, 0, 310, 0, 272, 644, 811, 279, 0, 0, 0, 0, 0, 380, 0, 472, 248, -1, 0, 0, 0, 0, 0, 0, 0, 0, 0, 525],[0, 464, 0, 0, 0, 596, 536, 162, 0, 0, 0, 0, 0, 1856, 805, 859, 714, 0, 626, 260, 579, 829, 0, 0, 22, 450, 276, 143, 0, 0, 685, 0, 0, 604, 0, 712, 0, 0, 961, 71, 401, 0, 57, 591, 202, 0, 787, 0, 202, 0, -1, 341, 0, 642, 446, 0, 334, 612, 167, 653],[117, 0, 1409, 459, 0, 0, 0, 463, 0, 651, 341, 230, 702, 466, 0, 645, 0, 0, 625, 120, 296, 0, 0, 224, 0, 0, 0, 0, 0, 0, 0, 0, 0, 360, 0, 404, 383, 630, 0, 390, 0, 290, 396, 382, 0, 0, 446, 0, 321, 0, 341, -1, 0, 527, 0, 329, 192, 419, 0, 0],[149, 0, 0, 0, 0, 1387, 0, 548, 408, 0, 0, 32, 0, 532, 476, 0, 406, 0, 501, 216, 105, 568, 0, 350, 0, 286, 520, 0, 184, 495, 0, 591, 0, 0, 0, 468, 516, 0, 563, 0, 369, 0, 532, 184, 672, 0, 0, 607, 513, 0, 0, 0, -1, 355, 399, 127, 395, 0, 569, 0],[418, 635, 0, 0, 0, 0, 552, 1345, 727, 0, 0, 351, 177, 0, 163, 278, 0, 498, 210, 464, 345, 902, 513, 549, 650, 0, 803, 0, 0, 141, 246, 549, 370, 0, 0, 813, 0, 0, 0, 0, 709, 0, 688, 0, 0, 615, 0, 0, 0, 0, 642, 527, 355, -1, 259, 0, 715, 156, 644, 59],[0, 0, 395, 1501, 438, 0, 0, 0, 639, 0, 0, 416, 391, 337, 0, 534, 0, 0, 0, 0, 0, 0, 257, 391, 0, 119, 0, 0, 0, 0, 0, 0, 0, 403, 227, 0, 466, 0, 0, 411, 651, 0, 480, 0, 0, 0, 793, 324, 616, 0, 446, 0, 399, 259, -1, 373, 629, 0, 0, 301],[254, 0, 0, 744, 0, 1339, 304, 0, 0, 371, 0, 109, 0, 0, 354, 0, 0, 397, 431, 0, 0, 650, 0, 0, 580, 0, 0, 0, 0, 0, 482, 616, 0, 0, 158, 561, 604, 0, 436, 0, 0, 374, 620, 0, 0, 0, 440, 638, 0, 0, 0, 329, 127, 0, 373, -1, 522, 103, 0, 208],[296, 190, 1561, 351, 826, 863, 315, 492, 0, 0, 0, 419, 0, 0, 858, 0, 778, 0, 792, 262, 0, 510, 0, 0, 0, 566, 0, 475, 558, 0, 855, 644, 583, 0, 0, 398, 0, 820, 0, 403, 0, 405, 0, 575, 0, 0, 533, 0, 0, 0, 334, 192, 395, 715, 629, 522, -1, 612, 500, 0],[0, 505, 690, 0, 1351, 605, 408, 0, 625, 0, 0, 211, 0, 599, 252, 247, 188, 449, 352, 0, 0, 749, 0, 0, 0, 0, 723, 0, 0, 0, 397, 605, 423, 102, 170, 0, 648, 226, 0, 0, 0, 401, 0, 41, 0, 634, 529, 0, 0, 0, 612, 419, 0, 156, 0, 103, 612, -1, 0, 0],[431, 616, 1844, 317, 819, 474, 670, 0, 0, 0, 499, 600, 795, 69, 0, 0, 714, 0, 573, 0, 0, 0, 277, 0, 147, 453, 438, 0, 589, 706, 625, 198, 0, 672, 0, 869, 0, 751, 982, 0, 565, 0, 0, 643, 238, 43, 920, 169, 360, 0, 167, 0, 569, 644, 0, 0, 500, 0, -1, 0],[403, 0, 0, 857, 0, 0, 0, 0, 1305, 0, 189, 0, 0, 0, 0, 232, 0, 0, 0, 0, 0, 855, 0, 0, 0, 217, 0, 708, 140, 0, 305, 589, 408, 207, 0, 0, 686, 125, 311, 645, 684, 431, 702, 0, 853, 0, 631, 622, 0, 525, 653, 0, 0, 59, 301, 208, 0, 0, 0, -1]]